9.700000000000000000e+05,9.626634735810291055e-01,1.892186454920931293e+00,2.640261861386649755e+00,3.514282241447145516e+00,3.725864096507883971e+00,4.226886641369299369e+00,4.468567684935486284e+00,5.091933053032091649e+00,5.628671667982684035e+00,6.112501371280605333e+00,5.136095630959158775e+00,4.386439437708093081e+00,4.480541264782786470e+00,4.511134968486357977e+00,4.409966606205492745e+00,3.711176706859966146e+00,2.243835718430007731e+00,1.880133703545515234e+00,6.230035446455068904e-01,5.319959551243313989e-01
9.700010000000000000e+05,9.984362534673490996e-01,1.559081745436588173e+00,1.979561835152479521e+00,2.518809839257823757e+00,2.873691604153330026e+00,3.379748444883711400e+00,3.652296687730909319e+00,3.683495406667110394e+00,3.774812405755382017e+00,4.187114295658212804e+00,3.055472668319699103e+00,2.058693189051837624e+00,1.857042474666481535e+00,1.948562129820105016e+00,2.035087451709318263e+00,2.059195602742471820e+00,1.254175094389509360e+00,1.074143411441903506e+00,6.043214732507159459e-01,4.418180822275408204e-01
9.700020000000000000e+05,8.863542635232531941e-01,1.576184752770254383e+00,2.298555869887656922e+00,2.607162720093139541e+00,2.617820377850756941e+00,2.692737468202978768e+00,2.606258214398291528e+00,2.589838330669667954e+00,2.589160631218243580e+00,2.686352382702473562e+00,2.336121729176661166e+00,1.731558932756448677e+00,8.687648024347320863e-01,8.114320068156495314e-01,7.137221691083733832e-01,6.649446520555795104e-01,2.523203270275664600e-01,1.990275283186273558e-01,1.536696312666606667e-01,1.608745250502585655e-01
9.700030000000000000e+05,9.049434801579195886e-01,1.733807538580497187e+00,2.473538190833944217e+00,2.914763204043793632e+00,3.487319279572314024e+00,3.987600255123273651e+00,4.257458845383819579e+00,3.915625271126785378e+00,4.301870192909245105e+00,4.302433080229465467e+00,4.591716793126110474e+00,4.857131605396839191e+00,4.482157912878229844e+00,3.916690053543086414e+00,3.893901119472286787e+00,3.992331859667944016e+00,3.561872704166793913e+00,3.288249561263038245e+00,6.308256649553422024e-01,3.236714978203059090e-01
9.700040000000000000e+05,9.280308493905412570e-01,1.783816404786718435e+00,2.643104474338167087e+00,3.238293312313053285e+00,3.890911593692920167e+00,4.638329153024607798e+00,5.383338419004988218e+00,5.699244537742085726e+00,6.070089001565955655e+00,6.224465767474852917e+00,6.422643539712217908e+00,6.879227016534986916e+00,6.546632639084450034e+00,6.706396570883249808e+00,5.883395278525631156e+00,5.259172224135726381e+00,1.994823383119124216e+00,2.066628768445023745e+00,6.692580794680232925e-01,3.531601709909848452e-01
9.700050000000000000e+05,9.881890231934593594e-01,1.919874665790637813e+00,2.868769845903812232e+00,3.397977519159043336e+00,3.875251196050708113e+00,4.200349745343870289e+00,4.750824001530338236e+00,5.281230230737962827e+00,5.589570493315570765e+00,4.760594921284653225e+00,4.841198249244528462e+00,3.947663195469130581e+00,3.404153265418002672e+00,3.025518357668613323e+00,2.928238537613913728e+00,2.896996427897729376e+00,2.844762177477578646e+00,2.206602954575511699e+00,1.923835194253281866e+00,1.801931510283139026e-01
9.700060000000000000e+05,9.478918085896942403e-01,1.859467748245167140e+00,2.772685212130386656e+00,3.543968383307686487e+00,4.307094380954059609e+00,5.115023397381277093e+00,5.957151971688023906e+00,5.740865226722905668e+00,5.942590779856919525e+00,4.749504651603087879e+00,5.221852113824455799e+00,4.900957816003476353e+00,4.261666302048180199e+00,4.440973849159615128e+00,2.216412316006422856e+00,1.535508786103694234e+00,1.372750884224708923e+00,1.420748674301264280e+00,1.072275231392937123e+00,7.474470225031781823e-01
9.700070000000000000e+05,9.744650026370875739e-01,1.937442609712716868e+00,2.679511575990085603e+00,3.355875833692036458e+00,3.941920133275511606e+00,4.607558444496588024e+00,4.380193796728011790e+00,4.580889709208102900e+00,5.024704767354197799e+00,5.313275657844612532e+00,5.483422361856313820e+00,5.550152001117664824e+00,5.211008729299468456e+00,5.506929695558827831e+00,4.008255386719370428e+00,4.069087559113903296e+00,3.272635802542616990e+00,3.367681351524842270e+00,1.415802784420742588e+00,6.671145005749856693e-01
9.700080000000000000e+05,9.986127412524086200e-01,1.989783298166665215e+00,2.835007647076960069e+00,3.714754670341765763e+00,4.605128849275113900e+00,5.483798508181510378e+00,6.282674146520588643e+00,6.219893497356957290e+00,6.986054396700541069e+00,6.612784219265658514e+00,6.703632939969142335e+00,6.942784326470489376e+00,7.097533172027079118e+00,6.925150134111621725e+00,6.390922663017356342e+00,6.434400436258364664e+00,6.351905277151417728e+00,4.325536078080922664e+00,9.575879313754294131e-01,9.174116800297893448e-01
9.700090000000000000e+05,9.975585333726265658e-01,1.927729511589517220e+00,2.889399598605249864e+00,3.444745692036042861e+00,3.901645213299951731e+00,3.939988465618183611e+00,4.121485629187409572e+00,4.700537321943815350e+00,4.846746624250658719e+00,5.298171277983964700e+00,5.363981664054363385e+00,5.506064984306883403e+00,3.991180476171847236e+00,3.509982758092645039e+00,2.747315870403499005e+00,1.483701185786244992e+00,1.167185860818412912e+00,8.626020102527038880e-01,5.513559415547689690e-01,3.707902581544475495e-01
9.700100000000000000e+05,9.877097165597805706e-01,1.806905558628427944e+00,2.350084141410680338e+00,2.937576126268409027e+00,3.653205587665444565e+00,4.275520897573015233e+00,4.926197443133208509e+00,4.666052577344948382e+00,4.855846212196510692e+00,5.323243076526475548e+00,5.480352579726445406e+00,4.501127301872738684e+00,4.572697248716545815e+00,4.456317103392354539e+00,4.487443034647451867e+00,3.801919229377752174e+00,2.791424469939450592e+00,1.863222107952426709e+00,1.390617594164498261e+00,8.927767503369432589e-01
9.700110000000000000e+05,9.741909354773575780e-01,1.860079206503709504e+00,2.769634072807646064e+00,3.639348212494480261e+00,4.542285457475219168e+00,4.298331412734643031e+00,4.548357473393130235e+00,4.985783326429088724e+00,4.959966111509579001e+00,5.003912115838059727e+00,5.064261798627568645e+00,4.382191830257436749e+00,3.483105592020933727e+00,2.727924862141206219e+00,2.570606605988508431e+00,2.641063239473215418e+00,1.305493259137023410e+00,7.821711020726613839e-01,4.338176890846298095e-01,2.002952515376610343e-01
9.700120000000000000e+05,9.888430476081486731e-01,1.925278708641990688e+00,2.733639576598652976e+00,2.752642154751916426e+00,3.202489908547164088e+00,3.758904929794574912e+00,4.259224764292510734e+00,4.630500414649680430e+00,3.536032264608635511e+00,3.278331647607743093e+00,3.401290389816802318e+00,3.705046190906569947e+00,3.463373582753572766e+00,2.657474033075824860e+00,2.845199167844491672e+00,2.821142604685649147e+00,2.853880705290214870e+00,1.806907527894120902e+00,1.804885142432533174e+00,5.753255355221353895e-01
9.700130000000000000e+05,9.099386129356502595e-01,1.599049003435854877e+00,2.204052925492538506e+00,2.859801665730612896e+00,2.735516493193715704e+00,3.134372975125117922e+00,3.301144426778495511e+00,3.707645926676840453e+00,3.106116065650512681e+00,3.265472354968264046e+00,2.983935863817971601e+00,2.994294128513470987e+00,2.935464470761981026e+00,2.986924953551654216e+00,2.240493737316173295e+00,1.760149932679272666e+00,1.766381535433108940e+00,9.983960598764705097e-01,8.403312361944700326e-01,1.241949357497307282e-01
9.700140000000000000e+05,9.516511201843078638e-01,1.752628509994067718e+00,2.541016719101158561e+00,3.303471152150088574e+00,3.993524939713929633e+00,4.548480538730995448e+00,5.087736103640486895e+00,4.503259285638521625e+00,4.455852647061464111e+00,4.835517496777442581e+00,4.604449866038184069e+00,4.614252572187018231e+00,4.486527747164298141e+00,2.140504711063677235e+00,2.203449157491387034e+00,7.522650735548328527e-01,5.404294420516906339e-01,3.542488828677978763e-01,9.768047619011688276e-02,1.318220926623814293e-02
9.700150000000000000e+05,9.777721666886669549e-01,1.840029307331547903e+00,2.689327583564796509e+00,3.534304397313169144e+00,4.351787808568675864e+00,5.088449865954845386e+00,4.979132590414543813e+00,5.314403196200389701e+00,5.825252193837699544e+00,6.119156491204651438e+00,6.067493325129550641e+00,5.926476423011358463e+00,5.692318833916034215e+00,5.691678714889000013e+00,4.936702248672451887e+00,5.166848212420250164e+00,4.796649895634738314e+00,3.921660355831238398e+00,3.861738604752547044e+00,2.837314164881525880e+00
9.700160000000000000e+05,9.913257850101176993e-01,1.961202751811959244e+00,2.683493010011844593e+00,3.387015524664700461e+00,4.212125989251762626e+00,4.786233642795420629e+00,5.423444761955393822e+00,5.998438907621889804e+00,5.337853205834385051e+00,5.524074712151363364e+00,5.007026397066246304e+00,4.994535544096846635e+00,4.965468543050570283e+00,5.051851388586608316e+00,4.592018004788201324e+00,4.688724979904515422e+00,2.880861995617875149e+00,2.165425693931173790e+00,2.224029794005192961e+00,6.348167336287424689e-01
9.700170000000000000e+05,9.932080201974685663e-01,1.977351744364694408e+00,2.916960993832484306e+00,3.463338974445163920e+00,3.825965284548187295e+00,4.171935537146968187e+00,4.495142073981388542e+00,4.779333679713545280e+00,4.987908357681745564e+00,4.972723276585551133e+00,5.163619275400638031e+00,5.480379571098590752e+00,5.900363680839236125e+00,6.307164981485294142e+00,6.082292269995215328e+00,5.898360212465455277e+00,4.294577701837905437e+00,2.082471127981198045e+00,1.929451418537921903e+00,1.189409663854532617e+00
9.700180000000000000e+05,7.968572102045593519e-01,1.366322993538782837e+00,2.004862421956987273e+00,2.507630833474074894e+00,3.104799316407865994e+00,3.557940316694172989e+00,4.119555303791145207e+00,4.569845519680109547e+00,4.848962658097383027e+00,5.177255642591096496e+00,4.391405916881591764e+00,4.704317366906250797e+00,3.490220940290075013e+00,3.645280613408104831e+00,3.688213729420513509e+00,3.877464488838384682e+00,2.188637787795424394e+00,1.378269688268995541e+00,1.019734739252471822e+00,6.113006668750409212e-01
9.700190000000000000e+05,9.823733916084698148e-01,1.930569395124317689e+00,2.857286913120054894e+00,3.798111094048814085e+00,4.660043094948239428e+00,5.549014911017108531e+00,5.327946918044463409e+00,5.766786394231996127e+00,5.923678213993485819e+00,4.817460555377412135e+00,5.119832213298773915e+00,4.149645916835740245e+00,3.009353376425432991e+00,2.211938638641377075e+00,1.841279151152057647e+00,1.177499519628339542e+00,7.443648793066356406e-01,3.132205232104205983e-01,8.596410922344799310e-02,1.697586223427638430e-02
9.700200000000000000e+05,9.826551945378591002e-01,1.960527553868218087e+00,2.940646725509255432e+00,3.805029001612056483e+00,4.550577039600823603e+00,5.252399612985694688e+00,6.120311435955381185e+00,6.715235484202523253e+00,7.102894150311863442e+00,7.617898247327433481e+00,7.913900016677678728e+00,8.352892051036219456e+00,8.981408480503080938e+00,9.664896197821999380e+00,7.977053420671868622e+00,6.106888373768734724e+00,5.601901429029920720e+00,2.700268396447425445e+00,2.164226789033024900e+00,1.365037161032225388e+00
9.700210000000000000e+05,9.874444570652103348e-01,1.896177751455855098e+00,2.732927537206472302e+00,3.446887188956428538e+00,3.364107215432468934e+00,3.939484514021741823e+00,3.599256709657809861e+00,3.810792892070351989e+00,4.124005571409357529e+00,4.470922718608179025e+00,4.698029611112183979e+00,4.880469484330232532e+00,5.216525008689639087e+00,4.110943701375524562e+00,2.929491527590043276e+00,3.044205264884011441e+00,2.639155665081459379e+00,2.713005482105423027e+00,1.095054773317524432e+00,3.449857743589612724e-01
9.700220000000000000e+05,9.891723933737486263e-01,1.971899760514344235e+00,2.913118069111936936e+00,3.731542949192845349e+00,4.615547233991782683e+00,4.677213161393026120e+00,5.261606683337785029e+00,5.863282963958670990e+00,6.299779707889847202e+00,6.500609154247021237e+00,5.811070939958970172e+00,4.970600305309663014e+00,4.946064782734368670e+00,4.546445654608567644e+00,4.182385814302429949e+00,3.882517589197314933e+00,3.333813669934251767e+00,3.400604409589239374e+00,2.453234281335321398e+00,2.551872709381755033e+00
9.700230000000000000e+05,9.529026083622726961e-01,1.893975417777459702e+00,2.578010065047889210e+00,3.134593393528777305e+00,3.522252723929501617e+00,4.088625030807677696e+00,4.712646846483402818e+00,5.170095346837914718e+00,5.566437219587380802e+00,5.622631912598224702e+00,5.787293410194833676e+00,5.198149181855575840e+00,5.424146174519854924e+00,4.754856320454623031e+00,4.946641369651881170e+00,4.961553836112772231e+00,4.906239868532670911e+00,4.448113976830223137e+00,4.393069107191336364e+00,4.254756821483729468e-01
9.700240000000000000e+05,8.432997272176718795e-01,1.601913744642410986e+00,2.396888002981081289e+00,2.933881584955876143e+00,3.639446360622538457e+00,4.357417807089762896e+00,4.698000819191102018e+00,4.896073704763815648e+00,4.851506641006806397e+00,4.997080673133130091e+00,5.450354341022419113e+00,4.747573088290105048e+00,4.162218287956877205e+00,4.376621201534520722e+00,4.100052198478413956e+00,3.812469174207480549e+00,3.288338258780874046e+00,2.246310386389893665e+00,1.388363808974316882e+00,5.211110091124226962e-01
9.700250000000000000e+05,9.914766774352693490e-01,1.814755991695749637e+00,2.712759545537224426e+00,2.976928032111409994e+00,3.712249487518522351e+00,4.404685327274636464e+00,4.600279930255171124e+00,5.235677258563034009e+00,5.485805604795920054e+00,5.725411503170315441e+00,4.141323906733250126e+00,4.118422655877938432e+00,3.546883451155352418e+00,3.746901479586232320e+00,3.169828465870608181e+00,3.306616999120633338e+00,3.230895463897605513e+00,3.076521505603844631e+00,2.237695614898821184e+00,3.153524401608054362e-01
9.700260000000000000e+05,8.088318813410083630e-01,1.568686246843657317e+00,2.176738290377389085e+00,2.863066318670239863e+00,3.439954665975659243e+00,4.003466664420461285e+00,4.083805957991833324e+00,4.655069627377810271e+00,5.036976384719302757e+00,5.477867297759719811e+00,5.161977533283033104e+00,4.889945460613601469e+00,5.119629824386996653e+00,4.709030722438024341e+00,4.924495265426951818e+00,4.749581412826010762e+00,5.013540943207399181e+00,5.291140544462556328e+00,2.556798292494076641e+00,2.605082885283844796e+00
9.700270000000000000e+05,9.993138217666693857e-01,1.881099537852401360e+00,2.605057087751458056e+00,3.411225303593597769e+00,4.205287078367932807e+00,4.670134586145891831e+00,5.382120429490582225e+00,6.098982524572909902e+00,6.622359724042516937e+00,6.985969442861716949e+00,7.469183240278272962e+00,6.788342010515897584e+00,5.285536371344587536e+00,5.108614738064398253e+00,4.996564893383649064e+00,4.343264244778183070e+00,3.786950861012639447e+00,3.976422215473418120e+00,3.752716998401806947e+00,2.176915168623905217e+00
9.700280000000000000e+05,9.835212402872663962e-01,1.672113409800283446e+00,2.199743726729918247e+00,2.813225804630902438e+00,3.318917626973568069e+00,3.679736386372556289e+00,3.898643781617494142e+00,4.202997586541322050e+00,4.532244372893841522e+00,4.859170318875451144e+00,4.916525662988344259e+00,4.205312027706028744e+00,4.520091150852434403e+00,4.705952786139171451e+00,4.338758666359574967e+00,4.099802946503972478e+00,3.774310670266666889e+00,2.372362996853081718e+00,2.027329461894290308e+00,1.579234091139305463e+00
9.700290000000000000e+05,9.048842663403421360e-01,1.802415359643499526e+00,2.646403920920107566e+00,3.350838248253955154e+00,3.906313083813337084e+00,4.531481036455706324e+00,4.142275420036833466e+00,4.409343764651169728e+00,4.779131173020204848e+00,4.333671128055753385e+00,4.544633574890550420e+00,4.338550135305151656e+00,3.001811068933962101e+00,2.320367354071762200e+00,2.371675518273947070e+00,2.259725221609855339e+00,1.681728514312866851e+00,1.596249638812419880e+00,3.603543537893895143e-01,1.373684197843072496e-01
9.700300000000000000e+05,9.409369112805203716e-01,1.866901188740602180e+00,2.774548616041907501e+00,3.693328060207339281e+00,4.436498443641963441e+00,4.541672544637155085e+00,4.851922155054244179e+00,4.660041473796102451e+00,4.739548888142177674e+00,4.809964291628729960e+00,5.131192652364902962e+00,5.458023850196807913e+00,5.031087372608194386e+00,5.237943578990764237e+00,4.910088890021364172e+00,5.202384071448870273e+00,3.253184661654213716e+00,3.032271751068754906e+00,2.357877903199642411e+00,2.284579821132479704e+00
9.700310000000000000e+05,7.282319328632611555e-01,1.384376297923475274e+00,2.008829793991450785e+00,2.650432045746554444e+00,3.113796116840008565e+00,3.642177857416672104e+00,4.209789556303713098e+00,4.793570590822976207e+00,5.199606059892150078e+00,4.661947286673045809e+00,4.846497334363856879e+00,5.083370583325860892e+00,5.426984758657695807e+00,5.300108086175875144e+00,5.451582073391277206e+00,4.382548383318415119e+00,4.408538469635603363e+00,4.363932335178146715e+00,4.350919745206338618e+00,1.525921720777101420e-01
9.700320000000000000e+05,9.908518989801998744e-01,1.843554308926254270e+00,2.712017222954681728e+00,3.554910534315755655e+00,4.412994167416918856e+00,5.290159355291825349e+00,6.099640986668577014e+00,6.594211555823704884e+00,7.344793328016573142e+00,7.645115852271234580e+00,6.984156538670820424e+00,6.478342717638115644e+00,5.838372465250136756e+00,5.654124097308582009e+00,5.727606087565071391e+00,4.608725573502701067e+00,3.721451859217659752e+00,1.969753607263180717e+00,1.734601127942960286e+00,1.031325505592484149e-01
9.700330000000000000e+05,9.408692601165151714e-01,1.817353498587358063e+00,2.666661011464363185e+00,3.174807710606656119e+00,3.944562606170816110e+00,4.467666396506141169e+00,3.960804321723636168e+00,3.973865606174195264e+00,3.574878601525348643e+00,3.827902603167600226e+00,3.630508106351950204e+00,3.888429175036486107e+00,4.079503656076442830e+00,4.216686950729553907e+00,3.905802747863649671e+00,3.573132716470420078e+00,2.678559221551624514e+00,2.039945527649964507e+00,1.857612965900430346e+00,8.748206627594523610e-01
9.700340000000000000e+05,9.045485834912886380e-01,1.786194747410715600e+00,2.573611826037455419e+00,3.320880906304097824e+00,4.136571116503112044e+00,4.923482465345177417e+00,4.937702179876515274e+00,5.376589829057324188e+00,5.932358182774279065e+00,6.204564888900976349e+00,6.188272034979862113e+00,5.734912482271624867e+00,5.441037255931303385e+00,5.349812011631329689e+00,4.065238061995916752e+00,1.990097864728275212e+00,1.699769821714381957e+00,1.211279042565749808e+00,1.147543498177229893e+00,9.931288452183006932e-01
9.700350000000000000e+05,9.736204744251933940e-01,1.938418431818808685e+00,2.842209126295960786e+00,3.481352312762475254e+00,4.334198520330472704e+00,5.038818847198232476e+00,5.837289082368918969e+00,6.196818096709916013e+00,6.759551055323636426e+00,5.888873921918586163e+00,5.446955368006126896e+00,5.130694748923673387e+00,4.289662396149401147e+00,4.322749519534457185e+00,4.461668049611658304e+00,4.147246730257959868e+00,4.244202582100869314e+00,3.836858116372086513e+00,3.662056153728164176e+00,1.838779860967429958e+00
9.700360000000000000e+05,9.028143916024314874e-01,1.749778269993997437e+00,2.403649594214562590e+00,3.191736787746456638e+00,3.880497660077797839e+00,4.612003146078273552e+00,4.695334383676934564e+00,5.029513973381819270e+00,5.610833428007819812e+00,6.182134384667059557e+00,5.603954018458423114e+00,6.086145131146764697e+00,6.561909935211923894e+00,6.806358468706502407e+00,5.382529225032440579e+00,5.269777987422452625e+00,4.574650937741674639e+00,2.099762197336084046e+00,2.136894228684781627e+00,2.883841177757995311e-01
9.700370000000000000e+05,9.975088829171057103e-01,1.990156334187100251e+00,2.734118554919585442e+00,3.300179163702003482e+00,4.023550895971762742e+00,4.279601099801378261e+00,4.364546928128778092e+00,4.843171191204434400e+00,5.375240456166185510e+00,5.805514561077830038e+00,6.284755654880334497e+00,6.430047330276321915e+00,5.482996283070700194e+00,5.028749678407822721e+00,5.171637204555811884e+00,3.439148120303798351e+00,2.954168341796730157e+00,2.546794943397781008e+00,4.609761951926795165e-01,2.203820860581018337e-02
9.700380000000000000e+05,9.986020337314400752e-01,1.729092891682286304e+00,2.493692693093305657e+00,3.095741192326341373e+00,3.849575290098416591e+00,4.346542176561174031e+00,4.614168033344927089e+00,4.868027691494134501e+00,5.376759626231367051e+00,5.377333252000848773e+00,4.305749525588817406e+00,3.485209633885718361e+00,3.762367556655237699e+00,3.600910159161430535e+00,3.681336296709822431e+00,2.996195623483679071e+00,3.098055948384810687e+00,3.115501428525626615e+00,1.796651452991441467e+00,1.458352610044517661e+00
9.700390000000000000e+05,8.561953634061664209e-01,1.065754540172595632e+00,1.472404937015341808e+00,1.933036149149611305e+00,2.332309577234472187e+00,2.499653333389436405e+00,2.785958035997880167e+00,2.814624862407121064e+00,3.045546489499265874e+00,3.124219918665114282e+00,2.984075997370731148e+00,2.928411867683758274e+00,2.924264360742904856e+00,2.976342545849242072e+00,3.129676933053761712e+00,2.611974265472646550e+00,2.369458706005559190e+00,2.148658889135659056e+00,1.492423056922209668e+00,4.960736254098629949e-01
9.700400000000000000e+05,9.813606611352969633e-01,1.772078541727218015e+00,2.613279278748987799e+00,3.067182473969169987e+00,3.501311390337422225e+00,4.005412149514976150e+00,4.216489386668023087e+00,4.754770783644770127e+00,3.489656238629160967e+00,3.839564797059644707e+00,3.868590328577143911e+00,3.912990495259588641e+00,3.673300622854062780e+00,3.768688940967187762e+00,3.174556380791802024e+00,3.152823280682744311e+00,1.804888527567503953e+00,1.871471708199390127e+00,1.154909804797396689e+00,7.171386722605244124e-01
9.700410000000000000e+05,9.831658580599784703e-01,1.792617095004449990e+00,2.532504474941260408e+00,2.948408353124561287e+00,3.122646336926120814e+00,3.462713572081054458e+00,3.908965092373038352e+00,4.301975810943410750e+00,4.266976945205580130e+00,4.494772578319765621e+00,4.942097172166135088e+00,4.744916795111558727e+00,4.731158810279740834e+00,5.049754609716364584e+00,5.391214423112989707e+00,5.695190798340389549e+00,5.507603988764360636e+00,5.268658858420354640e+00,4.418044826642962164e+00,3.236280577617303145e+00
9.700420000000000000e+05,9.930402741410113698e-01,1.876032290312724671e+00,2.812967158633656428e+00,3.616473585409588853e+00,4.462950271456333162e+00,4.992991322100571061e+00,5.731260649237803761e+00,5.832428184531517346e+00,5.448974843351391151e+00,5.649273427062392550e+00,5.616458292009581577e+00,6.022540692541205942e+00,5.258281039444294258e+00,3.213049204749068188e+00,2.818687896353064382e+00,2.526709394720288770e+00,1.689764095912047015e+00,1.765082730217596652e+00,1.765492155565259402e+00,1.342534592975705987e+00
9.700430000000000000e+05,9.831321623211147775e-01,1.866183774111301430e+00,2.587604350375490636e+00,3.366630166507635913e+00,4.113758315073337890e+00,4.732474186347899625e+00,5.420609040518998611e+00,6.025101836213047513e+00,5.977240930755007398e+00,5.066980500671193433e+00,5.568718885101785254e+00,5.629345991150822570e+00,5.188094989244611099e+00,3.777734109391535533e+00,3.806369910480568830e+00,2.835998662851148211e+00,3.010445136228237839e+00,1.305369250795480163e+00,1.247530235268787591e+00,1.199581394406925572e+00
9.700440000000000000e+05,9.355085589801060975e-01,1.863210000252838672e+00,2.554788904899106150e+00,3.142259845930717166e+00,3.771166340270372785e+00,4.490597892855789475e+00,5.002100206200973176e+00,5.654891006470650794e+00,4.969480838371897136e+00,4.410873144881428232e+00,3.825609049986825383e+00,3.787494204821927113e+00,3.814345160395113066e+00,3.766089688611765851e+00,3.738459070172907239e+00,3.984118139133665082e+00,3.704256586925567696e+00,2.160432143893731283e+00,2.231257624375243331e+00,6.683415544543613862e-01
9.700450000000000000e+05,9.783405146059598323e-01,1.933524609934341720e+00,2.657080502112650233e+00,3.398249612810282372e+00,3.870840221157583638e+00,4.107801071054431041e+00,4.486953897956970749e+00,4.895742874181595816e+00,4.796775659112627821e+00,4.658462504955529937e+00,4.894559961570867479e+00,3.786507917517362376e+00,3.783622523295407269e+00,3.503903036721227160e+00,3.634877548318677931e+00,3.268569421151608978e+00,3.232803899828381677e+00,1.909149646455873262e+00,1.960741563362834228e+00,8.594618691780842035e-01
9.700460000000000000e+05,9.823521183673280532e-01,1.952506970248094609e+00,2.903867849695736858e+00,3.564778590917631718e+00,4.342989827576523076e+00,4.552297402886215316e+00,5.300462718452418898e+00,5.472368553220470666e+00,6.156090130764265922e+00,6.814664333210073366e+00,7.030208036542407335e+00,7.401708171228100319e+00,7.454646329359762014e+00,7.921808099839413586e+00,7.807909632545941392e+00,5.249434765403986347e+00,3.855912311825990813e+00,2.884950375845337867e+00,9.586305670371807475e-01,4.307689421062343982e-01
9.700470000000000000e+05,9.939366144780569234e-01,1.929193526808204773e+00,2.804179050242161519e+00,3.701699741540400268e+00,4.624501715866538909e+00,5.500201098460655302e+00,6.255656264987978332e+00,6.893254194870106488e+00,6.114677961839554143e+00,6.731651638994510023e+00,6.818001002696632895e+00,7.124559235799843293e+00,7.666677800780109742e+00,7.187990755621269656e+00,7.502581174150737553e+00,4.610195371833833988e+00,2.831292296802407904e+00,2.709478899666326157e+00,1.848060566470225208e+00,1.641371128955368963e+00
9.700480000000000000e+05,9.994705036635865847e-01,1.977010822909741616e+00,2.666838139468523661e+00,3.550425669076956670e+00,3.932113956929544685e+00,4.660731688839772069e+00,5.294303525611100625e+00,4.734164244623933371e+00,5.068791075497565579e+00,5.475664156616416811e+00,5.698287139527502987e+00,3.721894955729830201e+00,3.361905451347333873e+00,3.489297704804950939e+00,3.350994437919093016e+00,2.322841316534310252e+00,2.064265800005225415e+00,1.974299994117370005e+00,1.986888035071381786e+00,6.606014721340236484e-01
9.700490000000000000e+05,9.564422778171226547e-01,1.893017235076734028e+00,2.839266942918542203e+00,3.760371577013133848e+00,4.649631680151813384e+00,5.344259656271640679e+00,4.870666008503060418e+00,4.104922238862206640e+00,4.155588722046447359e+00,4.551716525411038994e+00,4.922412417669137064e+00,4.631541487947476554e+00,4.106261997457350432e+00,4.335596929194847071e+00,4.613086964642758581e+00,4.912662069801058351e+00,3.018985777960387917e+00,3.092347472904272365e+00,8.217115913040188291e-01,3.286882704084637119e-01
9.700500000000000000e+05,9.841052938544190276e-01,1.884639002201505376e+00,2.794509818681647495e+00,3.691789437430530452e+00,4.352686792439699026e+00,5.120824188201874350e+00,5.333963032189284803e+00,5.749254716547492094e+00,6.032070605947753350e+00,6.677198856194273446e+00,6.815409901431737971e+00,6.864117376395302728e+00,7.050770624931189445e+00,6.433616685386692069e+00,4.378120694719836337e+00,2.914501150125586193e+00,2.313036161565443560e+00,9.505096061247175765e-01,8.625208611701892236e-01,5.988268298357857233e-02
9.700510000000000000e+05,9.578951852185720872e-01,1.895604741925753567e+00,2.682191615634609949e+00,3.568414137603955538e+00,4.071816350734401624e+00,4.707461908506716419e+00,5.186258107520116845e+00,5.914739170471095875e+00,6.588641533659499672e+00,7.047819122180691842e+00,6.315758548002355255e+00,6.636674913580507429e+00,6.729468510017031946e+00,5.410385566551294545e+00,5.711749132638739290e+00,6.011534560250874293e+00,6.053640310476117392e+00,6.303570788542706360e+00,5.141846186588019840e+00,1.138398818267805090e-01
9.700520000000000000e+05,9.168249414577833711e-01,1.814236582629335404e+00,2.660557447574734891e+00,3.442773737470752771e+00,4.299907612438742532e+00,4.020006596247813313e+00,4.012117511369943657e+00,4.408105586537192977e+00,4.169372617644390822e+00,4.129127082900286183e+00,4.524088669221099757e+00,4.727255097687805829e+00,4.271453203267649101e+00,4.334809213839685427e+00,4.390562409515016640e+00,3.523555917051973907e+00,3.654825187646840057e+00,3.347242505445902516e+00,2.052968337896249551e+00,1.318244234528760384e+00
9.700530000000000000e+05,9.677214407879300984e-01,1.862919762799063683e+00,2.698940007353701986e+00,3.051364480989111616e+00,3.582801446810838897e+00,3.787039077539608556e+00,3.579581525366706707e+00,3.974861067484350308e+00,4.351863859379077937e+00,4.771519149640663926e+00,4.827899569488798726e+00,3.743344832137585065e+00,4.025525636669143204e+00,3.994082974667158226e+00,4.119354841443541027e+00,4.340727948917065149e+00,4.235814314830331107e+00,3.973400017591373512e+00,4.142468326098497577e+00,4.328657778967386349e+00
9.700540000000000000e+05,9.915255037705822394e-01,1.935834269563063259e+00,2.870151984527215649e+00,3.820060184654381352e+00,4.604753648328050453e+00,5.040871572111163879e+00,5.645138536428487619e+00,6.337215506536122867e+00,6.920220971256448195e+00,7.220691105713675562e+00,7.632355280110905582e+00,6.889387440140366969e+00,6.666558727620466307e+00,6.087276784043122113e+00,6.007444703272234676e+00,3.843838168338388428e+00,3.580012738834200459e+00,3.669510645999059406e+00,3.157938995779348890e+00,2.131888537827189012e+00
9.700550000000000000e+05,9.923596356373096672e-01,1.952627548929766421e+00,2.784584101257240984e+00,3.448298201648893446e+00,4.243857052190305623e+00,4.577951416147369557e+00,5.056357576551679500e+00,5.716705678627303833e+00,6.225218476282750046e+00,5.039980557217623947e+00,4.615335962998736719e+00,4.460075151864527854e+00,3.958738762614123274e+00,4.107888191375470122e+00,3.847689807482863600e+00,2.078179456913428425e+00,1.729684115600735206e+00,1.738376354158099213e+00,1.264577813193787037e+00,5.896088222306272719e-01
9.700560000000000000e+05,9.645513320180592043e-01,1.857455683237497102e+00,2.593691686230918503e+00,3.355716735313138077e+00,4.136413151202206429e+00,4.762852481649106906e+00,5.235917234235517803e+00,5.742717289676044778e+00,5.497577705629387523e+00,3.712066116688457207e+00,3.865953530949610695e+00,4.171244854883628506e+00,3.670105055669597327e+00,3.148465349020482140e+00,2.028244009184995811e+00,1.125156051059423845e+00,1.069969209617459338e+00,1.067103051339033826e+00,3.452858286156206269e-01,1.786072595867715940e-01
9.700570000000000000e+05,9.694334135145435960e-01,1.935186222675953305e+00,2.766053901109855939e+00,3.592302890673828131e+00,4.147842325479964565e+00,4.751566538687618468e+00,5.282348922464906948e+00,5.850338532982929607e+00,6.406008747507581091e+00,6.047242751655803161e+00,6.465615888382121312e+00,6.890187621004791652e+00,6.777772146907403261e+00,6.593124299262941967e+00,6.240135468519857120e+00,5.808897155694930703e+00,4.318670593080626396e+00,2.451914608455434852e+00,2.145402241612574201e+00,8.375307228253880965e-01
9.700580000000000000e+05,9.629981027313558872e-01,1.870235612990204244e+00,2.797217443541470505e+00,2.807364867662671681e+00,3.246462363360916648e+00,3.154830846066460026e+00,3.525305964488409050e+00,3.812337001342939402e+00,4.222890187812869733e+00,4.453509319176392367e+00,4.530930945587378744e+00,4.431894326312216137e+00,4.300125823199376640e+00,4.016462042698703883e+00,4.041956183683550918e+00,2.516900803989294388e+00,2.247086782958017892e+00,1.708791478721005230e+00,5.954005127769825823e-01,5.359941965019832111e-01
9.700590000000000000e+05,9.949873350104911918e-01,1.510242934653191815e+00,2.145071029408632146e+00,2.789835280483865532e+00,3.468898386928946920e+00,4.075139009722462902e+00,4.623709272121211633e+00,4.870821389536686752e+00,5.427304349352905177e+00,5.913073376630196165e+00,5.371074190610496402e+00,5.396643262925497453e+00,5.037070327511546708e+00,4.993887620225136104e+00,4.480543868792477902e+00,4.746302641710681058e+00,4.025097096856113943e+00,3.942712105957090873e+00,3.654770092827602568e+00,1.689318683350484740e+00
9.700600000000000000e+05,9.815310247140140998e-01,1.897364343328657998e+00,2.749131065698863896e+00,3.629602452923922584e+00,4.384940788287288171e+00,5.130077264643824186e+00,5.886369299018573642e+00,5.034974381103604735e+00,5.049903676279165587e+00,4.456516180777984282e+00,4.553731854188860950e+00,4.611506318777061963e+00,4.326966832448279732e+00,3.773756319847631602e+00,3.911165512382460019e+00,3.245996909226857241e+00,3.255427654740186139e+00,3.262466299286426619e+00,2.416771591585958223e+00,1.052070972259220305e+00
9.700610000000000000e+05,9.672280288821036853e-01,1.858041847033543581e+00,2.776665845645710728e+00,3.541557588572471715e+00,4.385003418284728838e+00,4.502472849225778617e+00,5.029207411802197214e+00,5.667633920514859369e+00,6.193357453903280962e+00,6.205005799278412226e+00,5.959877830315059910e+00,5.247662996259470525e+00,5.393937712487890224e+00,4.596422718705043486e+00,3.789738025632368057e+00,3.548282523922573262e+00,2.916781198137791797e+00,2.567040700623685723e+00,2.353486564592560004e+00,1.692961758581019716e+00
9.700620000000000000e+05,8.993617166741463276e-01,1.716715655641277927e+00,2.526917081342093141e+00,3.321648416924658065e+00,3.698071003297071613e+00,4.374438744184799610e+00,4.308077603503283726e+00,4.695064440941115080e+00,4.655239263911727932e+00,5.000608323455231208e+00,5.128186823994200338e+00,4.224525844195804680e+00,4.217843849855860583e+00,2.791314786341084542e+00,2.941882913277083400e+00,2.998436008728928570e+00,3.004406160097414347e+00,2.472745366001315670e+00,1.621452306412547895e+00,2.750544253598596889e-01
9.700630000000000000e+05,9.589306537227496596e-01,1.912594655361159912e+00,2.721384769583531593e+00,3.516442059488412042e+00,4.357925667291089766e+00,5.164593130860504644e+00,5.741379626593303698e+00,6.368328087484254496e+00,7.096118594491605869e+00,7.322864400459303980e+00,7.882745299336884059e+00,6.437894630784642303e+00,6.019489046802266152e+00,6.117312243933406890e+00,6.198417482646952692e+00,5.799066596775588778e+00,6.109729667183487756e+00,5.874440630574456534e+00,3.618376544204715550e+00,2.756546351407633821e+00
9.700640000000000000e+05,9.753370604934212817e-01,1.908492164413917447e+00,2.657855416592875386e+00,3.339843532625760947e+00,3.955003258253317444e+00,4.351442920978233708e+00,3.910145152003302371e+00,4.019555157501426557e+00,3.321054541495423784e+00,3.684540582328351910e+00,3.312784345136755793e+00,3.381996329868345974e+00,3.369430336277137616e+00,3.228289011155220933e+00,3.213151649389132114e+00,3.201923476121880441e+00,2.831162584877064958e+00,2.344922951728413807e+00,2.210915142662063904e+00,9.084324357821516038e-01
9.700650000000000000e+05,9.873289910755714827e-01,1.973334246691765381e+00,2.744802924813866341e+00,3.466546471210786073e+00,3.941556384377026490e+00,4.396572959930932001e+00,4.609633316660881164e+00,5.046999042151019133e+00,5.614408164862382478e+00,5.913867958467633912e+00,6.038816801298488635e+00,5.520689383642650938e+00,5.136333006030201709e+00,3.469205033514350056e+00,3.663029043454209432e+00,2.863048497155432415e+00,2.947487407416681471e+00,1.692354941136567703e+00,1.731284545965404043e+00,5.182215349853036557e-01
9.700660000000000000e+05,9.607326424050181002e-01,1.861041393785313414e+00,2.565506144580680825e+00,3.398575657391655458e+00,4.040919365032919153e+00,4.780562170154875723e+00,5.209456184903230813e+00,5.810762200779934439e+00,6.445954898226439411e+00,6.858744916346672937e+00,5.810905590054812997e+00,5.455921445962008676e+00,5.797895266298432659e+00,5.210975401056853862e+00,3.720501849103298841e+00,2.836104261885848743e+00,2.855842739641426764e+00,2.994592052866201115e+00,1.361561990870251204e+00,5.140133848954353546e-01
9.700670000000000000e+05,9.841710323153289863e-01,1.693563801999869112e+00,2.511899456073188652e+00,3.051379670661078070e+00,3.720517957133210984e+00,3.828532637878905298e+00,3.879108067580633090e+00,4.288091064441171163e+00,4.782622172965182550e+00,4.591119033869778931e+00,4.934868984530149660e+00,5.114993676102233877e+00,4.040670122578711165e+00,3.780896642187707712e+00,2.375893230952799584e+00,2.036324561334581063e+00,1.867603918865462731e+00,1.618402912532252325e+00,6.505110667673376090e-01,1.047845186503337800e-01
9.700680000000000000e+05,9.914608867189225183e-01,1.931105504348075819e+00,2.849746332987766362e+00,3.505997084336286651e+00,4.311461926667929490e+00,4.889444843099957971e+00,5.385156892883932400e+00,5.631047865549936304e+00,6.222316516853586776e+00,6.758499253886782299e+00,7.187404944839387966e+00,7.068973219916412809e+00,5.014408754336233898e+00,4.079616778514679964e+00,3.688431799862356364e+00,3.704788737426731871e+00,1.446836059526729557e+00,1.521872253846697332e+00,9.349756161452164038e-01,4.115084829879411821e-01
9.700690000000000000e+05,9.388806062604853064e-01,1.812417912407268794e+00,2.691423987059295531e+00,3.551618395120821337e+00,4.165308194724094193e+00,4.472231757258908758e+00,5.175919884140451011e+00,5.285076675028249404e+00,5.542581208417508343e+00,4.660371867872412643e+00,4.855487303321643466e+00,5.157065545910870519e+00,3.334607422872129856e+00,2.439441640228318775e+00,2.278869796827804883e+00,2.344829494173216844e+00,1.650635614494019965e+00,1.257418138153485243e+00,4.293673270611941817e-01,3.480906462867583429e-01
9.700700000000000000e+05,9.687194623524961745e-01,1.740301426194466705e+00,2.594289049524557189e+00,2.792765065550216974e+00,3.425736999844187558e+00,3.617053622779502042e+00,4.115577890523551829e+00,4.230801779042154820e+00,4.433131300974259226e+00,4.857177193740387366e+00,4.921603324044699690e+00,4.780178908087442835e+00,4.365409022029989039e+00,4.441838052764774503e+00,4.745939395137938277e+00,3.732595532967065921e+00,3.536832155065565253e+00,2.621657764091984255e+00,2.148387604575569210e+00,1.825430132054295385e+00
9.700710000000000000e+05,9.557207467130413026e-01,1.745055214745802941e+00,2.601512715972200240e+00,3.023364774329671434e+00,3.763177596709388784e+00,4.222588945055310461e+00,4.019572464986589821e+00,4.580887847637936439e+00,4.936355236557205650e+00,4.837073241986095340e+00,5.125359087107348444e+00,5.134105204018067248e+00,5.377568613955546084e+00,5.579938667294227272e+00,3.492924104113118045e+00,3.291440589101481962e+00,3.059861991436609863e+00,2.875488078169979644e+00,3.003896405200257469e+00,2.738445995093734542e+00
9.700720000000000000e+05,9.169947159526612435e-01,1.571609737548745445e+00,2.356772847467848653e+00,3.118407655189737504e+00,3.440985231093725449e+00,3.357392422599051685e+00,3.734129916706508290e+00,4.060476631345010468e+00,3.860162334289708674e+00,4.204362699010683713e+00,4.609245751521199530e+00,4.518630223661952883e+00,3.670043215150555760e+00,3.155754531595562629e+00,3.376467605869095223e+00,3.123908838708963742e+00,3.231957456237169346e+00,3.311197002103488884e+00,2.077377801861116424e+00,1.697220513513617579e+00
9.700730000000000000e+05,9.736824936986298029e-01,1.890246008567886715e+00,2.544385355105757363e+00,3.208504001742550127e+00,3.866429894304563852e+00,3.990946245821286098e+00,4.510781338201275581e+00,4.597339017534936012e+00,5.094316910419775191e+00,5.101675055583257290e+00,5.119709971160026463e+00,5.171822406035296638e+00,4.704045277575374051e+00,4.633573274447389423e+00,4.327002742381701239e+00,4.272667427364474690e+00,4.014616155402830344e+00,6.686159262157278516e-01,3.680477636868790814e-01,3.441625458479036226e-01
9.700740000000000000e+05,9.750970405870543756e-01,1.904395584692309518e+00,2.716398776083231326e+00,3.331392573596143158e+00,4.051276513458842210e+00,4.623949605588705936e+00,5.050451441393461138e+00,5.329496650913056577e+00,5.966910455061427143e+00,6.361805901585927181e+00,6.185456919404756171e+00,6.214573850915591890e+00,6.719198064452601038e+00,6.612639840140229097e+00,6.813234370273208107e+00,4.914312860905900138e+00,3.369908792696898914e+00,2.868606035122001963e+00,2.681145955419765414e+00,1.698005628658485477e+00
9.700750000000000000e+05,9.907328134058374092e-01,1.957346831008744514e+00,2.923314724819201960e+00,3.606818465340234869e+00,3.512508714882830674e+00,4.118321241408477107e+00,4.581640851573951956e+00,5.098094877814502546e+00,5.706504180853242403e+00,6.230611650053531569e+00,6.635409983631153530e+00,7.199016131497476323e+00,7.359212036576067817e+00,5.070214150491525018e+00,5.393087144238427832e+00,2.729182586755449336e+00,2.629601194790265328e+00,2.258301003817689612e+00,2.337039132182210377e+00,2.450862330787861865e+00
9.700760000000000000e+05,9.207448469434906801e-01,1.777547376695230552e+00,2.580904643564929213e+00,3.438182789240396442e+00,4.038384519594206523e+00,4.520471349616238754e+00,3.989909469470840797e+00,4.114107818909036318e+00,4.168603819132925103e+00,4.168500629344366715e+00,4.157909728911588942e+00,3.997779590179712184e+00,4.077137887951641559e+00,3.910336225389895226e+00,4.009686701214702609e+00,3.336284122565190913e+00,3.529433769312354752e+00,3.326678946227875855e+00,2.783126024898936457e+00,2.015512324678463418e+00
9.700770000000000000e+05,9.584457623610201926e-01,1.888305928667798561e+00,2.824165841404923771e+00,3.384679988386918303e+00,3.908674392834411648e+00,4.666356194960421533e+00,5.326381866449269253e+00,5.208857251485648376e+00,5.193297255582216110e+00,5.202864408024925780e+00,5.097211084233952860e+00,4.635520817553077322e+00,4.563976643294632929e+00,4.215273964213214875e+00,4.453723673327811383e+00,4.420292343396662105e+00,3.583681642781170407e+00,3.202378837392382049e+00,2.646606948423406269e+00,1.945818713507136977e+00
9.700780000000000000e+05,9.811323705183144783e-01,1.937528225165482842e+00,2.876574775222752844e+00,3.252188776731274267e+00,3.866324880877000325e+00,4.556050340369647955e+00,5.253946832201297212e+00,5.814974841240324821e+00,6.499648680952955004e+00,6.271136232527004140e+00,6.665225471471312169e+00,6.953900472619999995e+00,7.426149056013780836e+00,7.549306161750568123e+00,6.103818676635875740e+00,6.276758950385794122e+00,6.465320802757782204e+00,6.697720205984710518e+00,2.468900248700769851e+00,2.446635543170363469e+00
9.700790000000000000e+05,8.959652931920548680e-01,1.767215050754265881e+00,2.628049862366031331e+00,3.269997961729610658e+00,3.512429039038024392e+00,4.176255591052290939e+00,4.530623316656220645e+00,5.160907023840152874e+00,4.517488817922418853e+00,4.278463681584799616e+00,4.438407407795135207e+00,4.439940330787846889e+00,4.324879218626435318e+00,4.061255715049830073e+00,3.607569299731668622e+00,2.154924923867721276e+00,1.670677898136581518e+00,1.711994074625977191e+00,9.861840010671262258e-01,2.006901371139435675e-01
9.700800000000000000e+05,9.803618330152953364e-01,1.589706566102542684e+00,2.071996960197289628e+00,2.670300470854230390e+00,3.301078687643167697e+00,3.813860019754171660e+00,4.020568206820648527e+00,4.469035392235169546e+00,4.675261101223171956e+00,5.186298394973246850e+00,5.251439280834356182e+00,4.784299546626847643e+00,4.867088607670884137e+00,5.022418314426649211e+00,5.114885147556169187e+00,4.521101370475207659e+00,4.063492354317236988e+00,4.177799802439359667e+00,3.851910865200939948e+00,2.968683118581763036e+00
9.700810000000000000e+05,9.859840528062354670e-01,1.931917721829630175e+00,2.719095032595593153e+00,3.585566975145246360e+00,4.354006039302123376e+00,4.283177552174198155e+00,4.564386761399031656e+00,4.832973739818889669e+00,5.160313872520204903e+00,5.402698602947001660e+00,5.889828361903526321e+00,6.190526405370414764e+00,5.153482113668417242e+00,5.465658941067365717e+00,4.765460551623169394e+00,3.825983203756695872e+00,2.682703168667400995e+00,2.205899971481089850e+00,1.721946838120662182e+00,9.937746063643571048e-01
9.700820000000000000e+05,8.286928926240937354e-01,1.625366593136874815e+00,2.406963691099110569e+00,3.192560156006408967e+00,3.820684905397189191e+00,4.556964093647788872e+00,5.273423878817603772e+00,5.812126100997027756e+00,6.470786577777635884e+00,7.094891355438116776e+00,7.404826941222275138e+00,7.768376207402591049e+00,8.032422075944779749e+00,7.611056031317453119e+00,5.470294235092304724e+00,3.727683930094855214e+00,2.045079637647994275e+00,1.404629379939706268e+00,3.584352541498999623e-01,8.636322238660731898e-02
9.700830000000000000e+05,9.929653973248908638e-01,1.943063570230873172e+00,2.744332238917621680e+00,3.648556371514991792e+00,4.070224975934966238e+00,3.930804032565890616e+00,4.565623340882372538e+00,4.798867735371496579e+00,5.309886742805234761e+00,5.119899711928982633e+00,5.516632655638173510e+00,4.841263294386851435e+00,4.841497537359892078e+00,5.031050146266606404e+00,5.169979307837827776e+00,5.450256792579768472e+00,4.640818305303461955e+00,4.723718061956427405e+00,4.305114564573025326e+00,3.099484797454317153e+00
9.700840000000000000e+05,9.779978602481688155e-01,1.691890537457097610e+00,2.452510453797730694e+00,3.247569692481166559e+00,3.893255047906918342e+00,4.450860386187629025e+00,4.150679281068329729e+00,4.718403040168833940e+00,4.182361934071424869e+00,4.290560635087807384e+00,4.306562647763139573e+00,3.495649468958301753e+00,3.599274138046687277e+00,3.528002325059605315e+00,3.472609592774489329e+00,3.671952618911149102e+00,3.746535281195203737e+00,1.716351640759223640e+00,1.107674369004558068e+00,6.313060787159452403e-01
9.700850000000000000e+05,9.885002446642501273e-01,1.924985486156175929e+00,2.599089233058707205e+00,3.450038714213307323e+00,3.961906596286762117e+00,4.008697629159470921e+00,4.656402205954476514e+00,5.150450766015953086e+00,5.082253120136018154e+00,5.319484112840734191e+00,4.061164630231913542e+00,4.258105370255197641e+00,4.481440850487695471e+00,4.505769126589678208e+00,4.765409546773604177e+00,2.745882188350813990e+00,1.512943396894243175e+00,6.041991759050810984e-01,5.054778511584978595e-01,2.995774700202136209e-01
9.700860000000000000e+05,9.437528881765181454e-01,1.640817359122745511e+00,2.279627797480276108e+00,2.644505768847663862e+00,2.651079478337170503e+00,3.134515845051990546e+00,3.459246620463456878e+00,3.777138372245568476e+00,4.031612172045811349e+00,4.464979425346938591e+00,4.639175941085559529e+00,4.772912337644338976e+00,5.156120874070168725e+00,5.083295734860583615e+00,5.286593992425546951e+00,5.385257281667870544e+00,3.927117623790603140e+00,2.506187105684682059e+00,2.109647007885766534e+00,1.805765706794495440e+00
9.700870000000000000e+05,9.848545602360117002e-01,1.924649356245224263e+00,2.860486393371119984e+00,3.680077230783676878e+00,4.356348829136033274e+00,5.219770603401124198e+00,6.017556142884177284e+00,6.290514126384399773e+00,6.500084947253833789e+00,6.226772335166401717e+00,5.924744641603101769e+00,4.885114712221666267e+00,4.876977486433657027e+00,3.866224581874431188e+00,3.313590839961264578e+00,3.357926244346371547e+00,3.394645948705163896e+00,1.179057300713398204e+00,1.077675327620334134e+00,2.217485202997249161e-01
9.700880000000000000e+05,9.539510083880160529e-01,1.760519256656313258e+00,2.200792833089222356e+00,2.911653599621018884e+00,3.411377621768943325e+00,3.921225694212788326e+00,4.057851637902104791e+00,4.452197522154962783e+00,4.974362031489068414e+00,5.250050882052871515e+00,5.013563617135258887e+00,4.552773347998956055e+00,4.638664118907918521e+00,4.389767898836486104e+00,4.585174127990444326e+00,4.391394546959615397e+00,4.242510874393107478e+00,4.257434499871548539e+00,2.831587218925123217e+00,1.933632337666941758e+00
9.700890000000000000e+05,9.791987449177734781e-01,1.871615947850661765e+00,2.753652664038279685e+00,3.418926423445789009e+00,3.910047719065748328e+00,4.659058061561143660e+00,4.631379109943040362e+00,4.970284714876569865e+00,4.684687242417418851e+00,4.661032856635348942e+00,3.924297176843869916e+00,3.431623465518968352e+00,3.290591689787550678e+00,2.664841180535761467e+00,9.230745258266331854e-01,7.321088474091403953e-01,6.695360897818001256e-01,6.216267416003755653e-01,5.230257717687566421e-01,4.076860957647610029e-01
9.700900000000000000e+05,9.831753873164176261e-01,1.923070472936811548e+00,2.541805493050589337e+00,3.359886362574723062e+00,4.113405358476572182e+00,4.751228202702268533e+00,5.474693065160465721e+00,5.573268659086325627e+00,5.524368459851070945e+00,5.916107428325134698e+00,4.243386761389262851e+00,4.486075183475510819e+00,4.142205314762722246e+00,3.439719218125050659e+00,3.619274592935762147e+00,3.173857414788079367e+00,3.341192075346687496e+00,3.347493636669587325e+00,1.332649713951039150e+00,1.309680275456737153e+00
9.700910000000000000e+05,9.741563307317365750e-01,1.828892887695116265e+00,2.713107886742045061e+00,3.503584051666233101e+00,4.163849019886820102e+00,4.186019439215701965e+00,4.255269796547569428e+00,4.408965029224794385e+00,4.862417952995301107e+00,5.062863700146143842e+00,5.229054637568956387e+00,4.787736522473366563e+00,5.008643049752981469e+00,5.297049125868930730e+00,4.381789330412953376e+00,4.200785954867081173e+00,2.807723019116225238e+00,1.265740526848369685e+00,1.229576179926124446e+00,2.999871129413245185e-01
9.700920000000000000e+05,9.029199103468354970e-01,1.673261843792449133e+00,2.337864822646917862e+00,2.750497698155371040e+00,3.275247118254016154e+00,3.746703607064657326e+00,4.342998168787374880e+00,4.926849375206724169e+00,5.418229994956404560e+00,5.164951747076615973e+00,4.693493500565426579e+00,4.152958584353868332e+00,4.487226024199062913e+00,3.275949016996782426e+00,3.408065248923977997e+00,3.602414514282113345e+00,3.417121849201221639e+00,2.699094047502361704e+00,1.210589042870810150e+00,1.229489794312810247e-02
9.700930000000000000e+05,9.840714377746373476e-01,1.908161542928326071e+00,2.825137057330783463e+00,3.375280500064282929e+00,4.145644937736412849e+00,4.914585381267282393e+00,5.253764026232447648e+00,5.382508930800169900e+00,5.755698435667659929e+00,5.846452521074592568e+00,6.429082748944067838e+00,6.887959996155755604e+00,6.406384297185367060e+00,6.723969934973839102e+00,7.136337827172048343e+00,6.844354549625295547e+00,5.303835245021450540e+00,5.320819404547320275e+00,3.621601654479373877e+00,2.361568126441138116e+00
9.700940000000000000e+05,8.872199845262563889e-01,1.711050214181917051e+00,2.560463318404542221e+00,3.172852520408420585e+00,3.931081618984302306e+00,3.625351808093092654e+00,3.266574952566108081e+00,3.507236992268661702e+00,3.196980069480841902e+00,3.274977064454281717e+00,3.471955413850568384e+00,3.473953619907606427e+00,2.916734934671611157e+00,2.294858952619896364e+00,2.410851357333414047e+00,2.430526010582099161e+00,2.442283783131964814e+00,2.090767631254136560e+00,1.805914135044050628e+00,6.255837847398559859e-01
9.700950000000000000e+05,9.672132470066442389e-01,1.735623992029695639e+00,2.558697945578065180e+00,3.151133682437998296e+00,3.469923098428298491e+00,4.023409774507121561e+00,4.311067306883846761e+00,4.739363967138871203e+00,5.271826083515274597e+00,5.717558682322353647e+00,5.950602340766639742e+00,6.477003297406896287e+00,6.926584764446665154e+00,6.963872940107084020e+00,5.692141963947290328e+00,5.226495745506571922e+00,5.409738137890398590e+00,4.388476811825686497e+00,3.249620323799847554e+00,1.403639207974787251e+00
9.700960000000000000e+05,9.905099495355871309e-01,1.835208843625525166e+00,2.607121891956125648e+00,3.422498178629897136e+00,3.961536987913034658e+00,4.529284072017882856e+00,5.241842343792741055e+00,5.924009851203541288e+00,5.145582764157747846e+00,5.332036894445975506e+00,4.102887595308866153e+00,4.173115319612666241e+00,3.864363051420552253e+00,4.021615632974198107e+00,4.176553742747214137e+00,3.430488701372361504e+00,1.178067917221578220e+00,8.348127514334624522e-01,6.385325473132098528e-01,6.236564536531141734e-01
9.700970000000000000e+05,9.542463771980965737e-01,1.801040841545424209e+00,2.643209597240767206e+00,2.480738563431882593e+00,2.084717921571288102e+00,2.411885104605110630e+00,2.790243442625680359e+00,2.753246834955557887e+00,2.387784184725301628e+00,2.307339556749049336e+00,2.328760245529035267e+00,2.424370437381411669e+00,2.573419150677180411e+00,2.526387046545545356e+00,2.298854744562658148e+00,2.280806324959844034e+00,1.828511872003441008e+00,1.877354069663307090e+00,1.094949831338484669e+00,1.764460577539450625e-01
9.700980000000000000e+05,9.936538819177911375e-01,1.946966278604062239e+00,2.815324295492088069e+00,3.682016815840883250e+00,4.347282828190855319e+00,4.932071798909481330e+00,5.684386462180977873e+00,5.921723639248372528e+00,6.509625855006909489e+00,6.796849209554468807e+00,6.858729411593712300e+00,6.461024587345255199e+00,6.025845503392156743e+00,5.670474353576826054e+00,3.822777279296200703e+00,3.587491184466033545e+00,3.755380501163338103e+00,3.174687375735782524e+00,3.043531993955262305e+00,1.720665198825417352e+00
9.700990000000000000e+05,9.737903337701908635e-01,1.809395405160266312e+00,2.449492433617371123e+00,3.031945902462377607e+00,3.756934703363774108e+00,4.315046410915536867e+00,4.707009977672315770e+00,5.334256054973478989e+00,5.987514960100958739e+00,6.519821597255919698e+00,6.377833030657837021e+00,6.152139535847561014e+00,5.522933803889450211e+00,5.523701210464003530e+00,4.979191290350527765e+00,4.795311497356070873e+00,4.747987086047695371e+00,4.741715702902770779e+00,4.177059493911021271e+00,2.406220532663516654e+00
