9.000000000000000000e+04,9.883066031368610282e-01,1.975456608498020517e+00,2.926470390524767318e+00,3.793155750299429751e+00,4.734366284943170022e+00,5.413392370506118212e+00,6.274713000892658599e+00,6.906709504509572106e+00,7.127378201824785542e+00,6.758641592914012897e+00,7.395068017436908114e+00,7.639168004817598501e+00,7.401833170521647354e+00,7.824304884404876148e+00,3.800678410316366662e+00,2.928843689509463388e+00,2.730799683954422630e+00,2.661807115026461723e+00,2.317552962796957772e+00,2.402512888683210335e+00
9.000100000000000000e+04,9.672992548807728408e-01,1.768818773362485608e+00,2.578893201559745663e+00,3.438327932070089687e+00,4.063829215685927920e+00,4.418408662965288336e+00,4.899127627425848175e+00,4.647523842065202970e+00,5.080589717572537189e+00,5.478671000986295780e+00,3.968877459079345638e+00,3.652094822579268651e+00,3.764765678047741204e+00,3.780901553549448568e+00,3.899083246156809679e+00,4.053469442575359238e+00,3.981965120650092782e+00,4.185849530699232268e+00,3.223138110997041839e+00,2.618103787341767852e+00
9.000200000000000000e+04,9.804386892929035646e-01,1.805863956916545776e+00,2.516409045085428176e+00,3.134193645681806473e+00,3.846938534804229093e+00,4.414641349652125513e+00,4.866355589859826303e+00,5.113870606912926498e+00,5.606496069345636712e+00,6.168999979886303109e+00,6.210767158964749513e+00,5.724079740573278841e+00,5.648487430353926086e+00,5.573752457404971494e+00,5.815398948886375763e+00,4.735706858520341456e+00,4.853240721100762656e+00,4.497166981864559432e+00,3.465057546749236383e+00,2.581654895876983602e-01
9.000300000000000000e+04,9.538554895604642869e-01,1.813404337462033888e+00,2.686738239312923326e+00,3.561105817101838600e+00,4.133962055138765024e+00,4.950793832462215605e+00,5.227651030814124411e+00,5.908030085533057196e+00,6.594427348196747474e+00,7.312623944956360589e+00,6.817477952884481773e+00,6.887189428358921006e+00,6.508754080170917611e+00,3.715906715004487104e+00,2.757464429370146242e+00,2.441837988893116318e+00,1.960564248543416266e+00,1.242081296516533762e+00,1.252586763447605334e+00,1.306918327893855647e+00
9.000400000000000000e+04,9.341378341393400397e-01,1.843715348893747663e+00,2.621745920959063447e+00,3.482124307012755438e+00,4.244508104290852124e+00,4.165576988444643192e+00,4.561045097044859276e+00,5.201929889661455420e+00,5.758559306602255567e+00,5.457365526124098309e+00,5.609108453783651527e+00,5.386430682025651784e+00,5.282342413856074614e+00,3.575113835991119871e+00,3.127116061676050052e+00,2.045560926949594460e+00,2.044528467914945580e+00,2.010198735321168328e+00,1.834047953870585168e+00,1.745927894954464321e+00
9.000500000000000000e+04,9.705248067686534919e-01,1.883838232962879111e+00,2.722381719344211248e+00,3.475106744217657972e+00,4.064108160557895921e+00,3.939293518810007111e+00,3.986647002305044651e+00,4.549174748146517011e+00,4.948361720493942961e+00,5.445096450096990282e+00,5.304390866553482020e+00,5.652046623771347811e+00,5.523312655426433793e+00,5.767972488025758793e+00,5.628156896318603941e+00,5.249629171249837967e+00,5.476430277079282760e+00,4.802970337977188642e+00,4.438470273177800962e+00,2.287700003620076750e+00
9.000600000000000000e+04,9.125722053469531581e-01,1.684661527193630937e+00,2.470285471957659684e+00,3.234698623377843862e+00,3.844041941493722803e+00,4.533498084497064262e+00,4.301481037272989916e+00,4.817439622974394098e+00,4.994498547084165629e+00,4.575410735774129378e+00,4.618396950822404534e+00,4.939073449698124563e+00,4.618800829974260225e+00,4.791389404348227465e+00,5.124282097526280388e+00,4.107611470370612139e+00,4.053351907349691530e+00,4.014365955542238851e+00,3.499535590237913496e+00,6.915900645498163080e-01
9.000700000000000000e+04,9.677477773896786539e-01,1.788885112882212525e+00,2.450174850475869803e+00,3.246575903432677102e+00,3.806399051285709323e+00,4.542413196034916112e+00,5.143660293046977472e+00,4.633817403814817659e+00,5.008641001693536765e+00,5.265157238026276332e+00,4.143498471139967165e+00,4.518965967746205514e+00,3.156161140653658492e+00,3.199234528856118143e+00,2.570010802370489955e+00,2.579836543967463314e+00,2.730377778106883646e+00,1.531830105451854607e+00,1.559735755284159531e+00,6.338198459514488015e-01
9.000800000000000000e+04,9.782703103445502535e-01,1.847511148325968078e+00,2.657427841943718061e+00,3.245663167792159687e+00,2.996789008771493901e+00,3.518174992847852955e+00,3.565962208413604007e+00,3.284858525527154072e+00,3.594723286315397281e+00,3.968558659370693409e+00,4.022021492449351143e+00,4.209214858030299489e+00,3.882431551348463739e+00,4.017025339189899569e+00,4.020172669544604283e+00,2.231910773942864523e+00,2.002085710156376930e+00,1.070819416197850149e+00,3.742795511289578325e-01,2.718825693309256941e-01
9.000900000000000000e+04,9.684926443391412842e-01,1.763562673132629266e+00,2.411917668720784391e+00,2.981274458735640120e+00,3.649220632391503294e+00,3.655084291476869751e+00,4.056600468700734652e+00,4.284048251461253010e+00,4.817422336049436815e+00,5.173472692282814478e+00,5.164851666385096074e+00,5.476576279637725975e+00,5.840129827064501455e+00,5.559832280326344467e+00,4.759904683345336451e+00,4.197474743492190186e+00,4.420618624295912014e+00,4.160025839181659357e+00,4.032422585521580061e+00,1.542498459757424278e+00
9.001000000000000000e+04,9.405199421720665809e-01,1.852781921433463319e+00,2.704462151168407047e+00,3.598884076356331008e+00,4.493220954230284114e+00,5.282401000455957174e+00,5.592035945452804135e+00,5.295269645453609009e+00,5.328743746662536473e+00,5.845816384461526738e+00,5.776298587344897761e+00,6.081081390142972332e+00,5.825883769883929197e+00,5.666313589212695234e+00,3.565045197108484665e+00,3.802143003647877606e+00,3.071631788058255097e+00,1.372978097402010711e+00,8.159882332721500875e-01,7.957874718127611047e-01
9.001100000000000000e+04,9.743514264119251811e-01,1.912781453534047049e+00,2.790061954063520311e+00,3.709660466453641448e+00,4.616992021418194980e+00,4.994366377616361596e+00,5.561063089031101470e+00,6.231498374018914710e+00,4.527382426729049669e+00,4.683880508433598600e+00,4.594933791803571310e+00,4.827933712130905164e+00,3.695097051474106387e+00,2.738700166820829285e+00,2.727036518505420837e+00,2.384674385804579799e+00,2.442847565273590149e+00,1.156484393833239643e+00,7.148867759659933707e-01,4.935358525806154972e-01
9.001200000000000000e+04,9.909446376633060938e-01,1.981392742532734674e+00,2.925752128781112127e+00,3.870284139656068323e+00,4.736826806452188343e+00,5.668232422326800801e+00,6.376029101102242080e+00,7.246523220569110357e+00,7.547851622036156449e+00,8.156883746749020503e+00,8.038378016577279794e+00,7.927373169184363633e+00,5.655777480064864804e+00,5.969351959540032837e+00,6.072350055137519576e+00,6.208359606128334818e+00,5.376708451246887677e+00,5.523245007565400932e+00,5.754878592291666095e+00,9.386827403213704457e-01
9.001300000000000000e+04,9.904574501667737785e-01,1.854389955158945780e+00,2.772757231565542657e+00,3.654173769799221816e+00,4.236442161821237562e+00,4.905969677681467189e+00,5.143122323582499433e+00,5.201149727600004269e+00,5.599410181304627088e+00,4.925885512000535371e+00,5.259481221872820633e+00,4.765780927684482471e+00,3.772052982820256251e+00,3.665258924603054247e+00,3.467784611552403362e+00,3.411275229603612402e+00,3.190593247156789491e+00,2.987811824375300240e+00,2.856638292830721237e+00,7.733757107670236053e-01
9.001400000000000000e+04,9.386766830329272837e-01,1.824628459471962616e+00,2.444377339605886323e+00,3.138256487116065863e+00,3.641769325732259865e+00,4.211405253672720228e+00,4.586132676162505639e+00,4.093983672283468600e+00,3.953433914689239437e+00,3.987616350463310866e+00,3.724713006682417671e+00,3.898226903301556856e+00,4.109561018796021870e+00,3.633540784347010444e+00,2.508897840323724981e+00,2.268580096045877070e+00,2.251985073058064835e+00,2.117023886598649263e+00,1.830985817968672436e+00,9.469036019292054185e-01
9.001500000000000000e+04,9.993376077825490977e-01,1.712751978544917009e+00,2.515659940507418035e+00,3.269299626977123729e+00,4.057398491916126559e+00,4.639315708972727492e+00,4.828353814274799483e+00,5.105752852863373548e+00,5.208369881942171986e+00,5.765119358114606740e+00,5.839467543349584844e+00,5.948220826715343357e+00,5.411048822356982591e+00,5.557060108196651527e+00,4.895826105867443268e+00,4.703900199185914843e+00,4.712290658069357541e+00,3.796756669691796038e+00,2.140292032157161017e+00,7.976339768965634569e-01
9.001600000000000000e+04,9.982384504946980597e-01,1.768531465240330114e+00,2.336056454794149584e+00,2.585554316674302022e+00,2.871097259595285944e+00,3.339277899223692891e+00,3.310725221057741141e+00,3.143193666798499208e+00,3.291259973795073623e+00,3.595344817484036337e+00,3.911727176040098009e+00,3.327828381913716438e+00,3.137050706328478267e+00,3.020744616275239380e+00,3.164706554943325756e+00,3.175601729404281315e+00,2.972992296500378551e+00,2.856163408948413807e+00,2.170849118500341124e+00,5.677213262687375028e-01
9.001700000000000000e+04,9.994438899062797477e-01,1.651167494242701261e+00,2.452864799494258286e+00,3.126525178691835549e+00,3.858535470017964819e+00,4.337251082767095589e+00,3.983761727386170737e+00,4.394152230831124939e+00,4.211635461685191650e+00,4.247189455980216799e+00,4.136859843585663832e+00,4.299385541065261052e+00,4.270183658924893599e+00,4.322890169801024030e+00,3.563260424985340791e+00,2.746472121647077103e+00,1.999531014414565711e+00,1.993768448980543173e+00,2.059352544070075730e+00,4.065315526215029784e-01
9.001800000000000000e+04,8.974345960582269521e-01,1.717109667400565032e+00,2.497758559058209649e+00,3.304513517956633173e+00,4.114665144414102471e+00,4.849631348694630084e+00,5.556239262827716630e+00,5.481038837427405497e+00,6.007664370848178059e+00,6.284127538072093344e+00,6.862800400691124736e+00,6.641523824710032997e+00,6.564568513480288026e+00,6.893715994110802825e+00,5.600616044296957696e+00,4.710687755547159128e+00,3.677178414770024162e+00,3.638182986047067136e+00,3.183339556135925452e+00,2.963485483045604774e+00
9.001900000000000000e+04,9.816555609492286782e-01,1.917909552896201797e+00,2.842852251696811550e+00,3.448378034386040181e+00,3.736138572497428978e+00,4.204796203573883062e+00,4.724587742971377402e+00,4.687995854389497730e+00,5.013707139524983702e+00,4.993796336233530475e+00,5.111323265914013092e+00,5.321989671058841687e+00,5.569782159822504575e+00,5.899882233162184519e+00,6.192879535472298969e+00,4.630341146017608267e+00,3.475055360404595728e+00,3.209212245514317274e+00,4.851778585690653678e-01,8.287108660518738290e-02
9.002000000000000000e+04,9.943453597904740038e-01,1.968795091369294425e+00,2.910905609765648272e+00,3.855651210283267183e+00,4.646987395999650161e+00,5.523887676550879533e+00,6.392335554725910640e+00,7.225565940347514093e+00,7.597987511480779332e+00,7.995367998108852348e+00,8.211139378519112242e+00,7.844744721521541564e+00,6.719542199974545049e+00,5.677686897306881697e+00,5.647151130748102155e+00,4.740667107348555120e+00,4.664877520187577176e+00,3.868284585481780447e+00,2.092171477925641287e+00,6.362713493866767323e-01
9.002100000000000000e+04,9.640880570200759392e-01,1.922401393291581995e+00,2.566616122637699782e+00,3.156078200049411642e+00,3.408679555746752410e+00,3.924873522486808319e+00,3.790194839875046906e+00,3.964573432460332114e+00,3.920422331948782979e+00,4.202684150421629461e+00,4.345068383921371513e+00,4.671029203162351706e+00,5.051194839771305567e+00,4.740783440001878013e+00,4.340617105969817757e+00,2.274821454994389924e+00,2.357274851797274362e+00,2.448458174863958892e+00,4.442662204163277950e-01,1.193289454939727712e-01
9.002200000000000000e+04,9.934902609975455601e-01,1.899875794030529752e+00,2.772159067857594472e+00,3.324254170212372017e+00,3.762930670916503573e+00,4.467603382847737947e+00,4.739259657636051060e+00,5.372277598533303333e+00,5.855996953439150943e+00,5.916888840353129453e+00,6.060236935425929339e+00,5.907895300822318063e+00,6.092715080926184079e+00,5.815243222309823601e+00,4.828313274708212255e+00,4.984999150945736091e+00,4.966046986946976993e+00,4.496717631957432459e+00,1.943040051970041926e+00,4.777685935058006983e-01
9.002300000000000000e+04,9.760694533679360463e-01,1.898280094939083007e+00,2.804716390307243401e+00,3.654823286363234391e+00,4.341636730251477339e+00,4.322811894791503740e+00,4.783410756067858038e+00,4.895408566225968983e+00,4.497169037831369565e+00,3.737804449326268319e+00,3.975216017886945785e+00,3.813697647616541619e+00,4.007764427790879935e+00,3.138554282156926334e+00,3.288841750841417166e+00,3.493463806903136515e+00,1.305276612539715053e+00,1.069435111432856633e+00,1.099451284009313135e+00,6.256943628315747574e-02
9.002400000000000000e+04,9.988101827122213283e-01,1.992177279946800939e+00,2.881145658507598739e+00,3.605851051446809397e+00,3.995083755476656062e+00,4.246130851310295995e+00,4.600994606393587816e+00,5.214322051280682935e+00,5.662558454492990556e+00,6.042841679725211357e+00,4.937310194117309869e+00,5.299921917815280992e+00,5.628898452371033478e+00,6.027593970169782267e+00,4.393251655379385667e+00,4.265767985220552561e+00,4.439157192350257297e+00,4.068673189502142407e+00,3.982731761968008044e+00,3.366650558032022733e+00
9.002500000000000000e+04,9.790912778986325948e-01,1.938320785394250345e+00,2.846135938496610507e+00,3.655142896434900646e+00,4.212225988881326266e+00,4.985289458437733856e+00,5.774909566909602887e+00,6.546625916994719852e+00,6.248227278127199469e+00,6.676606673946424486e+00,7.258964962482833627e+00,6.987277554044376338e+00,7.227503963574936741e+00,6.897477150234015753e+00,5.920503197744626078e+00,5.331442215299794896e+00,3.276784143586311426e+00,3.304871224579158273e+00,3.242522028012559510e+00,3.276807567686303990e+00
9.002600000000000000e+04,9.489547450291253572e-01,1.830547153106695246e+00,2.723750006097683141e+00,3.354880861881065268e+00,3.732368737770355605e+00,3.703111139307924571e+00,3.821241926681763434e+00,4.275735155885609373e+00,4.796273074932761560e+00,5.225341194107847365e+00,5.676710758265431700e+00,5.950710360075543548e+00,5.966726151572669501e+00,6.397190598520745120e+00,4.222163686005261596e+00,4.005803485807804876e+00,1.778921162147852897e+00,1.760106677829663235e+00,1.803052560123767467e+00,1.169806659871652776e+00
9.002700000000000000e+04,9.927568331796355894e-01,1.819002340509083382e+00,2.513254971456580389e+00,3.146014193986568674e+00,3.659280199923848009e+00,4.217192842081031401e+00,4.829873174719113926e+00,4.782616048709299683e+00,5.277321984213019235e+00,4.717599948732805970e+00,4.840153343567547672e+00,4.471334366235131696e+00,4.775982955688414577e+00,4.838664021251882552e+00,4.301398969079420098e+00,4.203230404385942975e+00,3.939391451018698920e+00,3.851135108256097617e+00,3.188613850412271411e+00,3.316434784577566575e+00
9.002800000000000000e+04,9.859530189052381211e-01,1.962924956666284748e+00,2.876076484998060678e+00,3.547266493679930299e+00,4.193546908192438138e+00,4.569876939563620510e+00,4.863476216130666607e+00,5.137934845787380134e+00,5.763301533457909187e+00,5.778931877573992182e+00,5.151835359761632205e+00,4.984235084679003336e+00,4.867410350416161435e+00,5.086821509872585523e+00,4.245664857702267980e+00,2.962332327996229253e+00,2.363526599589421906e+00,1.438930207393596561e+00,1.265859870806312237e+00,4.805363245568905484e-02
9.002900000000000000e+04,9.037085276882989016e-01,1.521621159060393857e+00,2.083393765813539744e+00,2.756901843587563850e+00,3.126176548996423499e+00,3.519432807667891794e+00,4.061736139238503185e+00,4.579809006464000021e+00,4.770805923755175648e+00,4.712083099647169426e+00,4.150188778191097327e+00,4.255502247255085635e+00,4.517227107839931755e+00,3.247584730039174694e+00,3.458581260583267536e+00,3.233273935834729329e+00,3.203025235038103435e+00,1.720595547190206132e+00,1.427899499635030267e+00,8.215562824849653722e-01
9.003000000000000000e+04,9.355977099397827512e-01,1.485872882865290512e+00,1.918684690010489469e+00,2.476105526460836703e+00,2.877218134113266323e+00,3.380850779061410627e+00,3.610276009080700454e+00,3.616630427395673308e+00,3.668409754907858034e+00,3.890696849965914694e+00,3.876482808546771963e+00,3.749749862015899549e+00,3.577638783495864061e+00,3.481192592783678208e+00,3.310802960513199888e+00,3.044706636887759998e+00,2.473867034591347824e+00,2.167818321372743995e+00,1.677742434071745059e+00,7.270943845933119931e-01
9.003100000000000000e+04,9.668746960750999042e-01,1.924829861917513485e+00,2.518519916074263065e+00,3.164849721970821150e+00,3.392478355879216423e+00,4.060724477942000199e+00,3.581349271685131619e+00,3.185214936174594058e+00,2.940263143750547314e+00,2.939096244972097871e+00,2.393326009235174023e+00,2.573176537169236777e+00,2.264442737815041351e+00,2.080175409480508275e+00,1.769943600120909455e+00,1.452801053077269700e+00,1.160720247110799352e+00,1.123975605714605752e+00,9.155787231799238368e-01,8.599118254285786911e-01
9.003200000000000000e+04,9.452940135234828567e-01,1.838282712555177945e+00,2.736177485134402065e+00,3.575303222913200685e+00,4.412194645047666341e+00,5.274265581093388278e+00,5.998322435094056715e+00,5.839464328351670730e+00,6.022822666744822584e+00,6.628283070879049887e+00,6.621716772377994609e+00,7.016744986210557755e+00,5.221522223549989405e+00,5.220891600809197008e+00,5.145323105970932787e+00,3.347083817567018116e+00,1.870787614627779538e+00,8.318066550546510118e-01,4.320958068986476830e-01,4.951521287786642134e-02
9.003300000000000000e+04,9.567723884689743885e-01,1.907761277624417051e+00,2.712687417807898793e+00,3.607405612430516495e+00,4.355656173349784055e+00,4.516518190675758326e+00,5.249514314181420005e+00,5.545302168177785873e+00,5.311189283957276075e+00,5.324793755829749564e+00,5.058150900268245209e+00,5.310179963927851965e+00,5.694938016846910145e+00,5.047736236619983607e+00,4.973785704209122471e+00,5.266881242903265203e+00,4.180492110982457987e+00,1.292122857215471932e+00,8.425364787956761692e-01,6.581241101857537856e-02
9.003400000000000000e+04,9.688969285993500602e-01,1.860886071012862741e+00,2.790102676115012947e+00,3.002276613235801861e+00,3.644759358805206517e+00,4.311009874103824302e+00,4.803066506796279000e+00,5.406219278186232380e+00,5.678411160594350804e+00,5.550970681257004991e+00,5.932742676273145221e+00,3.852781577667357293e+00,3.682538605522787556e+00,3.851738597202446712e+00,3.805322319610200843e+00,2.653664826919241548e+00,2.342746223400078875e+00,2.189267111578252045e+00,1.699063397423907107e+00,1.115210122666268067e+00
9.003500000000000000e+04,9.381675168733883963e-01,1.854659721784301274e+00,2.736099892698670377e+00,3.387514792345530878e+00,4.098808716784335893e+00,4.331674658444745418e+00,4.855732961236797429e+00,5.466847018150303938e+00,5.863730990518019937e+00,6.502544168518321399e+00,6.220020267865249863e+00,6.732978059052369346e+00,6.835573260288076547e+00,6.335182265577630645e+00,6.079148392106236365e+00,5.950125594467341017e+00,5.874439020898621244e+00,4.749448903890022500e+00,4.250100052272305362e+00,2.909004984463550159e+00
9.003600000000000000e+04,9.152800633167892386e-01,1.800362920262541522e+00,2.589992763582107838e+00,3.012849724023708209e+00,3.399189892504137056e+00,3.525454709686013821e+00,4.004103729752534591e+00,4.467019069231790596e+00,4.883879540219751014e+00,5.160524593038267938e+00,5.449848926904449442e+00,4.086082504651450620e+00,4.278894126565828238e+00,4.261201933075060566e+00,4.234593232787125849e+00,4.357233230167643967e+00,2.320765169855585341e+00,2.226562285964758026e+00,1.597144902200090311e+00,1.449295945200046454e+00
9.003700000000000000e+04,9.904579340997582415e-01,1.848108301523279318e+00,2.271446443872791487e+00,2.873645788360441600e+00,3.341988024565628379e+00,3.983550777645282537e+00,4.290367110656571725e+00,4.674033772788936503e+00,4.299253618354312856e+00,4.310769085007029489e+00,4.118452590594750440e+00,4.094157958942894027e+00,4.213907454632127347e+00,4.186957759640655752e+00,4.279907940570947034e+00,3.576204746659030320e+00,3.752715571131878480e+00,3.222876775863568799e+00,2.541032267296903235e+00,3.264114817198104923e-01
9.003800000000000000e+04,9.306923901604621241e-01,1.791386985032307200e+00,2.549522287619060634e+00,3.388097367072829158e+00,3.998866553136243063e+00,4.690195166896823586e+00,5.426124756558941442e+00,6.030905696226440682e+00,4.651427987346726134e+00,3.398313343203870573e+00,3.591772677632895761e+00,3.789387737385963462e+00,3.479326128648404293e+00,3.452303816157899163e+00,3.548158876431689812e+00,3.472536182460491005e+00,3.381552430201560266e+00,3.538834607382216113e+00,3.628337484491516385e+00,4.216854453557639104e-01
9.003900000000000000e+04,9.525882253053272741e-01,1.886281918348100328e+00,2.785599275571126299e+00,2.992571783865321411e+00,3.454941712952658506e+00,3.795085316921530616e+00,4.359298442115958849e+00,4.800427293979818266e+00,4.552815729032189118e+00,4.709668520874219055e+00,4.584431620996374690e+00,4.955674520605514388e+00,4.684108259660732188e+00,5.008949909595438399e+00,1.913972714199480007e+00,1.943320223005640557e+00,1.437974801723152396e+00,1.245160331847867008e+00,1.042921503472360900e+00,8.315954247562906687e-01
9.004000000000000000e+04,9.566376390065561841e-01,1.823862686802230071e+00,2.497036036064307574e+00,3.097668973810932869e+00,3.854528183262319274e+00,4.362858400522885205e+00,5.012870154848410920e+00,5.192233991175098318e+00,5.425831580940254639e+00,5.664588430752482751e+00,5.933302989016795870e+00,5.527697358169277209e+00,5.739355302422299410e+00,5.502058551786638496e+00,5.174041638511003960e+00,5.192469746485356197e+00,2.800582677555272682e+00,1.637062386893538113e+00,1.153957305473103823e+00,4.988731844917615454e-01
9.004100000000000000e+04,9.731332586375426308e-01,1.933828289334089900e+00,2.876553472786683940e+00,3.502194181815415419e+00,3.309800956000643168e+00,3.938645581344478064e+00,3.459081294956937391e+00,3.182711130029439950e+00,3.229509611516480749e+00,3.274192538853323065e+00,3.365396447028425886e+00,3.133926055455397819e+00,3.322550393022738913e+00,3.476749024589862458e+00,3.658363957870363503e+00,2.667812779963384173e+00,1.842215429650480019e+00,1.443187617681253920e+00,1.355974048309347424e+00,4.934673499133257479e-01
9.004200000000000000e+04,9.422196259422052078e-01,1.673199276334981001e+00,2.223143155622402389e+00,2.728341486441703712e+00,3.327002666858938529e+00,3.336781894084365874e+00,3.717610800341969224e+00,3.263051210356619158e+00,3.121188440031855471e+00,3.328064592618151796e+00,2.889179902840442793e+00,2.615963322357842902e+00,2.539091890896908676e+00,2.653730884178282956e+00,2.694093197257058314e+00,2.257298079710981398e+00,1.971456977776954833e+00,1.713541890051128336e+00,4.314405396619385158e-01,7.687383646780343582e-02
9.004300000000000000e+04,9.853390263906491864e-01,1.812709315753849415e+00,2.314826118614917050e+00,2.838522430835669130e+00,3.334908254836792540e+00,3.588121382861189090e+00,3.828769556320200440e+00,4.042172145332748379e+00,4.447445361857532475e+00,4.694404946649141763e+00,4.781038772929557368e+00,4.384160042338425711e+00,4.434556146341934735e+00,3.940566018750057964e+00,4.165820504685949999e+00,3.048723398615367230e+00,3.165472954581077580e+00,2.495116240996524404e+00,2.006250207106424988e+00,8.318902281422335676e-01
9.004400000000000000e+04,9.628095711922662892e-01,1.783490744567895581e+00,2.485586196553048133e+00,3.210402842304074689e+00,3.968207251401885127e+00,4.725520178411477978e+00,4.449648218491424778e+00,4.496391088031409744e+00,4.551521452545853386e+00,4.703776742315245230e+00,4.882189294614406094e+00,4.865131154563005822e+00,5.171317543758140012e+00,5.436395077650916008e+00,4.963011667960794071e+00,5.119607792647935085e+00,5.006520502558578833e+00,4.518989102107518363e+00,1.834426626123468740e+00,1.124442744273637107e+00
9.004500000000000000e+04,9.652364105254618298e-01,1.815979865635873214e+00,2.386476031343348847e+00,3.160389645024141991e+00,3.686092524005102344e+00,3.844931244783317048e+00,4.306583280036259787e+00,4.907641535574761349e+00,4.583852849321849554e+00,4.976652340694789345e+00,5.390717960027874511e+00,5.063179290815405409e+00,4.745242427278141051e+00,4.442761283898008173e+00,3.826124006073952533e+00,4.010690444909855046e+00,3.408292200816846584e+00,2.064034295903953264e+00,1.929418767795600065e+00,1.406319282342920474e+00
9.004600000000000000e+04,8.873144534809164208e-01,1.678327163054618598e+00,2.464166379103843951e+00,3.142950286395969073e+00,3.909546331094562621e+00,4.608615616181758412e+00,4.688871043607540479e+00,4.639072133744043924e+00,4.332345311713652336e+00,4.229261143587081939e+00,4.500658150331274143e+00,3.990630696007060330e+00,3.184612794982867534e+00,3.410840718579622788e+00,3.095936071278928559e+00,2.768975559123944663e+00,2.716504227362083412e+00,2.628179002414341436e+00,2.742501613862159182e+00,1.045781453958869456e+00
9.004700000000000000e+04,9.861963619040508000e-01,1.704002704168171567e+00,2.538888435835698232e+00,3.326406432637519117e+00,3.512006953929174280e+00,3.906347352796030847e+00,4.464161322050504310e+00,4.405692019379928048e+00,4.347857448524314883e+00,3.685055579387475966e+00,4.038172308152194745e+00,3.781526204822682313e+00,3.829289111556537950e+00,3.907676129758212547e+00,3.707253111865959738e+00,3.130601382769212293e+00,1.919667643671313817e+00,1.607008323374509828e+00,1.684024569881361844e+00,1.577007926869040677e+00
9.004800000000000000e+04,9.377296909332134556e-01,1.860615812781605261e+00,2.703455597140931754e+00,3.564138085657220678e+00,4.262498536351742473e+00,4.030467985249336138e+00,4.473795375697855015e+00,4.890765686879987584e+00,4.694175466176063516e+00,4.559656950837799094e+00,4.304701514306578325e+00,4.459489181092247456e+00,3.129594406435763254e+00,2.356029410353592368e+00,1.927417616433766856e+00,1.327577908985173138e+00,8.010688708513984402e-01,6.975759975114090850e-01,6.770302148529556696e-01,1.783423749409274173e-01
9.004900000000000000e+04,9.869447647632709764e-01,1.923318468627028377e+00,2.516265941812496187e+00,3.203219506002014327e+00,3.859161551103889920e+00,4.145948977386650469e+00,4.757333753884236849e+00,4.883343127705980891e+00,5.333905076163151904e+00,5.914996269020305952e+00,6.095821093858392103e+00,6.426807218961346990e+00,4.050628390711878524e+00,4.274121569564223400e+00,3.215959779688242648e+00,2.937585464436486049e+00,2.793193332114882743e+00,2.487903587760710522e+00,2.429280836391979115e+00,1.056040038386267810e+00
9.005000000000000000e+04,9.786169795415861072e-01,1.770853160055781084e+00,2.614963355424419600e+00,3.440635618557271069e+00,3.785947366616393417e+00,4.455080982781091770e+00,4.944241385751068307e+00,5.633563880274237157e+00,5.984353130830385226e+00,6.306622487879427474e+00,6.251791585054793821e+00,6.286191999229068017e+00,3.535056540409767134e+00,3.442990949436445902e+00,3.166860091635925301e+00,3.291457025872324138e+00,1.992925834213171044e+00,1.076690521920168342e+00,1.019087965763587400e+00,9.037370664456290115e-01
9.005100000000000000e+04,9.947835474086915708e-01,1.939205977193813046e+00,2.815765607338189813e+00,3.425466513365727383e+00,4.169822536792428203e+00,4.410533681004546125e+00,5.134961700014904373e+00,5.686998721871912466e+00,6.246637773500152591e+00,6.687302446281249146e+00,6.628058248936858909e+00,6.492727017833280989e+00,6.296626708392969896e+00,6.569774258052038185e+00,6.761890468154557965e+00,5.008382663122644018e+00,3.719151985715831277e+00,3.879251426683289594e+00,3.824545489985740510e+00,7.407956039080620947e-01
9.005200000000000000e+04,8.861821178086837225e-01,1.762590063466708434e+00,2.642055779823790473e+00,3.429592085319500772e+00,4.114408035256362339e+00,4.634684332754236635e+00,5.019357862108829060e+00,5.687945962954573886e+00,6.263547822460761694e+00,6.025852395485230772e+00,6.331099893294442893e+00,5.076751689402368761e+00,5.190954544665768999e+00,5.201610676672209443e+00,4.570602255708615225e+00,3.360532625748014368e+00,2.313340559717421918e+00,1.419511464610383911e+00,6.556916252901396902e-01,4.077827212826479197e-01
9.005300000000000000e+04,9.214672177851460644e-01,1.797560793583455219e+00,2.249353895387993241e+00,2.957944905687296178e+00,3.685595899968296951e+00,4.419657624128101148e+00,4.623249761113759071e+00,4.907716606662644310e+00,4.875243677149372346e+00,5.269283757628281606e+00,5.296941377369253523e+00,5.375711845017889345e+00,4.950150230672019092e+00,5.011401549668720534e+00,5.329460554417557283e+00,4.022600625541656427e+00,3.998206692490638758e+00,3.608648934691382593e+00,3.310662834032576107e+00,2.754080392735458460e+00
9.005400000000000000e+04,9.660676808760558787e-01,1.911132350996364471e+00,2.641329635605462300e+00,2.725326113593772970e+00,3.293597406253002902e+00,3.710844324278681050e+00,4.270523358904057432e+00,4.495302728934885472e+00,4.450544716969831782e+00,4.733340081852417391e+00,4.713105212813701428e+00,4.062751898540933659e+00,4.037081616998367650e+00,3.932430774160296849e+00,3.581858321915847299e+00,3.117743524858596516e+00,3.167425298721675109e+00,2.120530887803725673e+00,9.906897863014196837e-01,6.591530534792910956e-01
9.005500000000000000e+04,9.942901342550048982e-01,1.908742054345927475e+00,2.859322200042952122e+00,3.806121033293184297e+00,4.752794388340346288e+00,5.539544927778800698e+00,6.091528016353772834e+00,6.935905729665085673e+00,7.204289207245769155e+00,7.695853746814109719e+00,8.336122523055703226e+00,8.758854413289075325e+00,9.038242047409392299e+00,9.472584618713163707e+00,9.806516809896269393e+00,8.367401136384780003e+00,7.230146564673186838e+00,5.117727642689993139e+00,3.881943117662691289e+00,6.439947052369210390e-01
9.005600000000000000e+04,9.116205447782032012e-01,1.820077481282087906e+00,2.671126762558966750e+00,3.419441528433403654e+00,3.552573602806445852e+00,3.967285846214550382e+00,4.308536970927377752e+00,4.798459738153339593e+00,5.359375634924140819e+00,4.996514200542886641e+00,5.088068772020591268e+00,4.809342713162275018e+00,5.133099726827887288e+00,4.843967737333022328e+00,4.694991005906825166e+00,3.117113425028156470e+00,2.220522976600060705e+00,2.270084241697368999e+00,2.259308891752673798e+00,1.295479478126331241e+00
9.005700000000000000e+04,9.283011603011322999e-01,1.603622545577032987e+00,2.390083519218558994e+00,3.172017385951221069e+00,3.652140508869785140e+00,4.376005352819866800e+00,4.510527773538862917e+00,4.958042325945383411e+00,5.547160070821780309e+00,5.837085719158675801e+00,5.687018782593497690e+00,5.422633976783923337e+00,5.741219044130533078e+00,6.131416957797150680e+00,5.246539376585674042e+00,5.458769300716173944e+00,5.202771938631654436e+00,5.160768037623850724e+00,1.578817201049226293e+00,4.993470860498616659e-02
9.005800000000000000e+04,9.916961606961456344e-01,1.954431461667641701e+00,2.794734428921602287e+00,3.534144279556377111e+00,4.383678367112036511e+00,5.023146477835053858e+00,5.744879463452402746e+00,4.470103701976214872e+00,4.642326784695131714e+00,4.819002268361032293e+00,4.887135617436690005e+00,4.891004109148097356e+00,4.957437680010157166e+00,5.310778591354273104e+00,5.204458703795272534e+00,5.506432363029652777e+00,2.943639292126549289e+00,2.649337551136702107e+00,1.441333303535251797e+00,4.609950938550877453e-02
9.005900000000000000e+04,9.599098332753490670e-01,1.819057045181232901e+00,2.582649804597122678e+00,3.322237266940324840e+00,3.661897887332977053e+00,3.936086014384184928e+00,4.287829379875238267e+00,4.749311965797511803e+00,4.837642140900074494e+00,4.736268971136746941e+00,4.868759775006006763e+00,4.318169293475255799e+00,4.521892363021629890e+00,4.680610683380502124e+00,3.421529037088018477e+00,3.614382419424449822e+00,2.474096371972497543e+00,2.288510559274371303e+00,2.231239644140769585e+00,1.857117751850696497e+00
9.006000000000000000e+04,8.705424125333094398e-01,1.662575652754078925e+00,2.493628875412839729e+00,2.885544912725086952e+00,3.550844234235442265e+00,4.166947115073232233e+00,4.364922389206027376e+00,4.620493516686881463e+00,5.018046136556431946e+00,5.436884877020773388e+00,5.960823817786097045e+00,5.659747201726261778e+00,5.626181512249076810e+00,6.037464446756480640e+00,6.413513291474121303e+00,6.423536457543510991e+00,5.827473492563145285e+00,4.762396121843590180e+00,3.543350106025471291e+00,1.872510239066602633e+00
9.006100000000000000e+04,9.820156476848888039e-01,1.849228607996851181e+00,2.572462757117900622e+00,3.213321121081135878e+00,3.929300778480265599e+00,4.266695545232598974e+00,4.802461883797097819e+00,5.396144395988923925e+00,5.826060838513456019e+00,5.835034045604233555e+00,5.872098396104716400e+00,6.220011616772599616e+00,6.126505156294489218e+00,4.871742915715557842e+00,5.090873690551080522e+00,4.663175253060323655e+00,4.410872967035325942e+00,4.576979452588166630e+00,3.385532030606287268e+00,3.071147680672858815e+00
9.006200000000000000e+04,9.577900366955165445e-01,1.909365193964426943e+00,2.687156092821509912e+00,3.412359295421208305e+00,4.054741817421668060e+00,4.664562652872282555e+00,5.128580523923238488e+00,4.243853468989101430e+00,4.705452798335798548e+00,4.758324871960137870e+00,4.998409858371102743e+00,4.072124267209231263e+00,3.798609076361380232e+00,3.780322516957026480e+00,3.870485719652407397e+00,3.496909487781088899e+00,3.421518817630954779e+00,2.225145416994951830e+00,7.878222907740299874e-01,3.339636020121972138e-01
9.006300000000000000e+04,9.615080527479187289e-01,1.913685914357812212e+00,2.847071749658520279e+00,3.351353479190454010e+00,3.600383569472321632e+00,4.137541624366249948e+00,4.748341707890480379e+00,4.756486601356349375e+00,4.371553222250126325e+00,4.789601496114892498e+00,4.343672553044325646e+00,4.624378727356182495e+00,4.747380067218442079e+00,3.867846051716526290e+00,3.838790848538485179e+00,3.560879241773214687e+00,3.287753949988339031e+00,2.598289984268747244e+00,1.865438667674625739e+00,1.680882875269960053e+00
9.006400000000000000e+04,9.846448878226821133e-01,1.910245595314800537e+00,2.851950838021156009e+00,3.655347283251556778e+00,4.441706153571475468e+00,5.257485489143546076e+00,5.457593687249221226e+00,5.913144596490344185e+00,6.111014429805996073e+00,6.165624868793214475e+00,5.874556399276283258e+00,5.580663380999494549e+00,5.032430847482046943e+00,4.212311926610163404e+00,1.783602556199284539e+00,1.805367195552799231e+00,1.625849214810787036e+00,1.594181019099211172e+00,1.438259871513596355e+00,9.336698863287140604e-01
9.006500000000000000e+04,9.391818613942034544e-01,1.635319463973393006e+00,2.418160762802839869e+00,2.921969268924109908e+00,3.557318544908151026e+00,3.653471328432664755e+00,4.246281185560262017e+00,4.784016068290264379e+00,5.340883995707597975e+00,5.829699019740823829e+00,5.426360724576325900e+00,5.869702704213631606e+00,4.862859380033633272e+00,4.926985894928103349e+00,4.106343978561653785e+00,3.606557672313222440e+00,3.092570456803648060e+00,2.259368342225355875e+00,6.706420108318674744e-01,4.158961995096910336e-01
9.006600000000000000e+04,9.259217938535824199e-01,1.784737590009427111e+00,2.550770685340760568e+00,3.390197340777839852e+00,3.750386613765746446e+00,4.340584450509392234e+00,4.988939092893682314e+00,5.667222031569495222e+00,6.131902073697746758e+00,6.552810038255877600e+00,6.889968131639194304e+00,6.264493043835345887e+00,4.257200151917524877e+00,3.208322617938515364e+00,2.833723023126444307e+00,2.319559161265836167e+00,2.330763377149067228e+00,1.948037637618935447e+00,1.797529311876382874e+00,2.138470174398587886e-01
9.006700000000000000e+04,9.888213700430761310e-01,1.977637324240579142e+00,2.940585346723395332e+00,3.856510332462639745e+00,4.795876479221794497e+00,5.317262007267745005e+00,6.098666496782218616e+00,5.998678333360016879e+00,6.727309475302387654e+00,5.946275136161290220e+00,6.373449500101452614e+00,6.000443138932366693e+00,5.726870347266945771e+00,4.939350668847559689e+00,5.089675711423150339e+00,5.090568641660269122e+00,4.146787484621380138e+00,3.807868626776844678e+00,3.237549381916310365e-01,1.803419912197079533e-01
9.006800000000000000e+04,9.939760925776465195e-01,1.954578368567688074e+00,2.622738797403268762e+00,3.477547673285423357e+00,4.186090409398985912e+00,4.866392755601779641e+00,4.533011405465223298e+00,4.627651980806214205e+00,4.919014880819033486e+00,5.380678068222000121e+00,3.752538848023276863e+00,3.369922546604374070e+00,3.556493475669724180e+00,3.068928638149092336e+00,2.436781511930171895e+00,1.207367316759659914e+00,1.001556100567340790e+00,1.045086563070365182e+00,9.729745262009544815e-01,2.370775264909230629e-01
9.006900000000000000e+04,9.399418161966616170e-01,1.854984884063738626e+00,2.731278156082915576e+00,3.564105548827849024e+00,4.229396824554147116e+00,3.735470220414045528e+00,4.182611193235038272e+00,4.554008057574518098e+00,5.046064671525906320e+00,4.810344274034901169e+00,4.216685255841648328e+00,4.348851998809593056e+00,3.468058804305097276e+00,2.917959099632954079e+00,3.096237463239627452e+00,3.252245236601591927e+00,3.120846408570817854e+00,2.884961592872830494e+00,9.824248635149465114e-01,4.324238322245799182e-01
9.007000000000000000e+04,9.862105643951704081e-01,1.956783874986315785e+00,2.930304459767139047e+00,3.752973925228794361e+00,3.667618862231685206e+00,3.092315496939632702e+00,3.087247364843282771e+00,3.501379735060932141e+00,3.733203349449431219e+00,3.597654974420455787e+00,3.104053206410463339e+00,2.934750744405785206e+00,2.618250672257408151e+00,2.662662733238599255e+00,2.477933480777166686e+00,1.929168744928887236e+00,1.639200794674054995e+00,1.177508369022043588e+00,6.494113514361977701e-01,6.569572902141174175e-01
9.007100000000000000e+04,9.682932930391932036e-01,1.873329879365113415e+00,2.731841023090010090e+00,3.440334235711620448e+00,4.098169929614402740e+00,4.009511507356460669e+00,4.668739460437926425e+00,5.133593154179367346e+00,5.707573676847381705e+00,5.823956641352172170e+00,6.130162870494209493e+00,5.372559507720562344e+00,5.101597488104375522e+00,4.153524650920569883e+00,3.044810723747803038e+00,3.074721423458106173e+00,2.588940055258078132e+00,2.595960076584706844e+00,2.490275176357800824e+00,1.887771982513197777e-01
9.007200000000000000e+04,9.692619685122707551e-01,1.915905723863913890e+00,2.872824658482199034e+00,3.455890252549675523e+00,4.139264138434295859e+00,4.577739122676932837e+00,5.130000452676500622e+00,5.484629739542152826e+00,6.144568373093449942e+00,6.499199625023964977e+00,5.279277300490373470e+00,5.168408817848700210e+00,5.510999312889791391e+00,5.523075274891418474e+00,5.075370563668510471e+00,4.190794257251909016e+00,4.022958205070788829e+00,3.632945950094188525e+00,2.827090862069180588e+00,1.053314272122414241e+00
9.007300000000000000e+04,9.994021530865885294e-01,1.948418320439775586e+00,2.771041926672997313e+00,3.599459550741823666e+00,4.221210899017951768e+00,4.692729435408711680e+00,4.952302658268695978e+00,5.219139721392139109e+00,5.355695921780929680e+00,5.085423913579717237e+00,5.472260397340887650e+00,5.390586144487736320e+00,5.344285991991077012e+00,5.483550051408776049e+00,4.994481718664785852e+00,4.266497971055599692e+00,2.492472605094488536e+00,1.658777184469405030e+00,1.125580086552662618e+00,7.198001864917502601e-01
9.007400000000000000e+04,9.522572975371803583e-01,1.760703233003821477e+00,2.583836910566440714e+00,3.283047997212856117e+00,4.094633157527963974e+00,4.785133392779616024e+00,4.693333534518361105e+00,5.227544476215165936e+00,5.084350151820695274e+00,5.617870316493363880e+00,5.761062740109665015e+00,6.160458358188157568e+00,5.750971400029507130e+00,6.063849604767621138e+00,6.262505496576027397e+00,5.612168927556679066e+00,4.218521874554308937e+00,2.106408136616784610e+00,2.137698387830186064e+00,1.126464293395301741e+00
9.007500000000000000e+04,8.955699759869846233e-01,1.758466885409018410e+00,2.288976165141261454e+00,2.866737721449468257e+00,3.581779720506146347e+00,3.564393720788894271e+00,3.712920051595521631e+00,4.201945696728533797e+00,4.194997209164877283e+00,3.565035851156219682e+00,2.536491799781106504e+00,2.250264204008255220e+00,2.430091771048403793e+00,1.812430726745661191e+00,1.197724210411728052e+00,5.981264319259800288e-01,4.543272171018564176e-01,2.630145417063414204e-01,2.331095349560177166e-01,1.955682236757150250e-01
9.007600000000000000e+04,9.696786830520751632e-01,1.843910681340693580e+00,2.722604358856524520e+00,3.288131010064000659e+00,4.014283090110915886e+00,4.812366589081085166e+00,5.134446919080788874e+00,5.799102269088831640e+00,6.435670486338691987e+00,6.439748460217670001e+00,5.506980003576558147e+00,5.370280931449933348e+00,4.974918815311111686e+00,5.166997348186283645e+00,5.319909332979722016e+00,5.050794864781494198e+00,4.889786514389063754e+00,4.278276477645188258e+00,2.217736130976478481e+00,1.937381655780299194e+00
9.007700000000000000e+04,8.540723210432964452e-01,1.646031604111654500e+00,1.891615211848957978e+00,2.292320417988195302e+00,1.876696473728776571e+00,2.140695634248872992e+00,2.424486346090139577e+00,2.663112328352108982e+00,2.926397825357582860e+00,2.991105228956263407e+00,2.134994581510182954e+00,1.923260231820356658e+00,2.052973578587178771e+00,2.203144121335792072e+00,2.222284162692296672e+00,1.891546445381630193e+00,1.303933654963133293e+00,8.301900654339413599e-01,6.743833399136716089e-01,2.358746900798069923e-01
9.007800000000000000e+04,9.583799588245009993e-01,1.858773668149491298e+00,2.572102695840767783e+00,3.186373879151608968e+00,3.824465789000276672e+00,4.256776571595850989e+00,3.291265377113243407e+00,3.468126661683933243e+00,2.052762783555967641e+00,2.092001389290665259e+00,2.265410883439131773e+00,2.058088572848034481e+00,2.033661209000117598e+00,2.158111247603765825e+00,1.986132158879391207e+00,1.348850285530923898e+00,1.041826002788696304e+00,9.744663040867096448e-01,7.665354602188495514e-01,3.853448951092253161e-01
9.007900000000000000e+04,9.728956080381394589e-01,1.924241110055355364e+00,2.642628729523678999e+00,3.080048095293721033e+00,3.706364765833370711e+00,4.444921933625153088e+00,4.583496473933784898e+00,4.860622152975722976e+00,4.845112331384541449e+00,5.376051362937484868e+00,4.784594028626804274e+00,5.084315881610660171e+00,5.496166949326372730e+00,5.525616146029541653e+00,5.530113511767798862e+00,5.776960176939986980e+00,5.980765011791812746e+00,5.169501345638273904e+00,2.733089567904415151e+00,1.596770205373727602e+00
9.008000000000000000e+04,9.913221759322846660e-01,1.973503041267028912e+00,2.873389791831045592e+00,3.828309813828639552e+00,4.524957197446658697e+00,5.186799844869413256e+00,5.742940144341260655e+00,6.402864077111757979e+00,7.155445343815130421e+00,6.583334591003496605e+00,6.489736612083664369e+00,7.056429226726070425e+00,7.010654180655841117e+00,4.802093156545468311e+00,5.102713602519316716e+00,4.790601229321623578e+00,4.704777796908623522e+00,3.367752277039850917e+00,9.302016992730042233e-01,1.891606542969737070e-01
9.008100000000000000e+04,8.258079884306649410e-01,1.574380734200697685e+00,2.321331713385535789e+00,2.922970305248574263e+00,3.441201985710801381e+00,3.961156236756469440e+00,4.520611825794537353e+00,4.470187095018379964e+00,4.940956104789523629e+00,5.210063216781719575e+00,4.667150062699253255e+00,4.410451321965522808e+00,3.056031295301544937e+00,2.982799764453917035e+00,2.706976278100585276e+00,2.380547808855943970e+00,2.286353304623932381e+00,2.144257782242647181e+00,2.255407811965707499e+00,1.494964051785077075e+00
9.008200000000000000e+04,9.779898862728227948e-01,1.875018634707564136e+00,2.761409758503968970e+00,3.605482649071910739e+00,4.418581903313447690e+00,5.259206480133956418e+00,4.768605815082883836e+00,5.278696376139065727e+00,5.776388748866642331e+00,5.938300688009249484e+00,5.940127141747168160e+00,6.439080647236415267e+00,6.789448180074058925e+00,7.055171479838012516e+00,4.482685766338419420e+00,4.415820195705157047e+00,4.462765743290399101e+00,4.351405837700784929e+00,2.719102318019334774e+00,1.469961474583234562e+00
9.008300000000000000e+04,9.825706140214310880e-01,1.959916368751202898e+00,2.931591074405895281e+00,3.894321439281247077e+00,4.452421565422095995e+00,5.219492712919501898e+00,6.049883678860623171e+00,5.184529979044825154e+00,5.141538712733778382e+00,5.697086262533417766e+00,6.103272706711081241e+00,5.984389533309123266e+00,6.169657173684364615e+00,6.067612710096492279e+00,6.484661683368052820e+00,4.010123867709111778e+00,2.420689348018097320e+00,7.340549560293836429e-01,7.314275125065570204e-01,3.690523028573200470e-01
9.008400000000000000e+04,8.821427234350930346e-01,1.654116294000891330e+00,2.414499604707772473e+00,3.093382286583954421e+00,2.966673589118506538e+00,3.423195940086579903e+00,3.794776030980408166e+00,4.027071089760042355e+00,3.881940053572991545e+00,3.273836586576369889e+00,3.001638232481833590e+00,3.216363920587465230e+00,3.271024442247870034e+00,3.497383813026903709e+00,3.601217954463373783e+00,3.151737649652190498e+00,3.150174119123913652e+00,2.701193057924403895e+00,2.388892644096052287e+00,2.360822617069151530e+00
9.008500000000000000e+04,9.345782930588989457e-01,1.850855547782419341e+00,2.766119395099796652e+00,3.541430498449458231e+00,4.250975219263708027e+00,5.050966110237830264e+00,5.757803673885044660e+00,6.428321182710964088e+00,7.056803464129224324e+00,7.610021376932629700e+00,6.715841658218840493e+00,6.657418143215168449e+00,7.020720365390564766e+00,6.959376298066047184e+00,6.313361854423288122e+00,6.715325514313340349e+00,4.479734024035807671e+00,4.091044645849166272e+00,2.301505766062838187e+00,6.114443064662089533e-01
9.008600000000000000e+04,9.036246905329449186e-01,1.522777718954316128e+00,2.075608678910978000e+00,2.371749176148858940e+00,2.743437149880648018e+00,2.926639830831137434e+00,3.386132479143818763e+00,3.717338332944324364e+00,3.697753827159173667e+00,3.192691743604942012e+00,3.102056878359908065e+00,2.841491695660603334e+00,3.046740302782682708e+00,3.025080103373263718e+00,2.356734885579491845e+00,2.296785129852901619e+00,2.204342236514180264e+00,2.020179134220103201e+00,1.102937615427981299e+00,2.675360060371656523e-01
9.008700000000000000e+04,9.831532059085981157e-01,1.774292873021987793e+00,2.588540840211909888e+00,3.326823352786807853e+00,4.064353070254269618e+00,4.424831778012270789e+00,4.686816301673969676e+00,5.316186153204876419e+00,5.270713924857761690e+00,4.994488024190272490e+00,4.815824791937020066e+00,4.903082035105994052e+00,4.806316250472300489e+00,5.116149520892982139e+00,5.037872778704553411e+00,3.307784203812301982e+00,3.412900978377989780e+00,2.159480945349097514e+00,2.256774237579192377e+00,1.336894507071082483e+00
9.008800000000000000e+04,9.425660136695843683e-01,1.792651715041568616e+00,2.568794818385848888e+00,3.157202137779597795e+00,3.515638090261226534e+00,4.100935714206593197e+00,4.705191401204658064e+00,5.335569408255247836e+00,4.372111694624742917e+00,4.709353597898548571e+00,4.647488576383658199e+00,4.375169820070762050e+00,4.721166684871915820e+00,5.068722542035531298e+00,4.723834940292002571e+00,4.710446438017550363e+00,4.856269681424373985e+00,2.985538320996836248e+00,1.678233109306273674e+00,1.659412469347802954e+00
9.008900000000000000e+04,9.680370715238113544e-01,1.810380923643814866e+00,2.676475513295232922e+00,3.369264109719419586e+00,4.075947568219315365e+00,4.798904204853121414e+00,5.559199351464019223e+00,5.821983658829883446e+00,6.458026099607112158e+00,7.023391186888723325e+00,7.180911526847022053e+00,6.765995793616880860e+00,6.403835455215771688e+00,5.841875702188554342e+00,6.058916518632456949e+00,3.432818506551575055e+00,2.123799342754808972e+00,1.480138626215814046e+00,1.283978923450592724e+00,2.647722228582294335e-01
9.009000000000000000e+04,9.086683542028400895e-01,1.751448481561772352e+00,2.599092696860177742e+00,3.361761081253044292e+00,4.010792204623042423e+00,4.532365782265936893e+00,5.244168377479939025e+00,5.706535268647288994e+00,5.105627279284425057e+00,5.639971380924929889e+00,5.341120394689759188e+00,5.729264221791305900e+00,5.711337264688681081e+00,6.053788102961375373e+00,5.713617738584646943e+00,5.003470851378949646e+00,4.619829755140939298e+00,2.759252389774417225e+00,2.559958465940598060e+00,2.165087891091983519e+00
9.009100000000000000e+04,9.997320611554759706e-01,1.810987049455607734e+00,2.702169995335033548e+00,3.172355280415723566e+00,3.847452578317238636e+00,4.382371939116237236e+00,5.032911244269762108e+00,5.602715404629593721e+00,5.988498425023476734e+00,6.584190594050961742e+00,6.696516624195477441e+00,7.219069630048495334e+00,5.009383262952100679e+00,4.974629729107828524e+00,5.008710775275254434e+00,2.880521480152252067e+00,1.958932180560251979e+00,2.073180587929301932e+00,8.223293886530834707e-01,7.760698913996688653e-01
9.009200000000000000e+04,9.499299181806971637e-01,1.847084330076507630e+00,2.600971803740646404e+00,3.350926298715406038e+00,4.046831431389797729e+00,4.459430373030395245e+00,4.542647576958820821e+00,5.158648546078802077e+00,5.368684821981061894e+00,5.672564227229148770e+00,6.167416685336557514e+00,5.583232223533602934e+00,6.013225512867269806e+00,6.394570644884549182e+00,5.772572017367884278e+00,4.802530587961653552e+00,5.017195365232555382e+00,4.113974769853884439e+00,3.428466153551775086e+00,2.593970470480513324e+00
9.009300000000000000e+04,9.435792853739887187e-01,1.811626114843938096e+00,2.553719978594452655e+00,3.124906478770850260e+00,3.783208681707084242e+00,4.254206823498427603e+00,4.426595018426453976e+00,5.007276712871113311e+00,5.430735705234216226e+00,5.964807994111738232e+00,6.474799152897779742e+00,5.660568588821719871e+00,5.885252988537569507e+00,6.165476223551904056e+00,6.465525912178414991e+00,6.315892643018012009e+00,4.820933130158408630e+00,4.457889537327902829e+00,2.220632505463783879e+00,3.798318795488175859e-01
9.009400000000000000e+04,9.383184292756978628e-01,1.731359348671267950e+00,2.474219636483542484e+00,3.287899480630134708e+00,4.068783798563636367e+00,4.764162297141369962e+00,4.548165723328997601e+00,3.474585515921113199e+00,3.266261568293132633e+00,3.580874846470152306e+00,3.823555615703408073e+00,3.889846389622839684e+00,3.825880620273932831e+00,3.674810874157850904e+00,3.134246987169159837e+00,3.261675016571732755e+00,3.447377904074771848e+00,3.392488710263109386e+00,2.342206121094155158e+00,5.315501701591851536e-01
9.009500000000000000e+04,9.932797872859473465e-01,1.814375410269234212e+00,2.474964631376713520e+00,3.250278103119312423e+00,3.857182912803617914e+00,4.606995767054747226e+00,5.217011764609312152e+00,5.867142995613042977e+00,6.211362328416017320e+00,4.986820103228843948e+00,4.122745727846072405e+00,4.279866198839552993e+00,4.594521162129127312e+00,4.267105965784565136e+00,4.247088271584653185e+00,4.160280260117398043e+00,3.166541783836713364e+00,3.274005724973908737e+00,2.947640176088361486e+00,1.041095930365592004e+00
9.009600000000000000e+04,9.467297253586713923e-01,1.775996735452209263e+00,2.649448486800906277e+00,3.411760616705914906e+00,3.436456027668872260e+00,4.040675430842556537e+00,4.546460802244103760e+00,5.017909906620055871e+00,5.259113958148359913e+00,4.829905258370761345e+00,4.238059935166397452e+00,4.460394226845084020e+00,4.111213335142279490e+00,4.426363373300187476e+00,3.357869096491180372e+00,2.749479069388879537e+00,2.811594951093576711e+00,2.440453635433996737e+00,1.652419118474890869e+00,1.695881684754341201e-01
9.009700000000000000e+04,9.918718791089536913e-01,1.896071625239238001e+00,2.793493163812094782e+00,3.640303500380707824e+00,4.046911801808744436e+00,4.722997039775163941e+00,5.188851298530463119e+00,5.646380588343628659e+00,6.289644129079301926e+00,6.160393365813936484e+00,6.745545693006996579e+00,6.186812792217803114e+00,5.849778454604523503e+00,5.471341278582228185e+00,4.482374788818253464e+00,2.969654919518653458e+00,2.398723468047827101e+00,1.985489402107154522e+00,8.006438180261123971e-01,2.028986180961500629e-01
9.009800000000000000e+04,9.761247536223006671e-01,1.922391836461707637e+00,2.810388573153243641e+00,3.563635070268839300e+00,4.121009893576388805e+00,4.254797006139423132e+00,4.594019017546807859e+00,4.797962090778658428e+00,5.309249852212392540e+00,5.398818791179348153e+00,5.580010928686021998e+00,4.715534231692387834e+00,3.693206895186848637e+00,3.676395651677973664e+00,3.926069823001671288e+00,3.183120007283916308e+00,3.227465466112538373e+00,2.728642764004836962e+00,1.968166633471551297e+00,8.898107061068682988e-01
9.009900000000000000e+04,9.882467640549940091e-01,1.945581962206098803e+00,2.600984946221895910e+00,3.413630235683243974e+00,3.042271542267679152e+00,2.633134936638929169e+00,2.998465226916544601e+00,2.865957369377701625e+00,2.999182096566982203e+00,3.124729017702845280e+00,3.403691498712886343e+00,3.434172820068346788e+00,3.647071186762473882e+00,3.410878756212548879e+00,3.235501944698562227e+00,3.094359142274671015e+00,1.542588963587516737e+00,7.973810287262421692e-01,4.114589839621175527e-01,1.485841422378175736e-02
