2.200000000000000000e+05,9.812512279139571358e-01,1.682195466633721548e+00,2.497913666148750877e+00,3.288741937883045363e+00,3.623143924246244651e+00,4.120118702309550685e+00,4.720281572520457658e+00,4.744318042995243623e+00,5.258792009664204237e+00,5.805941061256630675e+00,5.968145854227909552e+00,5.947602179263820510e+00,5.220137519495694711e+00,4.091988012624939941e+00,4.050842023390286428e+00,3.742534848440788764e+00,1.562026006848040494e+00,1.184451126751234096e+00,9.629210477724842177e-01,6.829206831920697773e-01
2.200010000000000000e+05,9.479592535696748090e-01,1.858971397186125030e+00,2.745762323383718950e+00,3.581911869381564806e+00,4.376809425177175861e+00,4.777035693537126093e+00,5.318442987052823590e+00,5.527473240686110678e+00,5.762795722951869593e+00,6.297417164857142424e+00,6.683260709521750442e+00,7.149638570869201182e+00,7.435891347903641702e+00,6.638395993413499951e+00,6.533258116019281303e+00,6.590994132056266608e+00,4.785091510657215608e+00,4.965892834110772647e+00,4.734051136527826387e+00,2.305076811854658292e+00
2.200020000000000000e+05,8.685889773848245454e-01,1.704903110870929828e+00,2.521537979227026938e+00,3.292834747152455499e+00,4.059459762916553416e+00,4.780271227461449612e+00,5.552005715593963053e+00,5.890729003454558743e+00,6.445742352982234635e+00,6.529282188554010879e+00,6.102766062431491889e+00,6.384233949706391797e+00,4.286893716349711170e+00,4.076578548719965944e+00,3.454861905419843282e+00,2.990127276067095607e+00,2.856062368058108536e+00,2.593170610622282712e+00,5.628440894294540753e-01,8.458923122358408264e-02
2.200030000000000000e+05,9.874182716549719796e-01,1.971701709942738745e+00,2.909963950733351012e+00,3.558394623365847664e+00,4.249039360953369204e+00,4.224140375125716496e+00,4.826950386358682898e+00,4.167843191573048500e+00,4.090955846816214603e+00,4.110009639962805217e+00,2.975403011929387720e+00,2.894269319455523348e+00,2.980055508467164493e+00,3.166913462522736644e+00,1.783222368831420379e+00,1.773135418277822950e+00,8.670397445391493374e-01,6.997632298809586260e-01,2.646216853786216294e-01,1.374579475883797031e-01
2.200040000000000000e+05,9.823881245860990319e-01,1.926927184270605942e+00,2.867800717345517114e+00,3.629915414715490840e+00,4.258020546086830116e+00,5.038129771481762553e+00,5.581474806271447875e+00,6.184112677491701682e+00,6.931298515241215874e+00,6.569581772393583208e+00,7.062527066116124352e+00,7.312305257220211629e+00,5.764826499086759704e+00,4.912070832607722259e+00,4.649746020653518386e+00,4.159522923518837345e+00,3.995594258143866817e+00,1.521091272007636164e+00,1.224376229390227611e+00,7.314627382817517898e-02
2.200050000000000000e+05,9.842430747037692607e-01,1.923163675883945878e+00,2.800411021044623361e+00,3.680706848371018580e+00,4.082031706762770717e+00,4.660571560097467980e+00,4.977921078897211693e+00,5.688288338389169141e+00,6.256139142886978810e+00,6.583461145312888618e+00,5.974528546323664813e+00,6.235916191358885641e+00,5.918841352927204369e+00,6.208655840296371409e+00,6.332378457741054234e+00,6.210353186830401384e+00,5.430586394726637955e+00,3.067958099430454944e+00,2.423998643274226428e+00,1.512206511132836440e+00
2.200060000000000000e+05,9.483001191542275166e-01,1.755914166472128946e+00,2.492893502495203251e+00,2.858124153796588462e+00,3.173619500612301358e+00,3.438806205593525789e+00,3.791677057080029112e+00,3.983230841236900410e+00,4.461829401991323607e+00,4.877793656949953593e+00,5.303337850834067169e+00,5.724317322398382757e+00,5.676503851373999154e+00,4.931913846256018807e+00,4.336407248260711000e+00,4.552402466639760448e+00,4.452322180038714272e+00,2.524751690202720944e+00,1.217232659577657472e+00,1.607549079143288928e-01
2.200070000000000000e+05,8.554060191538427338e-01,1.699661603027981416e+00,2.520813399854859416e+00,3.010928213288715849e+00,3.652371663681079461e+00,4.158515736613357383e+00,4.754671788672675703e+00,5.120758988305207815e+00,5.380031380346917302e+00,5.826144737823456765e+00,4.918758513743771488e+00,4.989616272515199569e+00,5.289208014675887526e+00,5.568706417023837396e+00,4.885412714465796391e+00,4.770158676299496747e+00,4.179708359044055577e+00,3.997924115607377260e+00,2.562730268775169851e+00,1.323534807304354022e+00
2.200080000000000000e+05,9.915634714378812609e-01,1.843344624572361701e+00,2.418721625077611126e+00,3.058732822992928924e+00,3.610839342174280819e+00,4.324253565752540496e+00,5.036521192220765997e+00,4.893051369567723796e+00,5.126156927663226170e+00,5.491912878245125640e+00,6.038962696207402558e+00,5.935429288255517299e+00,6.126776686179022491e+00,6.573650587025195335e+00,6.173465793562180615e+00,6.522608559197424327e+00,6.163691816142902624e+00,6.416041539969690177e+00,4.765935710040554163e+00,1.598457669639816725e+00
2.200090000000000000e+05,9.505993527454910108e-01,1.732091129161347665e+00,2.547222235370438348e+00,3.136016936977833236e+00,3.485768722987908852e+00,4.106666493283966268e+00,4.712036671883853778e+00,5.314566726556298804e+00,5.478969513695884253e+00,5.278124711439506456e+00,5.674345565860030582e+00,5.537901096057793460e+00,5.443994620604565959e+00,5.605967046559389821e+00,5.078008465171445884e+00,5.377427906211778463e+00,4.606592674474108584e+00,3.726846425335390567e+00,1.556494654294490187e-01,9.331332116484070127e-02
2.200100000000000000e+05,8.722126665570542059e-01,1.700512794664847283e+00,2.515671092821680777e+00,3.315788791059748775e+00,3.789280658384054590e+00,4.539810027133261094e+00,5.249533854887987516e+00,5.866406757879966349e+00,6.489631801164445157e+00,6.821878387577552161e+00,6.574181424547835384e+00,5.711183695367022750e+00,5.721026623594484661e+00,5.870702536383458181e+00,4.708656464040669398e+00,2.806825257921765626e+00,2.157476588389415362e+00,1.883242209340717732e+00,1.087555159017999928e-01,2.496035698568821459e-02
2.200110000000000000e+05,9.115342606401252157e-01,1.801044726120330397e+00,2.495795563918385529e+00,3.313152082480476324e+00,4.114404289236141210e+00,4.566643004520472893e+00,5.277651997402872830e+00,5.602213457827396326e+00,6.073389032580882585e+00,6.003745063818312744e+00,4.266320687475444906e+00,4.440158911840842215e+00,4.425385927089375393e+00,4.618821468833600008e+00,2.553272239013674394e+00,1.551520912548081554e+00,1.287400404516206409e+00,1.196597607902243565e+00,1.242816958674696215e+00,2.829948924752478945e-01
2.200120000000000000e+05,9.781070293871162447e-01,1.832215423178484626e+00,2.539607337796446984e+00,3.293072599703982473e+00,4.114889539608716618e+00,4.893568686515488153e+00,5.576537560563811446e+00,5.946843545396969688e+00,5.730315109872451629e+00,5.967954839738421668e+00,5.285288602068544783e+00,4.869510654329433308e+00,4.749497044047890526e+00,3.600098037965746567e+00,3.676388491169172212e+00,3.250270867383514783e+00,3.208721312538127091e+00,3.081292634409223297e+00,3.135980494686234632e+00,7.786898293959043649e-01
2.200130000000000000e+05,9.810598886451611378e-01,1.907547342450802930e+00,2.614222504578589401e+00,3.448845059879335651e+00,4.180301119784647135e+00,4.868375540858168371e+00,5.495427008437403948e+00,6.072677072847660007e+00,5.301735902550222868e+00,5.284778306427679873e+00,5.741649994095254783e+00,5.112582102824383412e+00,2.517234424215446964e+00,2.503794109983378480e+00,2.295312913022798273e+00,1.274065483336212168e+00,1.160000513679002809e+00,1.205313417371264517e+00,1.268124448432611295e+00,3.824998083838493379e-01
2.200140000000000000e+05,9.785251823738078114e-01,1.734124390225557200e+00,2.322597595468521181e+00,2.891376839219439887e+00,3.602236391812454031e+00,3.762691281603391946e+00,4.289197368465755389e+00,4.075840193130448874e+00,4.453755530992436817e+00,4.670129499514693805e+00,5.039400588620127408e+00,5.285673171884331722e+00,5.641839310546085784e+00,5.389219301723736422e+00,3.581607714131028075e+00,3.560702487914346293e+00,3.116155275103688727e+00,2.933060564047259344e+00,1.771158945154629905e+00,1.559430507275334499e+00
2.200150000000000000e+05,9.769989355034163214e-01,1.706494599209427365e+00,2.369195208529275121e+00,3.118098294189927344e+00,2.802029375349610163e+00,2.578244646390143835e+00,2.674692954687889923e+00,2.933958767675946433e+00,3.264186626129937263e+00,3.626054056768953870e+00,3.324156254477206751e+00,2.505199852591361243e+00,2.558454124643920746e+00,2.540896888849446977e+00,2.553522490794110755e+00,2.380081604026580422e+00,2.423039529366198597e+00,2.105005731845843275e+00,1.148816899289552218e+00,1.424758026273198475e-01
2.200160000000000000e+05,9.790414200165949987e-01,1.651551154482075789e+00,1.786852361518910470e+00,2.290008404866481051e+00,2.659694698966990067e+00,3.037781837154978959e+00,3.397528912024726733e+00,3.742210542197869749e+00,3.742222698011193227e+00,4.122569345949134600e+00,4.401521764393806713e+00,4.779367868552646392e+00,5.121023959046612006e+00,5.306146993358811237e+00,5.080319676495086867e+00,5.399688449945173829e+00,5.133177599577985362e+00,4.242378996846886352e+00,1.971792009893789333e+00,9.049677875633088675e-01
2.200170000000000000e+05,9.998300832627698975e-01,1.988685418132000837e+00,2.935242582046953430e+00,3.430525995895109315e+00,4.218223667458619985e+00,4.987374754876317873e+00,4.822919020119889488e+00,5.094517212202792855e+00,4.568503326008881871e+00,4.363091168250407215e+00,4.418376451946453898e+00,4.346844860725873616e+00,4.092383234262400471e+00,2.831123087437158681e+00,2.195302928370899131e+00,1.928967880075788344e+00,1.926499227536703662e+00,2.003767968847343539e+00,1.027318006842060649e+00,6.782294428379076479e-02
2.200180000000000000e+05,9.394886029374696079e-01,1.780423576738356717e+00,2.345486169249332509e+00,2.789540051703242263e+00,3.130539928894501944e+00,3.673040054427429979e+00,4.054935353563838163e+00,4.184998853279618736e+00,4.500393498924259994e+00,4.289302868768578136e+00,3.748142745538475484e+00,3.433533585358251372e+00,2.955337087503867366e+00,2.866202490200842057e+00,1.754438624624171661e+00,1.721829667037427569e+00,1.382321827337138265e+00,1.278239113267393368e+00,5.841243909508073706e-01,2.543924298273503304e-01
2.200190000000000000e+05,9.871000704830027450e-01,1.849204714438271502e+00,2.694495103669433789e+00,3.522800315866564169e+00,3.937767815378530489e+00,4.690562304690542916e+00,5.464959679728650599e+00,6.196106352648643956e+00,6.544599611321426202e+00,5.986746270125248515e+00,5.693540176028741406e+00,5.869365111460819406e+00,5.450999969972661674e+00,5.276232814375772406e+00,5.621282744077856108e+00,4.780063413425787999e+00,4.970348131258790048e+00,4.786408540887832963e+00,2.577647371285814781e+00,2.314269438558858027e+00
2.200200000000000000e+05,9.924623043604657857e-01,1.695735018098814884e+00,2.202012053602192321e+00,2.866494332730566974e+00,3.495779986042786280e+00,4.096863158186473619e+00,4.285516882992608245e+00,4.810679737198135797e+00,5.388857631448599861e+00,5.564849195835861906e+00,5.873243063073549486e+00,5.383874041732387816e+00,4.418625567945821508e+00,4.751746931871712931e+00,4.616685071437424348e+00,4.598247846712435916e+00,4.690309658846246066e+00,3.884919401998944366e+00,8.063669199795155951e-01,5.768418538113984084e-01
2.200210000000000000e+05,9.833285204739676821e-01,1.675145551195712734e+00,2.460266834203832076e+00,2.682494665435032122e+00,3.332840140681695651e+00,3.685854832251132862e+00,4.029371336801246706e+00,4.295718249558981405e+00,4.789344275574470622e+00,4.970165818568013094e+00,5.400778306816021335e+00,5.438582482802816642e+00,3.838488553947348336e+00,3.868099554358878756e+00,3.107839448728997755e+00,3.091719049626981075e+00,3.224582661654922688e+00,2.924102895801803825e+00,6.339396332307519755e-01,6.252777690152599988e-01
2.200220000000000000e+05,9.802024688453314649e-01,1.677573158110778229e+00,2.373607075658039633e+00,3.138284575586054448e+00,3.916941710720183600e+00,4.579664251785799500e+00,5.277571331660578124e+00,5.957718590780141987e+00,6.555013978234548233e+00,6.816053332954018273e+00,7.042623007581861216e+00,5.615841851914191274e+00,6.037213937596672686e+00,5.541202713619206577e+00,5.190419297892628236e+00,5.294042181943638070e+00,3.698256191985705765e+00,3.061775104863242447e+00,2.999661850651202055e+00,1.413149363399568426e+00
2.200230000000000000e+05,9.527745174451783816e-01,1.900036722118181531e+00,2.382468641952293353e+00,3.103559604411276318e+00,2.642231226602191896e+00,3.165562127395354697e+00,3.327175507105641472e+00,3.638989843010535630e+00,3.710364223743968459e+00,3.401867350208295449e+00,3.684188900162079339e+00,3.905277234990795154e+00,3.938651920065900036e+00,3.467873685655194826e+00,3.476901166171360469e+00,3.654417025194213409e+00,3.521793860144585508e+00,2.900970270557118980e+00,2.792853341325687300e+00,2.333246662803951654e+00
2.200240000000000000e+05,9.485503968168429445e-01,1.846036401763787804e+00,2.713824698664764057e+00,3.555248723797060695e+00,4.015325849966701277e+00,4.562585977326206077e+00,5.316597276890186130e+00,4.203244432262539299e+00,3.787241538614277925e+00,3.950060671437408466e+00,3.416569427987219409e+00,3.663359012372393586e+00,3.799555260920414845e+00,4.038697878849346168e+00,3.989938745119110841e+00,3.897116219583239172e+00,3.760540148457077070e+00,2.328778298194028373e+00,1.391720821899785410e+00,7.024298476578083594e-01
2.200250000000000000e+05,9.614633981711228072e-01,1.735408664406014712e+00,2.252900958927999131e+00,2.821524966792760658e+00,3.397925742301348695e+00,3.769162603505425757e+00,4.329762861688453590e+00,4.122181274291100372e+00,3.614944670121785553e+00,3.502290748428497302e+00,3.747389936350776551e+00,4.032148019191762245e+00,4.146092682778894201e+00,4.248729500772316037e+00,4.114609831658770922e+00,3.825452948884176863e+00,3.461755397066776929e+00,3.319494907564119135e+00,3.013483955466143893e+00,1.001173262929699881e+00
2.200260000000000000e+05,9.835701595387504881e-01,1.947754989095676903e+00,2.629610739800365860e+00,3.307766100245555396e+00,3.836943366812306966e+00,4.552749601690222470e+00,4.741154292590768371e+00,5.155317239365907689e+00,5.602963383702988409e+00,6.151918772748472541e+00,6.657553059291744901e+00,6.790794797545348871e+00,6.599669208766890449e+00,5.123401466778467750e+00,2.713723806993523890e+00,2.449066481959457420e+00,2.378912578929007537e+00,2.240663443985691394e+00,2.001523949671915048e+00,7.441248420224599869e-01
2.200270000000000000e+05,9.101199371450161557e-01,1.819516809282982983e+00,2.727962645102447237e+00,3.635585406097918693e+00,4.256884841711820577e+00,5.010037329219754199e+00,5.348238855999859709e+00,5.903448487652720900e+00,6.442924587291215310e+00,7.096980949616927603e+00,6.757925971209004068e+00,7.171676401465116868e+00,7.430380412185149552e+00,5.641192407156494504e+00,4.251440595364597286e+00,4.217724851422630650e+00,4.367268678936710558e+00,4.502551431737114029e+00,2.847480492837651589e+00,6.810408613356933039e-01
2.200280000000000000e+05,9.594305602855782711e-01,1.834207612665148757e+00,2.602010933159504713e+00,3.328762917748448569e+00,3.638439049486914989e+00,3.807385940466029517e+00,4.154271367527580416e+00,4.142499318995535695e+00,4.435399917009923421e+00,4.718240717818772190e+00,5.175908081370608649e+00,5.606493520398601937e+00,5.849663537859928653e+00,6.109924463281579676e+00,5.526842472206397794e+00,5.310324164983514450e+00,5.103637676456883376e+00,5.018552176345099980e+00,5.212712801498123660e+00,2.162249332881924779e+00
2.200290000000000000e+05,9.923694403650812346e-01,1.965569896600138922e+00,2.839187864322527677e+00,3.533879534848560766e+00,4.321473537469924686e+00,5.126146798903639556e+00,5.809105309613106449e+00,6.252658762281575910e+00,6.911509494686992383e+00,6.430106732787952417e+00,4.090079516439595331e+00,4.114289824508674975e+00,3.477363158175639679e+00,3.073575558537847918e+00,3.206633966520953116e+00,3.123475688522949767e+00,1.765035086906374673e+00,1.747301071937121142e+00,1.711530451410553377e+00,1.189882797888563992e-01
2.200300000000000000e+05,9.942281641961088212e-01,1.987272592520698655e+00,2.714526275087994822e+00,3.451427343544356319e+00,4.153054606152188022e+00,4.968010551651450335e+00,5.671623052789866115e+00,4.205842651437081692e+00,4.571637151192118331e+00,4.273834942310158702e+00,4.501880207787690935e+00,4.846437662854631512e+00,5.143216246999385177e+00,5.147965179892510790e+00,5.402563274043286512e+00,4.883130492665051392e+00,3.747758840831997951e+00,1.024153624056759471e+00,8.855254475501522782e-01,4.609050876746323411e-01
2.200310000000000000e+05,9.959194369198882679e-01,1.984996818382095851e+00,2.963417620483042914e+00,3.878035084760816265e+00,4.537465069051727085e+00,5.373963622696344977e+00,5.501982516873936468e+00,6.241253552644062452e+00,5.666736768112596856e+00,5.739703029409205293e+00,5.704007309441766260e+00,5.602252280075068924e+00,5.885210419229299106e+00,5.236443979011854211e+00,4.320428782488815678e+00,4.235223748184766990e+00,3.897738480085704893e+00,3.955764797116539722e+00,3.043216937886794149e+00,1.903104677397422506e+00
2.200320000000000000e+05,9.814534297226232828e-01,1.909712669205924307e+00,2.655585283011826725e+00,3.380645395792545305e+00,4.222604244059182221e+00,4.922988458307944626e+00,5.688504267842142248e+00,6.494455122870456343e+00,6.825036496801367036e+00,6.819673014649115572e+00,6.726034376338612120e+00,7.201516112116999935e+00,6.176891677234583433e+00,6.404720366581594604e+00,5.721703794891300099e+00,6.093807973702212166e+00,4.901586743065908358e+00,4.924399968410277495e+00,3.254589295159009410e+00,6.886396104331282686e-02
2.200330000000000000e+05,9.745807530127874596e-01,1.467132274839217265e+00,2.149542381843913663e+00,2.485934980460122290e+00,2.947806458018982667e+00,3.536000936776390269e+00,4.002564499939288645e+00,3.970822702602815113e+00,4.166569754914231538e+00,4.586278804251868735e+00,4.421795081955181672e+00,4.499177507625905292e+00,4.198657092217572995e+00,4.288641445236290650e+00,3.991571042460001273e+00,4.149077402244477852e+00,3.325587260391706490e+00,3.000797223795696134e+00,2.002116194952259232e+00,1.758806776342969336e+00
2.200340000000000000e+05,9.751333045478848272e-01,1.872535848278235715e+00,2.804791760796713440e+00,3.616031433290938679e+00,3.609140589144408828e+00,4.257370398231438813e+00,4.719535572657507672e+00,5.029720828973480273e+00,5.482302163519315208e+00,5.886186096093977582e+00,4.676689455119563910e+00,4.100252758703982536e+00,3.735130239739003599e+00,4.003524729335312671e+00,3.121694912887684303e+00,3.200832326399646988e+00,2.956103676690790660e+00,2.162478636168947865e+00,1.220127809415440634e+00,6.950517703304726069e-01
2.200350000000000000e+05,9.900337599016593160e-01,1.954853881826256856e+00,2.913529843991856882e+00,3.775631610175375741e+00,4.501316200449253735e+00,4.301447452022425288e+00,4.946570887591986931e+00,5.103733773146815977e+00,5.384381978917269329e+00,5.634965712993921017e+00,5.108649702376808932e+00,4.834071609571109818e+00,4.611573547203620116e+00,4.772048691400410547e+00,5.077489018256254205e+00,4.196618595692937603e+00,2.894639216785192204e+00,2.536150558735616123e+00,2.236975434209702129e+00,1.492976499171871918e+00
2.200360000000000000e+05,9.583524926352564588e-01,1.863009500905300042e+00,2.740232148649376587e+00,3.399741744950472100e+00,4.137798697668324976e+00,4.952849967661636654e+00,5.510284837409205494e+00,5.238508958815645045e+00,4.828096101085288971e+00,4.939078502420148453e+00,5.148498437289462437e+00,5.033654618535186032e+00,5.104917860500300719e+00,4.697474035733468334e+00,4.357904282080744096e+00,4.464994389909660910e+00,4.497740143602174001e+00,4.038329959272306091e+00,2.841952263518287225e+00,9.021092381647566327e-01
2.200370000000000000e+05,9.980924440293356126e-01,1.839581091043377414e+00,2.566522466191504037e+00,3.408914785349101528e+00,4.194098381702732858e+00,4.540540814042921092e+00,5.210720545202506493e+00,5.902889239745490180e+00,6.583615644935277622e+00,6.672849861118079318e+00,6.651397725083119994e+00,6.873469597546295162e+00,5.604354558041023893e+00,4.370325598775649745e+00,4.009059237918170204e+00,4.086284797922036915e+00,3.532121435394036890e+00,2.770359035553442872e+00,2.463983293842193945e+00,6.571052755274675583e-01
2.200380000000000000e+05,9.731701931996009636e-01,1.941439053867620945e+00,2.844473052571468763e+00,3.779055934050924659e+00,4.379404088231771297e+00,4.948387909180143041e+00,5.347323371534138836e+00,5.473635946305932087e+00,5.779027609939138443e+00,6.331687876000829718e+00,6.892964931401502682e+00,6.010307203536969567e+00,6.181082265617479976e+00,5.693163629992529451e+00,5.884618728755669714e+00,3.146349487970754311e+00,2.403882980058100305e+00,2.191264299738640009e+00,1.185378519232957117e+00,2.027060213592446480e-01
2.200390000000000000e+05,7.870767098961680697e-01,1.372806544884897839e+00,2.009426333187001479e+00,2.568078605573237194e+00,3.207695851460178993e+00,3.660632808271176764e+00,3.955882750388829194e+00,3.311825977592185666e+00,3.344087740522059704e+00,3.583915257771716156e+00,3.340096245987538293e+00,2.287560481701755410e+00,2.450330730642045651e+00,2.404382904369126273e+00,2.061649812165145867e+00,1.992947219543317772e+00,1.940634187065106264e+00,1.889475415289834759e+00,1.830884860728026364e+00,4.912634659864534292e-01
2.200400000000000000e+05,9.949210134359471880e-01,1.974220504301624990e+00,2.890759464294328396e+00,3.746216147726133094e+00,4.480718589549221420e+00,5.274782494789082676e+00,6.048811949998008863e+00,6.722120500139989296e+00,7.276762644169774141e+00,7.841616810827209960e+00,8.012905705556400804e+00,7.824053246208934276e+00,6.152813514237418069e+00,5.410817177821431123e+00,4.112065364967897096e+00,2.713589020965617493e+00,2.022404664102850802e+00,1.636515216758890556e+00,1.260168738155114099e+00,8.363957559331391955e-01
2.200410000000000000e+05,9.147344237256065380e-01,1.669480396822302204e+00,2.473340709765492917e+00,3.077916782016367758e+00,3.844338915806766899e+00,4.543447983639391730e+00,5.228867458438726246e+00,5.473914566515607483e+00,5.619203709338768782e+00,4.140901675648686719e+00,4.323971478877600916e+00,4.557336726900768298e+00,4.641439479668338919e+00,4.183352603811453463e+00,4.480389758368332309e+00,2.330165550325336454e+00,1.940716408890237776e+00,9.732251403792671063e-01,8.759792256777823027e-01,8.387663502884956657e-01
2.200420000000000000e+05,9.972881094739056707e-01,1.791983037239110788e+00,2.598876761358166032e+00,3.416263093217863034e+00,4.236974077679552586e+00,4.926318139390660988e+00,5.369513663007650095e+00,5.840072909008549473e+00,5.984539891535497702e+00,6.433132887419280799e+00,7.024864194009341922e+00,5.210299061709063650e+00,4.977400580596907709e+00,4.519054816896178828e+00,4.728580015685411198e+00,4.770199289198936654e+00,3.958944942685872714e+00,2.989739876877637759e+00,1.654133710266368906e+00,4.175249709432282685e-01
2.200430000000000000e+05,8.230877825683942106e-01,1.349773093760989529e+00,1.881687585800698503e+00,2.396729654302781398e+00,2.830781173698784681e+00,3.117009302399043058e+00,3.607527295501832931e+00,4.102919984465390968e+00,4.527115990951810609e+00,4.653429373884010900e+00,5.053322513843998109e+00,5.436928822061716460e+00,4.880403483707880241e+00,5.128423479900301452e+00,5.045263989497735579e+00,5.112343405457533407e+00,4.311280765485195232e+00,2.727118922008390456e+00,2.425503965875632773e+00,5.091833659087052766e-02
2.200440000000000000e+05,9.527882745926173902e-01,1.874451568957069769e+00,2.718737016485201163e+00,3.621288380405123242e+00,4.190453069776387096e+00,4.832006576072618742e+00,5.511868599016861658e+00,6.022798038737398940e+00,6.177687622821440350e+00,6.744418563051191917e+00,6.699804859498025955e+00,6.328449961416919400e+00,5.305216681266307077e+00,5.556403198178858638e+00,5.655738626045916817e+00,5.265659562416345807e+00,3.747444752162714110e+00,2.579387510097539415e+00,2.452496687059018132e+00,1.096969290328624336e+00
2.200450000000000000e+05,9.873815633594896779e-01,1.880428762758000305e+00,2.794790767597569836e+00,3.586885303693116089e+00,4.409350654581513318e+00,5.064437510147966393e+00,5.647118603135266923e+00,5.903170658701813345e+00,6.238550873205055858e+00,6.638286631628479206e+00,6.956575722530283556e+00,6.503113958894671143e+00,6.518247954852290249e+00,2.227057044581752354e+00,2.375104941229369437e+00,2.198390438519938428e+00,2.305810894583199655e+00,1.502270567962348702e+00,6.340155431917059436e-01,3.496650639304266228e-01
2.200460000000000000e+05,9.551655453756754399e-01,1.887063168036998251e+00,2.752297244494901207e+00,3.568351624758467899e+00,4.363360030555619495e+00,5.044618138205359870e+00,5.223150072724883408e+00,5.850493714214333174e+00,6.536971732528030543e+00,6.979629653573886650e+00,7.179327973913544270e+00,6.609804118586403376e+00,5.330947202695657694e+00,5.547968638456389101e+00,5.557005511103436213e+00,5.608718245333205843e+00,5.137425784791804340e+00,4.865844238100523356e+00,3.819855178102292470e+00,1.517048504546298915e+00
2.200470000000000000e+05,9.801761490818555744e-01,1.913553022059697684e+00,2.529337870372478037e+00,2.706499127706867291e+00,2.799200203228537021e+00,3.146871045605037498e+00,3.303529764759340015e+00,3.587543114109174702e+00,3.691287031775517313e+00,4.065282333820477767e+00,4.095322252794269424e+00,3.011269930891798730e+00,2.653197445155901502e+00,2.673088022777037942e+00,2.490909344522910018e+00,2.507695783941803924e+00,1.695546476421579740e+00,1.619435328228869819e+00,1.174601991265108669e+00,3.386447030378803014e-01
2.200480000000000000e+05,9.396150336283549676e-01,1.868427421017989865e+00,2.497548735632022510e+00,3.243053144228306817e+00,3.069214808041133669e+00,3.658915376048099688e+00,4.007199614159626222e+00,4.441230818306157069e+00,3.878406773684277109e+00,4.262391724712375485e+00,4.578784933361223608e+00,4.504272964332280971e+00,4.539552548479598215e+00,3.788007279122300730e+00,3.524938534211590646e+00,3.485850443016197175e+00,3.168054186849719844e+00,1.815847278781516971e+00,1.052685273025550705e+00,3.223183394703821314e-01
2.200490000000000000e+05,9.328467160169726657e-01,1.813808024325085588e+00,2.698070968324957519e+00,3.585288504799556630e+00,4.154256320629622579e+00,4.254517983591004082e+00,4.846030643343517852e+00,5.510796175832799015e+00,6.154842520901585345e+00,6.737785221247628797e+00,5.976267414712893355e+00,6.461572320601423058e+00,6.507557825301257814e+00,6.058006773623438868e+00,5.886627865181099040e+00,5.334610720985450527e+00,4.092682285648056251e+00,3.651044827211468391e+00,2.994981222023559653e+00,3.023775621704749561e-01
2.200500000000000000e+05,9.844310149474151395e-01,1.822394471241349123e+00,2.285666084259534436e+00,2.613112330497707081e+00,3.128272776550262257e+00,3.730398967474080507e+00,3.958463758745500272e+00,4.125544744406291819e+00,3.952328013117984540e+00,3.754024162212956650e+00,3.735263552751163729e+00,4.019584114698833588e+00,1.830534960093800123e+00,1.863890300746591233e+00,1.806332025741814729e+00,9.734550200458471636e-01,8.573198531561952995e-01,5.600915542727287200e-01,5.559475889033018703e-01,2.624474770637474919e-01
2.200510000000000000e+05,9.732626692173035332e-01,1.796442519261596260e+00,2.238452809850720815e+00,2.922124266917877300e+00,3.631959122766538428e+00,4.329980166507896300e+00,5.051245267285184859e+00,5.337929528904715504e+00,5.559545679526449291e+00,6.166174086943155608e+00,6.690269041995760446e+00,7.102827473400004088e+00,7.234687811339933106e+00,7.303187357001708513e+00,6.626741101864504380e+00,6.762817107073621159e+00,6.483572107741850665e+00,4.936447038396776676e+00,3.119377391396869648e+00,7.015032048679215038e-01
2.200520000000000000e+05,9.583707732641535415e-01,1.892429271801823187e+00,2.804090022383392888e+00,3.545345617779536607e+00,4.416897605018243134e+00,4.810435011257359506e+00,5.385776018295856282e+00,4.972949904473326299e+00,4.602778139647212718e+00,4.843575374668648514e+00,5.216015557403744118e+00,5.020481226389759577e+00,3.735168443679971251e+00,2.666177078711744919e+00,2.542905844793003745e+00,2.043894378382779209e+00,1.101885599510060931e+00,8.176780166111878856e-01,2.573997990766879740e-01,1.640497457328149444e-01
2.200530000000000000e+05,9.185558498727284249e-01,1.751062108967902597e+00,2.586321468426365122e+00,3.253418059796650663e+00,3.740091929671464754e+00,4.069629526885274018e+00,4.357108147586409075e+00,4.977239695309296330e+00,5.174593696115467267e+00,4.472032653987313644e+00,4.323361498247979995e+00,4.557119186913141107e+00,3.667489208882965368e+00,3.428954332389569259e+00,3.441531707611600321e+00,2.775559083733096344e+00,1.398887562398978934e+00,1.037109163193301820e+00,6.156106101793448193e-01,1.765463788167886960e-02
2.200540000000000000e+05,8.569545556453674884e-01,1.672210317202338814e+00,2.235036966790308277e+00,2.776061658738908200e+00,3.003265164899821649e+00,3.221685417181758382e+00,3.525684432552982805e+00,3.915396835704324729e+00,3.873126676161731119e+00,4.076917244624258529e+00,4.410485091498215660e+00,4.154914305122204610e+00,4.106444655512291320e+00,3.862766964907580203e+00,3.978456159496455591e+00,2.231542492516071619e+00,1.206170138327014030e+00,8.751580301988757249e-01,4.630247011013322034e-01,1.269144702220592613e-01
2.200550000000000000e+05,8.396476342522807279e-01,1.669202002038252752e+00,2.369555340863101378e+00,2.920179844075535769e+00,3.544767942234506197e+00,4.221577900008780304e+00,4.265275971685139389e+00,4.706287320339087366e+00,4.981418574012835165e+00,4.500422833479735374e+00,4.856182533185359418e+00,4.805751897603229850e+00,4.461586410038769657e+00,4.642517345527684469e+00,3.662008346615896581e+00,2.425251302189968428e+00,2.348274472458094841e+00,1.960718543015532278e+00,1.950704780258510240e+00,1.346259772866347237e+00
2.200560000000000000e+05,9.793817123025365667e-01,1.791723509180890739e+00,2.671643884380346723e+00,3.281636744946172524e+00,3.922031410030529130e+00,4.523748921769040976e+00,4.627155016834278101e+00,4.839085714500695801e+00,5.003531326324150541e+00,5.507011593006987837e+00,5.444718179394156365e+00,5.778918436651081514e+00,5.116739805860120782e+00,5.314428214390812144e+00,5.164701834124129753e+00,4.541736047032971513e+00,4.689974210699847212e+00,4.777459037762882943e+00,4.165735139179395752e+00,7.411707741590389809e-01
2.200570000000000000e+05,9.241082698313365373e-01,1.797477333487043971e+00,2.548831517205944142e+00,3.096058414250468349e+00,3.705111243810694344e+00,4.260374585885818632e+00,4.371330113061596023e+00,4.919243168434944025e+00,5.400003782540964359e+00,5.515015901546165722e+00,4.763248085493201778e+00,4.344666576384684120e+00,3.858349598306430206e+00,4.133903147647825627e+00,4.157839358821527220e+00,3.661662513730513879e+00,2.231515974378385891e+00,1.304763632127625250e+00,9.123513083443433036e-01,6.937219178244835582e-01
2.200580000000000000e+05,9.991913562936279858e-01,1.907027615635770834e+00,2.563283670733520925e+00,3.192518701661187119e+00,3.706508163609520512e+00,4.383004840913830691e+00,4.977175726382118803e+00,5.195530412756104610e+00,5.768934913734855563e+00,5.757513761724241341e+00,6.258937237613913851e+00,4.902466736170573824e+00,4.591330037449404600e+00,3.286700365409540137e+00,1.741190095188989595e+00,1.786535264415288538e+00,1.741020919083767549e+00,1.135893756429430912e+00,4.315174064106916951e-01,2.450156687963356283e-01
2.200590000000000000e+05,8.502839195549724005e-01,1.676632870425242228e+00,2.421987791908691179e+00,2.881479754535266835e+00,2.931206345717712658e+00,3.503377885632674271e+00,2.799173632368328946e+00,2.859795111460773143e+00,2.947776575103521424e+00,2.563972461951303572e+00,2.780001870905840722e+00,2.739793997371325229e+00,2.807630595565079545e+00,2.928486207549906517e+00,2.412311023071516569e+00,2.520469517893554112e+00,2.056447365471567146e+00,1.523976148401733566e+00,1.124687651510275499e+00,9.340772711547473683e-01
2.200600000000000000e+05,9.722750255308927336e-01,1.881783605506104351e+00,2.752675250891585268e+00,3.412539428886486981e+00,3.989672017210065036e+00,4.773962388957719405e+00,5.089760076767159802e+00,4.281858658305839782e+00,4.278668136477817185e+00,4.306210212467273202e+00,4.011680723389469350e+00,4.311196984740996996e+00,4.203458415901167200e+00,4.327196019155017837e+00,4.194498469644011962e+00,3.361984159790413429e+00,3.182211007323661356e+00,3.365969747376990284e+00,3.339470737262664635e+00,1.320867701118200177e+00
2.200610000000000000e+05,9.964545676730215407e-01,1.838816972230711277e+00,2.647943300821735235e+00,3.370500700799713645e+00,3.866553075311875975e+00,4.609154444116904337e+00,5.221518062604518562e+00,5.460432518746582531e+00,5.255317703470356427e+00,5.812925274279861831e+00,6.349708087146917812e+00,6.056109713729217248e+00,4.502536106486265233e+00,4.530219918648457522e+00,4.088069712684389678e+00,3.174049696187328351e+00,2.470322605188497445e+00,2.598691855647749627e+00,1.744049751932586823e+00,1.327437302389269380e+00
2.200620000000000000e+05,9.417703637499209579e-01,1.819347169789320651e+00,2.615361868095171349e+00,3.340441472294120917e+00,3.944135790806335251e+00,4.604871982186176105e+00,5.151268140411575658e+00,5.198944860308041704e+00,5.630446321074444427e+00,5.582598797108654587e+00,5.264299565634078526e+00,5.397582216340446770e+00,5.656856605297005736e+00,5.895041139112899842e+00,6.300673334523924751e+00,6.259240459083311947e+00,5.511997691918666398e+00,5.452514997150376352e+00,4.943092210873699877e+00,1.359558886860994242e+00
2.200630000000000000e+05,9.303604394239352038e-01,1.642434486174084718e+00,2.385334364230982551e+00,2.990952557794785971e+00,3.656391748968590427e+00,4.132542505218883555e+00,4.797560244336487756e+00,5.404547211630772452e+00,5.695715760844149322e+00,5.511700416211863462e+00,3.660063293454842714e+00,3.826999839426121319e+00,4.135631483960162669e+00,3.577339059430550083e+00,2.243997867632486987e+00,2.249423223224843227e+00,2.278872375521326266e+00,2.254280106933816086e+00,2.046135376979781206e+00,9.184046290486258535e-01
2.200640000000000000e+05,9.656180462367095485e-01,1.921757880698474308e+00,2.859481219525925599e+00,3.798586879764445090e+00,4.629544335633267060e+00,5.322033376236193547e+00,4.712890588247156565e+00,5.136771553280215841e+00,5.109019496185115194e+00,5.214125039732069311e+00,5.305423622543363749e+00,4.999309832442576429e+00,5.046838174715599479e+00,4.609409399043866706e+00,4.819165500268656643e+00,5.082027007709855937e+00,4.325562919539660101e+00,2.516517449667168727e+00,3.303652959992536831e-01,2.356455052799200089e-01
2.200650000000000000e+05,9.780116275507240164e-01,1.797978863733252552e+00,2.597285585950372955e+00,3.311932353763372916e+00,3.109774809956473263e+00,3.048864763311096571e+00,3.208073120776134601e+00,3.310538861553746770e+00,3.007383373423361483e+00,3.114139590763916665e+00,2.544557109038638743e+00,2.572804509026836328e+00,2.401463626283957264e+00,1.999489524740309276e+00,2.105840680739463622e+00,1.729303841903263361e+00,1.021899666593756528e+00,5.405827599182881915e-01,3.953897592823433227e-01,7.937556781369314862e-02
2.200660000000000000e+05,9.506769718776608702e-01,1.811187503302112978e+00,2.548552608379387685e+00,2.771756838739382722e+00,3.456523020007845837e+00,3.926445923456062026e+00,4.426675526765718516e+00,4.704664676426010494e+00,4.424624720246291609e+00,4.625738047018370658e+00,5.017583232518191494e+00,4.583325531999342672e+00,4.786362146266130324e+00,4.427437848574444779e+00,4.680967747835999226e+00,4.903109869313801994e+00,3.835060471765170398e+00,3.253630047379402868e+00,3.402831068344611243e+00,1.590405338390299406e-01
2.200670000000000000e+05,9.853192800206529434e-01,1.969328443729585265e+00,2.818282273776072877e+00,3.117159308547899688e+00,3.858301440807006433e+00,4.567726153354689345e+00,5.164942634849144731e+00,5.691714195178652069e+00,6.315676961976566695e+00,6.675864467473236807e+00,6.883089659067264776e+00,5.310058448230838835e+00,4.303542026056547343e+00,4.533456991412996295e+00,4.292804338548414478e+00,4.229162628708827754e+00,3.145539911511187725e+00,1.549646372430055763e+00,1.225884197783809526e+00,1.059790051715814307e-01
2.200680000000000000e+05,9.900806705239418859e-01,1.906754299821925125e+00,2.469661246974499846e+00,2.972462260535443157e+00,3.659014487890334344e+00,4.252847853160049318e+00,4.101644928919538913e+00,4.169882021583530829e+00,4.557989473470366093e+00,4.823726843592836211e+00,4.590787954145318039e+00,4.972340812976824509e+00,5.304858485443890714e+00,4.740617958968669221e+00,4.926714285414639960e+00,4.602671579903331534e+00,3.997546729676667798e+00,2.760169455850487452e+00,2.743950726052754252e+00,5.930428911669349823e-01
2.200690000000000000e+05,9.857560505676937757e-01,1.891851063502437258e+00,2.802715947945202402e+00,3.369056672767717142e+00,3.987897310546342666e+00,4.203741025969372380e+00,4.640592258696980110e+00,5.273752478849043968e+00,5.904091054579087228e+00,6.226628578020188876e+00,5.732393999456590450e+00,6.079714155930137309e+00,6.126339968082560539e+00,5.229071033140346714e+00,5.117583566733881817e+00,5.185655943038399940e+00,5.452866777990066360e+00,4.492283011306697382e+00,3.907473990019672438e+00,7.806920109688753051e-01
2.200700000000000000e+05,9.240914042257335481e-01,1.828975576864464658e+00,2.737091356440593870e+00,3.404079350167953599e+00,4.198388617729820638e+00,4.756525276957077608e+00,5.281056239005063269e+00,5.321284107408051689e+00,5.234148371081855267e+00,5.612370184066391765e+00,5.501052981921096041e+00,5.503231982313760540e+00,5.720072609228192384e+00,5.781055650153140490e+00,5.956967927361825232e+00,3.799826121454117356e+00,3.997678335802659078e+00,3.605899904992473815e+00,9.581098649511753385e-01,1.544304023362585987e-01
2.200710000000000000e+05,9.860388220533997661e-01,1.876081325937909661e+00,2.642262988163385451e+00,3.479786546814936266e+00,3.880231497418961339e+00,4.601888067047569031e+00,5.257621164288363680e+00,5.833375499483801185e+00,6.113819262946041277e+00,6.615675371384977410e+00,6.719613390175717349e+00,7.214873215332378464e+00,6.167601408224176573e+00,6.066427279826878127e+00,6.308237668480107807e+00,5.904666551977896916e+00,5.143571418659817596e+00,5.118582055977499934e+00,4.793543118389093749e+00,3.981824316531261676e+00
2.200720000000000000e+05,9.526871193697112883e-01,1.667411931937437641e+00,2.379582779809873649e+00,2.914222725917824608e+00,2.872541526339440932e+00,2.953812644000619159e+00,3.262973314363054822e+00,3.403800913894662550e+00,3.804950390539164840e+00,3.587006736990060674e+00,3.453318266476873788e+00,3.175264832707154206e+00,3.259210376434582557e+00,3.412283319764591205e+00,3.410512223155811817e+00,2.967772047217719589e+00,1.953812711233710919e+00,1.719785254386549500e+00,1.414467579000915798e+00,7.645154672689069564e-01
2.200730000000000000e+05,9.213284652846399636e-01,1.745382666280502981e+00,2.560132890818214157e+00,3.109766741300616033e+00,3.818184032785811421e+00,3.880790074838650128e+00,4.455755498356962718e+00,4.473375226659891624e+00,4.440405599170968998e+00,4.896547229592627559e+00,5.271862950539556003e+00,5.680543830845663500e+00,5.280991150046085991e+00,5.278228779351978872e+00,5.097078585912028004e+00,5.068234686309894599e+00,2.886029928309268744e+00,3.054979872097621119e+00,1.503122596271948996e+00,1.399180442986820427e+00
2.200740000000000000e+05,9.884094496280950715e-01,1.923406291592146378e+00,2.820327891794276898e+00,3.609911695565575673e+00,4.457530862709520925e+00,5.276806433449611866e+00,5.724002377217881410e+00,6.476377506203077061e+00,6.167736287439225862e+00,5.101185618148079470e+00,5.200554676204707683e+00,5.426986398240124743e+00,4.724761126143347312e+00,4.961142598805285964e+00,5.099083786950736830e+00,4.338459507668162018e+00,2.575870699367917460e+00,2.163236470881243712e+00,1.546105105972173765e+00,1.371596248509199256e-01
2.200750000000000000e+05,9.752145387820512212e-01,1.809890981759517903e+00,2.557316071751319253e+00,3.000863555168458152e+00,3.513523464522303019e+00,3.790545592708041145e+00,4.379088628387425075e+00,4.850272774490008487e+00,5.425135010067310581e+00,5.889163405933893536e+00,5.629946883387569656e+00,5.585038587908382368e+00,5.702495986014554319e+00,5.527273277905006665e+00,5.090142834036745612e+00,4.354648378830205502e+00,2.680540743010882743e+00,1.015690234381561474e+00,4.114430991625108724e-01,2.074905812539640237e-01
2.200760000000000000e+05,9.916742551521329219e-01,1.915946523848513383e+00,2.779393540878948521e+00,3.467458358666820839e+00,3.019423708443381926e+00,3.547356156922210957e+00,4.004112398880607770e+00,4.162870815790499002e+00,4.216721567255093284e+00,4.632518519829926795e+00,4.718184745763859489e+00,4.203544154337787830e+00,4.353157154038632015e+00,4.110193666871001739e+00,3.032913200713457158e+00,2.776665927465939987e+00,2.186378226201666664e+00,2.135603674146982378e+00,1.275156690281090910e+00,4.367524230549468811e-01
2.200770000000000000e+05,9.798755687880138510e-01,1.887442772350710563e+00,2.774890771707650750e+00,3.323419886715329952e+00,3.692973105454056437e+00,4.333671369030612119e+00,4.846491980663358845e+00,5.478046130976340855e+00,5.187634654896874586e+00,5.613795507370906712e+00,5.317663160349270335e+00,5.463040139543029028e+00,5.479707958358093656e+00,5.484082859310898783e+00,5.668247197727842135e+00,5.506022922756766746e+00,4.878455064356411519e+00,4.437123227390972424e+00,2.816189331658650374e+00,2.303304635495966313e+00
2.200780000000000000e+05,9.215684316916319396e-01,1.536406780351723400e+00,2.049653461781332453e+00,2.376340917774451000e+00,2.679235554785980078e+00,3.090480255322558101e+00,3.105943946875144412e+00,3.512694326636646380e+00,3.528767073974729218e+00,3.797148220612006853e+00,3.853687145095178845e+00,4.192380606172013913e+00,4.221828458393306782e+00,4.318926501859070122e+00,4.104567811684551870e+00,3.054007310321237512e+00,1.281720551144115650e+00,9.905995532655214042e-01,3.311687585152813806e-01,1.113729604462432299e-01
2.200790000000000000e+05,9.746380485484779088e-01,1.912218255648895360e+00,2.846275636803818010e+00,3.332975124288484192e+00,3.709278115964959710e+00,3.418819728899360477e+00,3.863305269702612232e+00,4.285444972335795910e+00,4.517108932688350897e+00,4.640472935824827339e+00,4.007791110981091087e+00,3.715836188268355045e+00,2.989983671002907073e+00,2.910732079837281994e+00,2.362320199462134340e+00,2.172348427453830055e+00,2.073274110173610296e+00,1.384387983681508505e+00,6.356984475412011948e-01,3.588468803265310036e-01
2.200800000000000000e+05,9.363633198849447004e-01,1.817316514055294263e+00,2.516745453371894037e+00,3.193306068004569287e+00,3.291013255739771992e+00,3.910246708190413756e+00,4.249988362003456643e+00,4.652975882617894854e+00,5.057914118910243673e+00,4.816767333978926757e+00,4.924385714993624319e+00,5.131608239522019943e+00,4.562668191561448872e+00,3.959502821023336505e+00,4.032500685211356739e+00,3.939852395938983065e+00,3.122948249871418280e+00,3.066121568294934541e+00,1.242542805474876610e-01,1.212608510630452940e-01
2.200810000000000000e+05,9.609336620849028288e-01,1.784060335956347609e+00,2.350641576102639352e+00,3.133902734681259794e+00,3.858983243876204394e+00,4.284745106502704459e+00,4.994755680739114467e+00,5.566087285604659485e+00,5.970236429831034641e+00,6.528048366742761566e+00,6.721593289515711334e+00,7.078650944407794299e+00,7.492736108768443870e+00,7.824309468910747967e+00,8.351443667032539153e+00,6.796409995087621780e+00,4.782702632068740023e+00,3.399922551432412732e+00,1.362146017560233791e+00,1.048996315294137283e+00
2.200820000000000000e+05,9.868117774812804610e-01,1.958846895475943706e+00,2.824027754112464983e+00,3.575605235145468797e+00,4.251144564791583313e+00,4.868461785276066323e+00,5.371689000094472810e+00,6.127549503777901307e+00,6.243910052390488019e+00,6.920025880887052949e+00,6.601571279980679385e+00,5.596261809047272884e+00,5.547969513115311280e+00,5.637306904092424631e+00,4.946592910113109198e+00,3.564723915135679988e+00,3.662652112132623650e+00,3.172533717430416011e+00,2.068331611406950543e+00,1.030437539032544869e+00
2.200830000000000000e+05,9.250981360912617912e-01,1.845936648881731035e+00,2.696778217306916581e+00,3.019219736850038860e+00,3.661879846381471015e+00,3.904213807576293327e+00,4.170999147298158682e+00,4.734182398842283312e+00,5.201449493542636304e+00,5.458153019726977639e+00,4.949475149708140620e+00,4.568065104264000809e+00,4.750370131723506084e+00,4.154694829947226609e+00,4.394006387088648324e+00,2.560123574066400565e+00,2.006677480489406751e+00,1.768851660382750657e+00,1.567657428375762496e+00,3.341160880389559829e-01
2.200840000000000000e+05,9.623767416777484485e-01,1.884467999702504892e+00,2.636881939290822707e+00,3.411433301261886264e+00,4.119528762960305457e+00,4.865249366048323587e+00,5.497444982988849205e+00,5.559197195538700953e+00,5.819048067506228605e+00,5.514874990942463029e+00,5.889057311082936508e+00,5.264326795502405787e+00,4.902378182449666610e+00,5.067637842556592886e+00,3.234677340401733936e+00,3.201654668781529267e+00,2.462482677130076070e+00,2.584680663303016601e+00,1.141627811454186681e+00,8.810103028888005561e-01
2.200850000000000000e+05,8.881534698505451075e-01,1.702448489989639491e+00,2.243396637390058679e+00,2.707211937039355032e+00,3.353453876182141524e+00,3.816379113853983984e+00,4.437507153645795732e+00,5.007138458044582130e+00,4.364508141569922728e+00,4.837782511875573732e+00,4.707378732653904052e+00,4.603934254789974645e+00,4.150389669120476910e+00,4.231715578627025742e+00,4.308754051575368393e+00,4.488070633267851051e+00,4.356412870719735153e+00,3.471585005805713386e+00,3.629008960604270140e+00,2.812881036619241382e+00
2.200860000000000000e+05,9.496066292746074833e-01,1.727554223811604173e+00,2.369597630376455655e+00,3.122145506983429630e+00,2.504468361629638373e+00,2.938808007070254913e+00,3.142364430214489524e+00,3.533931190848509374e+00,3.365971629407142895e+00,3.348260280133539268e+00,2.667250453212147043e+00,2.876343342995562935e+00,2.775976917658794285e+00,2.589271933244789103e+00,2.452005245605517914e+00,1.792773788534931967e+00,1.734760581707826432e+00,1.658803298041309882e+00,5.730793177915568526e-01,5.048267438590881007e-01
2.200870000000000000e+05,9.807450767607369668e-01,1.889515394346421129e+00,2.804656364634789512e+00,3.690142812238957681e+00,4.511343107515889628e+00,5.259055784459688354e+00,5.572228084334088116e+00,5.852877643298286969e+00,6.318649436124717411e+00,6.308121915335931362e+00,6.521383183337248646e+00,6.961036654724993333e+00,6.641424712866379032e+00,6.812719410840264445e+00,6.974166343825645598e+00,5.090674945173242705e+00,4.597566464013434384e+00,3.623829348797433347e+00,1.844484345256127700e+00,2.072079579662999826e-01
2.200880000000000000e+05,9.061692096367456317e-01,1.773442263990992362e+00,2.629806043119352843e+00,3.474611046607076759e+00,3.504189316920352404e+00,3.852406237836650593e+00,4.250067320613476696e+00,4.338371428108011685e+00,4.823766622243332414e+00,5.123472046674799607e+00,5.400458144791586257e+00,5.764076565127371765e+00,4.281352921342190143e+00,3.108973344493223934e+00,2.934874250393117556e+00,2.801223938579351369e+00,2.167427911177173705e+00,2.169116606377408552e+00,1.989472048253097203e+00,2.664334636630183439e-01
2.200890000000000000e+05,9.944544408990536599e-01,1.937148632995560948e+00,2.898889512689568626e+00,3.564058177009132855e+00,4.089372713097826129e+00,4.892049601291017069e+00,3.981887087072004228e+00,4.489270364298906912e+00,4.721429382864473112e+00,4.739941694435426456e+00,4.706211795650848906e+00,4.121042306263291266e+00,2.973257331517222823e+00,2.646370986156825644e+00,2.678573646158444621e+00,1.813265295123867915e+00,8.439074801297771211e-01,6.234310189944762826e-01,6.422061142458637129e-01,5.239279292033538482e-01
2.200900000000000000e+05,9.841806864211971595e-01,1.714998477323556703e+00,2.547477438148433304e+00,3.358779508497789390e+00,4.020401520535424211e+00,4.330212097282235995e+00,4.876856766192457115e+00,4.847973812511002123e+00,5.372663238051447188e+00,5.791819190443644239e+00,5.439694815045275966e+00,5.877220199736440165e+00,4.591478595560285925e+00,4.780697728719622397e+00,4.349099211659363640e+00,4.198156160461380182e+00,4.343108275912115346e+00,2.845845625987172944e+00,2.678889650358025065e+00,2.475490320895679108e+00
2.200910000000000000e+05,9.131793893056200373e-01,1.640579910564172739e+00,2.390362715898232793e+00,2.933786843473159767e+00,3.633310708636208641e+00,3.866731888656869565e+00,4.393690128845570086e+00,4.987217961240649089e+00,5.466336990776214932e+00,4.346053324898154102e+00,4.406790468641329284e+00,4.615906925448878262e+00,4.925226816793458973e+00,4.225996937332814340e+00,4.191468324838271364e+00,4.301429227296086566e+00,2.017890003943518362e+00,1.885687306479970404e+00,1.719523885023968912e+00,3.693374525310932910e-03
2.200920000000000000e+05,9.868893760687783567e-01,1.816914889008336198e+00,2.685758730960353446e+00,3.319089791839959336e+00,3.860853645941512813e+00,4.516492604450917270e+00,4.998815077071816049e+00,5.103154428613392746e+00,4.996660372658016769e+00,4.882616555613460640e+00,5.325502037856661985e+00,4.922691384199261222e+00,4.521823903106706233e+00,4.398604371291950699e+00,2.821862680813963742e+00,2.648208861624004484e+00,1.706549669266256286e+00,1.534272607774939345e+00,1.169184434484591195e+00,1.045777511233558776e+00
2.200930000000000000e+05,9.960583209758631096e-01,1.783740616931617895e+00,2.481642281071688050e+00,3.273908937082226522e+00,4.036555236825302373e+00,4.468438585605714941e+00,4.965404584693659196e+00,5.233883705636863226e+00,5.839109572906446388e+00,6.454488743563850939e+00,6.950294668058219827e+00,6.017292038565156709e+00,5.716664291017119481e+00,5.865518355071601242e+00,5.402240088067929769e+00,5.534672037051619142e+00,5.874700029300544912e+00,3.669838727220575247e+00,3.288249036719318674e+00,2.128567299628136844e-01
2.200940000000000000e+05,8.585888344544346795e-01,1.636533081540610945e+00,2.174883356856836425e+00,2.766891903585118495e+00,3.427697047445729339e+00,3.980192707069094116e+00,4.145587190823462720e+00,4.242524109908140773e+00,4.065137498140527050e+00,3.745993653969101889e+00,3.757740823082586168e+00,2.982275310340524399e+00,2.869950168647675603e+00,2.919373143996620623e+00,2.737240872749611142e+00,1.822889781047045688e+00,1.198281149648531496e+00,1.188556251161990707e+00,1.188636244360903982e+00,2.825304116857085823e-01
2.200950000000000000e+05,9.952987983653249771e-01,1.900139716314279692e+00,2.820992682367081006e+00,3.735104702428126089e+00,4.098950393440198070e+00,4.083496070548997103e+00,4.755192159094886684e+00,4.582487825252629321e+00,4.793683783132093978e+00,5.044709114599179145e+00,5.435690604969266815e+00,5.666770107972034509e+00,5.660430407930443053e+00,5.474481242567808437e+00,4.805606110724515823e+00,4.757471459457951468e+00,1.989684221016454035e+00,9.764878617611962852e-01,9.615547748825695740e-01,8.666749654268612879e-01
2.200960000000000000e+05,9.748151187111725458e-01,1.905802145788243696e+00,2.567688714959185159e+00,3.406822342252318059e+00,3.721806900491324566e+00,4.406497148501903993e+00,4.090774865318692832e+00,4.634224515808981870e+00,4.977623903977766773e+00,5.521137158756918240e+00,5.788095193118866888e+00,5.934946923549078157e+00,6.327831734919525886e+00,6.492835178651040096e+00,6.644528757444789768e+00,5.683482022323639526e+00,5.928649936504275075e+00,6.225585045105710869e+00,3.651067276763822811e+00,2.831519092388772307e+00
2.200970000000000000e+05,9.942543801826706495e-01,1.505534846684236872e+00,2.226392326625929563e+00,2.743442316301361039e+00,3.212544336604696404e+00,3.845978403763179898e+00,4.422506071411850925e+00,4.606215080841932874e+00,4.860492779795264617e+00,5.087966462156777503e+00,5.438858305570085427e+00,5.780207114418555392e+00,6.180959675255840224e+00,6.429165173241379705e+00,5.443384512048997870e+00,4.149804041628783580e+00,3.897078569622946631e+00,3.940129338140637927e+00,3.376976362086957728e+00,9.198632744242618564e-01
2.200980000000000000e+05,7.740774672722806615e-01,1.402861892878886740e+00,1.918668316520527384e+00,2.407026773709697753e+00,2.999671181941370612e+00,3.338375864426287087e+00,3.804825427024425277e+00,3.562309194649366795e+00,3.641480228449697432e+00,4.032991460210823220e+00,4.104195842641793490e+00,3.065429557509123715e+00,3.100227089097725486e+00,3.105172546025665614e+00,3.158936928636516761e+00,2.319493352805151787e+00,2.337125727028373401e+00,1.665028113520797826e+00,1.537760225572403661e+00,9.520669625128519442e-01
2.200990000000000000e+05,9.557640484398698399e-01,1.910746807311790141e+00,2.749609301231316305e+00,3.426305845153411855e+00,4.165219623758938283e+00,4.851489605253595627e+00,5.105261520300173217e+00,4.883408716328395904e+00,4.721282739735454648e+00,4.905242790481279869e+00,4.900450240098871646e+00,2.980942979512523738e+00,2.849656169490200064e+00,2.987814698516696676e+00,2.382135041659045882e+00,1.733191715099410501e+00,1.587511798265760277e+00,1.252853900332583148e+00,1.102096573185258332e+00,3.349656799671363316e-02
