7.900000000000000000e+05,7.732870025505711453e-03,1.487586761733761254e-02,1.185515610001821596e-01,1.271024308920850610e-01,2.682343244974849661e-01,4.061409834840240540e-01,4.590993304136267161e-01,4.613779469288155077e-01,5.045536235525036606e-01,5.064049054800479066e-01,5.474656695284735308e-01,5.848767409466915090e-01,6.916031655683890778e-01,6.918113772330549693e-01,7.185656904719732729e-01,7.583958402465762472e-01,7.808493403163029312e-01,8.821895719731327468e-01,9.282638649926427954e-01,9.626346485369711159e-01
7.900010000000000000e+05,2.973937399954840188e-02,3.424267807693048837e-02,4.158924773158723109e-02,4.403482005411907263e-02,2.010626849359793411e-01,2.601003562157240268e-01,3.084795255152791293e-01,3.113465731191176200e-01,3.401672368441885919e-01,3.528997255819814605e-01,3.857045352101931002e-01,4.141955677047691742e-01,4.892971056313678568e-01,5.107746499485503744e-01,5.944465105686693729e-01,7.585942015432863839e-01,7.897947539461370736e-01,9.348828160789595110e-01,9.671136325714019266e-01,9.834421377292541511e-01
7.900020000000000000e+05,2.113953774378851680e-02,3.156085361777571929e-02,7.108651523633569003e-02,7.312456317499993474e-02,1.450801878965236602e-01,2.091472481836313957e-01,2.193586988297810958e-01,3.848734641800951595e-01,4.494996360995373585e-01,5.854892254798376161e-01,6.126746785125716244e-01,6.300317954375601603e-01,6.659349941535647188e-01,6.996801657315095957e-01,7.196407249945717677e-01,7.389639950818261971e-01,7.897988221020142419e-01,8.077495794821732966e-01,8.160734203848500901e-01,8.759236872470970159e-01
7.900030000000000000e+05,9.072247263209654022e-03,9.427981159477627493e-02,2.054027535745551747e-01,2.246120259407952124e-01,2.480324515030231103e-01,3.340994827153744851e-01,4.916634793384266899e-01,5.140183927202613967e-01,5.475867673313559170e-01,6.663180809769536639e-01,6.769414582043863371e-01,6.775835717849159057e-01,6.986967690672669651e-01,8.297585501757960280e-01,8.675129938595487200e-01,9.099720173785805777e-01,9.411180265866373462e-01,9.712125791305815659e-01,9.846042947139570511e-01,9.864795827896265523e-01
7.900040000000000000e+05,1.739898753981727886e-03,2.374269139698137465e-02,1.315091822187776094e-01,1.673498992702449062e-01,1.796154725831080601e-01,1.959898994029792840e-01,3.504300782664866443e-01,3.900402631999956293e-01,4.323851457971163992e-01,4.368565356126578036e-01,4.861132489056188000e-01,4.965941286992053838e-01,5.134584773787818079e-01,7.228060770278513791e-01,7.375825103309560093e-01,7.544925017649601884e-01,8.037900332363994149e-01,8.572046450106044491e-01,8.731828965687612465e-01,8.812932649294502596e-01
7.900050000000000000e+05,1.399669041568972760e-01,1.735619273471364910e-01,2.259506802016915117e-01,2.865179288254809942e-01,2.935877446311181416e-01,3.006257759708949040e-01,3.272787762946716139e-01,4.674073175362689625e-01,5.001557460903173213e-01,5.649125435898587622e-01,5.852919802874687605e-01,6.148364390318268313e-01,6.707744648230784534e-01,7.247123834685991195e-01,8.331462986652576896e-01,8.375352549902773669e-01,8.425412795245621478e-01,9.454667608376818855e-01,9.734383870459057952e-01,9.874749358753739381e-01
7.900060000000000000e+05,3.537347526343270765e-03,3.192462198332457479e-02,4.307434150355449187e-02,1.960319039794508056e-01,2.352974795014568521e-01,2.613021481492534548e-01,3.240758828401921754e-01,3.337164355345607625e-01,3.364909076198495663e-01,3.509259926081496062e-01,3.869556883776714695e-01,4.059823489717246936e-01,4.875350252405309393e-01,7.556112415488973610e-01,7.737684520662543308e-01,8.820615917532478312e-01,8.865153920800226128e-01,9.380938310285283910e-01,9.408436557250814403e-01,9.934180966515590017e-01
7.900070000000000000e+05,3.942262332291213145e-02,1.076427716924347466e-01,2.581102314271683795e-01,3.051436174312601723e-01,3.190640669405681029e-01,3.230430257843954767e-01,3.483418993163378552e-01,3.602863707955286099e-01,3.674722154006321295e-01,3.682491832226054695e-01,4.786496032550309199e-01,5.031183238511834910e-01,5.654950619829907099e-01,6.323135857547778071e-01,6.548440156120900468e-01,6.614031810352286600e-01,7.891114253245788968e-01,9.491031813764676528e-01,9.584830808866260377e-01,9.698025213067871242e-01
7.900080000000000000e+05,1.012301068678882476e-01,1.020318111988972598e-01,1.095322580110904553e-01,1.823013591156894542e-01,1.986824513251888025e-01,3.063851546036164830e-01,3.194883163227132394e-01,3.497578350526805435e-01,3.590804808764519462e-01,3.762105429277287083e-01,5.169069130859185179e-01,5.314233048319335628e-01,5.352569448925493800e-01,5.534036947362156456e-01,5.981262299383198755e-01,7.138909282747595286e-01,7.621520480756944771e-01,8.500466695269696116e-01,8.514007326609022153e-01,8.566187228666612974e-01
7.900090000000000000e+05,2.064579102834109836e-01,2.092125649658672648e-01,2.093229304361555743e-01,3.404551413513329239e-01,3.406251347626015891e-01,4.827674320370247685e-01,5.206717865194003814e-01,5.279641423145562396e-01,6.467811422444555980e-01,6.533434738420917931e-01,6.613458072470100868e-01,6.615472703122442510e-01,7.724082343087453895e-01,7.797365517323960882e-01,7.879857327195457506e-01,7.979903233400841289e-01,8.361546109732738152e-01,9.274038692762158753e-01,9.658710152788522185e-01,9.871504613231304459e-01
7.900100000000000000e+05,5.409548119261975430e-02,5.479191741530498039e-02,1.180062032652787751e-01,1.590131470040588857e-01,1.772317980595440323e-01,2.382364031605013199e-01,2.415055717571862326e-01,2.625363208869354592e-01,2.758998840649904416e-01,3.373179822963638941e-01,3.476576360278234024e-01,4.185513732311310076e-01,4.809174771109990809e-01,4.836816887288386546e-01,5.809733095917486434e-01,5.988392507779983776e-01,6.508156608853168379e-01,7.434304487375738013e-01,8.684336530051708358e-01,9.108872192834789328e-01
7.900110000000000000e+05,8.763761678481918338e-04,5.147747935078272885e-02,1.934512052407896254e-01,2.070030235716999734e-01,2.082122601601275047e-01,2.331071504855887211e-01,3.460141716913217591e-01,3.838659603005221133e-01,4.466842449143997307e-01,5.111000426757200676e-01,5.209626450618743965e-01,5.515753747848002320e-01,5.956168692599377312e-01,6.342961478266435638e-01,6.925605068822386912e-01,7.048403462810931552e-01,7.265170694449211153e-01,7.575625533122097854e-01,8.097226390727308987e-01,8.676610952011672984e-01
7.900120000000000000e+05,6.441574757892831737e-02,8.663522564393799641e-02,9.503318840418240043e-02,1.433684631593101777e-01,2.664665701723905045e-01,2.716118205683909492e-01,2.846064667035828055e-01,3.176374330954204739e-01,3.587700102326700780e-01,3.987226620470343263e-01,5.432756033674004392e-01,7.065606994518294215e-01,7.590189989317217556e-01,7.592256839949367286e-01,7.872701418159153697e-01,8.410564784949072781e-01,8.813344336531068191e-01,9.407382052052848387e-01,9.647076948216400938e-01,9.949906550787614989e-01
7.900130000000000000e+05,7.790840255225017774e-02,1.509263373647495854e-01,2.163266445529671289e-01,2.619586877133359692e-01,2.989378453278429548e-01,3.381755197638067756e-01,4.499086640772679280e-01,5.028131899075128919e-01,5.042888805650806994e-01,5.463701450683494665e-01,6.543556526581898458e-01,6.942627938850320923e-01,8.138457403336205598e-01,8.231662364614825700e-01,8.308711517243985156e-01,8.425505827035106865e-01,9.096776700890020217e-01,9.122072200857741509e-01,9.329708454945656593e-01,9.643554986229302406e-01
7.900140000000000000e+05,3.551444944362713851e-02,4.208019110929162032e-02,5.987535019212431031e-02,8.360535538331148597e-02,1.559015390500612108e-01,2.037011151228399486e-01,2.181257775098407459e-01,3.602352801533138527e-01,4.263905937260278334e-01,4.408155664653431449e-01,5.239796232943521037e-01,5.292514904685453603e-01,5.427035152200437862e-01,6.166397959678292517e-01,6.766588477972504956e-01,7.239600960236283189e-01,7.354102879689951022e-01,7.607037409020663832e-01,8.665378361376788741e-01,8.844815144058810752e-01
7.900150000000000000e+05,2.256701095432145365e-02,2.893915331662211265e-02,1.054502222929880606e-01,1.587897425765225634e-01,2.035775310539101879e-01,2.922364811412783148e-01,2.976853265615726496e-01,3.486563216537319487e-01,4.070051597745120153e-01,4.475695197732221242e-01,5.081665428180408561e-01,5.375681431757695083e-01,5.796668618074264367e-01,6.211464707136500341e-01,6.400282738548459527e-01,8.143569181711937111e-01,8.464555530452461118e-01,8.572516235109762794e-01,8.853535169133059934e-01,9.101717335879458970e-01
7.900160000000000000e+05,1.518001603527985299e-02,2.234717432485411326e-02,1.411801189896396691e-01,1.649006474857154236e-01,2.528945809122196131e-01,2.837269420883313797e-01,2.887977153694729626e-01,2.977933980045586182e-01,3.176729205070210060e-01,4.158290179913003426e-01,6.458080037675967278e-01,7.008782791723838779e-01,7.067116752242228461e-01,7.145741556984830378e-01,7.738818132973477315e-01,8.096384083319853042e-01,8.992472929905647172e-01,9.021999231189565815e-01,9.506089625397533549e-01,9.707288387966819254e-01
7.900170000000000000e+05,3.359239862485063899e-02,7.855681901487221452e-02,1.107266135419767705e-01,1.885306903562045111e-01,2.518675243572178202e-01,3.376978008317778057e-01,3.791493613508459815e-01,3.978320083451077904e-01,4.192369540344921264e-01,4.456951206423283018e-01,4.545707414555689718e-01,5.039038820322444545e-01,5.647678847705389638e-01,5.959125609928151990e-01,6.452380443890625150e-01,6.820526318085274875e-01,7.333220963927105096e-01,7.668601865617715729e-01,8.429174282941497287e-01,9.609812143797877848e-01
7.900180000000000000e+05,9.034509739310514487e-02,1.393843992754556504e-01,1.568299079723918243e-01,1.877057741015890624e-01,2.524000683941128864e-01,2.697284817314686833e-01,2.766991278108246188e-01,3.313171019910655657e-01,3.772716059502838615e-01,4.663138353502745970e-01,5.438916586542212883e-01,5.659300212680742348e-01,5.723463334077628639e-01,6.804494737877158084e-01,7.130557028840693867e-01,7.883408462473365796e-01,8.383650915706573059e-01,8.484378356483734951e-01,9.612750359541899492e-01,9.624929848975130042e-01
7.900190000000000000e+05,6.739045703143453636e-02,8.302101163100938930e-02,8.900175924404130079e-02,1.577804205407357108e-01,2.173814749766188603e-01,2.866561556543846256e-01,4.217431866020007192e-01,4.360140104996017563e-01,4.614942248702317285e-01,4.793839420346209801e-01,5.375309275664770237e-01,5.631665114248933790e-01,6.018664995751470403e-01,6.184986453197791612e-01,6.602612074306170031e-01,6.870546828093153646e-01,7.741709129416275426e-01,7.801661975249843950e-01,8.714862017565893071e-01,9.220877176501578454e-01
7.900200000000000000e+05,2.801332757229280102e-02,8.713695397913501228e-02,2.165033143879114830e-01,2.629304653797829294e-01,2.634853901603357862e-01,3.056802291982404496e-01,4.303510076966560183e-01,4.671791523431103599e-01,5.095581344766768606e-01,5.330327764782047950e-01,5.647652446190699616e-01,5.825266219097152698e-01,5.987961747688277381e-01,7.025766181508600328e-01,7.252699382335301426e-01,7.468165514723986709e-01,7.697601870937221813e-01,9.289040556526192427e-01,9.582227980016373436e-01,9.968848366359772672e-01
7.900210000000000000e+05,1.701524971834589284e-02,1.758987487873775457e-02,8.226143016673403974e-02,1.701926527975471393e-01,1.732012800883462322e-01,2.051469164286671143e-01,2.812094505698343738e-01,3.455779244966934449e-01,5.283775102801839818e-01,5.442280115290190068e-01,5.501178783664579797e-01,5.824899065658107888e-01,6.647136119875737270e-01,7.482107925148575589e-01,7.637358744073495798e-01,8.509578432269472303e-01,8.654572940493707733e-01,8.942270148446964662e-01,9.295426460981169869e-01,9.504129658188666951e-01
7.900220000000000000e+05,1.472954032936679702e-03,1.217755360202810166e-02,2.568842060264753258e-02,2.122901284656808496e-01,3.287667480158015243e-01,3.400504690745577152e-01,4.211216488739645269e-01,4.355271838884623437e-01,4.644100782217489565e-01,4.714418641847170077e-01,5.397795296545208066e-01,5.943436873111878072e-01,6.307348460195905115e-01,7.008367134423003630e-01,7.092315614743035512e-01,7.617183386366486175e-01,8.523008014384655384e-01,8.681328939436864234e-01,8.767394554954140995e-01,9.540463776609023894e-01
7.900230000000000000e+05,1.707755586701920070e-02,3.402035909677503245e-02,7.102652930060260328e-02,1.951344864686741509e-01,2.015294514547502081e-01,3.069585778265089271e-01,3.685874782492316593e-01,3.866144068193785310e-01,3.973031780763729426e-01,5.090688584721465570e-01,5.648775405009824890e-01,5.750419987366173213e-01,5.791755736232392371e-01,6.506483176970560001e-01,7.009557960085922579e-01,7.056020948835655116e-01,8.388890663561380245e-01,9.114883473106804024e-01,9.550036503313069636e-01,9.771073035523155648e-01
7.900240000000000000e+05,1.254779049457968032e-01,1.675539022026546476e-01,2.031664507020417565e-01,2.983721833143522240e-01,3.076879738513953466e-01,5.171466686622409048e-01,5.179774603950588752e-01,5.188785114491556438e-01,5.727906707888603677e-01,6.898206584856042545e-01,6.998816528495404032e-01,7.779119163353227506e-01,8.530996003386082105e-01,8.578923376069480522e-01,8.817288379182257607e-01,9.045142471548778262e-01,9.232709396147208425e-01,9.356882873044554128e-01,9.485543525128060649e-01,9.978268995090782134e-01
7.900250000000000000e+05,1.790856295481624283e-01,2.898697049806037151e-01,3.248853851270231408e-01,3.483844240282819582e-01,3.990175905048002347e-01,5.218452815563356939e-01,5.468530618153915057e-01,5.785578974495660942e-01,7.089721122693151134e-01,7.153800521889142061e-01,7.972768865667675398e-01,8.446970120146424232e-01,8.501858466019202032e-01,8.679321054223728682e-01,8.685142636001913496e-01,8.782173690943425592e-01,9.462288640973898213e-01,9.580159327226093202e-01,9.787896160603585249e-01,9.863118046264464089e-01
7.900260000000000000e+05,1.838344291512006290e-02,1.992279870913571393e-02,7.120282092506402538e-02,1.204784463035971642e-01,1.703467640245566184e-01,2.026394706057239592e-01,2.268816354369742605e-01,3.190423116727164610e-01,3.557853807954658443e-01,3.600660274801359417e-01,4.330683747160360975e-01,4.452502876285393540e-01,5.732950124731639452e-01,5.822011058032240394e-01,7.253942586731809694e-01,7.724205015985455836e-01,8.768829278748119238e-01,8.904822670095361437e-01,8.946231857401247822e-01,9.112263599667658198e-01
7.900270000000000000e+05,1.339821460257439867e-02,5.361887953371080595e-02,1.389742431469767059e-01,1.684441296301782964e-01,3.234203557740185087e-01,3.927650567348379695e-01,4.097086112123962121e-01,4.246062670730290645e-01,5.061919286380970329e-01,5.640127825533165495e-01,6.073979550203336686e-01,6.265322730921064620e-01,6.345982946892843035e-01,6.402694158858328599e-01,8.525540936880489085e-01,8.620809391570126712e-01,8.967118417208834735e-01,9.176599805613702143e-01,9.272748947313701473e-01,9.407125335193774474e-01
7.900280000000000000e+05,6.710586681595176461e-02,1.638201027845958002e-01,1.862469688439355453e-01,3.145449421636757892e-01,4.354817059423855552e-01,4.890423656695346288e-01,5.060982310665930184e-01,5.366537461255365127e-01,5.499081987540732630e-01,6.076167698568268882e-01,6.110964911571836744e-01,6.728712163201895358e-01,6.850081404624617232e-01,7.192793200751347316e-01,7.808932813998449296e-01,8.942274620341793545e-01,8.953396547367850067e-01,9.090591879554223986e-01,9.559523898522596097e-01,9.616500380823855831e-01
7.900290000000000000e+05,4.915992088054343956e-02,1.042947477620230767e-01,1.509352082863314459e-01,1.555372617600265794e-01,1.776549719068472033e-01,2.184574772153752287e-01,2.391306065497879052e-01,2.862705935305602800e-01,3.951081740159311240e-01,3.986885077714988901e-01,4.997434070026464115e-01,5.064999603228288461e-01,5.569655414764550505e-01,5.990207526319976106e-01,6.280601132669768605e-01,6.841769171544902495e-01,7.499785872197732850e-01,8.615925063185249089e-01,9.156526603448335022e-01,9.865954484867541785e-01
7.900300000000000000e+05,1.132564881506723520e-01,1.727531278919173241e-01,1.755173322122717261e-01,1.828996719380694413e-01,2.218366697926883457e-01,2.388263317497508753e-01,2.625024554424392198e-01,3.483318318781996048e-01,4.404047919732815286e-01,4.714277794593041415e-01,6.114827728420407782e-01,6.306076286552332322e-01,6.901477808258967839e-01,7.008488413764947245e-01,7.216935348115062210e-01,7.466717880599862411e-01,7.782107927597222696e-01,8.557974564413567409e-01,9.015092936868494000e-01,9.417530783795251548e-01
7.900310000000000000e+05,5.189584060443019897e-02,1.796503923002473746e-01,2.305885084044098088e-01,3.119873991128804258e-01,3.720518642878625215e-01,4.242759990806750370e-01,4.504904540660343848e-01,5.315277010820035342e-01,5.445045648994834009e-01,5.777794176681489979e-01,6.133980578102561365e-01,6.369700791329364620e-01,6.593287063541702908e-01,6.707366100380600660e-01,6.884088385247398856e-01,7.112337698037792810e-01,7.314240209894561362e-01,7.929754953718087807e-01,8.632333588969726135e-01,9.491470853499850424e-01
7.900320000000000000e+05,8.643572590085901730e-02,1.385849169930762903e-01,1.426031105522163056e-01,1.978628470806228501e-01,2.454939888123125469e-01,3.703637377038290213e-01,3.725537775113008099e-01,4.067332971291114374e-01,4.246572069983555187e-01,4.949066190879755078e-01,5.822499955772325597e-01,6.700660099296672501e-01,7.081554399277441014e-01,7.227774454162272377e-01,7.283833562810940743e-01,7.290223615601054696e-01,7.576191096952817894e-01,8.235451286817230265e-01,8.803694116869063002e-01,9.993546162715369885e-01
7.900330000000000000e+05,1.008833214294968528e-02,4.649959064909836570e-02,5.653605891154167562e-02,2.084363422235573360e-01,2.159293438512642771e-01,2.316527219544665117e-01,2.610440042987710596e-01,3.368256099434594475e-01,3.877603060235413901e-01,4.727441537136136684e-01,5.376732745421997084e-01,6.315175806379998980e-01,6.470832320903056045e-01,7.359533972040045446e-01,8.183117631095403466e-01,8.497153480399834979e-01,8.741996645782343922e-01,8.952576065434280084e-01,9.637749365860276418e-01,9.783690828723964339e-01
7.900340000000000000e+05,2.553603299724538367e-02,5.904062960851053088e-02,8.460904745575814623e-02,9.247333782834377125e-02,9.459950930696114924e-02,1.761585192684812506e-01,2.308658607970884846e-01,3.212361123672511365e-01,3.949881212358494764e-01,4.417472294313417036e-01,4.632859008071705809e-01,5.714336937326701671e-01,5.870183111762272699e-01,6.468251908439544007e-01,7.465605640559591638e-01,7.654385443089430918e-01,7.727301427826747116e-01,8.003142577736268581e-01,8.844194642783559379e-01,9.126427416532435499e-01
7.900350000000000000e+05,2.112188551034466233e-02,1.513046612589945550e-01,1.537282286601668879e-01,1.830251096664314847e-01,2.630383261988421539e-01,4.284410580400388469e-01,4.932294366726234225e-01,5.663681201589206848e-01,6.318216994412353404e-01,6.536656525906673343e-01,6.812374515907282380e-01,8.100532389439579761e-01,8.594554356461756583e-01,8.710791702915696710e-01,8.767305413154172777e-01,8.928879928308919300e-01,9.263420581571267798e-01,9.487754486468072956e-01,9.615694441649218493e-01,9.879402509193456750e-01
7.900360000000000000e+05,1.071074876065758463e-02,1.273406305459783283e-01,1.974981165463162158e-01,2.255383473942202954e-01,2.721155710796270277e-01,2.900498881612573188e-01,2.983498096521133292e-01,4.837029815400886168e-01,5.852259350474373623e-01,6.767883125654514664e-01,7.266346573214784721e-01,7.290379938823935424e-01,8.102090384242872645e-01,8.187693166064902162e-01,8.210336848600823245e-01,8.279616069540755019e-01,8.288611149063037642e-01,9.584326958866791202e-01,9.738792339560354838e-01,9.763802948460428288e-01
7.900370000000000000e+05,6.537208335109068180e-03,1.361689110518682355e-02,2.658250234500925124e-02,2.984744629166069529e-02,1.288743436834324241e-01,1.855833448751557091e-01,2.388881375234392923e-01,3.300800285325934391e-01,4.200269296673504460e-01,5.886263065547605589e-01,6.007098333892334496e-01,6.315759296670593326e-01,6.432689542900564827e-01,6.448732845287009630e-01,7.109352568073112888e-01,7.115755067041313886e-01,7.299748297288020105e-01,8.080560428326083455e-01,8.196599734801063297e-01,8.299020723238349495e-01
7.900380000000000000e+05,1.043503347245333668e-02,3.974052134553396343e-02,1.350816085888703055e-01,1.414593184064167897e-01,1.463855407045492329e-01,1.679392956564105255e-01,2.044275755826711061e-01,2.924077052362211715e-01,2.976446684028402068e-01,3.690959272576417316e-01,3.918957471380023483e-01,4.315442818862110785e-01,6.331231330103366250e-01,7.019722652659593498e-01,7.076562569642300682e-01,7.108854879088210010e-01,7.645440993455834278e-01,7.860315899331028477e-01,8.676059752857301355e-01,9.687479924115193208e-01
7.900390000000000000e+05,3.764044022079970908e-03,3.291334617243457661e-02,3.791138914106995106e-02,1.442526774940892098e-01,1.476659986632824495e-01,2.206392516529374070e-01,2.877460599433354638e-01,2.880321287414649989e-01,3.068728491794358026e-01,4.179419436951857802e-01,4.754041205161394501e-01,4.883579956606062256e-01,5.393391196959445022e-01,5.645499084050573657e-01,6.061300851280507773e-01,6.322162226757354064e-01,8.989626462581191690e-01,9.492467688133087167e-01,9.567746338290316066e-01,9.728303641033692051e-01
7.900400000000000000e+05,4.391839657272744724e-03,2.291485158194583871e-02,5.662936750174984990e-02,1.049070080267360261e-01,1.329099299758670361e-01,2.044779340034454940e-01,2.160206045758422677e-01,2.284515114767322608e-01,3.226839392508250581e-01,3.243000434767672191e-01,3.884751664165285723e-01,4.370544397819924320e-01,4.706748445899681110e-01,4.863780172755579612e-01,5.092979310473929599e-01,5.616020086986445170e-01,6.161285105350461366e-01,7.106403347172952634e-01,8.349919859727061855e-01,8.727826370176093862e-01
7.900410000000000000e+05,7.796625611640972675e-02,9.200669784617065972e-02,1.056634549092294595e-01,2.608603852996999040e-01,2.913911850704825612e-01,3.249089974313473794e-01,4.165304779073142338e-01,5.090267322582804344e-01,5.838181437994451883e-01,6.524995183841804103e-01,6.531478836894480944e-01,6.607151670929344300e-01,7.574350217848238032e-01,7.783777113975279827e-01,8.089158515207472977e-01,8.591128118260428215e-01,8.995183183958910256e-01,9.448089155248469151e-01,9.517643124216934591e-01,9.535622439591207034e-01
7.900420000000000000e+05,8.026986505554767337e-02,8.622743536438370882e-02,1.288698324435143538e-01,1.831796260203912841e-01,3.360341926213555874e-01,3.552396983712163836e-01,3.707935713075229955e-01,3.825061055544147770e-01,4.329766119140150415e-01,5.057115454784670838e-01,5.292754979721152608e-01,5.328747217212751464e-01,5.454489500802478519e-01,6.560635132708980688e-01,6.647342165647467382e-01,6.899318419437454608e-01,7.137782155524329264e-01,8.011728616182788310e-01,8.287215530489463466e-01,9.277091353370070514e-01
7.900430000000000000e+05,1.819724757396001813e-03,5.166767148374651342e-02,5.422776149550645464e-02,6.379549127741657166e-02,8.950369958297532680e-02,8.971844641862602998e-02,1.410721517355084664e-01,1.975817543965623369e-01,4.096033922058873733e-01,4.246095323151984902e-01,4.488158950389271595e-01,4.651664636806690512e-01,4.969165740147507559e-01,6.615938793888943570e-01,7.827326255863468196e-01,7.864886439678763219e-01,7.997768391444753933e-01,8.103966150509541722e-01,8.555107345911311389e-01,9.410330831623339165e-01
7.900440000000000000e+05,6.287580297228367865e-02,6.979641450631079991e-02,9.706518772900851744e-02,1.027535325851715031e-01,1.599265717380389251e-01,1.802959084367770082e-01,2.575122395066929970e-01,3.367486209285106558e-01,3.551358377025420898e-01,3.629763643194652278e-01,3.733796971848137858e-01,3.755566707460697984e-01,4.104499617727997984e-01,6.221611387031663609e-01,7.687536917309443218e-01,7.960974820401987007e-01,8.473280554285825827e-01,8.933973286576770700e-01,8.983062554960923318e-01,9.622070038480819987e-01
7.900450000000000000e+05,1.550260312784046413e-03,6.209615839574855745e-02,8.375350174648499291e-02,1.446458379751557333e-01,1.794300443712933957e-01,2.230996152897192220e-01,2.371559589725712458e-01,2.650642647798873153e-01,3.308137857943057591e-01,3.497066263728607627e-01,5.952688540489703417e-01,6.364646017658492916e-01,6.837319549255364004e-01,7.313513123946986383e-01,7.737452441982165530e-01,7.797838610680160043e-01,8.021125066240678558e-01,8.492577416431402737e-01,9.016183642301401902e-01,9.325321053995047071e-01
7.900460000000000000e+05,3.544444237042476686e-04,5.146747059826217718e-02,6.616204344756304589e-02,1.282404583411218546e-01,1.464921531606642180e-01,1.530505725413937590e-01,1.742522951061349357e-01,2.603424224763383199e-01,4.995576424224318357e-01,5.133933623199659069e-01,5.324958271308889435e-01,5.958287928559002911e-01,6.360862722708344741e-01,6.916855184007050239e-01,7.090643077418853357e-01,8.084713662827209824e-01,8.375558552604083218e-01,9.291415086998041639e-01,9.614170099709528072e-01,9.929391670446126028e-01
7.900470000000000000e+05,2.457916527211765345e-01,2.671364874033226311e-01,2.818441747888753568e-01,2.996780158905830715e-01,3.475271246702561490e-01,3.719583682820806203e-01,4.221439929895592913e-01,4.297029301345026697e-01,4.381477279173630057e-01,4.724657451910133643e-01,4.908136530283060406e-01,5.090791300694403887e-01,5.512421011793856573e-01,6.430089680917837613e-01,6.702546683654604376e-01,7.257535252041803497e-01,7.359726813901469322e-01,9.544696178098488470e-01,9.696520284329041006e-01,9.819497731786525074e-01
7.900480000000000000e+05,1.650426026295837012e-03,4.840335758130753785e-02,1.075112290808712956e-01,1.587485080687039973e-01,2.038822445311962994e-01,2.270258949334817977e-01,2.282629796476810524e-01,2.286952618770269341e-01,3.577439608093802015e-01,4.089183124527153712e-01,5.161769404827737384e-01,5.168878137550942942e-01,5.627355933407882649e-01,5.779395338254871284e-01,6.297065803450775379e-01,7.572641455160858959e-01,7.993859144509711800e-01,8.802344395948470401e-01,8.912078576280354492e-01,9.356871615465184311e-01
7.900490000000000000e+05,2.218707465744429452e-02,7.633149948520889794e-02,8.200520389446308567e-02,1.233732225393127102e-01,2.092428109384742996e-01,2.568967804774808794e-01,3.226109594416950443e-01,3.428208081639316784e-01,4.048542608762945028e-01,5.256373677374974740e-01,5.965602772767054640e-01,6.225014352380524585e-01,6.410601478846102985e-01,6.602506382993577061e-01,8.093238411807878174e-01,8.238571256055600145e-01,8.924431407982504894e-01,9.583953516534607919e-01,9.637676315878327404e-01,9.845486313844826753e-01
7.900500000000000000e+05,1.186845279481154591e-01,1.207562463410257747e-01,1.540850184269837442e-01,2.107938582222923518e-01,4.558232908099090208e-01,4.638561330566601804e-01,6.366346042398266514e-01,6.550762621253389817e-01,6.687373502510876033e-01,7.139298497828282519e-01,7.413787957611742696e-01,7.579658288777878505e-01,7.830755516292384755e-01,8.027883588391402370e-01,8.196803828596666008e-01,8.302839216798958422e-01,8.855070908925333217e-01,8.981620531068832403e-01,9.325032942425972582e-01,9.488771688028982965e-01
7.900510000000000000e+05,3.447748787392013181e-02,8.504367458346917541e-02,1.097254251133885639e-01,1.382173078484461026e-01,1.804727209817247324e-01,2.264281584996183927e-01,4.351380911299999044e-01,5.117581842041853957e-01,5.763138914855299166e-01,5.836318793194411603e-01,5.877105170977844351e-01,6.506599289684600329e-01,7.398268356391297651e-01,7.831179963498867691e-01,7.967762563708655765e-01,8.218081022876455588e-01,8.809252574977273209e-01,8.926524211649533580e-01,9.473258109187542297e-01,9.480647840445279861e-01
7.900520000000000000e+05,2.344298876637973539e-02,2.398614271947496768e-02,1.635663372588820330e-01,2.758605020903751592e-01,2.877019241116958170e-01,3.091492440683119014e-01,3.310879688828618495e-01,3.688169366397743287e-01,4.385652855154440477e-01,4.407939349024310172e-01,4.602761965349857487e-01,4.840626742732205834e-01,5.109173928744555893e-01,5.378627424617193897e-01,5.452182052131518963e-01,5.501776016699567728e-01,7.146313654423079864e-01,7.812429010204038349e-01,8.269925529453602264e-01,9.624945666360573693e-01
7.900530000000000000e+05,1.344727363232797179e-01,1.485414671072206039e-01,2.351065365040163613e-01,2.463464210975186974e-01,2.818587898891304899e-01,3.253933017649774939e-01,3.631114439799563165e-01,4.550639581137400080e-01,5.171940816504982941e-01,5.839951932835464321e-01,5.866144823019232568e-01,5.872807273195224109e-01,7.117113228971713168e-01,7.503111729709359690e-01,7.779702970291508812e-01,8.087170223823181292e-01,8.620696228893757196e-01,9.286987074431503064e-01,9.732875071304982750e-01,9.948647260397049941e-01
7.900540000000000000e+05,3.159775807154052707e-02,5.840711124835673562e-02,7.390575424318224229e-02,1.388119386513471110e-01,1.486588510735862290e-01,1.885068273280379181e-01,2.043416536072056866e-01,2.772370774941705918e-01,4.634621578316320267e-01,4.783154196714730633e-01,5.176352822477244819e-01,7.100300504621893660e-01,7.242356810982364390e-01,7.278262123346410650e-01,7.427225867586804142e-01,8.622218125792165955e-01,8.790664277840886109e-01,8.960431043527704587e-01,9.399505956765221715e-01,9.957020816240373939e-01
7.900550000000000000e+05,9.947151444914426044e-03,3.121745004489595576e-02,1.022425890628130274e-01,1.835923110727345486e-01,2.041979419812599561e-01,3.253013450469217638e-01,4.245996071606907840e-01,4.954982756821885159e-01,5.674005954901283344e-01,6.037457023736644279e-01,6.351944112300736967e-01,6.474677716465997435e-01,6.695965065287060591e-01,7.407314648001324109e-01,7.626044548771178100e-01,8.039004114668217849e-01,8.107955834089770608e-01,9.060014796598904185e-01,9.442778723229167115e-01,9.600288014945759230e-01
7.900560000000000000e+05,1.576041332435310638e-01,1.663783690675033622e-01,2.311312942355663314e-01,2.602828546004634092e-01,3.946378297694025372e-01,4.085285815751072969e-01,4.382503901881901198e-01,4.711134160219891953e-01,4.878416638862314025e-01,4.975167707084805491e-01,5.387019604532045092e-01,6.012839169952067797e-01,6.452059975344172083e-01,7.166201440302775172e-01,7.211627794862528473e-01,7.415918155677954093e-01,7.734402508877071813e-01,7.854747982761972613e-01,8.616134577729682720e-01,9.515327955613221977e-01
7.900570000000000000e+05,2.126999641944149477e-02,4.352834685312223506e-02,1.287381816599577622e-01,2.150427660067084634e-01,2.366088506464706365e-01,3.398764814607364571e-01,3.572202868112789309e-01,3.666204651970277340e-01,3.750008888885154601e-01,4.857725311453097161e-01,5.469129202609351870e-01,5.849021559099970569e-01,6.320725725831134456e-01,6.664387766981583194e-01,7.181049196323415762e-01,7.290364660257193652e-01,7.765480094903034480e-01,8.079814541645723436e-01,8.783732823811440937e-01,9.779933946432695091e-01
7.900580000000000000e+05,7.059089701062037925e-02,1.137177664614622552e-01,1.208107374357307862e-01,1.431326850119762906e-01,2.491570639157411060e-01,2.642077666954782966e-01,3.092900812059896642e-01,3.555860622450688346e-01,4.049521217223021052e-01,4.190174087266326231e-01,4.441615644677601171e-01,4.896668192442020784e-01,5.184603142077447435e-01,5.458059907143263390e-01,6.758327729226906166e-01,6.977405866087161845e-01,7.103958588711819511e-01,7.374940207326299291e-01,8.084154234583377230e-01,9.378721799497911071e-01
7.900590000000000000e+05,6.473502928614494056e-02,1.220234106286141040e-01,1.270586640796632638e-01,1.845724512127379091e-01,2.692304901750410817e-01,2.715745662348376666e-01,2.874131416119070082e-01,2.998851184154611715e-01,4.489991009437599434e-01,4.669495768874993846e-01,6.631089942998007469e-01,6.769574926696696471e-01,6.904698752892278746e-01,7.057890558434493089e-01,7.484068697339002485e-01,7.866319266732154647e-01,7.960816977521061322e-01,8.502158066046267004e-01,9.046640046959945058e-01,9.425092928810576698e-01
7.900600000000000000e+05,3.790109291540089131e-02,1.303007184538871321e-01,1.856264258052230387e-01,3.263022365680070536e-01,3.527529076035084143e-01,3.557881623199709020e-01,3.640484322926522687e-01,3.908782606998656428e-01,4.581404130791255636e-01,4.676613014690446102e-01,4.841786854484152469e-01,4.876373805436042819e-01,7.513366958486811242e-01,7.616795299714690382e-01,7.938981107033113993e-01,8.466439895085461353e-01,8.572055219989394015e-01,8.759753845421989205e-01,8.852161219297756123e-01,8.922606095798870651e-01
7.900610000000000000e+05,2.936934945572289291e-02,3.289038886042061627e-02,1.173667911343209136e-01,1.289658871133231299e-01,1.674366212767131046e-01,3.055788079787887801e-01,3.426324882335898270e-01,4.263845390651845868e-01,4.572186016405740405e-01,4.934452245056095698e-01,5.066541848235504020e-01,6.684563874754266832e-01,6.971134694330731740e-01,7.362575979072080168e-01,7.505020135055662234e-01,7.931130022003918256e-01,7.976201902184194559e-01,8.456632646007495868e-01,8.483734119852490707e-01,9.722758753119221664e-01
7.900620000000000000e+05,1.708141984220929999e-01,2.164614461796838807e-01,2.503671784166934255e-01,3.409870366675863407e-01,3.616215401313512823e-01,5.589928423067461738e-01,5.683756232037904255e-01,5.992186478453319642e-01,6.883283724264019909e-01,6.957395659617624517e-01,6.998330158069649976e-01,7.177868540643477235e-01,7.586423849318766344e-01,7.737298724608363543e-01,7.764800084574181582e-01,7.784855213660472062e-01,8.695810554616372201e-01,8.773554063224183741e-01,9.776449855270522571e-01,9.974754084792610831e-01
7.900630000000000000e+05,7.735724585018366461e-03,4.342266547291262491e-02,2.452144493734409458e-01,2.510555861539380818e-01,2.792667484305858538e-01,5.722986523873583309e-01,6.090918581681524779e-01,6.192701689823927325e-01,7.061298652128480402e-01,7.257158258999379941e-01,7.576340278050163191e-01,7.625179893015319177e-01,7.919830699000901530e-01,7.958005031474686408e-01,8.385693298156550179e-01,8.392934528003163086e-01,8.411539275825632433e-01,9.336492000027289961e-01,9.437786315859315600e-01,9.508120360761475043e-01
7.900640000000000000e+05,1.509376006519401736e-01,2.410354811382138251e-01,2.469737506154816575e-01,2.505494507333201337e-01,4.157922558517499478e-01,4.164512234488583209e-01,4.194859362805907210e-01,4.521704973947006101e-01,5.701860552937787485e-01,5.877157800478906013e-01,6.024616728964222734e-01,6.253496163070991765e-01,6.957157768361837968e-01,7.040354754827492512e-01,7.396769255622095418e-01,7.545342170601597731e-01,7.776799998121667334e-01,8.631317017770824274e-01,8.641351206457713596e-01,9.895499946785286660e-01
7.900650000000000000e+05,1.347478125195802345e-01,2.399237936954157213e-01,2.498659530484320657e-01,2.584144643551550269e-01,3.578600720727002082e-01,3.687522127466824617e-01,3.971120897342659273e-01,5.027536214127384939e-01,5.389106790854845119e-01,5.580476916285891376e-01,6.442763343335797810e-01,6.518379574093794426e-01,6.928203586751605636e-01,7.627919929601456595e-01,8.038870360161988193e-01,8.065071990144017100e-01,8.149867326231752251e-01,8.268818464072541508e-01,8.866582819859171183e-01,8.881788640347325625e-01
7.900660000000000000e+05,1.374989012715109871e-01,1.591675686021007952e-01,2.662651579984366412e-01,2.751072694669084440e-01,3.077323207246496217e-01,3.177127657566837238e-01,5.728350237631051334e-01,5.737063374361611734e-01,5.885901919252805037e-01,6.150289125728235495e-01,6.389732301976366324e-01,6.481651775862856679e-01,6.904594034984807838e-01,7.591194819165288932e-01,7.705062035653091890e-01,8.042346609361045173e-01,8.244622183687378980e-01,8.459573470014413177e-01,9.197987051091733868e-01,9.281855183484200023e-01
7.900670000000000000e+05,1.710339488649037509e-02,7.468560183954087162e-02,9.434247103541670842e-02,1.434607190044849823e-01,2.992967709286176170e-01,3.023444963065159419e-01,3.225274064422701814e-01,3.679557915627363895e-01,4.998252422878644019e-01,5.285323308945476528e-01,5.370618148736778785e-01,5.503685631215272656e-01,5.920625518548208177e-01,6.648836017123959108e-01,8.349802268807084982e-01,8.902412328092217386e-01,9.329713588013461845e-01,9.363817765794171244e-01,9.387231510730007500e-01,9.547511100136090167e-01
7.900680000000000000e+05,5.235153093902111809e-02,1.438569434044549844e-01,2.109603684886351971e-01,2.120446082562792434e-01,2.287344377900375481e-01,3.160774738811462647e-01,3.698265334518708869e-01,4.579408585024546952e-01,5.192931003071009632e-01,5.604927694650343462e-01,6.098576510946123186e-01,6.200946463474747983e-01,6.213484823351841380e-01,7.351950856132558609e-01,7.687730767167343382e-01,8.185076893299982892e-01,8.683487402980942793e-01,8.826488685025037917e-01,8.867972658696718913e-01,9.293671820518873972e-01
7.900690000000000000e+05,1.035336112402884812e-02,1.516311041582907304e-02,3.409224589379600268e-02,9.455603941329504547e-02,1.285783209062313359e-01,1.717503126088469889e-01,2.160085109065453812e-01,4.015179946413804934e-01,4.077671802685276514e-01,4.421312552317345768e-01,4.667783556198170647e-01,4.952350083740673092e-01,5.068504319539064440e-01,8.317864444471136931e-01,8.444418097609314167e-01,8.946382005290665074e-01,9.137811619999359758e-01,9.166119825983988223e-01,9.235642819671798787e-01,9.254182567567356132e-01
7.900700000000000000e+05,8.154336819984231433e-03,2.667532649690174118e-02,6.309631202764665048e-02,9.105058200640736565e-02,1.301104428376247402e-01,2.602463146749336431e-01,2.771860285945317859e-01,2.801538119463876653e-01,3.343441377500764311e-01,4.091190337228419738e-01,4.477207323029769315e-01,4.826252469404265222e-01,5.519427967055068329e-01,5.577875350205085958e-01,5.972887102891322186e-01,6.649916891515694761e-01,6.819679573933826733e-01,8.250266854644539016e-01,8.580098101302242597e-01,9.976653668782800022e-01
7.900710000000000000e+05,2.659437494511307509e-02,2.949910874905137259e-02,7.039576993595930698e-02,1.803988779041805213e-01,2.016087501939642923e-01,3.515557466705744316e-01,3.800701427049052450e-01,4.014571127270287754e-01,4.959229940608491649e-01,4.990269371634886708e-01,5.621671954319854558e-01,5.799272337942826816e-01,7.767469271471002523e-01,7.953453567624443332e-01,8.141318776009680569e-01,8.699105455893190175e-01,8.840506196163373520e-01,9.331966410696285186e-01,9.794603624879979487e-01,9.872204026753049755e-01
7.900720000000000000e+05,2.454147939683470891e-02,1.491765695211310083e-01,1.868029445281836898e-01,2.151029033224299836e-01,3.354601589527721472e-01,4.106510365859309397e-01,5.059019255488187428e-01,5.446765813143182866e-01,6.032647273967214341e-01,6.583643102873586450e-01,6.609186413566516816e-01,7.154590291761924181e-01,7.666216668568238690e-01,7.980683019716061644e-01,8.321546021599328657e-01,8.439343786285117277e-01,9.327665968698013454e-01,9.430195796761374760e-01,9.776348166913357840e-01,9.965805489650693128e-01
7.900730000000000000e+05,9.753773640458152094e-03,3.867781931714631138e-02,1.105109450068024746e-01,1.634839824406023601e-01,2.175775967251655230e-01,2.591138402664464602e-01,2.629145844905864671e-01,3.123981680928084037e-01,3.382567441354952242e-01,3.455581301952707074e-01,5.621231548045952930e-01,5.953667035934225860e-01,6.440696907505909508e-01,7.380899069148302294e-01,7.391235292893248987e-01,7.768459166827355045e-01,7.809166041791951729e-01,8.130243047140994772e-01,8.736238289702976667e-01,9.821397367563184932e-01
7.900740000000000000e+05,1.380950138220871093e-02,5.625052779866712704e-02,9.192471145555825007e-02,1.764006758377554274e-01,1.978347797216453152e-01,2.234882617765073798e-01,2.249850956535738300e-01,4.050123955821071098e-01,4.716786946437417916e-01,5.511328373083140830e-01,6.068287388337612054e-01,6.167781144764483692e-01,6.477625708145002825e-01,6.691188959833411776e-01,6.758992227138325148e-01,7.054806728140653460e-01,8.555347535520397839e-01,8.763359324458080968e-01,8.864123993486389130e-01,9.078740867843458906e-01
7.900750000000000000e+05,3.493832070206182028e-02,4.000475218413679368e-02,4.174975749630271959e-02,5.649706379947894153e-02,1.965726545390819036e-01,2.261731017034557256e-01,3.034061055333653334e-01,3.062457223293589825e-01,3.211392385991390652e-01,4.781236413847950173e-01,5.303105211150395126e-01,6.188588220167905440e-01,6.416445360882541138e-01,6.757223538926182549e-01,6.888002797579043657e-01,7.040964294443643468e-01,8.246014028170384202e-01,8.275790865644789829e-01,9.044341165342962841e-01,9.635090268748370823e-01
7.900760000000000000e+05,1.127756465785278994e-02,6.397765398659371883e-02,7.030684870909464923e-02,1.144510535934489814e-01,2.251200653498091064e-01,2.633276453435355879e-01,3.082347223353331112e-01,3.983319813585404212e-01,4.205142710478543266e-01,5.525656531729581378e-01,5.766745769662572352e-01,6.276132189093408531e-01,7.235071755057791432e-01,7.250913840242001474e-01,7.496922670736506644e-01,7.747434260377640269e-01,7.748815869128933276e-01,8.108159121240718914e-01,8.719024311707155306e-01,9.143698874346443128e-01
7.900770000000000000e+05,2.267716851489143259e-02,4.024388004752266212e-02,1.009265856856496058e-01,1.224621166415896800e-01,1.382521915815474456e-01,1.729761727994411080e-01,1.973497944277168292e-01,2.618965406719069300e-01,2.946053330337592424e-01,4.319299857874189241e-01,4.769867048555306299e-01,5.093545586869883124e-01,5.189362920003238733e-01,5.214870622880578566e-01,5.724737379438750162e-01,6.569698285230913815e-01,6.778803640492983007e-01,7.213025734960294422e-01,8.351242194068042579e-01,9.630528543953791321e-01
7.900780000000000000e+05,2.834317132955410656e-02,4.412819299642833926e-02,4.827918999824398760e-02,1.726241417433997949e-01,1.820938696459130091e-01,1.827711996124870009e-01,2.370377961953965551e-01,3.442956723951580145e-01,3.785612792683351602e-01,4.445983631926859747e-01,5.169554251555319446e-01,6.002446424445203599e-01,6.662031262238307106e-01,7.270188209359509379e-01,7.746442178762086295e-01,7.793616348970321406e-01,8.804074890372229900e-01,9.299261880939516667e-01,9.493553272513391983e-01,9.655299013108628037e-01
7.900790000000000000e+05,5.086224402177408344e-02,7.771780714824394476e-02,1.307207963064224154e-01,2.062821979211748591e-01,2.429612295354159901e-01,2.473976982122180202e-01,2.586956918718121834e-01,3.974597848446747017e-01,4.565085353973253879e-01,4.620027943037455787e-01,4.832971106101430214e-01,6.721560798046256613e-01,7.642432471481205303e-01,7.671209277684337691e-01,7.709767055770602173e-01,8.039456906860437124e-01,8.232031192349763549e-01,8.249800052399991479e-01,9.079067681776848975e-01,9.746296215694643106e-01
7.900800000000000000e+05,2.892462145888108349e-02,8.938013746895179246e-02,1.210756664607238742e-01,1.282885357299071716e-01,1.551140807875801553e-01,1.553434611997686066e-01,1.778802199883819934e-01,1.965570401803865552e-01,2.648278164255108980e-01,2.966769109338097676e-01,3.090247705171118575e-01,3.679914118933242939e-01,4.353359272920557244e-01,5.024648069768791192e-01,5.087642063033724904e-01,5.343210643218609945e-01,7.100552568429016054e-01,7.495188441118515454e-01,8.134844981984947765e-01,9.649756719786369841e-01
7.900810000000000000e+05,1.261428087509375295e-02,3.023011305830403117e-02,6.577109657645097140e-02,1.304018974790174257e-01,1.666211499055123557e-01,1.743172948946145606e-01,2.442780432452373862e-01,3.078836055037960096e-01,3.420952515722597287e-01,3.640103009608889328e-01,3.698738431729767795e-01,4.508085582736931496e-01,5.133952227465108376e-01,5.569801432708838540e-01,6.545234612989533352e-01,7.533791084783953984e-01,7.625002879254190180e-01,8.798431204259190563e-01,8.966681908122432487e-01,9.234868146572978720e-01
7.900820000000000000e+05,6.475177426801537184e-02,7.434251107960299088e-02,8.907343055016270217e-02,1.075872816022936940e-01,1.796075310919639234e-01,2.972895304463502031e-01,3.009325353146172777e-01,4.156233852588553379e-01,4.586287011927886459e-01,4.622205130516578997e-01,5.028366007662562476e-01,5.911684931752358985e-01,6.138174837933210171e-01,6.687855757338423413e-01,6.974929443773555393e-01,7.094031137657266228e-01,7.195805408114460677e-01,8.857024748038341277e-01,9.064228488841901132e-01,9.696932199671870478e-01
7.900830000000000000e+05,1.554530408437205802e-01,2.046455878699166009e-01,2.368794195244340317e-01,3.095045872375413731e-01,4.287851061752934179e-01,4.483552545478846074e-01,5.295800520492002228e-01,5.712918818625025708e-01,6.434015224956953771e-01,7.215383527532974739e-01,7.484367866289796112e-01,7.648088258698829689e-01,7.745588980762970754e-01,8.105044958207409111e-01,8.186530432799336010e-01,8.207577604595185372e-01,8.551705119199158878e-01,8.971995206021767810e-01,9.365308338054226800e-01,9.417862640105038041e-01
7.900840000000000000e+05,1.390974953131807190e-02,2.808644635678447798e-02,1.417327412838131906e-01,1.771041540861885144e-01,1.869183197198390767e-01,2.134360637634192814e-01,2.379930172271411681e-01,2.785753313916599083e-01,3.098136116196540391e-01,4.198609478668806627e-01,4.213812238159446721e-01,5.276758640571604930e-01,5.357298323307029264e-01,5.927377619357149241e-01,6.607241275927373536e-01,8.043983442162827568e-01,8.722770480762569445e-01,9.117209388477268694e-01,9.275883640920143947e-01,9.355452363141062433e-01
7.900850000000000000e+05,3.570163878137022628e-02,1.315311459694910035e-01,2.088188118111559133e-01,2.213420869412194847e-01,2.214515284407568840e-01,2.388161981281723412e-01,2.933887548720238714e-01,3.910458043670143047e-01,4.110259697048486149e-01,4.936668930671429534e-01,5.475335630694632139e-01,6.744151200809349600e-01,7.035592990496598587e-01,7.772695914230457470e-01,7.835736431510469391e-01,7.857518709360834519e-01,8.245185428916597115e-01,8.633939652078188587e-01,9.308426476291388196e-01,9.561050977439911058e-01
7.900860000000000000e+05,8.959253686404922146e-02,1.211002592271877010e-01,1.530161369869914578e-01,2.687245605917527591e-01,2.804832400452763608e-01,2.872766917204695458e-01,3.158753153783439016e-01,3.352502576346471086e-01,3.563551911677779183e-01,3.589703831808377377e-01,3.850637698743051285e-01,5.335235505462356809e-01,5.614284605229686864e-01,6.069964563983158978e-01,6.246353913467304064e-01,7.950585865930639429e-01,8.110390744007187624e-01,8.593786337966334843e-01,9.286827577044618476e-01,9.450537998543363516e-01
7.900870000000000000e+05,9.564152446464246893e-03,5.316680607036095019e-02,1.165670519048229714e-01,2.437903380471287962e-01,2.903590955127017814e-01,3.121651300559239450e-01,3.587329711647888608e-01,4.706176290171463217e-01,4.784729122274121726e-01,5.371499584963405072e-01,5.776591666537767011e-01,6.482063056935651879e-01,6.575677281928932194e-01,7.599407202456337496e-01,8.226801941418530051e-01,8.927965913939681641e-01,9.109744068462926059e-01,9.827352796464343676e-01,9.869341457485708569e-01,9.902256305638266198e-01
7.900880000000000000e+05,1.102356651528915155e-01,1.581670676457420655e-01,1.615723257858252548e-01,1.752713594315084000e-01,1.982925827525457985e-01,2.453423949548441119e-01,3.780514649027832963e-01,5.125664123806608075e-01,5.421972501895662155e-01,5.743153086272265728e-01,6.111177531466983615e-01,6.482534178273132719e-01,6.525542168277392863e-01,7.477196800580541147e-01,7.994263269304534569e-01,8.152314168668327587e-01,8.385596058429656274e-01,8.920441783017466486e-01,9.091303229001286290e-01,9.666041579281944296e-01
7.900890000000000000e+05,6.118500744558907911e-02,8.162955508716474018e-02,1.347087603185785909e-01,1.833959469680410681e-01,2.127691387679954138e-01,2.423608026048602593e-01,3.120116328028043062e-01,3.772481843387747169e-01,4.205536796218045659e-01,4.530064030044803625e-01,4.909878478673656010e-01,5.437998916325210708e-01,6.566479427982434558e-01,7.372233293833150292e-01,7.774945127519005128e-01,8.203448524121341734e-01,8.364466139618876861e-01,8.864237061986331989e-01,9.219379949194563828e-01,9.394239185909017964e-01
7.900900000000000000e+05,1.126485445825607945e-01,1.321449597341041171e-01,1.447147308606098193e-01,1.463307495490938637e-01,2.485341833096040842e-01,3.177126801641003695e-01,3.231708688588807998e-01,4.143911278565058920e-01,4.637306888974104258e-01,4.900790777293224654e-01,4.948290750906525481e-01,5.391788183662072909e-01,6.324753592105325506e-01,6.906751821174774708e-01,6.917121657463241036e-01,7.459743126945110880e-01,8.068918159661707667e-01,8.113227409455174843e-01,8.821841388828246533e-01,9.817442369835374105e-01
7.900910000000000000e+05,2.015062345554508028e-02,8.905094801612523092e-02,1.303829455348141098e-01,2.112737886716559155e-01,2.250990364994198689e-01,2.276719938810843891e-01,2.963375431717638619e-01,3.997552316007962903e-01,4.102466075811945778e-01,4.714715279982866214e-01,4.868109700894732716e-01,4.961852021108104083e-01,5.593174208911124712e-01,6.135936025380148706e-01,6.371239881435364349e-01,6.380240533541888803e-01,7.883558670900907561e-01,9.002170950146782813e-01,9.135649614410646935e-01,9.627367430671770476e-01
7.900920000000000000e+05,3.761912787357213350e-02,7.183122884460946267e-02,1.196882456109074067e-01,1.800386999669627563e-01,2.009435402514535562e-01,2.452759776631048272e-01,3.286455300284970571e-01,3.540251202498060357e-01,3.729627666147948828e-01,4.314118916101088441e-01,4.755850077423020572e-01,5.670437729855518638e-01,5.671679373115033895e-01,6.041916822302167978e-01,7.286532559638231321e-01,7.428364757312559963e-01,7.957233896366241455e-01,8.955308770270110630e-01,9.098873833955241075e-01,9.675623711894152379e-01
7.900930000000000000e+05,1.838172188444209265e-02,9.712628843529869105e-02,1.278132879008340161e-01,1.716772422361320105e-01,2.047448663713801187e-01,3.272711416046676369e-01,3.811546607256423025e-01,4.418532532823997716e-01,4.599615217256407540e-01,4.860249481826703910e-01,5.378209391838258968e-01,6.209567784522114220e-01,6.222745113483213464e-01,7.269394388700732845e-01,7.413323607163843088e-01,8.738035722791196447e-01,8.998310401938778291e-01,9.101145564941963695e-01,9.869053545072974387e-01,9.900984587302977813e-01
7.900940000000000000e+05,1.134089941444831329e-01,1.236740739385393528e-01,1.418909801200215481e-01,1.558977388603006720e-01,2.065757104915846298e-01,3.544025866621370868e-01,3.915339765347242151e-01,4.649159523812482764e-01,4.651771563082794936e-01,5.282303649247707122e-01,6.295379888728136475e-01,6.648640396558487264e-01,6.653279910628757676e-01,6.773118214640522217e-01,8.583605936304694595e-01,9.102409737457382022e-01,9.477253696480996137e-01,9.493438471155949410e-01,9.543762119338542460e-01,9.563851701627368307e-01
7.900950000000000000e+05,1.096721559238932331e-01,1.700202660829024381e-01,1.711436472160401401e-01,2.084740771082117528e-01,2.964880798752750346e-01,3.599330091935972753e-01,4.601683414838454445e-01,4.799165469321684530e-01,5.264944586547597449e-01,5.309597746319397737e-01,5.568688819310084748e-01,6.140839324128204435e-01,6.948566289757338588e-01,7.253519783324360315e-01,7.823205982550667237e-01,8.336103382159495423e-01,9.176025536657078652e-01,9.315738444862756706e-01,9.646716559823795833e-01,9.657612481139546956e-01
7.900960000000000000e+05,3.664184052158458993e-02,6.040387534896130006e-02,2.166249670734063937e-01,2.186036766083782057e-01,2.195259637899552585e-01,2.695226807326733809e-01,2.728996996007931886e-01,2.844271035811988257e-01,3.178484477696201793e-01,3.780149828597828554e-01,3.992275434030133630e-01,5.363967424343999424e-01,5.669187663288953738e-01,6.074879625510692938e-01,6.854549728915017015e-01,7.428237454523948236e-01,7.513807352684239715e-01,8.326160110462131891e-01,8.859065662822733778e-01,9.059979140155131061e-01
7.900970000000000000e+05,1.165403351419203037e-02,3.935369277947753375e-02,9.532918734925210913e-02,2.047237992582182642e-01,2.847407290281755987e-01,3.557215375839396510e-01,3.707786269985966499e-01,3.961041028500726924e-01,4.725499412382924147e-01,5.181484541654682863e-01,5.562816862847974608e-01,5.616090192307010565e-01,5.646184024445922711e-01,6.104103967208619475e-01,6.481011815781789753e-01,7.179578818540754970e-01,7.280453416927898935e-01,8.166549142793571026e-01,8.823699906662754167e-01,9.346874037647543432e-01
7.900980000000000000e+05,2.848860683361176260e-02,1.171423961920843304e-01,2.072874959205036616e-01,2.445497627860948597e-01,2.631678567706113858e-01,3.135404182484031743e-01,4.336229422878898898e-01,4.606099901459550505e-01,4.612293672198276573e-01,4.621768307625783168e-01,5.445263024465228918e-01,5.863561498109334247e-01,6.572863194292771771e-01,6.792412412099940733e-01,7.202804965476247157e-01,7.463421016965119392e-01,8.541738361192482420e-01,8.567305792451042068e-01,8.715990976213028318e-01,9.430032499411851177e-01
7.900990000000000000e+05,4.564227919385377419e-03,3.938938839798133973e-02,7.230204082354008133e-02,7.957870242638520608e-02,9.891880460814295173e-02,1.555333298011785104e-01,1.687116621897820634e-01,1.776505737250472228e-01,2.693354221807118254e-01,3.689125112902857939e-01,3.713029794563723618e-01,4.997216493755068933e-01,6.389594093480513992e-01,7.553090514962876867e-01,8.102112520610593727e-01,8.429019172101066548e-01,8.800525334004006828e-01,8.818035971453141997e-01,9.194992032378801472e-01,9.560366305489284011e-01
