3.700000000000000000e+05,2.706014517409949249e-01,2.862491609986328456e-01,3.177102824104010015e-01,3.341649796751695600e-01,4.081172541766696638e-01,4.577305706176221234e-01,4.692008770206285151e-01,5.212518158227713583e-01,5.217023279596770813e-01,6.614816746280244297e-01,6.834873504260193799e-01,7.619989434194712752e-01,7.644430404210322827e-01,8.269766737864580053e-01,8.866021660452493292e-01,9.257650299834839780e-01,9.364235356297632151e-01,9.446028928966405669e-01,9.523052926574794297e-01,9.607185767702968171e-01
3.700010000000000000e+05,1.554616833227484562e-02,1.493897425635600795e-01,2.077171453549692126e-01,2.148075076478849210e-01,2.166170279493940809e-01,2.365947065047927511e-01,2.836610188539759880e-01,2.881547987385645326e-01,3.227570621540883922e-01,3.283608752948248277e-01,3.783305166050653368e-01,4.372417803366969169e-01,4.713597802026479044e-01,6.143256882841868771e-01,6.496321425855320353e-01,6.577541651547019752e-01,7.225568027249527070e-01,7.777152933015757386e-01,8.069993986044616818e-01,8.759252283876102219e-01
3.700020000000000000e+05,7.139822720680499835e-02,9.183798543974397433e-02,1.057992714234308185e-01,1.632455285024756453e-01,1.647414273574373533e-01,2.027759255616489176e-01,2.702684717701254735e-01,3.512796158605131502e-01,3.574447958829651828e-01,4.359837437203430976e-01,4.763380233338320169e-01,7.698849650049619520e-01,8.339385700425744341e-01,8.622816026941805267e-01,8.641921844846074396e-01,8.852303046027089062e-01,8.938199112442112293e-01,9.119364296775486212e-01,9.602252171435137207e-01,9.653402472419234659e-01
3.700030000000000000e+05,7.252890928253985514e-03,1.454402463930570821e-02,1.355863355043323004e-01,2.436656478739762655e-01,2.530369568674122327e-01,3.222254494445936368e-01,3.298004952733251116e-01,3.422752751485946821e-01,3.517313904189972584e-01,4.475579633259272327e-01,5.033892216288183841e-01,5.167241977376342277e-01,5.488267663514349026e-01,6.089228394067869310e-01,6.785081199649095618e-01,7.796339588143423871e-01,8.204706296317662018e-01,8.887736554490653917e-01,9.938392768795819565e-01,9.953137155769306021e-01
3.700040000000000000e+05,7.309722019009246008e-02,1.448677644793154862e-01,2.200596080503132157e-01,2.505082111986969284e-01,2.552170651329264128e-01,3.006602218493018563e-01,4.506613132133004962e-01,5.346683482759668760e-01,6.492997653459473550e-01,7.265543328188344141e-01,7.398508819749952670e-01,7.825379752870140759e-01,8.089849456871580635e-01,8.472804457903772013e-01,8.865744522041144604e-01,9.155141317321977557e-01,9.355560536700623375e-01,9.683410680275498228e-01,9.862474638320692932e-01,9.994362235745060108e-01
3.700050000000000000e+05,3.602047417855691602e-02,3.920925084836157648e-02,6.295821539089263563e-02,6.786017022044388280e-02,9.326628207035325691e-02,1.466106405892331210e-01,1.757428353872496629e-01,2.158579757353238371e-01,3.352276034140904137e-01,3.684662344727112071e-01,4.288015184845842542e-01,5.647690892517660544e-01,5.897977096611144443e-01,6.813442127683650984e-01,8.045419411436706136e-01,8.412849496895489221e-01,8.713323723889618844e-01,9.316901028547517338e-01,9.933040275094682237e-01,9.987120317292547123e-01
3.700060000000000000e+05,7.870697263262516064e-02,7.915858803613029515e-02,9.478220827656891334e-02,1.195076540132625764e-01,1.604991606315264718e-01,1.777561288883945378e-01,2.090909470681364679e-01,2.103590449102755722e-01,3.716218420547151569e-01,4.308955411912589462e-01,4.361021591572469269e-01,4.715932235838006248e-01,4.744823032696301457e-01,4.914524358484724242e-01,6.906491240471006599e-01,6.974105453518507636e-01,7.290636316447643983e-01,7.757921245816451483e-01,8.651474957449195591e-01,9.062234880389065106e-01
3.700070000000000000e+05,5.917466965722095740e-02,6.579613833856379213e-02,8.010636612703747605e-02,2.132652924702611585e-01,2.310829661934370449e-01,2.517026758333162917e-01,2.628813588893070818e-01,3.435793471722594639e-01,3.712356438757666854e-01,4.460090700002150577e-01,4.604574336195002005e-01,4.702726243588959409e-01,5.857520750294589185e-01,6.212112382636899577e-01,6.349824858000460148e-01,7.588845058477312611e-01,7.716885402980165898e-01,9.352956573106839810e-01,9.709781220666767743e-01,9.922035417092375242e-01
3.700080000000000000e+05,2.354578906822923923e-02,1.046338201108480970e-01,1.112395300554759325e-01,2.257717990816285880e-01,3.062076550237068373e-01,3.192700722096394328e-01,3.200896355978426477e-01,3.929984330634068712e-01,4.275879189890280374e-01,4.501701466211475156e-01,5.899502108630388930e-01,6.093966342583412299e-01,6.224863234268883661e-01,7.055358615074512896e-01,7.878643093091750593e-01,8.367583655702552914e-01,8.450763744028737534e-01,8.774454371650722839e-01,9.199892460222899304e-01,9.987389762105080004e-01
3.700090000000000000e+05,7.148416859747319663e-03,3.419628045211231537e-02,6.070434150267345341e-02,1.817864015788213106e-01,1.904802753658272341e-01,2.525458238148888812e-01,3.452497220253946120e-01,3.917664852871400871e-01,4.132476002463956188e-01,4.173322990218116812e-01,4.286236845529987072e-01,5.193587031389358399e-01,6.023438724388916476e-01,6.578971612429314053e-01,6.609418826738965302e-01,7.219654037323401941e-01,7.236543149579730549e-01,7.987341659666915561e-01,8.255825482907314106e-01,9.091568395770698308e-01
3.700100000000000000e+05,2.971149188107469197e-02,6.925857921147615670e-02,9.696670274148588842e-02,1.689043597508761430e-01,2.292922101930650047e-01,3.193453607113148074e-01,3.339771412074485912e-01,5.399178175376325717e-01,5.416924816005440624e-01,5.796885647574482325e-01,6.306554251151373913e-01,6.317540276245624531e-01,6.965787738546216357e-01,7.238293611947860251e-01,7.588448648021234311e-01,8.176378144101013046e-01,8.407503116614717387e-01,8.615751062216969736e-01,9.426695205229769225e-01,9.958317467108575016e-01
3.700110000000000000e+05,1.814197383098103966e-02,2.801338331438174567e-02,1.543965291849036525e-01,1.915327985143266964e-01,1.952068060413544304e-01,3.060127122548036427e-01,3.139359977544931013e-01,3.612004350252973062e-01,4.310996005072845749e-01,4.329761915646896941e-01,4.731466486935033133e-01,4.900970969689503187e-01,4.992161345167051012e-01,5.001212130205620054e-01,5.491559519778372866e-01,6.152735912603105595e-01,6.488685772331681534e-01,6.890142745951431946e-01,8.695018899145227076e-01,9.879604966539051736e-01
3.700120000000000000e+05,1.024408409452295388e-01,2.001869398810653955e-01,2.210676704851126662e-01,2.275211508032060070e-01,2.434566067624032160e-01,2.736058129442546782e-01,3.160561311943660412e-01,4.651281245871332626e-01,5.540976748635659810e-01,5.739303568419609203e-01,5.984957282980235549e-01,6.459599923097616436e-01,6.570644788879603793e-01,7.093642169017628785e-01,7.579599833126012820e-01,7.642531159795149520e-01,7.709102829115436206e-01,8.334868088669389330e-01,8.471242085079796480e-01,9.122277137050550655e-01
3.700130000000000000e+05,2.544818686015581921e-02,7.162613409021945099e-02,8.173437035986974575e-02,1.297768957374219045e-01,1.521976837856530151e-01,1.636778290824008053e-01,1.818324778285149712e-01,2.221716260567607737e-01,2.509845951487571503e-01,2.542370106088646109e-01,2.978547529234697455e-01,3.251858978736746897e-01,4.620721802407264933e-01,5.318803875790815150e-01,5.462979987094911394e-01,7.916100767335658706e-01,8.200192687546329351e-01,8.789612740980784489e-01,8.988590477567968140e-01,9.737637075652052498e-01
3.700140000000000000e+05,5.666971989637470397e-02,7.081138212144810762e-02,1.536234352642066314e-01,1.615060124406443309e-01,2.280307653398825352e-01,3.020494012862831035e-01,3.043456705359786074e-01,3.143658267750010227e-01,4.740865304600090369e-01,5.046512471534394528e-01,5.612757842064632907e-01,5.942928998971548360e-01,6.489404424887391665e-01,7.546456039460180953e-01,7.867891193934278826e-01,8.152274490965624176e-01,8.442321012746047959e-01,9.314779154553473051e-01,9.771045044095693077e-01,9.834100146087144667e-01
3.700150000000000000e+05,6.402634437416954150e-03,4.992598946063975252e-02,7.785988905535290439e-02,9.235996865470463835e-02,1.596253690839171124e-01,1.608033390892869008e-01,2.275816481360789512e-01,3.149027920327426289e-01,4.584634624934585956e-01,5.157338983716226455e-01,5.760904693920906317e-01,5.766038947903294742e-01,5.915352445469359566e-01,6.388699656681859906e-01,7.053192715262623924e-01,7.196965053559370995e-01,7.800443059393249445e-01,8.514984250397626964e-01,8.873094259617585466e-01,9.120786285277056038e-01
3.700160000000000000e+05,1.269810887876576810e-01,1.431006615742080879e-01,3.450600209173507738e-01,3.720672787592625985e-01,5.209935189015243440e-01,5.566153964045431612e-01,6.283607485486470967e-01,6.544957594351328289e-01,6.847056213533008195e-01,6.855935902982130958e-01,7.052346083135893062e-01,7.346398601091990166e-01,7.697152344751726494e-01,7.987039628417194059e-01,8.109619628111170986e-01,8.363321572916340152e-01,8.471478263679661502e-01,8.833530856785622998e-01,9.034647768505674748e-01,9.682922901770482094e-01
3.700170000000000000e+05,1.119623251832525535e-01,1.892553309110742710e-01,2.095609981715752523e-01,2.394415721872900082e-01,3.012482074591388281e-01,3.063506990843194444e-01,3.411239770687019002e-01,3.490348366524077539e-01,3.614714255318193237e-01,4.637970134262846544e-01,4.854749571147249920e-01,5.000123343689394373e-01,5.924787952338096408e-01,6.140919699538862631e-01,6.728090212673834003e-01,7.392887110832944142e-01,8.601463179341404253e-01,8.684996974880774268e-01,9.122416401067995340e-01,9.382187432966084817e-01
3.700180000000000000e+05,9.529072720676401431e-02,1.878766814347011538e-01,2.203385537283192308e-01,2.849037153411951850e-01,2.863322854783069138e-01,2.969179832714946565e-01,4.344394715831892961e-01,4.511314755487908501e-01,4.795828029800921488e-01,5.455141313779173773e-01,5.693812121509326252e-01,5.700203097318832235e-01,6.355468700387295611e-01,6.954683223834571271e-01,6.993483139026581696e-01,7.167612993300885860e-01,7.224353444557520820e-01,8.418620984599972656e-01,9.226527752892047518e-01,9.228976892740864413e-01
3.700190000000000000e+05,4.468524646866378625e-02,1.182235489674556828e-01,1.300112986128020287e-01,1.713162923100927104e-01,2.209856740424881449e-01,2.325608107250773937e-01,2.334854743187830817e-01,3.430986531932425088e-01,3.839809842587691424e-01,4.287687274037035312e-01,4.610538658180931559e-01,5.019711573166729668e-01,5.249983824956077072e-01,5.264311982828365766e-01,5.597549900478276941e-01,7.807410781235171182e-01,7.933708352931394536e-01,8.069449336558321972e-01,8.334514503326744261e-01,9.778532664895815962e-01
3.700200000000000000e+05,1.838639079947335109e-02,7.622016273447895784e-02,1.217940422887648921e-01,1.611863424297839131e-01,1.705303492311546210e-01,2.321227076093611563e-01,3.259452076345982219e-01,3.946386136501234265e-01,4.140363160754640948e-01,4.409139219487352435e-01,5.295329574950581319e-01,5.742733450887912428e-01,5.988113214754120506e-01,6.480591691457033843e-01,6.786191784035408014e-01,6.974280452103147621e-01,7.701852098378749734e-01,8.529181961969317660e-01,8.550377774270275788e-01,9.466316854609018172e-01
3.700210000000000000e+05,5.583255936810116449e-02,1.033966543732260934e-01,1.645951709099268134e-01,2.179904027906088837e-01,2.516271302386138276e-01,2.943960733720580869e-01,3.045302670722854765e-01,3.686091694010222852e-01,3.967027199973416351e-01,4.076759237678342362e-01,5.347673824916623353e-01,5.519832033815054162e-01,6.389702214476079556e-01,7.137977205700787309e-01,8.013315205837188149e-01,8.658509231971858178e-01,8.692799742753786196e-01,9.076502525233565155e-01,9.088919790445952884e-01,9.632184189511314720e-01
3.700220000000000000e+05,4.451131191763502137e-02,5.732130249844324954e-02,6.780873125689423908e-02,2.965447610375109289e-01,3.013733852063711360e-01,3.274346719322712707e-01,3.920014163612293157e-01,4.120596631205344362e-01,4.450490824017160341e-01,4.754880988450235213e-01,5.446324558577658737e-01,5.570891218317365334e-01,5.865217200269754461e-01,6.964929934299507464e-01,7.049821751659950397e-01,7.620872368929842988e-01,7.689558195072925262e-01,9.419223700491864415e-01,9.429590135283261176e-01,9.963169178723508823e-01
3.700230000000000000e+05,1.970609413748380945e-02,4.447340775578101368e-02,5.957649907357154273e-02,8.621518382812198844e-02,9.260947321621826323e-02,9.310719201709538595e-02,2.242669748279798592e-01,2.883083627755756995e-01,3.918310616875764207e-01,4.885084369773611268e-01,5.290156972571445904e-01,5.525517059914930584e-01,5.920781675134575428e-01,6.039848434722202564e-01,6.926327189979309962e-01,7.275775949648246588e-01,7.302280696032846796e-01,7.659522527383822998e-01,8.049886446398404338e-01,9.251459188633145425e-01
3.700240000000000000e+05,4.713692498725052804e-02,2.023618091187431300e-01,2.482623845144249497e-01,3.536186550331467116e-01,5.908384729938981339e-01,6.137890414052409316e-01,6.277868441788717613e-01,6.645408114697581858e-01,6.756572361756040257e-01,7.267123769799737065e-01,7.593109164386429022e-01,8.064958364699679194e-01,8.404218446009596999e-01,8.695341015238178262e-01,9.141756191197439874e-01,9.198577128001442782e-01,9.227965216533765558e-01,9.288670453264411542e-01,9.638515614894164196e-01,9.743031930572652044e-01
3.700250000000000000e+05,5.963046439060570858e-02,1.183899768293056320e-01,1.536420796270722144e-01,1.980559495230411748e-01,3.030142078558710761e-01,3.546820046478669219e-01,3.839851643858556152e-01,3.944999906345637575e-01,4.076373512081225003e-01,5.097995541601270109e-01,5.317514176228086420e-01,6.833579994980643058e-01,6.868280521770535607e-01,6.904869926826839865e-01,7.377065258572547135e-01,8.538920147243403980e-01,8.546057819590145987e-01,8.873557729451875264e-01,9.257871754234097139e-01,9.504451605469091957e-01
3.700260000000000000e+05,1.041418691429003562e-01,1.350371344277450092e-01,1.423722491370889021e-01,2.193787902695657488e-01,2.343588899551425353e-01,2.710852273241830535e-01,2.821109995594469622e-01,4.245405469487089078e-01,4.443926560250309743e-01,4.731513724610237892e-01,4.765264361666653459e-01,4.991759868834410030e-01,5.921755415509918352e-01,6.325982067748597837e-01,6.713333650434633038e-01,7.332149701033905398e-01,7.589376990067575601e-01,7.692204695658687585e-01,7.956461976461752794e-01,8.118889017869991287e-01
3.700270000000000000e+05,5.845475346423667506e-02,1.335498779500126076e-01,1.378260948444932632e-01,1.708618161098851562e-01,1.793462871678394022e-01,3.020317931269942413e-01,3.137241620485405891e-01,3.270736126050114434e-01,3.658032727349251889e-01,4.704048074005114932e-01,5.381719785315608462e-01,5.945165239234071475e-01,5.965947243693778823e-01,6.969053202763819677e-01,7.290127876286406350e-01,7.655290045729538084e-01,7.947339453389375974e-01,9.351123906788864071e-01,9.443760766437072629e-01,9.756186092012784083e-01
3.700280000000000000e+05,1.485598894458250996e-02,1.194985196479675382e-01,1.560383886440803725e-01,1.893786924952759465e-01,1.956389515042299410e-01,3.126458966807877937e-01,4.560229063034784147e-01,4.662831091489494373e-01,5.801032314643252974e-01,6.652365706328854378e-01,6.730852027468759990e-01,6.748107850465584479e-01,7.196801275545910981e-01,7.594452100011253037e-01,8.530799338999716097e-01,8.833068932366628934e-01,8.906139495169600462e-01,8.929084500175371586e-01,9.428769684996490819e-01,9.568670422393649178e-01
3.700290000000000000e+05,1.123647866342869506e-02,4.575598258485091829e-02,6.607347144452946353e-02,1.604500649238601584e-01,1.772096767861155442e-01,1.857312840387079778e-01,2.161374893105146855e-01,2.818898607806211709e-01,3.490360547790551937e-01,4.014188636806615973e-01,4.437634185857856073e-01,5.267671978871513172e-01,5.390843408681132987e-01,5.567488155778220760e-01,5.701301017388510362e-01,6.329729272169632992e-01,6.759725911763413420e-01,7.418285284673804547e-01,7.731980185128209948e-01,9.286459926375981722e-01
3.700300000000000000e+05,2.823856685305939918e-01,2.975743837751987364e-01,3.153399155648541896e-01,3.668846146364737049e-01,4.741679772676770099e-01,4.908161007337956683e-01,5.410008515244061345e-01,5.887840861420279293e-01,6.438175782103957578e-01,6.544120923077536567e-01,6.818256100761517224e-01,7.002478964273327611e-01,7.553021886888012792e-01,7.953062847333537411e-01,8.509758636347801719e-01,8.947565664878484037e-01,8.972231775601114956e-01,9.025584943243455394e-01,9.866462653506663516e-01,9.999677822931035687e-01
3.700310000000000000e+05,1.410514347700630999e-02,1.075021195121786954e-01,2.317457346267592921e-01,2.589905957164093664e-01,3.261246424718168280e-01,3.822071107672855295e-01,5.700556418854904051e-01,5.957242256266377378e-01,5.991007528134700832e-01,6.687053011177681583e-01,6.843241574955645223e-01,6.946260194506592711e-01,7.024573833171365855e-01,7.265675132689285443e-01,7.347407862097791176e-01,7.606720443550279986e-01,7.644715415182535834e-01,8.516506113095299035e-01,8.579299491481023887e-01,9.235280818154854021e-01
3.700320000000000000e+05,8.762408803754895281e-03,3.279601304397561368e-02,3.422924213917621916e-02,6.213079410546107351e-02,1.117751151292323275e-01,1.841359522327503662e-01,2.254949427722300337e-01,3.315990997189903755e-01,3.970826051201354900e-01,3.981672817960349997e-01,4.597267606681841867e-01,6.292201139787620967e-01,6.342636145641620260e-01,7.632750549563822595e-01,8.385350877353741073e-01,8.799113023187099536e-01,8.941541741948413335e-01,9.237557328693983827e-01,9.318554584971369126e-01,9.954224423830340118e-01
3.700330000000000000e+05,1.764561759391991558e-03,3.173597678891115770e-02,5.527391700446815381e-02,7.444636595052356309e-02,1.583873386451061238e-01,1.654234693216054541e-01,2.352775063179156634e-01,2.384901540391489716e-01,2.647585912954630860e-01,3.929867546091970754e-01,4.429349821493320238e-01,6.091966772777982486e-01,6.165119394211382442e-01,7.204933296349143035e-01,8.062261318071555216e-01,8.373147872863777597e-01,8.741920039332500281e-01,9.428582337027444638e-01,9.652465590751422297e-01,9.969920957107393233e-01
3.700340000000000000e+05,2.525399156836205528e-02,3.484469940105627828e-02,6.500931125300413171e-02,7.096064964663473251e-02,9.728604170319044009e-02,2.310561638558011888e-01,2.956770760078945015e-01,3.065539451580883146e-01,3.244595077233372038e-01,3.519621594350789140e-01,4.794885494554618210e-01,5.805182371550681175e-01,6.674326946158027907e-01,7.008800256905571846e-01,7.489852659767480825e-01,7.498087035600899952e-01,8.656916877293492352e-01,8.952422188878067510e-01,9.404741245913736947e-01,9.723162047440148115e-01
3.700350000000000000e+05,3.241385245096095602e-03,1.879624848876804144e-01,2.090223109510989108e-01,2.148373535337404494e-01,2.235518804058852504e-01,2.326036960985394808e-01,3.488626084674152361e-01,4.198914062020137061e-01,4.460561436119045986e-01,4.905382651513253700e-01,5.358064627212029141e-01,5.578100398639169732e-01,5.735809229233721496e-01,5.950892845729366387e-01,6.208479200261013409e-01,7.935567091003066231e-01,7.962736879697145387e-01,8.020710549572257486e-01,8.859286506276822237e-01,9.582535813129110513e-01
3.700360000000000000e+05,6.834311860275466000e-02,1.479077042907172013e-01,2.129905556437948766e-01,2.834564054722915616e-01,3.391379525133307871e-01,4.069540475728563589e-01,4.083746867997872787e-01,4.922666758322409297e-01,5.139511133830586553e-01,5.383542348761742868e-01,6.330385389165564813e-01,6.517661648129222662e-01,6.775250702791615343e-01,6.795613572274967762e-01,7.125499018666257012e-01,7.487573838927034098e-01,7.593593140871199854e-01,7.766906257043356687e-01,7.955746594280180828e-01,9.673834057678272202e-01
3.700370000000000000e+05,2.883768251371454650e-02,3.539904233415658297e-02,8.255843262043383035e-02,8.445485010426012629e-02,1.025439445550668793e-01,1.234158134904007609e-01,1.724263708135128637e-01,3.279069541601051796e-01,3.352080838888211733e-01,3.494641819750139433e-01,3.584720110965828876e-01,3.716624979333926770e-01,4.181753562319265871e-01,4.726609987812120384e-01,4.871025310659743424e-01,4.992806231747235479e-01,5.504353580447449712e-01,6.754641097220679402e-01,7.120381418759103020e-01,9.843869951029567966e-01
3.700380000000000000e+05,1.056804624287654981e-02,6.563188197006308844e-02,1.624432093658710885e-01,1.696056510188410638e-01,1.995912637554618785e-01,3.399029963995539028e-01,4.309847147997079020e-01,4.557140007243379864e-01,4.765127558137404185e-01,5.343489832025897224e-01,5.513690329292720849e-01,7.264276518992774934e-01,7.786085755785091544e-01,7.977629135699645380e-01,8.004692126472862101e-01,8.070980257090529797e-01,8.317939515513927962e-01,8.416369072312518407e-01,9.360490867828112904e-01,9.722718070324073425e-01
3.700390000000000000e+05,6.712720404460081891e-02,9.052729639075485224e-02,1.256232549560930556e-01,1.446525023821607636e-01,1.572379776650902894e-01,1.881793504631639191e-01,2.125260666758863604e-01,2.275712461032515233e-01,2.308270971959937023e-01,2.595085165833086460e-01,3.504429482119837402e-01,3.974945494889494668e-01,5.117965277948387515e-01,5.925941808869082950e-01,6.321514314752573194e-01,6.363622085566718045e-01,6.539622894937506814e-01,7.441726909111646693e-01,8.212067922611278048e-01,9.119632880565260447e-01
3.700400000000000000e+05,1.765667566421602608e-03,9.722159041099887045e-02,1.129366152303816762e-01,1.419942624929597663e-01,2.728654296291601611e-01,3.402899735022855143e-01,3.513616933066121550e-01,4.456080309537723272e-01,4.627631676669513583e-01,4.869709589445122555e-01,5.586677828721996475e-01,7.455588429012897089e-01,7.782057892360187967e-01,8.166639060851996756e-01,8.472406295274765853e-01,8.679613965120021035e-01,8.981037546163818108e-01,9.188171716606435835e-01,9.263501402167976240e-01,9.535644870188175748e-01
3.700410000000000000e+05,2.678410172655754096e-02,7.028237405023218809e-02,8.887346882178570606e-02,9.245452387261288152e-02,1.198680990890335085e-01,1.621061037447437680e-01,3.104358387652321749e-01,3.371773527884465160e-01,3.886797556080241467e-01,4.588034171186081700e-01,5.730795722300490169e-01,6.479198820650399204e-01,8.073115082798868469e-01,8.979699320307441557e-01,9.212889652023659171e-01,9.370466951194296179e-01,9.517292985778348369e-01,9.548145706530796195e-01,9.725817910181878689e-01,9.770035873761100387e-01
3.700420000000000000e+05,8.321899133417298700e-02,1.542938128433564149e-01,2.290486628626536847e-01,2.423120026510763303e-01,2.506438447164260896e-01,2.807826178986057020e-01,3.154388129293116405e-01,3.381302283342508819e-01,3.824836201730653640e-01,5.389931802150487172e-01,5.489366876734705913e-01,6.345686484814019312e-01,6.593838327338098493e-01,7.378446207131243995e-01,8.558553953922671820e-01,8.599619835469508589e-01,8.621767779597732106e-01,8.855160132705989229e-01,9.205674808407506848e-01,9.750750462158749299e-01
3.700430000000000000e+05,4.381735789611429510e-03,2.250942654057974668e-02,7.167609732849322679e-02,1.563195690175456232e-01,1.956128325741889329e-01,2.168277444117785446e-01,2.540286279233909816e-01,2.763125507583013007e-01,2.811177536269626742e-01,3.672926261417743810e-01,4.778656479371321542e-01,4.855816674171511416e-01,4.896531536009529617e-01,5.839403782790943964e-01,6.083175392157815775e-01,6.149668027205182907e-01,6.594630496992919255e-01,7.184644984446812987e-01,8.260706013059335717e-01,9.087672829740670588e-01
3.700440000000000000e+05,5.768846318377585103e-02,1.098479701922776552e-01,1.130164717778190386e-01,1.960652559204061340e-01,1.974892263970604578e-01,2.670638183827549472e-01,3.874073840398466473e-01,4.305744050390619693e-01,4.382163437376626058e-01,5.213563708766851823e-01,5.373007677318173414e-01,5.472612833304685287e-01,5.777418831679931310e-01,6.012538532033057104e-01,6.481506792865120437e-01,6.954091334640503108e-01,7.187005607143043262e-01,7.594036856408795666e-01,7.783171412394997990e-01,8.372596276038910545e-01
3.700450000000000000e+05,4.944640100945751904e-03,2.663079466649997951e-02,3.247132165945332272e-02,5.698806537084266655e-02,1.670553724097556536e-01,2.116153434821729240e-01,2.421464280706230321e-01,2.617482458359062791e-01,3.527601721589782580e-01,3.543132527354084793e-01,5.082407750764630361e-01,6.573568663943256674e-01,6.643384520855265540e-01,6.937003507942037794e-01,7.066007325537149164e-01,7.727225609690918651e-01,8.842698201500878152e-01,9.391331176713224593e-01,9.774323930276903605e-01,9.881173703328911540e-01
3.700460000000000000e+05,9.261863789249868972e-03,4.385566684492048228e-02,1.473647872108666546e-01,2.518107535003116793e-01,3.001640340988143141e-01,4.389308273812112526e-01,4.779706132576932998e-01,4.874576386674721595e-01,5.668452536715963275e-01,6.894093305116857362e-01,6.926233413631701641e-01,6.975440909021747293e-01,7.620422898928406186e-01,8.029809579265467789e-01,8.232571013924219194e-01,8.271662119440083005e-01,8.519318395686004131e-01,8.766904807547329925e-01,9.435300903358178060e-01,9.998915520522660971e-01
3.700470000000000000e+05,1.744145657839468733e-02,7.533582915179026784e-02,1.210112130499582106e-01,1.286753698862690420e-01,1.564738611022835624e-01,1.698214490367006002e-01,1.930982538980079433e-01,2.601220063255985648e-01,2.837725860103954556e-01,4.195757797661828770e-01,4.202927287695085168e-01,4.867602992712415366e-01,5.742216007551980139e-01,5.887095657209415744e-01,6.123705210512289110e-01,7.970663945772357151e-01,8.444194703895976373e-01,8.986315186300347646e-01,9.488120048751405022e-01,9.626116771363945057e-01
3.700480000000000000e+05,1.616329809998846567e-01,2.173739646199116526e-01,2.346682731440897784e-01,2.962074126327334245e-01,2.980152344404723985e-01,3.157142857350127008e-01,4.488513778763911777e-01,5.184656019478808275e-01,5.275698569300586449e-01,6.256124486112717431e-01,6.791207554049367712e-01,6.891279318947551857e-01,7.129361287594951913e-01,7.971302636859586288e-01,7.986907589319581779e-01,8.660009428884027916e-01,8.733181639913500938e-01,8.848262279771271777e-01,9.049222419138152063e-01,9.789171728830210473e-01
3.700490000000000000e+05,6.152688154186791714e-03,2.166324930733132259e-02,5.084245048467417316e-02,8.810901638106549694e-02,1.686361492063491729e-01,2.004896585553137545e-01,3.585489356708028152e-01,3.894776716930695715e-01,4.598859176321262732e-01,4.847382858311959364e-01,5.919933547387262740e-01,5.993079718761838981e-01,7.476130460448751069e-01,7.656300682385897005e-01,8.197295529970689554e-01,8.216244161230706888e-01,8.291684599931168353e-01,8.510599894439714319e-01,8.675281665559820832e-01,9.622926951780085281e-01
3.700500000000000000e+05,4.405402706166849924e-04,2.171546159249637675e-03,2.338060965708066430e-02,1.326371945640858474e-01,2.496326474333560030e-01,2.827330541163091127e-01,3.064110792108920567e-01,3.891682826218731961e-01,4.871894130177512050e-01,4.901050388922409962e-01,5.355828855991794368e-01,5.591170362074345812e-01,5.945838369341118756e-01,6.573272318595774211e-01,6.595783725805208775e-01,7.303639015604622697e-01,7.360121345595251885e-01,8.247347187786462364e-01,9.721528722747914131e-01,9.842967400853911419e-01
3.700510000000000000e+05,8.811941598716854784e-02,1.119361137987022747e-01,1.766639084462592324e-01,1.966542401774765692e-01,2.030451981554929342e-01,3.102666105484893633e-01,3.173598957131227305e-01,3.488747899932114205e-01,4.892892915325796066e-01,5.363723104933610930e-01,5.448410889695091130e-01,5.674477488323200758e-01,6.611526583472744356e-01,7.141313486423732648e-01,7.366707962430316670e-01,8.148197793242558662e-01,8.254411939677316346e-01,8.442494589095399515e-01,8.636302534314201917e-01,9.854683615133492669e-01
3.700520000000000000e+05,2.151672503804069603e-02,1.105753428458036147e-01,1.136122335068375788e-01,2.379389291419300445e-01,2.620242559649599290e-01,2.740320281289920779e-01,3.752493801023318865e-01,3.906853281123686683e-01,4.539369287412112763e-01,5.229773535818341701e-01,5.615452515170494818e-01,5.718752919326739459e-01,5.948574844650255100e-01,7.294497414665828128e-01,7.332604061280781904e-01,7.791159121921397146e-01,8.094708540405209929e-01,8.254176716338140762e-01,9.116555213756469822e-01,9.991765257769364972e-01
3.700530000000000000e+05,5.820500444312148858e-03,7.217230137923869027e-02,8.820514587979977339e-02,1.445198042392434878e-01,1.703095341319071920e-01,1.950451391318832606e-01,2.154777778354746154e-01,2.861958354603009180e-01,5.079902848549242567e-01,5.951765301537563779e-01,7.064810101333962589e-01,7.334745001858420377e-01,7.816628176857005617e-01,8.309263786417904196e-01,8.364203077377725393e-01,8.519160421323580534e-01,8.578681894344883929e-01,8.601239351068279415e-01,8.902118938127959735e-01,9.583685847499773258e-01
3.700540000000000000e+05,1.804658631490296816e-02,1.827011231780051315e-02,2.721358672407836465e-02,1.145854874890005481e-01,1.193224779054292695e-01,1.199453040590851005e-01,1.735956895174279868e-01,1.973398339347518515e-01,2.327179210566548972e-01,2.674019357529443530e-01,2.880164018420905414e-01,3.624305036345722986e-01,4.035715219996941494e-01,4.805557845092329750e-01,5.152145598085429157e-01,5.697786975650358521e-01,6.177640633255135905e-01,8.547015863581012285e-01,8.562789439593085916e-01,8.687981153337172024e-01
3.700550000000000000e+05,7.862318322607975141e-02,1.914290133345277756e-01,2.556968633236585964e-01,2.744509681599270889e-01,2.811210278275447783e-01,3.018381259445376275e-01,3.957126535850361559e-01,4.176467712581123370e-01,4.220355746517445716e-01,4.541118088027586985e-01,5.631188987295158155e-01,6.440578606033005027e-01,7.195106825424194552e-01,7.241401202866158959e-01,7.368520881252252908e-01,7.972468376816151947e-01,8.272357651451782701e-01,9.766053283685879327e-01,9.823578847860213736e-01,9.983837539304161179e-01
3.700560000000000000e+05,2.275667038365336570e-02,1.238008948494342398e-01,1.273973798839344029e-01,1.294100189687099611e-01,2.997668833522350029e-01,3.606981197231029501e-01,4.980005690515987293e-01,4.997293635143139623e-01,5.247075728049627186e-01,5.593717809121312445e-01,5.873511330385779994e-01,6.146816324868918935e-01,6.563366949812876605e-01,6.655609426148854091e-01,6.669883214186234088e-01,6.785123497653597902e-01,7.068802190953025200e-01,8.773865574459702721e-01,9.041828892127566908e-01,9.110587899210453866e-01
3.700570000000000000e+05,1.512014900533508177e-01,1.877142040232194775e-01,2.009717870385001603e-01,2.316279407868514495e-01,2.600225475612569781e-01,2.805535968312650175e-01,5.581953456811526992e-01,6.191745086352727911e-01,6.978815107235085691e-01,7.012932648283073389e-01,7.087453667456633521e-01,8.618317603912120095e-01,8.739027527435617726e-01,8.762944015545914844e-01,8.991146218918731892e-01,9.021388985334438670e-01,9.150638152288608218e-01,9.322757645321706477e-01,9.738282779943283618e-01,9.974417412305933706e-01
3.700580000000000000e+05,2.420582884626476528e-02,4.099481493784018493e-02,5.285475948963036519e-02,6.308533748853917267e-02,1.133860727394417900e-01,1.136205374609834395e-01,1.494239517576660958e-01,1.502449176016545929e-01,3.058545431546354498e-01,3.417602103746388842e-01,3.666914766887064969e-01,4.023245429933864914e-01,5.927740802912122575e-01,6.832129331062168909e-01,7.572943819918530606e-01,8.572189858449135169e-01,8.775162634558275609e-01,9.416394263090452910e-01,9.581909597436707449e-01,9.719777236102680185e-01
3.700590000000000000e+05,1.671288714159957500e-02,3.600498411461017234e-02,3.618282107817660798e-02,4.342925660758834017e-02,6.114633049368556339e-02,7.073273692665504875e-02,1.451306561817585772e-01,3.038320449508831178e-01,3.224077833632886803e-01,3.366449032580083323e-01,3.911924537778580513e-01,4.954319125166625204e-01,6.389258807841746712e-01,6.902547045357707578e-01,7.378623538924478087e-01,8.469449788706092663e-01,9.235844236355511550e-01,9.381790206995489489e-01,9.651742072226144886e-01,9.679514280441692264e-01
3.700600000000000000e+05,7.579481816926059157e-02,1.512538274108423675e-01,1.566448182477592210e-01,1.611555985706291105e-01,1.781767737719965883e-01,2.362798399836104624e-01,2.428128734388066423e-01,3.677515412994364352e-01,5.012838038425155851e-01,5.236030203396313532e-01,5.686764149293388471e-01,5.859100826357674929e-01,5.984421829790129710e-01,6.778466024535653167e-01,7.272825977681115495e-01,8.102667451562792778e-01,8.154715891991543009e-01,8.808459529950711797e-01,9.136126308139418395e-01,9.753067774014043678e-01
3.700610000000000000e+05,5.973922615974402994e-03,1.107085871005495381e-01,1.189633893235939599e-01,1.601316575422141453e-01,3.405499028185708932e-01,3.496876062272664676e-01,3.523232987730532395e-01,3.660522866536337627e-01,3.782391457641069987e-01,4.205137927551549915e-01,5.928543323115966768e-01,6.646271940133520184e-01,7.444771337665927469e-01,8.244116357864149647e-01,8.504593372409725571e-01,9.133156701612363815e-01,9.188009933243077576e-01,9.250501316117311079e-01,9.809585923665735674e-01,9.860081718955839847e-01
3.700620000000000000e+05,5.935955995091224402e-03,5.424549341358853027e-02,1.228812394607918801e-01,1.285454011667928054e-01,1.321327058921381026e-01,1.327753737025807457e-01,3.195219775541868756e-01,3.705711234568001000e-01,4.930384304869691592e-01,5.038902890223597719e-01,5.305201265273776778e-01,5.512997429017904016e-01,5.756314120016177149e-01,6.404034528828038697e-01,7.326093264339925692e-01,8.033185552482107195e-01,8.126697696046665254e-01,8.161951486681254808e-01,8.858709295650789572e-01,9.430723272575857186e-01
3.700630000000000000e+05,7.156967253445500887e-04,4.917303159069030816e-02,9.011241592044905158e-02,1.188415339667548976e-01,1.404993071893986256e-01,1.544308049488014589e-01,2.260977618461204042e-01,2.272495224933156477e-01,3.238631240895066821e-01,3.251680333020398050e-01,3.659672933538922202e-01,3.854537700729256944e-01,3.976752448108428206e-01,6.370820335649821642e-01,7.072493808669595428e-01,8.310694770954711874e-01,8.347355703012233619e-01,8.643005574512760969e-01,9.687816015344585807e-01,9.947543352512621118e-01
3.700640000000000000e+05,7.580269090735558546e-02,8.070245412392029749e-02,8.459808700598481224e-02,1.073624566235451550e-01,1.526593187509496241e-01,2.387790150231315911e-01,2.497043514642033335e-01,2.887476485957060079e-01,4.288216033428788876e-01,4.549611038917635852e-01,5.187075961688845105e-01,6.359726543398717125e-01,6.516829653072536699e-01,6.895310672189307599e-01,7.233088671631822120e-01,7.379597659808434518e-01,7.624064552923019988e-01,7.959549359643055544e-01,8.995772015058870474e-01,9.817256651749483032e-01
3.700650000000000000e+05,2.450230709766920700e-02,6.894981725138382700e-02,1.048669840493080541e-01,1.201651952840474546e-01,1.676267983786761118e-01,3.435671688065452534e-01,3.584842815940116889e-01,3.926916989525507384e-01,5.618675231639944645e-01,5.648226484177855111e-01,6.415870724152897830e-01,7.215233116639474531e-01,7.260108509246984143e-01,7.832828258584362269e-01,8.607995952199234413e-01,8.917464233627970804e-01,8.951185555431125929e-01,9.125141253380046891e-01,9.490087260480128961e-01,9.789822158819403430e-01
3.700660000000000000e+05,1.539089807381066599e-01,1.580492795235108883e-01,2.139743441097096133e-01,2.715847845939520777e-01,3.263605762353709583e-01,3.534997254552461055e-01,3.617711006635885296e-01,4.281340362626759877e-01,4.867684994537545551e-01,4.913486539129875430e-01,5.043386655481935099e-01,5.717756452740850870e-01,6.108186389854817211e-01,6.513383975221718192e-01,8.320829998102343694e-01,8.348876172614235758e-01,8.855657054250867244e-01,8.894838061462952972e-01,8.972020521072342492e-01,9.742331581578547173e-01
3.700670000000000000e+05,2.394336126845475476e-02,2.606009849906776310e-02,5.208564067597898362e-02,9.171928356417813344e-02,1.747989904661693128e-01,3.095205146692401321e-01,3.677804018584204249e-01,4.009946330811119397e-01,4.713488847353916045e-01,4.780015547090308292e-01,5.998731220785940010e-01,6.397514081895876448e-01,6.424028248602745572e-01,6.504136585647815050e-01,6.524671763507053912e-01,6.605073448522033042e-01,8.059001579935901605e-01,8.119721354556108661e-01,8.127051713920215859e-01,9.403583493093359280e-01
3.700680000000000000e+05,5.648608416296829748e-02,1.253761361285721243e-01,1.470807921460254297e-01,1.650773145737651770e-01,1.682826661849562422e-01,2.328929659289930010e-01,2.409186531250507857e-01,2.668452892038409852e-01,2.890505734033536056e-01,3.910418182668189413e-01,4.034316928301916461e-01,4.286611034728308178e-01,5.258022980252861078e-01,5.567031208636389339e-01,5.607367367628753874e-01,6.810261734694328384e-01,7.277931256939603744e-01,8.121869684756345409e-01,8.442834102132387164e-01,8.813860154770015720e-01
3.700690000000000000e+05,3.609406758935862491e-02,5.568615588170111597e-02,1.222417065513369261e-01,1.798589253733695603e-01,2.927502918353559469e-01,3.231934442019936959e-01,3.549883081993241429e-01,3.638505188588784245e-01,3.845609288066715870e-01,4.112543226619095327e-01,5.662809925967151603e-01,5.999348888593801776e-01,6.978542304851165223e-01,7.085501361394166420e-01,7.313097600506479612e-01,7.791958350577242731e-01,8.336939268914388412e-01,9.070987043121093718e-01,9.180781211980992840e-01,9.215300954082815688e-01
3.700700000000000000e+05,9.532708381114440854e-02,1.102765619492875881e-01,1.255277474738099031e-01,1.621286534511950927e-01,2.007368216010193551e-01,2.607228728579719101e-01,2.781471219029371111e-01,3.055749582584517121e-01,3.234317362384769856e-01,3.367577121941611740e-01,4.376039332025589701e-01,4.899977446907015644e-01,5.898901784756889199e-01,6.202058006226639497e-01,6.226388374093488887e-01,6.260750706605119342e-01,6.469008278240557797e-01,8.105855195023172755e-01,8.149862514779645517e-01,8.292523899677748389e-01
3.700710000000000000e+05,1.412009922049117794e-02,4.466726427158518309e-02,1.587130753599502730e-01,1.815651844769459178e-01,2.168627832450902293e-01,2.578159708674562234e-01,3.380277120655021950e-01,3.617844201021944706e-01,4.980696584897055246e-01,5.379202566082763592e-01,5.724874953332071970e-01,6.574871837608906588e-01,6.838125751323657076e-01,6.997238612783320821e-01,7.152087565410419900e-01,7.838727690776114976e-01,7.959219305622891039e-01,7.962261752260268999e-01,8.233166933059573589e-01,8.597905046880222057e-01
3.700720000000000000e+05,1.616200734007755546e-02,3.877518280612624046e-02,2.089558476486417238e-01,3.053739069439533882e-01,3.840875891524161423e-01,5.196224835789183816e-01,5.362019437028431312e-01,5.514756397599713811e-01,5.644635123064030147e-01,6.299664056447000782e-01,6.554000239890482860e-01,6.746322696604020175e-01,7.418486982454568501e-01,7.962123267142333649e-01,8.328733964175500937e-01,8.572786361240091191e-01,8.679518806848476320e-01,8.742470007373498442e-01,8.981832955519338801e-01,9.503135867707762641e-01
3.700730000000000000e+05,1.876032526886728391e-02,5.693014061320178509e-02,1.059482515097504018e-01,1.066851709992643338e-01,1.534828319661206697e-01,2.247206194743713858e-01,2.803038559696833243e-01,3.195898323257336804e-01,3.537616366020012171e-01,3.670684927702443368e-01,4.306783662464293005e-01,5.841335607691555687e-01,6.946804325957181003e-01,7.007334277509701392e-01,7.191573771910586554e-01,7.249683594332989589e-01,7.723755533014647900e-01,8.278992125602953056e-01,8.656914422748500648e-01,8.717764795791725918e-01
3.700740000000000000e+05,5.022761161156741316e-02,1.785431272304132122e-01,1.886390898725454068e-01,2.170781332573599176e-01,2.526189631095410171e-01,2.872972566530633820e-01,3.503241848065069552e-01,3.964653922729909352e-01,4.977993853056928986e-01,5.837265072447285208e-01,6.611712159216833751e-01,6.667130043699475150e-01,6.668150689275376131e-01,6.760210592980767652e-01,8.306082465598983999e-01,8.360664468378348202e-01,9.033669514362295816e-01,9.158406256982906113e-01,9.574823141218395950e-01,9.680992309993925460e-01
3.700750000000000000e+05,7.317176438934058780e-02,1.781104609061450184e-01,2.387833840593297507e-01,2.771548255369210567e-01,3.763080169706480849e-01,4.112033770880463290e-01,4.416505931751436576e-01,4.631376978850899606e-01,6.094865678710817969e-01,6.131968392086437625e-01,6.832720555515890970e-01,7.584667459790684907e-01,7.849743546583530796e-01,8.241047529017542228e-01,9.023521317235811967e-01,9.122324146833615810e-01,9.255821032107307555e-01,9.272288589839716710e-01,9.314164545216211399e-01,9.357820876659139753e-01
3.700760000000000000e+05,8.562400770269951167e-02,1.361513025095338891e-01,1.453549762076562502e-01,1.877071886394032774e-01,2.280895200815132862e-01,2.641911285941810350e-01,3.053761394365549497e-01,3.296623110414357294e-01,3.306118567411405751e-01,3.643471500516226591e-01,4.129467200700384089e-01,4.269365411314799408e-01,4.324802801325779988e-01,5.765586124028730941e-01,6.391782177706402113e-01,6.404658546034437405e-01,8.214587175314170819e-01,8.952996911033185290e-01,9.117584897897511587e-01,9.620065979118684885e-01
3.700770000000000000e+05,8.446100353057239829e-02,1.002423548611813819e-01,2.861611012027637235e-01,3.148721412191423097e-01,3.296563293803115302e-01,3.408725189842580772e-01,3.476719202604340309e-01,3.516392625743385292e-01,3.939149141578359714e-01,4.261371377156126794e-01,4.927256509740002288e-01,5.019556399023100690e-01,6.159201608172988340e-01,6.564114970572807461e-01,6.690305487611131197e-01,7.730333284099309976e-01,8.322592295414370511e-01,8.469118775956370193e-01,9.452185947814546463e-01,9.567394330725189633e-01
3.700780000000000000e+05,6.291835948126545119e-02,6.840923726852210507e-02,9.122838971690627741e-02,1.438433427545972032e-01,1.650059076656901214e-01,1.795088706063644457e-01,1.811992248354910018e-01,1.998239871630742570e-01,3.080880951361253395e-01,3.086731024134785617e-01,3.198859457458430589e-01,3.687245705919218741e-01,3.950955044549907536e-01,5.057252211825000732e-01,5.229092801289642045e-01,7.549454036303243631e-01,7.795545409570703299e-01,7.828675559857387611e-01,8.669756930988981036e-01,9.210709220138558750e-01
3.700790000000000000e+05,5.041374670541243219e-02,5.192412689425451866e-02,6.678770296026037556e-02,8.356008729186492623e-02,9.034197440415769886e-02,1.258190468772502069e-01,1.807213447021578379e-01,1.888317044340038775e-01,2.190782404335533951e-01,2.308078448580055397e-01,2.512375947223125516e-01,3.326225909206910192e-01,3.694198366751685336e-01,6.872886406814030513e-01,7.105457973894244716e-01,7.773975423059015233e-01,8.729084152911323891e-01,8.815752962687914973e-01,9.420369052682118216e-01,9.819153463971942442e-01
3.700800000000000000e+05,1.336341481881058169e-01,1.727243563358975553e-01,2.049038806086007636e-01,2.253028091677896638e-01,2.706903475786150981e-01,2.901726758412650486e-01,3.088800847653403459e-01,3.730565866293840127e-01,4.239437556606255875e-01,4.427554373648951991e-01,5.230196323999426467e-01,5.939238149171759407e-01,5.990303206202225450e-01,6.369505189684379065e-01,6.791471358675644776e-01,6.791756588892050583e-01,8.379474039730407942e-01,8.567949945401982514e-01,9.157535608820047690e-01,9.850961662475540281e-01
3.700810000000000000e+05,1.103614827880052829e-01,2.027303469524405211e-01,2.441307941254632352e-01,2.774616502171565191e-01,3.250387023512026907e-01,3.866600146101143443e-01,4.021031260264673612e-01,4.053845611842686880e-01,4.113487818041848820e-01,4.263709596155110804e-01,4.297424356756643915e-01,4.301003640448854970e-01,5.418943440148825674e-01,6.414493884276681879e-01,6.444324879517757676e-01,6.624006151245043217e-01,7.139117485452333156e-01,9.724513736261674035e-01,9.751132399369329962e-01,9.907504424985638103e-01
3.700820000000000000e+05,1.999758840152998651e-02,6.938874449132026445e-02,8.827836836503433204e-02,9.543272499452881696e-02,9.782783385537696663e-02,1.471213841531351374e-01,1.895644638128856085e-01,3.018924873485826499e-01,3.300614903158254343e-01,4.896732408014429216e-01,5.247643714863923226e-01,5.570175557443910463e-01,7.480049313757777263e-01,8.628811185219990021e-01,8.644504080989852124e-01,9.120836935678851010e-01,9.210889477152723881e-01,9.280649508584750684e-01,9.550914521572785310e-01,9.709929609863783284e-01
3.700830000000000000e+05,4.133957854522662956e-02,1.667658566392421493e-01,3.477040991423691052e-01,3.629665395166986608e-01,3.745497856084465393e-01,3.930188798596663258e-01,4.035429002510386720e-01,4.493441261229046413e-01,5.240533365343046368e-01,5.524055573107609085e-01,5.825398664197530829e-01,5.975896123942854299e-01,6.094080394969099146e-01,7.754767058991285378e-01,7.830494412393779191e-01,8.157669527696868039e-01,8.428414042818185292e-01,8.534060756016005334e-01,8.745093323129011775e-01,9.347469575938511799e-01
3.700840000000000000e+05,8.106373560867186079e-02,9.027636255582771607e-02,1.338216661011895070e-01,2.642239569156697998e-01,2.934819292392172319e-01,3.033514191162097751e-01,3.569735348171384492e-01,4.481510636538411640e-01,4.686106322379525180e-01,4.736038387249889015e-01,5.723492667683017787e-01,5.954571345298109719e-01,6.431641499746720836e-01,8.025387003982087375e-01,8.324150020859347743e-01,8.844373531900054930e-01,9.091504475148413089e-01,9.114834768526500763e-01,9.415821287496062286e-01,9.661133967007692336e-01
3.700850000000000000e+05,3.023305239189111315e-02,4.716360518057549633e-02,1.185950045516328544e-01,1.841791424088838891e-01,2.657729890291933295e-01,2.997996032684986378e-01,3.068743896566790141e-01,3.288887942180270807e-01,5.345060490746401660e-01,5.456300744708399986e-01,5.465986816912767887e-01,5.643496638910412422e-01,5.797398837686387196e-01,6.522071748815871928e-01,7.359763511956687321e-01,7.682040408810533183e-01,7.970785311920036698e-01,8.015414591564314906e-01,9.230325709539075607e-01,9.937489159905504854e-01
3.700860000000000000e+05,2.835949299056339523e-02,1.010200633211139065e-01,1.154954398870585708e-01,1.740057345344468986e-01,2.055865553973873494e-01,2.197405775795960858e-01,3.362850464229300007e-01,3.379038759032017003e-01,4.543947347216487076e-01,4.958858190830772728e-01,5.046519300297674926e-01,5.260607039412792396e-01,5.321910313405748827e-01,5.364968163449140848e-01,5.799768644257734529e-01,6.290239987458239312e-01,6.450587185436847948e-01,6.707643973415441385e-01,7.908211324033215250e-01,9.421678141427484166e-01
3.700870000000000000e+05,6.204432216018396229e-02,6.818900485340928519e-02,7.354646754392513142e-02,8.620239372525884125e-02,1.670539900050156401e-01,2.046315846768403945e-01,2.565013358908088126e-01,2.970769184644397320e-01,3.270738398931950508e-01,3.886929881708648393e-01,4.266928907854847797e-01,4.384570586643564694e-01,4.982256446483590562e-01,6.133502410123353732e-01,6.211723884387958527e-01,7.464765152967751671e-01,7.669305387170957111e-01,8.102486155495838283e-01,9.248710640390891413e-01,9.861971880950622937e-01
3.700880000000000000e+05,1.385272986730112788e-02,4.364195377642876572e-02,6.680690683290158027e-02,1.114907579178388009e-01,1.374451969212165947e-01,1.881772326327133538e-01,2.512335137764684090e-01,3.278142844762487185e-01,3.422859168845098221e-01,3.796639531058459971e-01,4.150684815279566120e-01,4.592759155863962439e-01,5.289202016594445332e-01,5.407737275469872706e-01,5.889981443663310223e-01,7.646770281408249437e-01,7.971752468472390607e-01,8.066170816015354461e-01,8.085287443038317035e-01,9.257406461660289132e-01
3.700890000000000000e+05,4.345703435295222850e-02,9.000447459753191382e-02,1.021135643459781805e-01,1.101392350656646979e-01,2.201001692684477762e-01,2.237724147886384074e-01,2.318627378303573794e-01,2.341347354786238455e-01,2.601664884167363967e-01,3.532135559676474745e-01,3.659453283681434188e-01,4.528162985821072573e-01,5.096513876409415333e-01,6.514466008208353864e-01,6.524782307224807898e-01,6.574503512326768107e-01,6.609053732502510048e-01,8.628419841318445416e-01,8.680620088783329580e-01,9.744743847377352886e-01
3.700900000000000000e+05,7.289949504242554390e-03,1.487540977602992420e-01,1.499726823804805598e-01,1.873048631654182783e-01,2.243977591527877014e-01,3.189173051781989399e-01,3.856826947086590129e-01,4.122118343551961495e-01,5.232936301457465911e-01,5.694803670974214471e-01,5.886387496521779950e-01,6.058791516367270091e-01,6.255615284212298066e-01,6.540272741539648882e-01,6.583228714599237419e-01,7.200684031423337794e-01,7.836701485293965375e-01,7.873799072557321477e-01,9.146702410431957198e-01,9.953449901085223983e-01
3.700910000000000000e+05,1.044631134748468249e-01,1.181685938052924323e-01,2.403746544673645014e-01,2.479529716530465278e-01,2.533405166065393344e-01,4.530904696413035060e-01,4.867277838839048076e-01,5.106150175708822347e-01,5.426398889037363782e-01,5.470442418008770735e-01,5.568235817288362810e-01,6.417306126085157159e-01,7.058960403118511584e-01,7.072537094303691374e-01,7.081697746536210758e-01,7.315489991357067012e-01,7.657123913798271619e-01,7.980391763085662449e-01,8.053207586926256489e-01,8.457449131109093798e-01
3.700920000000000000e+05,1.227373497857309204e-02,8.428790717486167594e-02,9.436667164682610576e-02,1.554912095960016005e-01,1.972569684662277556e-01,2.157961505912810996e-01,2.285627492759862989e-01,3.720996404152770998e-01,3.967004421157069860e-01,4.132782403713064490e-01,4.907184718498805998e-01,5.261757009380895189e-01,6.550847331224920467e-01,6.704423472714788890e-01,7.008527760864512457e-01,7.855370458225612307e-01,8.383871312222066496e-01,9.440870422198162082e-01,9.632860840677281988e-01,9.649039503858871658e-01
3.700930000000000000e+05,3.990278193888685543e-02,9.961456329109397156e-02,2.178960560662024371e-01,2.543230818801520687e-01,2.916305688956573050e-01,3.895914568945817447e-01,3.911910329461908420e-01,4.525606541768147917e-01,5.791729877457797437e-01,5.860436746119325191e-01,6.236269748871821061e-01,6.250894712267628384e-01,6.399445947387002454e-01,6.410771238095265279e-01,6.447267546446091568e-01,6.526245023409003032e-01,7.109559396510791718e-01,8.152936596936131153e-01,8.224329294238982291e-01,9.995451427387327392e-01
3.700940000000000000e+05,4.952860124520108709e-02,4.997281296411237861e-02,1.072043211482647251e-01,1.127057813780850681e-01,1.763379859752800538e-01,1.885473917717428449e-01,2.346990452962868234e-01,2.616119260593722240e-01,3.389742531827131256e-01,3.427511889253417321e-01,3.980445769185141369e-01,5.664996234793796548e-01,5.673632631937671755e-01,5.912170067989321876e-01,6.336037977034557622e-01,8.179757428870968461e-01,9.334951592139147936e-01,9.397125367043847044e-01,9.533043951309236874e-01,9.722383234405489461e-01
3.700950000000000000e+05,4.008880912220702530e-02,1.137787963842757932e-01,2.877359483111147087e-01,3.275495246772073266e-01,3.782345828112969599e-01,3.867794266575645956e-01,3.992231716339749159e-01,4.134765573030405594e-01,4.625958913285187490e-01,4.762236613515952177e-01,4.768308957955027516e-01,5.301831747944054651e-01,5.678832522222858614e-01,6.977785655273793797e-01,7.286119663753768405e-01,7.921149359875236939e-01,8.101658786143314250e-01,8.129720462761026445e-01,8.381630181613354269e-01,8.792290809617843150e-01
3.700960000000000000e+05,6.493182486528192854e-02,8.554147114221744008e-02,1.121039424978922394e-01,1.998983606841227001e-01,2.928982220856655161e-01,2.938409911754650272e-01,3.429854350889490755e-01,4.259817964929816236e-01,4.619698081121101918e-01,5.032387993456438613e-01,5.346967539847862216e-01,5.373697287535804668e-01,5.580076766584060044e-01,6.360441330654975634e-01,6.392255246528648627e-01,6.576813110958261710e-01,8.215697754392292662e-01,8.380603243085019693e-01,8.506615618936663736e-01,9.371444645725146572e-01
3.700970000000000000e+05,5.533215279304581902e-02,1.378195536217770023e-01,1.683408916260029642e-01,1.813885482950700068e-01,1.835484400982688724e-01,2.452233968690513688e-01,3.239526905858556294e-01,4.326545629519373826e-01,4.956568301551833589e-01,5.761858414112693838e-01,6.194341800514993057e-01,6.785119192125254051e-01,7.218247023394354089e-01,7.472662872691728797e-01,7.619836265021238120e-01,8.381089418148319758e-01,8.785057351985865459e-01,9.352852578422997665e-01,9.474674303333309178e-01,9.662350178568922532e-01
3.700980000000000000e+05,1.890735169157942153e-03,8.401404805848222690e-02,1.149947578304830742e-01,1.534269467484484784e-01,2.069615459216554987e-01,2.825784128484056801e-01,3.415577269727394505e-01,4.415826242707432403e-01,4.428523545935771910e-01,5.091124054027802437e-01,5.443201377663549057e-01,6.144471914361840925e-01,6.380720971478224257e-01,6.531691652106604851e-01,6.921905097067311274e-01,7.328708966641790390e-01,7.585347557257363649e-01,8.577882073018503473e-01,8.942347739270660734e-01,9.578526437290432183e-01
3.700990000000000000e+05,2.261440581770979286e-02,1.024874918975472449e-01,1.488321017697156190e-01,1.523985158399291384e-01,1.858150385698568163e-01,2.440106825851768857e-01,2.564308727470467897e-01,3.051339515852617978e-01,3.084634874787033354e-01,3.255425580820557885e-01,4.116823421482479484e-01,4.629680220031174853e-01,5.295430938933720633e-01,5.588639316148681369e-01,6.576313569058409580e-01,7.942588170480602283e-01,8.039572178843288341e-01,8.643286521017174984e-01,8.811470580490373683e-01,9.552859026453428548e-01
