4.800000000000000000e+05,4.614207154527427690e-04,1.083643265919365106e-03,2.206523716657826650e-02,1.314010006401321595e-01,2.295482916889175495e-01,3.157459426439794825e-01,3.599948464712872109e-01,3.812397188838211326e-01,4.727176968347724939e-01,4.892928153027961136e-01,5.385950803231351891e-01,5.397338142222268820e-01,5.435196840537555030e-01,6.600640999792473096e-01,6.741493819560835377e-01,7.499289631581006477e-01,8.052729023898188565e-01,9.361638771540020665e-01,9.373376514591301722e-01,9.538282938130905331e-01
4.800010000000000000e+05,6.073868608063526242e-02,1.005921691177386057e-01,1.260653606325707887e-01,1.490813121279720432e-01,1.801172640015780146e-01,2.325183579539077394e-01,3.077479353418852703e-01,3.287083971842401642e-01,3.343490573870653293e-01,3.422631317557839337e-01,3.537476100714954663e-01,3.937831801726950909e-01,6.026237595857139029e-01,6.059099066029141056e-01,7.178989100403549983e-01,8.396022171226266151e-01,8.653064228994282736e-01,8.673232333033266128e-01,9.209666457069110024e-01,9.296266354510220875e-01
4.800020000000000000e+05,5.033133427151370576e-02,2.240391689554370735e-01,3.596470075624373930e-01,3.642483994492834443e-01,3.728281727169079351e-01,4.143335264589462774e-01,4.234473041201857191e-01,5.201248174014052594e-01,5.209033845782831129e-01,5.252179075244648443e-01,6.348369260147712634e-01,6.468594973766911282e-01,6.516718187466555845e-01,7.430459149893915427e-01,7.987612820917336931e-01,8.077465947497781684e-01,8.619368596901432200e-01,8.779543999607718474e-01,8.862404154782241861e-01,9.863005795574495416e-01
4.800030000000000000e+05,2.738441068409480650e-02,8.798462156535014067e-02,9.661480726959004173e-02,1.181522206095608762e-01,1.467609235923402755e-01,1.653819484562661923e-01,1.721204899965679269e-01,2.233446849298114101e-01,2.424077895230918323e-01,2.573383987180137833e-01,2.776229499745362927e-01,4.268352063444067479e-01,4.348492088423298041e-01,4.838122480092572619e-01,6.277243376805164976e-01,6.523109022903704757e-01,7.080451261362721294e-01,9.092207836960214395e-01,9.573295080743732255e-01,9.809619137875342787e-01
4.800040000000000000e+05,3.261005849416387381e-02,3.506335293503848316e-02,7.922172803701055255e-02,2.109917822243111418e-01,2.847934657007517023e-01,4.166882559014224441e-01,4.431739070512102918e-01,4.521921656662468703e-01,5.239051570664706725e-01,5.257476178184306015e-01,5.287366188836074565e-01,5.498616776841506182e-01,5.849882739103455798e-01,7.406157324809454767e-01,7.512085909464009115e-01,7.747894327272309978e-01,8.124315973385070055e-01,8.464092671551283198e-01,8.939541498729448588e-01,9.288421264262961552e-01
4.800050000000000000e+05,3.575626738180726072e-02,9.164471208160318572e-02,1.158499735629556771e-01,1.705861813977657127e-01,1.990629793147177251e-01,3.009692708450159015e-01,3.069145549312903842e-01,4.685385276784410635e-01,5.430118395846913470e-01,6.691889013426994826e-01,7.870659861039285277e-01,8.030895340637341784e-01,8.101073699064337275e-01,8.338950283862786028e-01,8.843162282831286136e-01,8.862829312592177544e-01,9.463523222608350993e-01,9.702291449500412002e-01,9.724427722061653734e-01,9.760021886619083542e-01
4.800060000000000000e+05,6.418142165580920100e-02,6.575495859617919159e-02,1.021805994934883444e-01,1.076372117964359276e-01,1.328678308891128035e-01,3.117363963314548903e-01,3.580087388843052887e-01,3.851597719524398888e-01,4.054764611707235566e-01,4.201854275748715395e-01,5.303225046425736888e-01,6.596984626905505467e-01,6.638166287383847619e-01,6.704415605438753811e-01,8.136568143422568955e-01,8.482169679385763716e-01,8.904658217954721788e-01,9.122656663682963130e-01,9.383569043909814056e-01,9.572703013869604538e-01
4.800070000000000000e+05,1.136100979314154102e-01,1.219642194312456907e-01,1.631934854515414424e-01,2.787961821496128811e-01,2.880829625586376341e-01,3.121641449117631417e-01,3.256892819257601879e-01,3.742935230770200183e-01,3.836133172822074888e-01,4.430561648463021696e-01,4.880633633478143052e-01,5.346113272076816747e-01,5.636812265240233044e-01,5.821124997595298334e-01,6.578404266438704351e-01,6.684308892049307671e-01,6.781816293665815509e-01,8.645388465783836462e-01,9.751058154225353825e-01,9.932779862926731651e-01
4.800080000000000000e+05,3.315554265146891666e-02,4.367483827034379651e-02,1.659086010637644826e-01,4.643244530169916562e-01,4.732456264183420025e-01,5.006768295155756832e-01,5.516404590075250081e-01,5.639178188269210468e-01,5.727245956838392660e-01,5.810909361721912081e-01,5.837223009182471722e-01,5.900719160525754736e-01,6.015866210993140450e-01,6.046530553848314948e-01,6.450008466419748787e-01,7.136436993329988709e-01,7.383852137805591020e-01,8.953033701015742363e-01,9.403632600598074154e-01,9.450763258842674874e-01
4.800090000000000000e+05,9.329556868538591008e-02,9.692112304387956456e-02,1.399087659697142438e-01,1.574233329235901202e-01,1.765701470501256365e-01,1.892906463568975184e-01,2.413608919806971009e-01,3.080232463216632244e-01,3.678222098954474495e-01,3.738934711707011527e-01,3.752941766669707357e-01,4.052410949907656601e-01,4.104338482294110912e-01,5.642460197004717237e-01,5.795546120855326055e-01,6.302708498338973619e-01,7.249353548113154355e-01,7.792806637584444029e-01,8.311536980037685929e-01,9.754276327692105175e-01
4.800100000000000000e+05,2.326513247191930311e-02,1.204669251316974332e-01,1.421645814293893695e-01,2.437291619049533065e-01,3.749026302001684519e-01,4.115963759368457264e-01,4.338349285017730761e-01,4.732825894575285464e-01,4.929207711280678694e-01,5.308321402697631086e-01,5.813159240150400642e-01,6.145198257257328267e-01,6.922588354973224778e-01,7.192979898176087294e-01,7.234147854258086152e-01,7.324615271221024404e-01,7.385248158560823173e-01,7.971114811812537448e-01,8.027236188849505849e-01,9.033505914400299375e-01
4.800110000000000000e+05,2.369726165855012834e-02,9.790500323568229746e-02,1.442245405773260325e-01,1.519667857057271920e-01,2.402111683294526623e-01,2.916728240836814479e-01,3.284367354426899199e-01,3.343285302494323208e-01,3.873088082481295213e-01,3.876725266922794733e-01,4.117547215456165421e-01,4.461340837691789574e-01,5.642249819216073048e-01,6.129205983474780295e-01,7.118313006560079703e-01,7.205559988236344138e-01,7.269977437366341722e-01,7.272391452718689475e-01,7.898940834271949152e-01,8.988770197606483769e-01
4.800120000000000000e+05,1.574870269382855348e-02,5.059314510368673190e-02,6.335639406895332559e-02,7.706251722747581301e-02,2.871727044982763655e-01,3.711923787422443111e-01,3.976811551583937510e-01,4.070461333035498841e-01,4.821611992739592845e-01,5.311138477591575979e-01,5.382968754921582111e-01,5.912988386534137053e-01,8.275114007101814773e-01,8.700180610516468072e-01,8.942661086444830820e-01,9.181523619499883937e-01,9.315869106113335851e-01,9.450469792332095720e-01,9.683865013919085163e-01,9.864717998318077719e-01
4.800130000000000000e+05,4.814503545170101262e-03,6.060058909216481382e-02,7.536302313430842670e-02,8.529213483577124943e-02,8.771396787113627802e-02,1.103859613499996728e-01,1.546915330454355919e-01,2.289199064741207490e-01,2.536619947729824576e-01,3.112836561204822550e-01,3.147771103176503216e-01,3.536852452457862617e-01,5.137897618849039949e-01,5.649633501217844467e-01,6.372923630564115705e-01,6.477150046044033438e-01,7.092660234286135568e-01,7.223976694515973351e-01,8.907717286567987669e-01,9.288975891408703944e-01
4.800140000000000000e+05,5.116020038964319561e-02,5.835621937730839370e-02,1.115213156994050436e-01,1.118214224763609543e-01,1.626740095257070973e-01,2.068180094278122549e-01,3.656614969460697528e-01,3.760335352174036805e-01,3.878778296877143372e-01,3.889459579764633634e-01,4.501772616461576781e-01,4.926284217867498150e-01,6.055802892809050153e-01,6.346581073673757123e-01,7.119915391924368508e-01,8.067438565364309921e-01,8.250753139426681981e-01,8.489885927984310854e-01,9.173031886668833179e-01,9.755613201632536979e-01
4.800150000000000000e+05,1.472913575083116822e-01,2.269007370355101694e-01,3.070198093397262795e-01,3.195143648048744955e-01,3.388031450344114459e-01,3.789572865983066308e-01,4.438675611222909767e-01,5.515987959278141339e-01,6.061779310274787447e-01,6.155287975724087479e-01,7.174491950537024154e-01,7.291864954097940776e-01,7.317320287802909773e-01,7.439273686563874222e-01,8.727802116668763599e-01,9.059092531999793918e-01,9.391522603828680316e-01,9.428183085962373866e-01,9.527026798578211997e-01,9.902068576457946358e-01
4.800160000000000000e+05,2.486368988627385423e-02,6.486886747429543298e-02,1.113650802666467099e-01,1.375444976224382554e-01,1.526500487792207261e-01,1.963364828691701591e-01,2.255116472994528332e-01,2.451829097073930930e-01,2.726112736509958001e-01,3.667547338927452660e-01,3.977105820109118062e-01,4.380898123407127587e-01,5.317763173470302362e-01,5.372242990606431734e-01,6.579971279937337769e-01,6.615557566778490495e-01,9.018907934949210725e-01,9.087476316596514447e-01,9.614983917067064789e-01,9.817877922382486355e-01
4.800170000000000000e+05,2.498537653123245050e-02,1.002987207856769203e-01,1.537829654006180879e-01,1.969996807203019396e-01,2.768626280726687039e-01,3.658147636921934565e-01,3.692608215497211743e-01,4.843789521376039575e-01,5.179781766593219983e-01,5.216583901578996096e-01,5.828416778488176853e-01,5.956459755559944114e-01,5.969475296587628543e-01,7.226503271259676620e-01,7.562998711829697074e-01,8.411289276033262485e-01,8.434689130388258738e-01,8.513086364046208443e-01,8.758434725145808342e-01,8.930342642624811145e-01
4.800180000000000000e+05,7.937821705013992091e-02,8.420304169746295475e-02,9.998821773541111124e-02,1.673051592779785102e-01,2.224332801333172016e-01,2.900528590564172005e-01,3.328920045437777642e-01,4.092090083208536067e-01,4.554976644206862879e-01,4.677651822325186171e-01,4.823836890272096278e-01,5.832514277861685636e-01,6.153403312911368550e-01,6.293428387471782237e-01,7.541749337885157445e-01,8.358308323845605736e-01,9.621154010848641525e-01,9.656631664093405787e-01,9.783023208169726592e-01,9.988761315164698118e-01
4.800190000000000000e+05,1.101673892237822194e-01,1.506736618401947059e-01,2.656425184207493739e-01,3.575414153316744947e-01,4.470092421831771690e-01,4.630444880710016253e-01,4.822506120474343572e-01,4.886117715221552915e-01,4.893089564804790070e-01,4.968111656118507913e-01,5.258174966299359321e-01,5.304125509926187476e-01,5.710558956924043361e-01,5.817496304052511835e-01,7.318674568831017302e-01,8.638732168488987284e-01,9.042066369050028030e-01,9.448135041233455267e-01,9.491078158625783079e-01,9.726140939907726990e-01
4.800200000000000000e+05,6.022985539777991892e-02,9.926019413896192134e-02,1.451481215199962316e-01,1.536886504631173045e-01,1.888952779320735020e-01,2.491004056909914555e-01,2.960238408340160055e-01,3.972904116502965488e-01,4.220384106431711579e-01,4.490520451902039190e-01,4.840733595165880310e-01,5.433222044381440519e-01,6.491204609254028757e-01,7.014625659369043698e-01,8.039976687162037061e-01,9.039523384309375853e-01,9.212912522987946051e-01,9.336344370685530913e-01,9.709666378448253976e-01,9.892213703289165494e-01
4.800210000000000000e+05,9.626403670275007762e-03,8.367940683391528189e-02,9.092198230720105467e-02,1.192260374748208562e-01,2.086570901298147040e-01,2.988751905883606508e-01,3.228313777334947954e-01,3.334240795036395033e-01,3.405261015021817661e-01,3.458307684279343652e-01,4.174856621004144897e-01,4.212393534306642096e-01,5.134638638882998984e-01,5.549844820940708079e-01,7.277430927119514781e-01,7.450822258796372388e-01,8.046084069396020055e-01,8.537187534242506315e-01,8.940378728094752203e-01,9.576022021299412934e-01
4.800220000000000000e+05,7.146032004787350456e-02,1.466532271258416120e-01,1.759714964567832274e-01,1.871258512397523388e-01,2.133719651863786870e-01,2.985893504980196012e-01,3.384979051347977164e-01,4.155428096992819231e-01,4.702176696827931046e-01,5.580737910764076437e-01,6.011709169753384208e-01,6.405443997957087632e-01,7.240217332111769100e-01,7.575070301523560978e-01,7.666299499062307898e-01,8.265008562682937265e-01,9.274394847162866773e-01,9.554923244191605436e-01,9.737425144633516938e-01,9.754314411954506658e-01
4.800230000000000000e+05,1.391668137239386871e-01,1.793462810323375178e-01,1.871722079880643319e-01,2.020557751562934712e-01,2.158925962865114734e-01,2.537998585046258304e-01,2.602261677240741422e-01,2.994925029148777229e-01,3.414360971557754976e-01,3.669459505817561640e-01,4.080347415579512749e-01,4.623056714199824668e-01,4.991979768161518560e-01,5.093693335258772104e-01,5.111649854222278799e-01,5.180715932725828976e-01,6.085773195304831074e-01,6.557144180711399484e-01,6.813894025664776199e-01,8.645166986872424575e-01
4.800240000000000000e+05,2.353923995684314985e-02,2.453754159520782352e-02,3.852776241021715897e-02,4.165702354618283643e-02,4.490959956057127833e-02,1.491853134975873463e-01,1.538217085041123644e-01,1.971795387686621215e-01,2.572733198822232392e-01,3.584619152125876340e-01,3.650314697967084188e-01,3.986535371660803184e-01,5.454059796822159356e-01,6.246791870563797033e-01,6.499976863027403517e-01,6.785112248452593864e-01,6.811412177846214444e-01,6.969791411363018829e-01,8.575425559478973003e-01,9.191182906178582135e-01
4.800250000000000000e+05,3.548717399196033018e-02,2.561945223943562500e-01,2.751110864468947481e-01,2.872040431956585094e-01,3.994761155075092773e-01,4.225078641403884339e-01,5.031915599992223820e-01,5.513937879884652782e-01,5.949232850587413690e-01,6.087508221006910913e-01,7.190042282412826280e-01,7.362004273884613648e-01,7.686789292931026640e-01,8.577216234357462055e-01,9.191001713238609039e-01,9.280319016322470249e-01,9.335053838791271819e-01,9.386233999289176344e-01,9.457821169701176034e-01,9.746872688263511497e-01
4.800260000000000000e+05,9.284479192336769771e-03,1.079927988338869049e-02,7.093719045897772801e-02,8.405973021917900745e-02,2.271255608803522952e-01,3.096999401021970355e-01,3.129307249176537242e-01,3.199120027459584348e-01,3.747648419000437769e-01,3.863731138761258288e-01,5.240553193619640338e-01,6.830880423794395417e-01,7.280639180015687772e-01,7.669708387895526336e-01,8.086773696530512590e-01,8.201089212321109878e-01,9.007891838326178569e-01,9.722472328020514976e-01,9.878813392093483969e-01,9.983967053740800957e-01
4.800270000000000000e+05,5.865728294971006562e-03,8.657297055795876162e-02,1.002825546998226125e-01,2.166012531477277125e-01,2.376034372868055522e-01,2.637787703216269986e-01,2.647561257048883787e-01,2.956250790301916398e-01,3.380111959984408720e-01,3.713709975940745478e-01,3.770229231026652750e-01,3.950028097337295874e-01,4.322420888910484260e-01,4.703195390840400059e-01,5.434802286485169720e-01,5.699205742102473327e-01,5.864636230243029935e-01,6.688858477562529270e-01,9.152389361793537015e-01,9.531859360980109441e-01
4.800280000000000000e+05,2.083027178228258336e-02,1.582519438386161825e-01,2.824665630189079346e-01,3.135709803175980026e-01,3.608480447344971642e-01,3.721491902485745129e-01,5.479983549214423322e-01,5.958506493637093504e-01,6.160461275802505687e-01,6.186251350265098425e-01,6.418632468388083545e-01,6.714966604614940326e-01,6.756076986689784070e-01,7.180449837408872105e-01,8.177462066071405911e-01,8.339631640071512031e-01,8.736993770119766411e-01,9.155081556052669933e-01,9.557939288401371414e-01,9.663987306308876590e-01
4.800290000000000000e+05,2.334262463170366786e-02,3.380025396538355320e-02,5.309076791231726045e-02,7.918924204578114967e-02,1.468390809784557716e-01,2.239317013933269651e-01,2.363984556593762276e-01,2.967977261248541110e-01,3.308289997243755165e-01,3.485460072290198497e-01,4.675223272103736782e-01,5.075680256810021218e-01,5.323678882076237073e-01,5.768805961849791109e-01,6.920256230163969180e-01,7.133441824019794986e-01,7.143403026780941190e-01,7.610003595495363760e-01,7.888294732961546041e-01,7.956831904806698219e-01
4.800300000000000000e+05,4.907962502545315520e-02,6.891928058732255113e-02,7.994309146231604046e-02,9.203749687692586168e-02,1.554698451988045793e-01,1.586843602498189121e-01,1.908392063879479350e-01,1.998676836344238650e-01,2.755561159687166528e-01,3.815339318737879237e-01,4.802992159767064395e-01,5.281390850425004002e-01,5.405742455038127225e-01,6.113944089520817471e-01,6.130459343321109644e-01,7.236636408521309738e-01,7.264890820580947040e-01,8.230681584344045065e-01,9.598610647341420110e-01,9.990987696482184210e-01
4.800310000000000000e+05,8.921383037116314974e-03,9.785025427131333053e-03,3.025040181069515999e-02,2.404067505038665065e-01,3.354739147901725227e-01,3.880396457030261814e-01,5.556036861393236492e-01,5.749725992910434957e-01,5.967952892706801515e-01,6.485556073622773532e-01,6.756030688156290376e-01,6.892876964946965668e-01,7.294751402223057513e-01,8.171471380654481420e-01,8.242732272272759175e-01,8.305661114965420255e-01,8.445502232052171099e-01,8.723690183637868856e-01,9.065517048831696068e-01,9.524164992746351199e-01
4.800320000000000000e+05,9.230428123554901276e-03,1.132660696094852648e-01,1.231098162731647516e-01,1.257154435607666931e-01,1.650087056337405933e-01,2.031725174091552066e-01,2.945089221564785031e-01,3.696265594868931581e-01,3.901037677863878894e-01,4.215363609499810371e-01,4.945823682951164812e-01,5.636147950727825595e-01,6.224299603902185840e-01,6.687490807042616447e-01,7.216326546701571365e-01,7.797405078884460661e-01,8.443555292445873439e-01,8.633669221351701895e-01,8.748211629586747362e-01,9.111304877575384653e-01
4.800330000000000000e+05,1.763443362541750048e-02,2.663854200762538760e-02,5.237343952358908261e-02,9.175946671539270127e-02,1.212901504600309988e-01,1.297809518186692213e-01,1.796280610255496235e-01,2.329021028910404079e-01,3.290730015817928678e-01,3.522547335254651024e-01,3.538487527301924507e-01,4.534883153087139185e-01,4.922152704948317137e-01,5.545401532294141900e-01,5.715602230789773586e-01,5.741894846797269691e-01,6.167033318636510053e-01,8.731774078203563549e-01,8.773072139257322988e-01,9.448431781012220920e-01
4.800340000000000000e+05,3.629104554599416055e-02,5.197263829432519078e-02,7.347028238087605079e-02,7.494578617451019831e-02,7.731488446879630771e-02,1.043849691678726543e-01,1.547822454088602084e-01,1.869866002234841229e-01,2.702510439857297442e-01,2.979160252328514336e-01,4.090884599557442769e-01,4.119141777829891105e-01,4.883225587736517159e-01,6.561572614385140501e-01,7.582707555200575156e-01,7.729274597782653800e-01,8.158540113335606137e-01,9.030702121287578210e-01,9.084545712991145550e-01,9.343269097857450634e-01
4.800350000000000000e+05,1.117172232017817901e-01,1.590883524322417308e-01,2.321025635015733224e-01,2.446077005801897686e-01,2.955431148797399432e-01,3.366265137953943221e-01,3.584953666445859222e-01,3.907591068739182383e-01,3.925071891609808183e-01,4.884146695502854518e-01,5.782662456170303278e-01,5.873710879838358601e-01,6.094580660911631531e-01,6.179004353016912532e-01,7.077469641649104526e-01,7.628272594187185396e-01,8.047638859382669763e-01,8.047992302417298349e-01,8.602812967087376528e-01,9.547862672188492938e-01
4.800360000000000000e+05,5.731639556558354442e-02,9.450544165105756456e-02,1.941478442702673224e-01,2.525707636950613733e-01,2.672126421401990193e-01,3.289893669202689219e-01,3.815222535127200665e-01,4.460270467626527013e-01,4.469190349167206922e-01,5.112888163131137365e-01,5.367787173315244909e-01,5.852453192784632385e-01,5.867724266318178339e-01,6.375533270799452756e-01,6.726478901147225908e-01,7.138113136000396874e-01,7.249076036271834278e-01,7.654363122880104564e-01,7.983983092608099019e-01,9.710730433256526961e-01
4.800370000000000000e+05,2.308955271564416822e-02,3.711493990248404540e-02,5.362670929815815946e-02,9.248367324793238531e-02,1.231140867349063139e-01,1.505658945789744019e-01,2.479755235298031213e-01,2.782791272658585724e-01,2.836727579918966180e-01,2.966895160731425340e-01,3.036058087610663536e-01,3.599254962272729896e-01,4.799097333234938478e-01,5.347840277826229061e-01,5.542352847512792557e-01,5.573876156209304211e-01,6.407809387043975624e-01,6.554387437942289507e-01,7.503091551090134148e-01,8.667325130637200115e-01
4.800380000000000000e+05,1.937211159568541508e-02,5.098286327439549570e-02,8.586603906984413559e-02,9.350081248639086073e-02,1.711430027034877011e-01,1.906490951079561347e-01,2.454367775821112430e-01,2.572068052098072100e-01,2.671604539853194016e-01,2.752158351965511285e-01,3.364773149577684475e-01,4.637457067042346504e-01,4.673603989430219485e-01,5.153969972907023189e-01,6.726592561975528461e-01,7.993047432762629967e-01,8.612173043838524666e-01,8.971752963092082256e-01,9.326100955676859261e-01,9.433924288293239480e-01
4.800390000000000000e+05,1.421976725468776515e-02,1.156589318149646717e-01,1.448871503392655802e-01,1.469592833023461997e-01,2.462916538475991013e-01,2.767277001454869767e-01,3.522219946452942452e-01,3.902079094419091954e-01,5.305085745483285598e-01,5.828585683815651342e-01,6.185921188537718551e-01,6.455558393233247205e-01,7.016398874596667667e-01,7.198902688953081608e-01,7.211673453327011041e-01,7.469980562980640393e-01,7.593670660721043575e-01,7.808679953746824332e-01,7.852458607199469531e-01,8.627392247263294678e-01
4.800400000000000000e+05,2.029789365881162766e-02,4.899019954869909821e-02,7.557374524831628193e-02,8.940586016998175456e-02,9.570356634705701193e-02,1.329340080673945268e-01,2.512240187965560922e-01,3.141328963118132922e-01,3.856165699280333925e-01,4.050729581413171632e-01,5.717336671690212979e-01,5.761755265291238493e-01,6.600462975923641062e-01,6.752854796329637033e-01,7.047759178867706309e-01,7.363117543682691224e-01,7.867574334396927327e-01,8.279773076502193740e-01,9.720592150755883454e-01,9.845296288202964874e-01
4.800410000000000000e+05,1.585383329132372676e-02,2.849801114954186865e-02,5.159517645072397851e-02,1.230610866130935621e-01,1.576671120988208941e-01,1.797758897524349697e-01,3.188567528311989641e-01,3.233617160169076632e-01,4.088489416078242566e-01,4.436131160824022812e-01,4.529702551540566446e-01,4.648183090602221457e-01,4.784610623140859165e-01,5.599979713854122965e-01,6.990186240524020045e-01,7.175901557645341100e-01,7.542973793601892574e-01,7.726787879622778465e-01,7.762907390984440381e-01,9.179167207457556987e-01
4.800420000000000000e+05,1.905145211857033338e-01,2.017681310043600851e-01,2.521727220248251022e-01,2.524450342562873928e-01,2.813634344990086911e-01,3.318667246905850909e-01,4.119412463503644428e-01,4.932085451374935703e-01,5.096646507419161365e-01,5.159367315087726169e-01,5.265869459329695079e-01,5.362522509335401200e-01,5.421200090678530703e-01,5.523822639597171236e-01,6.067792017018550643e-01,6.723510313899735413e-01,7.265779086390690145e-01,8.593367615826990047e-01,9.551934031152631288e-01,9.900631376091627578e-01
4.800430000000000000e+05,3.388954300311486367e-02,6.322281264964402236e-02,8.120436317980217478e-02,1.238595589821279708e-01,1.300110848055459067e-01,1.654343306971219896e-01,1.899302158264357665e-01,2.319735756381042791e-01,2.456529444474803148e-01,3.266741716085351799e-01,3.936499364772496623e-01,4.486925790449397544e-01,6.043857263078316056e-01,6.057576336275053430e-01,6.187956834961606534e-01,8.768081561464828866e-01,9.403687742955894047e-01,9.520660052349311231e-01,9.548788734755945251e-01,9.698253759730887102e-01
4.800440000000000000e+05,9.291429992626776269e-02,9.375563162679056983e-02,1.223878129416561267e-01,1.496571851841406176e-01,2.543345193060395637e-01,2.870813708071097148e-01,3.911255651745112472e-01,3.921652150637834344e-01,4.442211341820719861e-01,4.908795564871057948e-01,6.009782287907453613e-01,6.125496683011111276e-01,7.001782505270799373e-01,7.051124032632873906e-01,7.228808873212617669e-01,7.415038842434041877e-01,9.232679999141008009e-01,9.460275296975690917e-01,9.495081668341963654e-01,9.824369157627851346e-01
4.800450000000000000e+05,2.206728684600279822e-01,2.318226871662479871e-01,2.361951420584796901e-01,2.584433349240644606e-01,2.616953294524932971e-01,3.066173644918656072e-01,3.238299405412954357e-01,3.298695402052626013e-01,4.312616165365843468e-01,5.020294051670568525e-01,6.074223340570353846e-01,6.298119229898350158e-01,6.840656175440804621e-01,6.956898505550281886e-01,7.000931254861264552e-01,7.068292462920005015e-01,8.185594685411314853e-01,8.904264433875879181e-01,8.914946553801410545e-01,9.306408027944835792e-01
4.800460000000000000e+05,8.805046931840043722e-02,1.190203805120306768e-01,2.171957378367409541e-01,2.233846737162394902e-01,3.230705808160093673e-01,4.087374819457139097e-01,4.136379395124355485e-01,6.352422136741978642e-01,6.379994851738512995e-01,6.432267863232760119e-01,6.531819959368106998e-01,7.649941803082639380e-01,8.096618527610124350e-01,8.175185316619286713e-01,8.796557362808905545e-01,9.048382968844235208e-01,9.093383931729386305e-01,9.374751240246761430e-01,9.864120327717544878e-01,9.975273539398368250e-01
4.800470000000000000e+05,1.241351945363826648e-01,1.314900719635742066e-01,1.469638031548541335e-01,1.602204524841490674e-01,2.459910417880533107e-01,2.756111301143340242e-01,5.460539281177525517e-01,5.471299967244466211e-01,5.672809412117453265e-01,6.034670837173879976e-01,6.358567964747916523e-01,6.414397340516012624e-01,7.199653870024238511e-01,7.354381959060380947e-01,7.384321740055473926e-01,7.574739265206161809e-01,7.614355131372109176e-01,8.138362908687437614e-01,9.331618331103297415e-01,9.708458834138655735e-01
4.800480000000000000e+05,1.140270700632540768e-01,1.245816603514808829e-01,1.730886581810450187e-01,3.195039900752640882e-01,4.185293607519442460e-01,5.150941374500421777e-01,5.189534743017956142e-01,5.415649814153737918e-01,6.850180049083421929e-01,6.962739211883750556e-01,7.529153641402386299e-01,7.721513393013346160e-01,7.837965097158654526e-01,8.093336139866907919e-01,8.323119169400808870e-01,9.065815838923317882e-01,9.168390967767036104e-01,9.247367630145352235e-01,9.426067691208339649e-01,9.727421501860987751e-01
4.800490000000000000e+05,4.921138625436249914e-02,1.004970945912417868e-01,1.022812510349107029e-01,1.173238458995711220e-01,1.327392283113240090e-01,1.950685556108737728e-01,2.315305620502688955e-01,2.386410745396727595e-01,2.880076468196171025e-01,2.958353626533999359e-01,3.625855235265506016e-01,4.649742267879605206e-01,5.442096140805983140e-01,5.478386702832986899e-01,6.678496789531059852e-01,7.357435151168385534e-01,7.711287615356208214e-01,8.222877325688099370e-01,9.471760352260587545e-01,9.473576405053137917e-01
4.800500000000000000e+05,5.079244863072429617e-02,5.592019282775573252e-02,1.216709906982746947e-01,2.355792576674951011e-01,2.582283396492525140e-01,3.705131181709032662e-01,5.367196982280671991e-01,5.443570830775107394e-01,5.494065867443758133e-01,5.569712321800199817e-01,5.963067348945870760e-01,6.681917820914535788e-01,6.716138222191507801e-01,6.767720031601415220e-01,6.876425052952440664e-01,7.476935539300135769e-01,8.213990157006583193e-01,8.493723506921483368e-01,9.371243204471466637e-01,9.871653164999162344e-01
4.800510000000000000e+05,2.267306356936782397e-02,1.047081534939955372e-01,1.339325202983772112e-01,1.340018987639939319e-01,2.185968761930899840e-01,3.123681149788091194e-01,3.923600989090761937e-01,4.932210432565465874e-01,5.814011108342469480e-01,5.925297465311171186e-01,6.381153708473504826e-01,6.982676464018118256e-01,7.179474215824335204e-01,7.378958880826824718e-01,8.028454049553391814e-01,8.087543782021950900e-01,8.351906292604893700e-01,8.815708679812661597e-01,9.324915828190022404e-01,9.758717289464888811e-01
4.800520000000000000e+05,4.322703080129275399e-03,7.933130332734661394e-02,1.448475999295022465e-01,1.623805365533227407e-01,2.568669248775881098e-01,3.200789441751492603e-01,3.732248781581352093e-01,4.076277022618643997e-01,5.053186336956654312e-01,5.186098057359572744e-01,5.731788780231770186e-01,6.031555733775219030e-01,6.419215780058049603e-01,6.567978537199657962e-01,6.934436599512847632e-01,7.656950343510319223e-01,7.802235719547764292e-01,8.995420698711549257e-01,9.059300809918892083e-01,9.583645446673586532e-01
4.800530000000000000e+05,2.556133541260752207e-02,2.912456199328716799e-02,7.700962473580352796e-02,9.586795956217331049e-02,1.463622959459988104e-01,1.743830375544764832e-01,2.412357793725109500e-01,2.616824892474310937e-01,3.268381303467670085e-01,4.339521633153687885e-01,4.484006370224498106e-01,4.832076762675676651e-01,5.829124975172459422e-01,5.894934094425616777e-01,5.926745309579872778e-01,5.939040341134140810e-01,6.156536008085650158e-01,6.393848886217678995e-01,9.168505799128151557e-01,9.817413764725956282e-01
4.800540000000000000e+05,4.160862231109319076e-02,9.178856613211150428e-02,1.257180705400651188e-01,1.665218978592897248e-01,1.801288445650948145e-01,2.519549637954496824e-01,2.901219366030854951e-01,3.615261950022595761e-01,3.675707486555950254e-01,3.913755948887789327e-01,4.427553714147891561e-01,4.793520107632676108e-01,5.976472840490310023e-01,6.584328304712739888e-01,7.830110037520660038e-01,8.049698828778385495e-01,8.429376950269377167e-01,8.732246261083792538e-01,9.718853977516334064e-01,9.982774686045524648e-01
4.800550000000000000e+05,9.959233391840238703e-03,4.734574554241832711e-02,9.920456415781064852e-02,1.559125944097105032e-01,2.096436175196850771e-01,3.162982668319295199e-01,3.970051444869249213e-01,4.854638395777257642e-01,4.993744087109894814e-01,5.815259967896666549e-01,5.860444138992071395e-01,5.864783966733673193e-01,6.779940679141933657e-01,7.258820862791730555e-01,7.982029893915615348e-01,8.501533950472914825e-01,8.646857605812279246e-01,8.952434734267773475e-01,9.574120119349927016e-01,9.776110053444982961e-01
4.800560000000000000e+05,5.154742015941238265e-02,1.324254073443109636e-01,2.463805331523909459e-01,2.747328262911085117e-01,2.966945650715395733e-01,3.068909306959664018e-01,3.662624952532159694e-01,3.908707927709452745e-01,5.050905005142016790e-01,6.439196450915677383e-01,6.458234379992932039e-01,6.818723666573148767e-01,7.234577984578659526e-01,7.298128536714058034e-01,7.798829455946663103e-01,8.670473253326492769e-01,8.701055188208076663e-01,9.579890704637444854e-01,9.607435705644388202e-01,9.963730648026831727e-01
4.800570000000000000e+05,9.334961971153277194e-02,3.113255748383279009e-01,3.221282696815359614e-01,3.649097255375466364e-01,3.812790245589139371e-01,3.898851788433885801e-01,3.961237721175350224e-01,4.036969161731343014e-01,4.141575612320170796e-01,4.689665656929699056e-01,4.855409342787115889e-01,5.145731136980535858e-01,5.199699048978657645e-01,5.743645824211982553e-01,6.194158922796469957e-01,7.407024268117288202e-01,8.282748460718484251e-01,9.107132387931857753e-01,9.418995076904441710e-01,9.660492334711964224e-01
4.800580000000000000e+05,6.459089383204708046e-02,1.434432082052545798e-01,1.503873116287461897e-01,1.674872225052591590e-01,2.898415530173589216e-01,3.225888368168894349e-01,3.482590461399371895e-01,3.669770056897251331e-01,3.721396583899700961e-01,4.343265204966414439e-01,4.904814628469791327e-01,5.329518083358867342e-01,6.476887586385101647e-01,6.724803861211502420e-01,7.574790181328516780e-01,7.697149042387613216e-01,7.806763018817718391e-01,7.944056949971551873e-01,9.143697588675732124e-01,9.248922700293500387e-01
4.800590000000000000e+05,3.574416223271381643e-02,5.476505612346171947e-02,1.055824451713226475e-01,1.402187452881566987e-01,1.627506186065681426e-01,2.128713628635902078e-01,3.149872075845847608e-01,3.703709430632869948e-01,4.863605437611240312e-01,5.043991246655635807e-01,6.186878996751918880e-01,6.986561734144761671e-01,7.171670198328147228e-01,7.280830995456817334e-01,7.521185684539263283e-01,8.169270791369926954e-01,8.364268075756375875e-01,8.979793186646078951e-01,9.196163522838659565e-01,9.404187996516505388e-01
4.800600000000000000e+05,6.537734279558204964e-02,8.648455080755801383e-02,1.402894207990992292e-01,1.539111868289834151e-01,2.259054664795925316e-01,2.591124209795323541e-01,2.710836580803138718e-01,3.503477451642528218e-01,3.662908248489492591e-01,4.164399481626047672e-01,5.373004034896111669e-01,6.183323319382008076e-01,7.554862410110004811e-01,7.790419934531077617e-01,8.773623382946488247e-01,8.895146162946230284e-01,8.950749463215161850e-01,9.028974293003312335e-01,9.576213715179952013e-01,9.685324323746083985e-01
4.800610000000000000e+05,7.437270707227128241e-02,8.527983415743023432e-02,9.419365942448709728e-02,1.097736202147170381e-01,1.186083084265251442e-01,1.562846974747541529e-01,2.981337778797643612e-01,3.308193372326918569e-01,4.755767589058197409e-01,4.934504354984646790e-01,5.127315348030989650e-01,5.232500420306043232e-01,5.293117661101833793e-01,6.832495016260017318e-01,8.396271620447985917e-01,8.657454021300456937e-01,8.729992277593481287e-01,8.746209797542047193e-01,9.157671101511458689e-01,9.389542192501104667e-01
4.800620000000000000e+05,4.556325463517663099e-02,5.517617563487564603e-02,7.910424689604134141e-02,2.590363700687429160e-01,2.622684434288400368e-01,2.706057969447650535e-01,3.431220111560883135e-01,3.660995460874446605e-01,4.293749685893767376e-01,4.360753163436712487e-01,4.468815856537488029e-01,4.976777870898426714e-01,5.677615972056437865e-01,5.806987132906508142e-01,6.541428708374177337e-01,7.227962015139305363e-01,7.699453779354891170e-01,8.530722514998546613e-01,8.801615227936356867e-01,9.666553148692548225e-01
4.800630000000000000e+05,9.568610785695375043e-03,2.474516363985468370e-02,4.004822408539865375e-02,1.157589944175130281e-01,1.933258470389337402e-01,1.951100644024377218e-01,2.028825603233742614e-01,2.324243167827750867e-01,3.535901916255719257e-01,3.649770417590244564e-01,4.006737829878983526e-01,4.412113618695873152e-01,4.636162530664500458e-01,5.549461139091004247e-01,5.763734642926428009e-01,6.941142408542292364e-01,7.200107987406288990e-01,7.749591790839157612e-01,7.992529264833242442e-01,9.649440859987595820e-01
4.800640000000000000e+05,1.399218449355821292e-01,1.831258287921815331e-01,2.005628890886081983e-01,2.231818798685236693e-01,3.525387789045923981e-01,4.166757011256827514e-01,5.403569120153802752e-01,5.970444461321940954e-01,6.514278803371168491e-01,6.527034875901889244e-01,7.077716050432322215e-01,7.487824887873564261e-01,7.734847423701264324e-01,8.201128498468902572e-01,8.663801614030298692e-01,9.021565723322434449e-01,9.195778540298857884e-01,9.416264546680058745e-01,9.484846380057313509e-01,9.883628410093493466e-01
4.800650000000000000e+05,2.900635521074390599e-02,9.388259323470093953e-02,9.397571481144739725e-02,1.409430130392249625e-01,1.486598993963791360e-01,2.416798772597581468e-01,3.587142297543649549e-01,3.596570457924691544e-01,4.177476816314964481e-01,4.541715617240917879e-01,4.552067296218440529e-01,4.625865234675755611e-01,5.142313591009701756e-01,6.087018657314419157e-01,7.434204724918239693e-01,7.981636134102529923e-01,8.074315565583988219e-01,8.492204554906335190e-01,8.603184379881253507e-01,9.421667326505784867e-01
4.800660000000000000e+05,7.787931377657986154e-03,9.646361779123480140e-02,1.241257776214893527e-01,1.426617857766450115e-01,1.773191705322928469e-01,2.894292079602415191e-01,3.207960849598712194e-01,3.372308533272544429e-01,3.757692236242115014e-01,4.133006823925258200e-01,5.504575705726124646e-01,5.877978682432832835e-01,5.902833344811982963e-01,6.722653810573098188e-01,6.775763580489322369e-01,6.845549876152798863e-01,6.891824760023886887e-01,7.464633462886997028e-01,8.332969633818880784e-01,9.960285615695886330e-01
4.800670000000000000e+05,2.644362174014824873e-02,3.178066072063090441e-02,1.529008405381269142e-01,1.878480942542751775e-01,1.928709250097254690e-01,1.986938630726969857e-01,2.963831094351911943e-01,3.881873059716197671e-01,4.428346066674262449e-01,4.431045648544696958e-01,5.537630420046607549e-01,6.164384076366498100e-01,6.513494650726384672e-01,6.740552860497655008e-01,6.780075102879065119e-01,7.318500887844477942e-01,7.424371997318349736e-01,7.870376921192272501e-01,8.587116164719227340e-01,9.553994304845555563e-01
4.800680000000000000e+05,1.070698582463003312e-03,1.208218673853056480e-01,2.063840303720254621e-01,2.174259882784750353e-01,2.325750039836254057e-01,3.372925144640854800e-01,3.477129793287522252e-01,3.507838154003833919e-01,3.508267276775203225e-01,4.870062518786355543e-01,5.568582001058524078e-01,6.516748388835444938e-01,7.000500602551645857e-01,7.860493782157466081e-01,8.027371705503479893e-01,8.340047544866637796e-01,9.206470062849063662e-01,9.251826633450240811e-01,9.849526691348114982e-01,9.889998460835522920e-01
4.800690000000000000e+05,2.132882257413704075e-03,3.696058239438471116e-02,9.049754760074668614e-02,1.607800102868811587e-01,1.684918092285901947e-01,3.482009291320549149e-01,3.491573902180025168e-01,4.117632572097769117e-01,4.857398309778296897e-01,5.080857115953045788e-01,5.371983255209399344e-01,5.452524475118541991e-01,6.253970069538432597e-01,6.505635869817568695e-01,7.171228786479982853e-01,8.078960994465078649e-01,8.411687359221565741e-01,8.707667204534229599e-01,9.545966500125420140e-01,9.928761019063822024e-01
4.800700000000000000e+05,3.999727470139213814e-02,9.370793908565411279e-02,1.054189166911395636e-01,1.608216582946003781e-01,1.657627946154448528e-01,2.287550104132602957e-01,3.192110089021820141e-01,3.590665906574735944e-01,3.986574935380262641e-01,4.642349228066966482e-01,4.818882092762746261e-01,4.830022506156530504e-01,5.374074561942995265e-01,6.061511331070053021e-01,6.916525054540515471e-01,8.131136036244498433e-01,8.873273206488715426e-01,8.878205540482985159e-01,9.811731601676486614e-01,9.995069895646977454e-01
4.800710000000000000e+05,1.830287626349190733e-01,2.210067753239197685e-01,2.295809565572330957e-01,2.354048409440585576e-01,2.796985581699517054e-01,2.885661336817649802e-01,2.982459093188848387e-01,3.119664913571519316e-01,3.333483358244435646e-01,3.951373384991927473e-01,4.340404400270746477e-01,7.519472439343489745e-01,7.865137486436746261e-01,8.625386767805484078e-01,8.813506993920059429e-01,9.067295171358489281e-01,9.161570920165946763e-01,9.184036030911989501e-01,9.240395061624661066e-01,9.454771505577811430e-01
4.800720000000000000e+05,4.528867139645642581e-02,7.853762459128199591e-02,9.636312066972085866e-02,1.899419667378167143e-01,2.364673334215184886e-01,2.661810053577839952e-01,2.933102678765009408e-01,3.200050811187392652e-01,3.879469060671091318e-01,4.041972476541876302e-01,4.834115425132442523e-01,5.781407518731802586e-01,5.986150442115806269e-01,6.097863399882117452e-01,6.590486022047792325e-01,6.775960573749455484e-01,8.713679139098314819e-01,8.904026790066866814e-01,9.025232591902103696e-01,9.508674522518247851e-01
4.800730000000000000e+05,1.073587170134703284e-01,1.405171456532792185e-01,1.480704212393468833e-01,2.740594375400384752e-01,4.287924296376406375e-01,4.525205949289424767e-01,4.547532442843347233e-01,6.638724380979261763e-01,6.955177146612028238e-01,7.316704730753537111e-01,7.458306734570387952e-01,8.380159635005867136e-01,8.410655562728673873e-01,8.462568361053158794e-01,8.531065743531388579e-01,8.617595708032123047e-01,8.647676783134418121e-01,9.292227379278454880e-01,9.561757955619445415e-01,9.735107431564106184e-01
4.800740000000000000e+05,5.588512180862914569e-02,6.197802463797341677e-02,6.202110031805219137e-02,8.508828084406283576e-02,1.263714398783379878e-01,1.701472451373318151e-01,2.614318421341775833e-01,3.193884321911895086e-01,3.314294725095474625e-01,3.418169592697006820e-01,4.010368616240946871e-01,4.397116834135903485e-01,6.196221450407695119e-01,6.476039857008030198e-01,7.730870909327139939e-01,8.097264734392645158e-01,8.165057005937801371e-01,8.182535792136332864e-01,8.274429011930327649e-01,9.679867723979458383e-01
4.800750000000000000e+05,1.239473551640900562e-01,1.735458870952896193e-01,1.911033055769215672e-01,1.920855273293102794e-01,2.011148655627126303e-01,2.250184921662281567e-01,2.638703748278018457e-01,3.361799063505530594e-01,3.753225849720522866e-01,4.117786529861151568e-01,5.362590456355713631e-01,5.975791987709772046e-01,5.999376993022781379e-01,6.529437627822328727e-01,7.395836532694549659e-01,8.066623927958772589e-01,8.325420955822260272e-01,8.458157077878851737e-01,8.483382317268037820e-01,8.668145910556559475e-01
4.800760000000000000e+05,7.357967221353700626e-02,9.662225856333506169e-02,1.350497917064709119e-01,1.484715356985283341e-01,3.157287634468154414e-01,3.288186953337554064e-01,3.610697765404319304e-01,3.731771619011138297e-01,4.375108642818201776e-01,4.891499479424454844e-01,6.502576010176116528e-01,7.516528304525027515e-01,8.020871714359145699e-01,8.053306120635791432e-01,8.970418417296904812e-01,9.073352952472754085e-01,9.084936754531054426e-01,9.585313839511719891e-01,9.602009138598237570e-01,9.769990621339504910e-01
4.800770000000000000e+05,2.659262575727916467e-02,6.059654872360431543e-02,1.270607861784033288e-01,1.971430255288472155e-01,2.136934659951076343e-01,2.832759428948133928e-01,4.101293895443699489e-01,4.226174712666858069e-01,4.619911910326751636e-01,5.132654875860022115e-01,6.075347366184367104e-01,6.250536948513302216e-01,6.539617846256479128e-01,6.807411392707265474e-01,6.813369249873556521e-01,7.602668423153554622e-01,7.992829775991876495e-01,8.176324590039311113e-01,8.878870750932144063e-01,9.479528569157973372e-01
4.800780000000000000e+05,1.261067173250696172e-03,2.218674716202465591e-01,2.469861719883417184e-01,4.564595744990366244e-01,4.610928081953118429e-01,4.647632927666691671e-01,5.439031368247777554e-01,5.751549865777124682e-01,5.961518069092606176e-01,6.234093558987604533e-01,6.464602078754515535e-01,6.768443682269044137e-01,6.854235014258488468e-01,7.570729074754750654e-01,8.646493357821003478e-01,8.807262162487951018e-01,8.827978110522090027e-01,9.705612962795862053e-01,9.865743036138355793e-01,9.952516727619015180e-01
4.800790000000000000e+05,6.489699384780567293e-02,2.540333676058051937e-01,2.858726674058347239e-01,2.868595462463345847e-01,3.378895251293323465e-01,3.915243022799146377e-01,4.697924963871319415e-01,5.435278187071758138e-01,5.537154604280657422e-01,5.807575546802512534e-01,5.993165278484569036e-01,6.548408680122554948e-01,7.055315457231824405e-01,7.108916529702953291e-01,7.453542385415620197e-01,7.617795543995282692e-01,7.992686355273656007e-01,7.998603415285527873e-01,8.934965433258463818e-01,9.581547078788690275e-01
4.800800000000000000e+05,5.371581440025030574e-03,4.065212360189385254e-02,1.183956160848209649e-01,2.003973430191209326e-01,2.530491090386870479e-01,2.719722979785886841e-01,2.837418582026528524e-01,3.148464861228208456e-01,5.058783857200372935e-01,5.353110411574238947e-01,5.461983066086000260e-01,5.692376144424688977e-01,7.222391241774397397e-01,7.243515362059576024e-01,7.311925577537348175e-01,7.451663474137172338e-01,7.971586842640523418e-01,8.054635553731628317e-01,8.822525301066945769e-01,9.329880037629727507e-01
4.800810000000000000e+05,8.747513031829057262e-02,1.083913345919977900e-01,2.185903493111787110e-01,2.205394595679608383e-01,2.514122181041732462e-01,3.072743773679799117e-01,3.175722875396764788e-01,3.554484890215900972e-01,3.766724024411425287e-01,4.340094253492660092e-01,4.405289298846339907e-01,4.723404833555618909e-01,8.660153271340419456e-01,8.719543155830492553e-01,8.922707440766457498e-01,8.979936571514733901e-01,9.156664105417298138e-01,9.484593718406895135e-01,9.521026737037592280e-01,9.552452857695168387e-01
4.800820000000000000e+05,4.188710026384812046e-02,1.828253067843181867e-01,2.297259264729061279e-01,2.539006770794827172e-01,2.707554720376372792e-01,3.015488695961967558e-01,3.270917095082759296e-01,4.765935406074328640e-01,4.818714988225335505e-01,4.892454946545453653e-01,6.397522737928473813e-01,7.714546044429428928e-01,7.892612588444231081e-01,8.282099281262963464e-01,8.348064807192657755e-01,8.419570266977295381e-01,8.454796680954241861e-01,8.558300585162380569e-01,9.032782887753417755e-01,9.579717318018418082e-01
4.800830000000000000e+05,1.840126523117380231e-02,4.101303672494160946e-02,5.542455883646391079e-02,1.684131789229762477e-01,3.328548941839672981e-01,4.636545992716408771e-01,4.885516547313950575e-01,5.207004633906942015e-01,5.576193243554169454e-01,5.844978054304219572e-01,6.118984482446324646e-01,6.174327266938275383e-01,6.227194858300322267e-01,6.800589972006658712e-01,7.023626712908095371e-01,7.236836364339283012e-01,7.274161441250454052e-01,7.395144214587107134e-01,8.773331061503789607e-01,9.151147996603852253e-01
4.800840000000000000e+05,7.694507593469879225e-02,1.293737581837089978e-01,1.871779106655084846e-01,1.971250420053544117e-01,2.965605856474767821e-01,4.325186673665388781e-01,4.700177692809316410e-01,4.832814644564096263e-01,5.211753748038261413e-01,6.000356716814179148e-01,6.411294736673711636e-01,7.140234582920204076e-01,7.263352338107759154e-01,7.434551004813437780e-01,7.469295564197611093e-01,8.015899826415946450e-01,8.031602169687689363e-01,8.534827417042273323e-01,8.891006220083458311e-01,9.584725110498013567e-01
4.800850000000000000e+05,2.457872329694921198e-02,4.495953889394799230e-02,9.074740936146041825e-02,1.324271706596352738e-01,1.546079667720814399e-01,1.703778707382190838e-01,2.079058856123862098e-01,2.189488604798202065e-01,2.253092682308373007e-01,3.025800505596637491e-01,3.796038626052745668e-01,4.547073779662362814e-01,5.686347771209557811e-01,6.113780584491987913e-01,6.748019751638045793e-01,8.117070654356360881e-01,8.151837136697467345e-01,8.589474078395044065e-01,8.813506926918971418e-01,9.227600899436635418e-01
4.800860000000000000e+05,1.045828125842984679e-01,1.914954385123782687e-01,2.088367968044623213e-01,3.466152728532805316e-01,4.538290206995696519e-01,4.547944838611207574e-01,5.005930942754465152e-01,5.371464375281332915e-01,5.611406491849483258e-01,5.712743569944976896e-01,5.830246192868793198e-01,6.053542437294533451e-01,6.731237244670370545e-01,6.795826747109564581e-01,7.160980502691082217e-01,8.018810501109905342e-01,8.642375790428846738e-01,8.919234738044828914e-01,8.928954035939677958e-01,9.143116080478317365e-01
4.800870000000000000e+05,7.977459177292089976e-03,1.166694049583385517e-01,1.542931164345017203e-01,1.737659567122581405e-01,1.970174849155130747e-01,2.035150232921558722e-01,2.414067570364601956e-01,2.451943795843870566e-01,2.682504165995561740e-01,3.499406429256149975e-01,3.633079284830977862e-01,3.662905683302877247e-01,4.302914966954199949e-01,5.463597066626173504e-01,5.779431324116023339e-01,7.133490794962955572e-01,7.716396753301201228e-01,7.738719305130430381e-01,8.194308884395556936e-01,9.200424869902675828e-01
4.800880000000000000e+05,1.301020493245341747e-02,5.927678807244785020e-02,9.904247695465118184e-02,2.557760608445805994e-01,3.027275039246393185e-01,3.241197291777900835e-01,4.066751640058867689e-01,4.142565603179219069e-01,4.494840233256427453e-01,6.429531894779559886e-01,6.502871508556566926e-01,7.112589078850232172e-01,7.313202118448804967e-01,8.111522288314289009e-01,8.383816499254388432e-01,8.471902672181657046e-01,8.738024113531684955e-01,9.190917654519821234e-01,9.614930230003406741e-01,9.958979879060937401e-01
4.800890000000000000e+05,9.696457042739470289e-02,1.419939702098637069e-01,2.037089737991056859e-01,3.080626695263044557e-01,3.415814095670116624e-01,3.530725416798070615e-01,4.691744989012093248e-01,5.028239091275128470e-01,5.858730963362063227e-01,5.961156799747632240e-01,6.257458350722968632e-01,6.856744880941594289e-01,7.712723003557631074e-01,7.713774069224792473e-01,7.801204144512722261e-01,8.051578442835971572e-01,8.399946475668376156e-01,8.421074149996949920e-01,9.690741448819365500e-01,9.892806158578509867e-01
4.800900000000000000e+05,5.368832504000198291e-02,1.102609805236485219e-01,1.496343807733994113e-01,1.597077883641330187e-01,1.698831207644304619e-01,1.876629308763534398e-01,2.755512077376015556e-01,3.078272211304505790e-01,3.654841261948800213e-01,3.839180045699654986e-01,4.010491367795329110e-01,5.164821148682163798e-01,5.655474795430867063e-01,5.752973297878367642e-01,5.954632795305730975e-01,6.286168141013879218e-01,6.641504536439796214e-01,7.400687503051814886e-01,8.159142486483872414e-01,9.357294580340186352e-01
4.800910000000000000e+05,9.687774384560476904e-02,1.131104416726299577e-01,1.412016311149252301e-01,1.536119576569606737e-01,2.804986575385947090e-01,3.063190401354980441e-01,3.148359568581922119e-01,3.921258955554068892e-01,4.105587312091923957e-01,5.125121094890030538e-01,5.270262021652687423e-01,5.469186673516333030e-01,5.524977289560623062e-01,6.653538419796573011e-01,7.771864244665889210e-01,7.975631217366513370e-01,8.646957870992023620e-01,8.783726967770785210e-01,9.032696210964455963e-01,9.290837807506087120e-01
4.800920000000000000e+05,5.562482338431118389e-02,1.073316892834730307e-01,1.392619045546187317e-01,1.521001746654718767e-01,1.523050048634915221e-01,1.752387224329696735e-01,1.868097472361832656e-01,1.882378388431653615e-01,1.953068880289988707e-01,3.026028748501271570e-01,4.494786637607246504e-01,5.355855085292882123e-01,5.492625514204966253e-01,5.599554073036414614e-01,6.198927044754549698e-01,6.961285496413779361e-01,7.386881051765451511e-01,7.661717169573770692e-01,7.898907849474515741e-01,8.633607659749763519e-01
4.800930000000000000e+05,9.678148705039024691e-02,1.282349149330348492e-01,1.395055532950778554e-01,1.737636311162207292e-01,2.519263079206759404e-01,2.624832322435506349e-01,2.751752340553600407e-01,4.769724082684717592e-01,4.857491746209970929e-01,5.270598735951690372e-01,5.575222687329702831e-01,5.708692996820171617e-01,5.837825087630711396e-01,6.171006089169625008e-01,6.811996504275306119e-01,7.219654649856916961e-01,7.676427664432706743e-01,8.141779749067147298e-01,9.233127252401907015e-01,9.567571201132630820e-01
4.800940000000000000e+05,8.992984213407773098e-03,8.099337597187405979e-02,1.004369945631291561e-01,1.282756866860004230e-01,1.454385461568566962e-01,1.575553370556308508e-01,2.385248904868569886e-01,2.622297607507052541e-01,2.764312577962049211e-01,3.146703199193111589e-01,3.154798241956718874e-01,4.709169906513351878e-01,4.993235362136838607e-01,5.200735131878257977e-01,6.865772094894366795e-01,7.115102351156700200e-01,7.196661735729864562e-01,7.241695849173982458e-01,7.653841781110820586e-01,9.026964442455096549e-01
4.800950000000000000e+05,1.077953116521411792e-01,1.080909347549819932e-01,1.558144788273166936e-01,2.066239064636129497e-01,2.381291746942753029e-01,2.852435718687421629e-01,3.073520515085786942e-01,3.980766155522623695e-01,5.017085327918150428e-01,5.028879359042184305e-01,5.351667412505757282e-01,5.604447501043123836e-01,5.863105014037627294e-01,6.531450356070117591e-01,6.773002588853005435e-01,8.052018443778132806e-01,8.315931645660604721e-01,8.485430248240333206e-01,8.701007071634180301e-01,9.864798326870833911e-01
4.800960000000000000e+05,1.645786416698480359e-02,1.164206479369108704e-01,1.454708187663417140e-01,3.246929563074448799e-01,3.629744337835154600e-01,3.634690381980252294e-01,4.525227385926570145e-01,4.745797376376874599e-01,5.103423010959897699e-01,5.889595695695780675e-01,6.120692799269037421e-01,6.611757043139491197e-01,6.931274370721511868e-01,7.000265972240296009e-01,8.700941257068316448e-01,8.957535655795941798e-01,9.125279893185369584e-01,9.355532348368374995e-01,9.456468204627993535e-01,9.790112066819355308e-01
4.800970000000000000e+05,3.335541233976613285e-03,1.016346898518528663e-01,2.743002629590705066e-01,2.825122496218657187e-01,2.829093599033828399e-01,3.811356424098182316e-01,4.479706112759395120e-01,5.251824287735669117e-01,5.661862919281116513e-01,5.809172070351213968e-01,5.981603259323314825e-01,7.152154310689511352e-01,7.293868404060601662e-01,7.322527525480767574e-01,7.328905741421218867e-01,7.408374290267846218e-01,8.345786525651917032e-01,8.494323187842282019e-01,8.872500522516020283e-01,9.409155213386872774e-01
4.800980000000000000e+05,6.580698253640915318e-02,1.254168558780610621e-01,2.279766732850732058e-01,2.319740528579703476e-01,2.699847907529857594e-01,2.957456539879677049e-01,3.847683662639094226e-01,5.269767183398877952e-01,5.712387292281833062e-01,5.810259359510062671e-01,6.506663383417621294e-01,7.152848154375684997e-01,7.178081012080841372e-01,7.281214184985336235e-01,8.079042108016110113e-01,8.223382621287239624e-01,8.367769245800651401e-01,8.845171638873902120e-01,9.063603184431535675e-01,9.696766115600595759e-01
4.800990000000000000e+05,1.149838235018002530e-01,1.312686488838389343e-01,2.009680181730235660e-01,2.639312980582870782e-01,3.301982450856826290e-01,4.088892350699642186e-01,4.610530745159014954e-01,4.635309181651454669e-01,5.091769401045158627e-01,5.478005071318545749e-01,5.956016012276672544e-01,6.001157350029450166e-01,6.772049910827163677e-01,6.810322634869162561e-01,7.032846303750095451e-01,7.442600573939180952e-01,7.853860497377979089e-01,7.861439721981694495e-01,8.069283901161541372e-01,9.391180268930954256e-01
