6.600000000000000000e+05,9.493709416667076573e-01,1.889294349437647957e+00,2.806643334594510542e+00,3.608767727609381470e+00,4.311460649664561551e+00,5.149004915128990056e+00,5.775436728907842543e+00,6.078188055453079386e+00,5.849768742929029486e+00,6.399025102434311663e+00,6.671124705516458420e+00,6.879565016460061244e+00,6.722079744320259564e+00,7.094897973510970068e+00,7.044835681224826729e+00,5.767817634836594820e+00,5.461541846370264963e+00,5.764131068265406554e+00,3.520486678723001361e+00,3.161197209152895038e+00
6.600010000000000000e+05,9.879796881938077702e-01,1.958556774285489910e+00,2.833413053883361066e+00,3.579212401282981126e+00,4.277169205397073348e+00,4.198530982323891436e+00,3.916167047413084301e+00,4.098572369347673217e+00,4.415935966664101819e+00,3.201480073977572616e+00,3.310508285974036902e+00,3.343761179110408488e+00,3.238448046863087182e+00,2.548829399944086305e+00,2.578545609817593398e+00,2.665697535588053668e+00,2.249114342555039059e+00,1.868122693657944922e+00,8.977453154788604950e-01,3.873528800683390116e-01
6.600020000000000000e+05,9.427990098325719215e-01,1.834050132340652395e+00,2.736751975552984995e+00,3.467741285731469780e+00,4.216021972595817680e+00,4.692964623299253901e+00,5.415566732336312583e+00,6.021251807765063191e+00,6.434867085373511486e+00,7.078915174737730354e+00,7.731373876269005407e+00,8.401825218515543980e+00,8.329235877794964438e+00,7.465364075642266783e+00,7.679964767722987418e+00,5.777915821593342827e+00,6.107438643888248642e+00,5.850914285187120534e+00,5.615543035910360636e+00,2.743003839007798206e+00
6.600030000000000000e+05,9.666725676610138374e-01,1.772316336103547885e+00,2.547431621108077415e+00,3.112780609479698590e+00,3.720580548032200952e+00,3.962023599890744485e+00,4.456577141564603828e+00,4.928202790706923686e+00,5.522555663038194673e+00,5.852612151827145226e+00,5.672748009934659663e+00,5.840940034136830050e+00,5.279474902649555546e+00,5.371679353288756786e+00,4.566117399611881567e+00,4.361290502612591879e+00,4.105619059816845606e+00,3.814338793258599480e+00,3.281354919108509627e+00,2.003177159803890550e+00
6.600040000000000000e+05,9.645968365710267944e-01,1.845471385068363057e+00,2.764166696379363408e+00,3.549155009600611699e+00,4.183212882371531549e+00,4.585172226166278620e+00,5.264508982285219574e+00,5.915773768830997703e+00,5.535832563540190598e+00,5.882193716812162521e+00,6.010661600235517099e+00,6.101437933414159076e+00,5.811482858435393695e+00,5.929346004345051213e+00,5.959314805431775497e+00,5.285936605812667111e+00,5.278448403872625150e+00,4.976774420918906650e+00,5.028546934366483256e+00,4.595121073398442668e+00
6.600050000000000000e+05,9.757349167996937078e-01,1.934757505217965745e+00,2.428059981514936627e+00,3.139672565544916694e+00,3.871091048011377378e+00,4.405914539957922926e+00,5.052447490337888425e+00,4.990312504328237253e+00,5.331517611664398970e+00,5.532716681056485619e+00,6.027107614898691068e+00,5.835585738170301795e+00,5.250045804000717631e+00,5.027196052109172086e+00,4.772483520676106927e+00,3.029681450693427536e+00,2.932602488432744625e+00,3.088359191423748484e+00,1.443508426312517301e+00,2.840442535652054623e-01
6.600060000000000000e+05,9.113704798862405365e-01,1.722464621630630077e+00,2.465407297316601909e+00,3.069432276412854765e+00,3.830952720789506216e+00,4.542829787432128619e+00,4.475220549308115636e+00,5.002945186505964870e+00,5.486798752633145426e+00,5.520382959261958433e+00,5.330506092520265859e+00,4.732863133562009494e+00,4.641946556338838903e+00,4.351213925698361962e+00,3.429624744707045814e+00,2.239786332606673369e+00,2.267539709122783353e+00,2.006455010394722294e+00,1.360673420872580142e+00,3.905965989191195753e-01
6.600070000000000000e+05,8.278210795518832210e-01,1.607362915484987775e+00,2.257847415286141413e+00,2.794626260499853299e+00,3.389843165568829253e+00,3.757318525897728634e+00,4.375447517379895679e+00,4.157973438751120909e+00,3.822283006159490792e+00,4.003678675268829146e+00,4.135766963739708757e+00,3.818697008606381615e+00,3.851299960730270922e+00,3.316807483128115130e+00,3.434193095301033338e+00,3.147021770199165402e+00,2.703113910210140691e+00,1.920583648094990270e+00,1.160442653299179616e+00,6.616157387875243323e-01
6.600080000000000000e+05,9.067309853728811042e-01,1.806538620618058033e+00,2.595464422010410832e+00,3.297231448931710940e+00,4.079609773185779886e+00,4.195498589307750770e+00,4.376532186195891683e+00,4.415163683909032244e+00,4.522292818142725324e+00,4.860782920783691452e+00,4.379046970727608290e+00,3.755062035318428304e+00,3.751228566980429946e+00,3.776760858401222887e+00,2.950869864567348344e+00,3.101090791130268087e+00,2.785901134696114667e+00,2.678007702796143086e+00,2.194419074981453832e+00,6.196911530511983734e-01
6.600090000000000000e+05,9.447361039278776573e-01,1.854255720373856997e+00,2.675136620594233960e+00,2.989926659071473924e+00,3.630496276127357813e+00,4.305254277890917969e+00,4.089256259354107748e+00,4.303749822227327826e+00,4.831420701186179834e+00,5.012823531508027841e+00,5.114602803722661406e+00,5.357914870668718521e+00,5.786486447305156489e+00,5.794312790787799372e+00,5.487455677108027174e+00,5.176324946146680261e+00,5.309563284170613073e+00,5.291250304050095110e+00,3.855013571767805569e+00,2.378984752862123297e+00
6.600100000000000000e+05,9.757915125230034459e-01,1.908584295478285897e+00,2.662987337181016656e+00,3.069002577960076472e+00,3.584931920856294418e+00,3.998919867461170341e+00,3.136977914264626133e+00,3.470019062662855980e+00,3.605347452692545307e+00,3.664400268255390003e+00,4.011599597011369589e+00,3.747260427838336128e+00,3.257644114219669262e+00,2.857806279400851412e+00,2.517236978934123570e+00,2.634607650124049627e+00,2.305218302112006512e+00,1.047253105442475407e+00,5.622000991472398956e-01,5.277945164938957490e-01
6.600110000000000000e+05,9.923083410818368533e-01,1.959588002186635869e+00,2.852711045131361534e+00,3.768696080006593618e+00,4.066913676341972206e+00,3.792409256011533003e+00,4.162191156120798041e+00,4.533216060332474484e+00,4.383883758899740357e+00,4.335868866069167105e+00,4.601596097568919852e+00,4.656679644629257098e+00,4.247276095121080175e+00,4.431806525067543134e+00,4.592172475501713258e+00,4.877979301563120984e+00,3.798817713443646049e+00,3.873348068200041183e+00,1.665310747306659955e+00,1.340693699667852012e+00
6.600120000000000000e+05,9.883272392331869938e-01,1.847909423859753764e+00,2.529975163520294501e+00,3.241512538768829721e+00,3.765396437877101654e+00,4.467307760571333830e+00,5.201551649305221403e+00,5.871579444052860808e+00,6.336664503012871208e+00,6.942721266988868045e+00,7.473917222892243473e+00,7.070771072647874966e+00,7.424877443844080993e+00,7.783290022941702802e+00,6.941249469401977734e+00,5.157904512464574154e+00,5.282554078303869360e+00,5.338339455207020023e+00,4.171566553948029110e+00,2.885012288343995479e+00
6.600130000000000000e+05,8.959940719484378313e-01,1.688043903670751300e+00,2.290437699901471724e+00,2.931540526177458084e+00,3.251488398302264660e+00,3.810811636068873298e+00,4.386470004751936713e+00,4.781509146737831450e+00,5.208225938147654333e+00,4.470049087201743099e+00,4.813893172348692850e+00,5.204035133892721987e+00,4.743389057576400170e+00,4.102143392198379424e+00,2.967887937449060765e+00,3.131478890285032790e+00,2.643509759927143321e+00,1.278881466498735353e+00,1.223624670914375212e+00,1.047867730611615755e+00
6.600140000000000000e+05,9.791209149429290770e-01,1.773269892053114249e+00,2.656218281836929762e+00,3.528521105076990239e+00,4.390080390416245315e+00,4.777368420965128593e+00,5.248496659665319974e+00,4.458701498890158099e+00,5.012315093945961308e+00,5.567819862139766762e+00,6.118747071255984160e+00,5.473238842835315587e+00,5.716519809199096969e+00,5.641337132495668705e+00,5.662036062427540095e+00,6.027709370066309802e+00,2.744656286265910072e+00,1.586162633222305773e+00,1.414876407056684826e+00,1.389836240295423408e+00
6.600150000000000000e+05,8.597337067060989435e-01,1.646202744665115958e+00,2.214552404298643307e+00,2.798912579273080681e+00,3.082698059825159653e+00,3.577867074265563385e+00,3.511321247456083317e+00,3.213462159918579530e+00,3.605386082223181354e+00,3.711577849725180567e+00,3.733603315521950794e+00,3.878626665602703749e+00,3.995365298196429826e+00,3.627412835935634572e+00,3.880390323215108239e+00,2.413870145413458346e+00,2.479349449070869404e+00,1.524106999685703734e+00,5.902954323792714009e-01,4.895690369842053968e-01
6.600160000000000000e+05,9.772516377400228826e-01,1.808011927169161037e+00,2.652477272262127705e+00,3.310530817324834008e+00,4.034268944660236222e+00,4.609895166145554057e+00,4.931081879925975464e+00,5.286848302841617553e+00,5.793929021453260830e+00,5.186996052298820103e+00,3.830996735410791665e+00,4.041720357571892741e+00,3.547431444467144868e+00,3.598799782321560947e+00,3.293958336908758167e+00,3.257395487293919700e+00,3.152376513495301236e+00,2.979830310419567141e+00,2.678897399000043755e+00,2.449773181707821657e+00
6.600170000000000000e+05,9.695594135699282523e-01,1.894285007911823415e+00,2.537222584628082256e+00,3.149767568177078925e+00,3.561129253137818029e+00,4.246536018942727253e+00,4.601670159200342169e+00,4.428578816069281388e+00,4.506040217763297662e+00,4.466371595716820408e+00,4.362244819590331169e+00,4.160057373208404741e+00,3.529414788765860234e+00,2.504749507243868134e+00,2.008066243876507784e+00,1.970104677795044168e+00,1.928717277499157889e+00,1.228042622736655431e+00,1.206022669935793434e+00,9.512557818061551096e-01
6.600180000000000000e+05,9.542727200713428948e-01,1.894464220638292451e+00,2.727153132416246351e+00,3.442501259105779088e+00,3.741734310885037829e+00,4.349026341014178954e+00,4.825288393187568303e+00,5.115557368281430151e+00,5.341738404701755982e+00,5.788859441080899337e+00,5.375190842807831437e+00,4.522993845669457613e+00,4.576046370125190776e+00,4.622877113681405525e+00,3.560209485836928422e+00,3.556409652398649257e+00,1.491855138029077210e+00,1.203791416860003904e+00,1.258134347551142174e+00,9.741379129791116753e-01
6.600190000000000000e+05,9.252073785230988667e-01,1.820314283129110589e+00,2.530454132406106282e+00,3.325588278053639879e+00,4.107808842730308108e+00,4.234639368938138304e+00,4.795285251708977903e+00,5.414641521603443586e+00,4.801280823037780365e+00,5.114770466990286479e+00,5.598347571749554774e+00,6.038663343533563932e+00,6.449383461936568196e+00,6.933474125707531854e+00,6.795938446774584030e+00,5.593862142596085718e+00,4.562917981365816722e+00,3.176053790314250058e+00,1.009686607944861869e+00,7.579522781385916730e-01
6.600200000000000000e+05,9.642819068968769836e-01,1.923658805587637577e+00,2.653144043066844482e+00,2.874918091450209268e+00,3.459101276892506238e+00,3.651274016760783336e+00,4.207783294724476875e+00,4.698541401862175171e+00,4.963634907437000976e+00,5.056532111708378352e+00,5.429508482588014218e+00,5.335025326698290549e+00,5.034102619355930841e+00,5.349281028090998369e+00,5.370861849060533544e+00,3.508303261635726145e+00,1.787038323014290553e+00,1.757831807696029980e+00,8.783439776498946916e-02,5.100412907842244437e-02
6.600210000000000000e+05,9.224177315548059974e-01,1.787724274022662208e+00,2.649656398410885849e+00,2.663763610285803551e+00,3.262533027992083223e+00,3.860831732104936798e+00,4.098041831155193826e+00,4.598118959458410870e+00,4.662955851732398571e+00,4.822223357299967539e+00,4.453772363798642608e+00,3.048649737686453420e+00,2.325259146722800097e+00,2.242310510359128095e+00,1.704350397607121703e+00,1.629145866620751448e+00,1.139641564590758271e+00,8.944168078678556011e-01,8.541635872599020463e-01,2.773497540895286662e-01
6.600220000000000000e+05,8.853788262589702418e-01,1.648200031208859162e+00,2.137563302617594641e+00,2.662705510402941123e+00,2.930925550593892037e+00,3.489770475836218910e+00,4.017274338449453808e+00,4.494428718850735471e+00,5.034923788961166657e+00,4.730164612823929637e+00,4.920367860859781395e+00,4.632835662433809176e+00,4.151418969686482718e+00,4.201807991079522964e+00,3.936222948008890832e+00,3.821936560019457474e+00,3.914445583173877363e+00,3.685926042248802048e+00,1.755743890703414412e+00,8.457370858397061930e-01
6.600230000000000000e+05,9.868637886851034935e-01,1.924151915712182914e+00,2.820289087643704118e+00,3.598402869608452015e+00,4.481881334577877851e+00,4.186292540766523018e+00,4.874826915758511348e+00,5.500000630034381999e+00,5.838390601913456379e+00,5.786504856790370965e+00,6.274891924408965593e+00,5.285079812895178364e+00,5.030003593968245923e+00,4.728859158007386654e+00,4.563231843764583573e+00,4.757369067225054593e+00,4.421196468407025293e+00,3.671425389410551077e+00,1.903668671615741825e+00,1.196989478598691203e+00
6.600240000000000000e+05,9.477733971141112379e-01,1.830377318267288667e+00,2.721872192644116062e+00,3.280713005026596019e+00,3.864378997140019756e+00,4.570995405809227918e+00,5.328854907441967548e+00,5.759941093415697821e+00,6.353869228547043058e+00,4.095150779786870032e+00,4.419756046010856920e+00,3.653908410239525395e+00,3.262845702598480280e+00,2.447205639276134548e+00,2.223332691852478504e+00,2.348214543533027054e+00,2.142287953060383998e+00,3.407081156713707148e-01,2.315093196207784754e-01,1.011431416797248239e-01
6.600250000000000000e+05,9.811007623442160597e-01,1.913890068209024520e+00,2.150426777821000002e+00,2.685954370307280570e+00,2.595689789951348025e+00,2.983916520869777322e+00,3.386193807535756051e+00,3.796049589100152666e+00,4.155182309371583393e+00,3.529453666140876855e+00,3.603313956431793752e+00,2.752483867997863154e+00,2.704329279187275947e+00,2.896194234912761178e+00,2.311469303712688106e+00,2.029391038422639681e+00,1.664257551403800939e+00,1.354533887721675489e+00,7.588697201743571652e-01,2.710096390397831456e-01
6.600260000000000000e+05,9.930256548029886554e-01,1.972101000067048249e+00,2.872286912411016857e+00,3.434369850310196259e+00,4.225285486924433620e+00,5.065072535522385344e+00,5.181351516641996113e+00,4.992527699139821529e+00,4.581012627007812199e+00,5.053977992161492239e+00,5.544653039205704737e+00,5.880799904627840746e+00,4.133430836333993774e+00,3.143576605908825261e+00,2.576694063145699154e+00,2.712420962403516711e+00,1.523908850724760899e+00,1.352857837936669583e+00,1.124474923424956696e+00,1.149764382189284451e+00
6.600270000000000000e+05,9.538280557872096388e-01,1.769781507346350535e+00,2.557007641607691006e+00,3.390866280839686109e+00,4.044782502421962356e+00,4.720098821962749547e+00,5.370444585352413647e+00,5.709245864636421253e+00,6.286541752239213743e+00,6.485735498761408202e+00,6.732492618626342740e+00,6.887455756575118215e+00,7.302089124450400703e+00,7.635423425660865959e+00,7.103226197572869438e+00,5.722082930114268606e+00,4.657824956556518181e+00,2.524078274823908785e+00,1.278244412308408684e+00,1.316897454359957642e+00
6.600280000000000000e+05,9.870354200555917501e-01,1.763454280967848176e+00,2.636816329728238539e+00,3.202977859416270778e+00,3.945132961923654591e+00,4.711898931997545503e+00,5.390952991272779826e+00,5.448446419537508412e+00,5.154052710176633134e+00,5.676064701961297310e+00,6.209272760061612217e+00,5.752234050396032750e+00,6.160523124252192950e+00,6.291598282252095942e+00,6.611223071634554138e+00,6.602358526769892322e+00,6.139364674578045467e+00,3.314710092428703625e+00,2.319515126068453004e+00,1.093504743798279222e+00
6.600290000000000000e+05,9.333809256627410011e-01,1.822795284919568104e+00,2.651653022188698472e+00,3.371660849439899632e+00,4.195521730863412735e+00,4.831400996746610943e+00,4.914668650058168886e+00,5.560847885683450009e+00,5.809392322807253706e+00,5.885713916694356840e+00,5.696657451123981808e+00,4.930729378904447735e+00,5.219049430002662859e+00,5.328811155480881467e+00,5.349737495159337719e+00,5.676522372793943561e+00,5.067702695854072736e+00,2.665287744691212879e+00,2.019880757983540054e+00,3.723685843809110274e-01
6.600300000000000000e+05,9.953093665303367477e-01,1.918140320091661799e+00,2.814630905538734407e+00,3.466776001953868924e+00,4.277844563416199009e+00,4.837645118901877872e+00,5.241868708153636369e+00,5.898167415227825394e+00,5.425697861154882951e+00,5.979981450177696445e+00,6.076099143528901791e+00,6.092368575104803341e+00,6.424037683431385481e+00,5.648106039117943844e+00,5.637200353695358324e+00,5.386335857583649300e+00,5.431744595023444866e+00,5.279508990210151076e+00,4.609386974446833207e+00,2.925795910253716769e+00
6.600310000000000000e+05,9.944351602582904848e-01,1.980435572390986998e+00,2.866745245256648200e+00,3.755237571614127745e+00,4.495120830081776653e+00,5.304675262965196758e+00,5.867835123648114326e+00,5.498226108533062373e+00,5.954282686118129497e+00,6.430387056966660353e+00,6.855186135763430499e+00,5.830481357779007112e+00,5.382937652170706855e+00,5.751396497794187823e+00,6.019854217599023727e+00,5.467963026429130124e+00,2.962752875297673949e+00,1.841533032532243208e+00,8.082510505885404095e-01,4.862874993125210210e-01
6.600320000000000000e+05,9.833983214669682615e-01,1.781307930874043821e+00,2.388316306912685150e+00,3.170038971075576306e+00,2.707744343742313209e+00,3.088009485941618504e+00,3.223987771305905525e+00,3.490633571888569264e+00,3.890111912164890828e+00,4.172440001384403629e+00,4.232921507882632994e+00,3.994672647926853948e+00,1.868741448694932750e+00,1.924651008157024057e+00,1.579903310216286272e+00,1.654660678709063859e+00,1.502689024761163505e+00,1.510714140343864642e+00,3.564652226922873091e-01,2.437661754699238514e-01
6.600330000000000000e+05,9.205144668056324253e-01,1.636398274650293416e+00,2.450271500995675922e+00,3.137065435259801305e+00,3.859646214810266152e+00,4.547594193515232419e+00,5.032739533228054007e+00,5.714081848756527471e+00,6.400448757883121509e+00,6.619992063272462701e+00,7.236675611202843861e+00,7.778509369299529297e+00,8.402214022479991939e+00,7.908124905689880357e+00,6.829059506796991030e+00,3.764174467603648822e+00,2.526469355858754984e+00,2.066365329154933317e+00,1.484368103505083525e+00,1.489291986421545921e+00
6.600340000000000000e+05,9.024660385579366118e-01,1.720786438619756442e+00,2.526021281002281071e+00,3.108763005333916141e+00,3.777078998927370534e+00,3.918871012373705387e+00,4.065596490348173830e+00,4.492768557991129619e+00,4.672940503829478232e+00,5.005669595783770021e+00,4.926668608742325262e+00,5.247242614601685062e+00,5.235221340587379757e+00,5.342814939534922480e+00,5.055065154490977264e+00,4.357549749768638847e+00,4.547497494712709809e+00,3.836507343498069211e+00,6.965832011207530039e-01,4.432079323571458396e-01
6.600350000000000000e+05,9.252020376248868416e-01,1.786456390261353278e+00,2.402783718329099649e+00,3.078060627083810452e+00,3.815106877898208459e+00,3.966949322868380978e+00,4.525551430810708098e+00,4.761374809111869943e+00,4.165981405471598897e+00,4.416680531330385406e+00,4.571583721240253695e+00,4.740795664709812840e+00,4.530915260613393336e+00,4.240484060168520308e+00,4.474371645707455158e+00,4.051020339270063886e+00,2.163792149512388185e+00,1.866122044788785406e+00,1.152859171521755766e+00,7.472479016487709735e-01
6.600360000000000000e+05,9.834699324186371161e-01,1.817422929253403430e+00,2.649029839816539944e+00,3.469041995969613268e+00,3.809062330632893456e+00,4.454741277259622656e+00,4.546502873528853073e+00,5.108419863671776362e+00,5.506977670826866955e+00,5.888912936014581767e+00,6.460372935358706492e+00,6.886681212942221464e+00,5.470963653364355750e+00,4.969151166182379953e+00,5.049179614629293766e+00,2.967401013398546894e+00,2.554699796549364077e+00,1.565621066307856912e+00,1.074663407572733487e+00,7.299279467160446622e-01
6.600370000000000000e+05,9.693544381294902923e-01,1.805924322811921501e+00,2.650567291594341235e+00,2.987900600967459130e+00,3.648484150708630747e+00,4.241416089210448881e+00,4.869845644612439628e+00,5.441525135833924054e+00,5.655015157873096499e+00,5.729991548962409809e+00,6.293326525091794466e+00,6.366651170750806443e+00,5.544100367058947931e+00,4.933623054758837334e+00,4.562458023755538328e+00,4.824692171422007902e+00,4.680585567999119512e+00,4.802903310135699044e+00,4.877191075849157897e+00,2.636673469347967647e+00
6.600380000000000000e+05,8.877044048006111909e-01,1.641256032010384835e+00,2.276279334597473003e+00,2.813084268214820938e+00,2.867898040273078486e+00,3.291325617844780282e+00,3.767700830651484534e+00,4.297278730478410580e+00,4.099984489628196727e+00,4.221760819027134737e+00,3.827203508000880827e+00,3.885247259173459700e+00,3.864988689434583069e+00,3.495509848091947980e+00,2.779594372862293383e+00,2.143312599761465265e+00,1.758961551869294260e+00,1.119111477198333038e+00,1.104078153594177936e+00,3.236566126470830085e-02
6.600390000000000000e+05,9.205601895055451900e-01,1.813819385441887144e+00,2.708071176142424541e+00,3.590672797716015108e+00,4.435123834171220913e+00,4.611222952001329034e+00,5.046751532702351994e+00,5.562305511210821507e+00,6.160912184112058654e+00,6.365331747276597341e+00,5.367934498319298697e+00,5.727532438623773814e+00,5.638146626031206310e+00,5.727871117128175982e+00,4.822890707813315636e+00,3.873522493564120595e+00,4.061728423574778368e+00,3.692853594967553832e+00,3.782791328963100996e-01,2.134500168133945941e-01
6.600400000000000000e+05,9.702103375348171133e-01,1.722745926941727790e+00,2.380630491115926617e+00,3.086752244000933398e+00,3.813650218035622430e+00,4.315713496066625687e+00,4.659639481070605882e+00,5.122516822636101530e+00,5.290405600914281692e+00,5.781262636004614208e+00,6.203133151845205973e+00,6.009325535732788381e+00,6.130304317027009731e+00,5.832837047844486200e+00,6.178590572984148821e+00,6.486746322349656424e+00,5.613139649187055547e+00,2.717612853713493593e+00,1.812750800728978540e+00,1.274537661315295889e+00
6.600410000000000000e+05,9.990866831435792905e-01,1.616832454068062974e+00,2.340949643619121279e+00,2.600326577695025065e+00,3.112560448924300172e+00,3.075872317811599643e+00,3.499867830310446681e+00,3.843804811589022208e+00,4.068487418700280855e+00,4.262909775752275365e+00,4.676539557151076387e+00,3.762985327063825824e+00,3.668302710938267541e+00,3.740333475827540610e+00,2.949160731373224209e+00,2.563155522972955680e+00,2.041276966032314455e+00,1.748240680449484996e+00,1.613631197241559345e+00,3.486599103844945091e-01
6.600420000000000000e+05,8.994886371646343415e-01,1.778131456291759616e+00,2.597396459559421888e+00,3.405324874851135331e+00,3.965730708269019189e+00,4.554701834118619175e+00,4.892091283456784900e+00,5.555851752604363369e+00,5.481246682436482942e+00,4.010877839042454873e+00,3.888724821712230550e+00,4.028713607369319938e+00,4.122458931950872874e+00,4.069643425652685664e+00,3.984522154136311389e+00,3.027997505473393858e+00,3.199250698780367941e+00,1.610366942305468729e+00,1.174342307524744555e+00,1.237786074201885356e-02
6.600430000000000000e+05,9.335645792953065625e-01,1.617239439536128698e+00,2.206151920147753298e+00,2.934644324266944437e+00,3.607326331036105671e+00,4.135772557911167269e+00,4.583100875264175755e+00,4.049267324050220829e+00,4.391881193963109276e+00,4.425574178215683219e+00,4.551312280590524395e+00,4.061191961316156451e+00,3.867453347687082932e+00,3.918860126899066820e+00,3.354989116101339430e+00,3.124614446854026895e+00,2.779301597004174784e+00,1.646142336290949526e+00,1.265485216433885896e+00,5.834682966880344601e-01
6.600440000000000000e+05,9.853320114478534286e-01,1.900804499478304210e+00,2.772459684134717772e+00,2.919383619705626209e+00,3.634813074029849211e+00,4.217226644839481509e+00,4.004273554475022756e+00,4.389576626529899883e+00,4.734688300168777175e+00,4.639661829194748677e+00,4.675386856174901240e+00,3.945900361738630124e+00,3.902668951575192224e+00,4.126950042785531458e+00,4.116807050194216444e+00,4.010444973297914828e+00,3.248598701406902656e+00,3.178190663305172414e+00,1.136087414355917424e+00,5.681576969320034642e-01
6.600450000000000000e+05,9.498212364123229667e-01,1.742037223771177201e+00,2.594768248822746592e+00,3.447424597880307306e+00,4.256410520348326898e+00,4.174297905865886449e+00,4.767637416941634676e+00,5.185097682607224812e+00,5.543692047328137917e+00,5.673091485984256721e+00,6.002215328204915323e+00,5.588363449940866090e+00,5.083368936808717820e+00,4.957942496886526662e+00,3.998285721434688078e+00,3.368977425390390579e+00,2.675311405231813211e+00,1.608339346072213072e+00,1.023821200382457164e+00,2.804038651502094304e-01
6.600460000000000000e+05,8.135782397269057942e-01,1.534807767915934429e+00,2.237086725830458533e+00,2.960642012074967244e+00,3.685478200729818354e+00,4.133702166934325462e+00,4.608859693622926024e+00,5.194203623383068624e+00,5.828225042611229867e+00,6.147634736819610701e+00,6.456597292346184069e+00,6.523985985283784039e+00,6.958592967064914703e+00,6.966434573581015144e+00,5.907622878454501958e+00,6.006197065516204248e+00,2.432637100100432548e+00,1.963747228574198367e+00,1.894039758351753200e+00,1.799686363624872776e+00
6.600470000000000000e+05,9.933456475791149209e-01,1.909014669961967003e+00,2.813590753265378108e+00,3.606068968394221752e+00,4.004810131269905149e+00,4.263769316856158120e+00,4.920556075412129360e+00,5.063607805033377929e+00,5.564194613255984301e+00,6.003306977409240908e+00,6.123238202359187810e+00,5.614202742525629120e+00,5.600395155740081066e+00,5.096602404533525643e+00,5.244204280960072850e+00,2.632594064495430430e+00,1.819856316965254850e+00,1.529781563120632848e+00,1.232418061203457427e+00,3.371137684645253429e-01
6.600480000000000000e+05,9.645485206281941837e-01,1.877102877070231823e+00,2.791939915261991700e+00,3.542833491794244338e+00,4.103410043280670827e+00,3.824510991001123905e+00,4.411330140263664212e+00,4.953327467682486329e+00,5.124239914207157298e+00,5.645511427325276443e+00,5.967968571927040777e+00,6.390537781982409626e+00,5.549313210557215825e+00,5.763713873663912857e+00,4.899943921913072487e+00,4.463708135170527669e+00,3.202275470388826317e+00,2.456693986735081214e+00,1.474560449180854604e+00,1.412660000382763847e+00
6.600490000000000000e+05,9.708673301645318610e-01,1.831496654545511360e+00,2.498366141050419209e+00,3.296868329635230577e+00,3.974078672784240762e+00,4.558297423588773434e+00,4.407983962657803900e+00,4.947173315514890923e+00,5.459343023399987338e+00,5.923116491397367511e+00,6.081863395913649661e+00,5.563214017467494443e+00,5.385847273128990587e+00,5.223594838918781846e+00,5.484489107208031733e+00,3.986592220885070148e+00,3.930834166200713575e+00,4.004279456556537831e+00,3.680456005533658370e+00,5.382297674556024702e-01
6.600500000000000000e+05,9.492867987779975980e-01,1.708818342607876906e+00,2.484308778734905410e+00,3.042696385831237027e+00,3.750226620665522148e+00,4.470567762843167259e+00,5.075912173410588757e+00,5.785000224736402075e+00,5.127888428268120968e+00,5.008950671293960433e+00,4.278414036048154401e+00,4.081408855326002616e+00,3.690507256362931088e+00,3.733469274387730685e+00,1.612552018617950278e+00,1.483496788351990503e+00,8.690073498834243182e-01,3.200038206779021177e-01,2.927326815288882056e-01,1.742703567470793580e-01
6.600510000000000000e+05,9.858128436323622124e-01,1.680215995475080826e+00,2.400512358363187992e+00,3.179756100833690535e+00,3.970140410114614049e+00,4.390747495137116374e+00,4.526260206416615084e+00,5.105649067404351982e+00,5.320822337939966395e+00,4.849535774691487333e+00,5.259258032706322084e+00,5.571807075943612020e+00,5.733686771466680376e+00,4.363368260768071494e+00,4.368185263613534985e+00,3.962682427088751069e+00,4.177631555101116945e+00,5.610652320293203488e-01,5.089814517065657240e-01,5.065955196264471105e-01
6.600520000000000000e+05,7.808357627260779088e-01,1.549612518707167430e+00,2.208143854928936722e+00,2.895564940697565426e+00,3.506735798154919870e+00,4.138736454363937334e+00,4.676682229778640121e+00,5.122199129761686898e+00,5.652594763529332766e+00,5.757822367980429235e+00,5.604645904693725811e+00,4.701344545157301269e+00,5.002153013586305264e+00,4.342662090349776349e+00,4.065443458516472042e+00,3.898715217342276773e+00,3.271287794250792302e+00,1.152118359949320547e+00,1.151035937085546523e+00,9.623827314233501795e-01
6.600530000000000000e+05,9.939784185698067320e-01,1.913873146214520204e+00,2.816815342930406807e+00,3.377631989822809988e+00,4.058681779978217996e+00,4.798163516556052777e+00,5.387152042307236322e+00,6.111144656543713083e+00,6.432569778251793657e+00,5.998635578421454895e+00,6.266622572216105524e+00,6.694736494851166952e+00,7.065270471288678245e+00,7.408884800858272612e+00,7.285283526302835710e+00,7.391157313590666078e+00,7.209791024297388162e+00,5.828648882790107066e+00,3.222959640637874656e+00,3.316147176137198560e+00
6.600540000000000000e+05,9.529415517315689144e-01,1.890507871205066248e+00,2.822280754172096451e+00,3.712331692117889936e+00,4.507604913154526827e+00,4.978832393202320183e+00,5.634332393400409700e+00,6.381048216268691675e+00,6.774536777402429877e+00,7.323774613547143986e+00,8.042658850927830727e+00,8.037737707547563559e+00,8.541597983061894439e+00,7.426471411546380352e+00,7.092703609364157558e+00,7.508162072414297228e+00,5.733003315194982186e+00,5.139826259112317608e+00,2.483970371845978242e+00,2.440208656236557694e+00
6.600550000000000000e+05,9.889392011966940954e-01,1.898221501006974288e+00,2.535207394627841726e+00,3.346226785956748273e+00,3.890656555323686483e+00,4.176348626521544816e+00,4.448042681387042840e+00,4.759385829440364368e+00,5.302018969673737203e+00,4.816548241722599322e+00,5.193354939478333598e+00,5.388511546774353178e+00,5.761503994321843791e+00,5.827835838605308183e+00,3.210085202273497806e+00,2.976621182460810644e+00,2.827330009414316780e+00,2.975286298655348549e+00,1.560644715290511630e+00,1.639369142430622261e+00
6.600560000000000000e+05,9.854506041459398791e-01,1.895690208999622151e+00,2.768672865301920361e+00,3.360775146132391367e+00,4.080852750477289348e+00,4.620991589014754375e+00,4.805444854837861435e+00,5.427336082867689093e+00,5.434821446214526119e+00,5.925276916288821027e+00,5.754604884249698848e+00,5.943400369406649730e+00,5.174462304540266899e+00,5.467541372049097070e+00,5.555670664741628073e+00,5.629236045077584905e+00,5.030115949948182674e+00,5.294966983637554137e+00,3.588193918283474559e+00,3.381311647140017307e+00
6.600570000000000000e+05,9.616375821723037731e-01,1.888623232066031221e+00,2.736543281463918564e+00,3.639261833161079984e+00,4.454581268449596898e+00,4.904740626851212149e+00,5.016169170901790153e+00,5.579358387067299141e+00,5.482259128785292646e+00,5.876825337073176669e+00,5.249710714390571908e+00,5.442925429765878675e+00,5.691630639852984785e+00,5.101994930092280889e+00,5.411508413449420907e+00,5.092640004563083522e+00,3.797819159720737581e+00,3.237483151065808862e+00,7.330649845831211930e-01,5.677664031137830136e-01
6.600580000000000000e+05,9.396295727999726122e-01,1.801055046612993982e+00,2.297838092029724777e+00,2.817875657632274322e+00,3.500141293883060722e+00,4.019359361006154430e+00,4.172530773282588257e+00,4.678764082965617632e+00,5.153856917936494142e+00,4.039880531483396098e+00,4.201824263920222791e+00,4.521985843500862856e+00,4.749192947817251209e+00,4.971242610683063390e+00,3.610914513537478054e+00,3.416089832495458722e+00,3.048456451769180564e+00,2.096769995888304372e+00,2.140736153632051497e+00,1.438481151104853417e+00
6.600590000000000000e+05,9.455656512815917569e-01,1.758841847632683253e+00,2.451896110505702886e+00,3.156614137698590117e+00,3.659416484369768074e+00,4.357654388612038687e+00,4.823691474752704877e+00,5.058338184027345363e+00,5.149593366779294357e+00,5.405707552202726696e+00,5.234312443254653502e+00,5.670029488427128506e+00,5.063247841230792190e+00,3.264140686237669620e+00,3.194194990584093841e+00,2.820291703628027946e+00,2.678888546123363135e+00,1.867684525820259900e+00,1.825890217251256775e+00,1.467606549950044581e+00
6.600600000000000000e+05,8.793687039161962593e-01,1.706000428062082186e+00,2.547687325306472239e+00,3.319146745905228180e+00,3.678101823950429505e+00,3.891017393230208565e+00,4.112372646192681280e+00,4.151276109108538392e+00,4.271280228064320283e+00,4.233935037314296324e+00,4.588556700207314876e+00,4.471496994656793511e+00,4.153503782034094982e+00,3.632830237856496503e+00,3.841307229115309863e+00,3.738895480749542699e+00,2.189130650254316190e+00,1.396309407603095298e+00,6.284123583402224655e-01,3.900695351461380689e-01
6.600610000000000000e+05,9.631140091784928803e-01,1.918878928154987396e+00,2.547532690743999240e+00,3.361849751378657825e+00,3.908500214195256728e+00,4.167323491568462934e+00,4.752478635067935109e+00,5.376275853724276743e+00,5.871592614001455601e+00,6.025770460131461448e+00,5.827539163440455638e+00,5.830261680602575325e+00,6.307275305303743806e+00,6.594719778036440161e+00,6.928089879555223263e+00,6.418974706642694983e+00,6.141371634215786024e+00,5.865419477910558399e+00,2.786494092515104271e+00,2.441935216085386884e+00
6.600620000000000000e+05,9.763590566716672248e-01,1.769914494530170135e+00,2.388492808940688938e+00,3.148117343021639147e+00,3.846860090753123185e+00,4.504905920601521174e+00,4.692491504277240821e+00,4.382108632312359475e+00,4.345278121934288862e+00,4.430191855681743007e+00,4.255094351918198292e+00,4.463589774679600275e+00,4.473421759796138986e+00,4.598424419294328658e+00,4.586041111915956314e+00,4.208984010437484713e+00,3.206097904304399115e+00,2.422550260165278857e+00,1.943940772521175253e+00,1.373426280491041318e+00
6.600630000000000000e+05,9.725562649403310944e-01,1.847232168171808020e+00,2.670061641328847379e+00,3.464435371194253488e+00,4.119163650516423303e+00,4.716611268489671716e+00,5.421828697112482942e+00,6.077764746704674259e+00,6.481613320502559006e+00,6.225051556402219077e+00,6.757686405189987866e+00,6.150593714464832829e+00,6.435898244794221235e+00,4.780399823631432454e+00,4.672262539172599816e+00,4.981864083976052626e+00,3.331516019175163379e+00,1.077422122792783599e+00,1.068374382193176819e-01,1.147152356154368391e-02
6.600640000000000000e+05,9.720912302885424960e-01,1.903433955779591180e+00,2.665568727644229252e+00,3.272969291406599091e+00,4.005228481376232885e+00,4.736803916039201923e+00,5.081021125071716327e+00,5.528354041385141748e+00,5.832542972965405248e+00,5.853650789957466571e+00,6.090684528543091503e+00,6.564567903087992207e+00,5.694043402740693871e+00,5.453349848872186989e+00,4.397718330446240387e+00,3.019735361971719101e+00,2.433744167296298055e+00,2.071704633106513427e+00,2.075604806764798749e+00,8.737100057464908254e-01
6.600650000000000000e+05,9.824460052959357315e-01,1.939758167896737495e+00,2.641165711837256236e+00,3.475392289501616716e+00,3.936620477222386061e+00,4.717759080301306085e+00,5.486297452488929416e+00,5.565019215840623090e+00,5.251208460368042452e+00,5.127009000421999474e+00,5.597244511272708500e+00,6.010045922233593352e+00,4.547634997296699844e+00,3.378153306863830529e+00,2.098305392467528119e+00,2.026418156559799399e+00,1.923918257485048411e+00,1.948323351482297738e+00,7.118000346871957706e-01,6.864401978025114204e-01
6.600660000000000000e+05,9.757900952550060403e-01,1.917875930178227106e+00,2.711461916331089128e+00,3.336122136403111060e+00,3.818598321863946765e+00,4.265729170037213080e+00,3.643220848328764028e+00,3.932346519963757281e+00,4.359584528544762527e+00,4.683924422168778356e+00,4.945621058071393072e+00,4.190548348740039231e+00,3.915795999969800434e+00,3.923974012807144973e+00,4.070933910138454515e+00,2.598653917308778816e+00,2.537283629563866327e+00,2.305459227728932525e+00,2.292711149642664648e+00,1.525541917481132437e+00
6.600670000000000000e+05,9.640660602147949065e-01,1.891847189950430996e+00,2.769225306388015895e+00,3.346260806406588184e+00,3.505123725267433876e+00,4.002785965084368236e+00,4.509385534538433049e+00,4.666132506212709252e+00,4.682401779547402221e+00,5.142587016689248003e+00,5.549336499579712090e+00,5.893448392781317935e+00,5.454606056467260267e+00,5.285462649740776619e+00,4.744504511576336014e+00,2.482807574872470724e+00,8.955059930467869078e-01,9.445175499386528895e-01,4.902159968275694446e-01,4.075522301269707270e-01
6.600680000000000000e+05,9.777463668845749467e-01,1.912959931830391369e+00,2.736327052716967856e+00,3.592102142420630528e+00,4.154402884700204801e+00,4.120560905663936069e+00,4.768485139664493389e+00,5.369823575065678867e+00,5.268256774402475529e+00,3.824848797912986598e+00,4.150687502493116021e+00,3.550038828616771891e+00,2.636220438948559064e+00,1.834065134722748569e+00,1.559334633983064933e+00,1.461595604059040099e+00,1.208238521323011572e+00,1.230794182179402396e+00,4.124701417103204815e-01,4.320135646359712922e-01
6.600690000000000000e+05,9.802039469680265960e-01,1.846204338474862316e+00,2.610758595012906191e+00,3.105200664669644173e+00,3.710994185830025049e+00,4.389603142201714547e+00,4.844262299171424146e+00,5.380492933646519482e+00,5.258733061560853628e+00,5.447104728872773194e+00,5.540065713103222933e+00,5.512539245850481606e+00,4.845591676907980982e+00,4.357543745976608207e+00,2.402730801813488082e+00,2.226977877425261099e+00,1.598751902691466942e+00,1.427932933177926689e+00,3.705565076542819414e-01,3.729574467990603992e-01
6.600700000000000000e+05,9.108464158791222953e-01,1.797958061514967731e+00,2.654021276193822665e+00,3.342979778115660938e+00,4.128501751482053450e+00,4.834250412572940192e+00,5.520723134321579018e+00,5.967638696604722348e+00,6.562997902925180149e+00,6.556435995959355445e+00,6.981039398835290122e+00,4.532642908545769345e+00,4.841602076677705924e+00,5.140094448148825101e+00,5.442387713361741319e+00,5.786561385053042628e+00,5.919858252184520886e+00,3.412113038807069287e+00,2.898672179739940624e+00,2.239411657945742373e+00
6.600710000000000000e+05,8.285020493110705209e-01,1.625682282238702481e+00,2.318299940441883145e+00,2.967126792013781600e+00,3.698912401448164466e+00,4.353505788433310819e+00,4.690736662089776132e+00,4.532876291925769685e+00,4.870852708133144304e+00,4.975984085604766349e+00,5.216737669502343522e+00,5.117715347141563953e+00,5.315952289462115843e+00,2.987460324826036295e+00,2.917153988805613718e+00,2.179839286739634119e+00,1.668947225461621997e+00,1.306450156106635285e+00,9.698247903265242442e-01,5.706285965285395889e-01
6.600720000000000000e+05,7.755351473063242240e-01,1.494671240740504947e+00,2.059043239818224791e+00,2.276020128024048184e+00,2.844369081664993359e+00,3.137499920429790201e+00,3.507293618840645610e+00,3.149977523309864580e+00,2.670581973084145577e+00,2.950164833950985610e+00,2.818487373940227414e+00,2.572081938292687386e+00,2.021411785089849200e+00,2.053932768822929855e+00,1.251844143710902468e+00,9.993719300315788701e-01,7.138437762378511131e-01,6.918733737268341066e-01,7.057661858987274162e-01,7.374667673752299812e-01
6.600730000000000000e+05,9.756546421108568401e-01,1.744955974762202100e+00,2.550244934248720341e+00,3.319201190578171978e+00,4.059814274541300172e+00,4.367253686902986765e+00,4.861513952973406383e+00,4.960986961459948219e+00,5.075663619487958300e+00,4.545724235428341586e+00,4.792829517938887562e+00,4.596934966230652897e+00,4.310877296473761611e+00,4.551954688717247954e+00,3.862455624805405385e+00,3.645454650891071680e+00,3.017589406660436513e+00,2.688888618611006365e+00,2.643440179166109960e+00,4.022554999742333770e-01
6.600740000000000000e+05,9.243439193068111459e-01,1.806543493160986280e+00,2.666618566926476586e+00,3.230568209543605462e+00,3.983140792753479431e+00,3.988197176350948503e+00,4.645274569162332945e+00,5.308052679077828628e+00,5.893945831480750464e+00,5.814624387354196067e+00,5.984027297956157732e+00,5.707617141897488366e+00,6.043676638071014295e+00,4.971323874753192484e+00,4.839265516567149206e+00,3.754692363406874733e+00,3.176167320569630803e+00,2.962492664283998600e+00,2.141485855990743037e+00,2.177713033108981122e+00
6.600750000000000000e+05,9.858614962450148456e-01,1.909273076598290819e+00,2.849366700078030057e+00,3.761609006435891800e+00,3.734732447497642660e+00,3.607658396251069988e+00,3.441156690899612514e+00,3.115843416892102979e+00,2.564606415755528612e+00,2.442712492372167699e+00,2.285184531932849872e+00,2.375416190838855801e+00,2.429714433618988423e+00,2.571673356522763854e+00,2.481876865323944248e+00,2.487137623245160967e+00,2.291661748250087172e+00,1.817862276538168675e+00,1.293257104621763798e+00,4.934920105460705031e-01
6.600760000000000000e+05,7.516674889952451588e-01,1.395140546406522519e+00,2.063402696369226241e+00,2.749121266014810772e+00,3.388233103440666305e+00,4.064615130356083128e+00,4.513608298999395529e+00,4.755404419152321260e+00,4.495517428717647590e+00,4.644284685080862118e+00,5.050639788532923724e+00,5.267284470170482180e+00,5.305543349053985835e+00,5.204831113986824853e+00,5.361856452076942503e+00,5.421411727819542392e+00,5.486312851153661185e+00,4.729398387558901184e+00,4.610879009919150562e+00,8.859409167892384751e-01
6.600770000000000000e+05,9.922915377057714981e-01,1.928043196633974610e+00,2.873478124655889587e+00,3.681164024007868019e+00,4.516224753145730908e+00,5.293181498514799799e+00,5.910145041473032990e+00,6.746857587179511562e+00,7.508407812150210248e+00,7.197777088959274927e+00,7.875680385045646936e+00,8.589584132391497207e+00,8.317068195956203169e+00,8.670058462251954978e+00,8.105466770580727953e+00,7.837905139144437427e+00,6.181336090674130368e+00,5.814479762912410976e+00,3.079957595604426501e+00,1.818403944597550836e+00
6.600780000000000000e+05,9.428185702548570468e-01,1.857642811026664731e+00,2.001198489704878014e+00,2.545649559324838496e+00,3.174642405401355116e+00,3.497269496216544038e+00,3.975766395297054334e+00,4.095789676301615501e+00,4.604071758076625720e+00,4.400361857888724693e+00,4.556130777845417867e+00,4.767175430378740586e+00,5.122065298132183919e+00,4.332580500771634036e+00,2.718799749704557733e+00,2.192390744675012826e+00,1.118703365864902155e+00,5.758750137306742900e-01,4.135535725934597062e-01,2.573296598428598259e-01
6.600790000000000000e+05,9.706678577458709434e-01,1.687406166811756147e+00,2.021808706743521533e+00,2.296093907396309142e+00,2.344635324210082583e+00,2.726622962471145328e+00,3.011341182841230868e+00,3.217093576643474506e+00,3.595960890149379807e+00,3.743858192735465273e+00,3.609542621004809604e+00,3.617142729168119075e+00,3.409208762470024467e+00,2.670843218810561304e+00,2.001461767340534159e+00,1.374941190968653970e+00,1.290510187341193493e+00,1.287076093444849301e+00,1.323344391472558446e+00,1.603583181332379759e-01
6.600800000000000000e+05,9.639520905753761193e-01,1.535693652856128910e+00,2.266998838159287377e+00,2.906882227117306705e+00,3.433615813856816246e+00,3.572015434751902418e+00,3.606064656706572613e+00,3.375524922970082997e+00,3.546138052824282294e+00,3.286092223709857763e+00,3.596355307555351377e+00,2.936955090777205069e+00,2.576734966672008298e+00,2.648716974443583894e+00,2.624800294349758811e+00,1.886952672147003796e+00,3.601454982120478876e-01,2.687101737606396590e-01,6.742872155012225033e-02,5.907476726410454404e-02
6.600810000000000000e+05,9.906632212861249398e-01,1.965256277383715000e+00,2.918826272817825807e+00,3.813285114887804639e+00,4.466939390021503975e+00,5.192604402964606791e+00,5.332846812312410201e+00,4.845392670224732079e+00,5.107370593977583084e+00,4.442302223546770179e+00,4.863098481754396296e+00,5.203928332379863519e+00,5.437909593811108167e+00,5.522854937536238573e+00,5.600263097859991213e+00,4.321302533462434425e+00,4.318969888195977269e+00,4.478606346322463239e+00,1.726498717003903227e+00,2.149074913664339448e-02
6.600820000000000000e+05,9.982632310300797451e-01,1.979190944805506058e+00,2.959601944099246484e+00,3.937948931283181686e+00,4.859301032850517288e+00,3.987907952690942892e+00,4.279352004606663762e+00,4.724236130424941393e+00,4.861070262441897327e+00,5.077204247278857885e+00,5.558225967612447249e+00,5.554619498091597052e+00,5.962512369990577987e+00,5.916009872631809330e+00,5.814102988659411331e+00,4.187443352058071611e+00,4.213883825869954691e+00,3.474681258576288734e+00,3.170774732338482949e+00,2.268668051707902755e+00
6.600830000000000000e+05,8.943338107633179712e-01,1.744548703014619839e+00,2.458632279074031590e+00,3.169801307490056175e+00,3.939387598389232359e+00,4.404488315367304452e+00,4.341348423436614645e+00,4.762508445225648757e+00,5.033415447443012170e+00,5.497188154188103582e+00,5.450299648965073018e+00,5.852157334005783973e+00,6.160410671211109523e+00,5.686899524467797562e+00,6.047670521976056257e+00,3.695708074971010504e+00,3.727188659678357663e+00,2.210796427054916968e+00,8.350377630658869510e-01,4.528341172027583461e-01
6.600840000000000000e+05,9.924890057718490644e-01,1.934920235842022773e+00,2.648723157616388768e+00,3.316759889319736310e+00,3.881556900722041625e+00,3.762349313576218712e+00,4.168502746617948951e+00,4.690793834541761242e+00,5.082072287098363894e+00,4.784872897530848768e+00,4.421368117626111705e+00,4.121559394206364857e+00,4.445616671077984527e+00,4.416104148470943791e+00,4.071902124281143287e+00,1.586310835955352161e+00,9.277138499886151690e-01,6.902007274606209997e-01,3.620720425606053228e-01,1.361963325245474365e-01
6.600850000000000000e+05,9.842224472705690674e-01,1.937889627430240624e+00,2.646684173104451698e+00,3.307730196648767329e+00,4.127355676434727449e+00,4.792441357513104627e+00,5.305456818643745187e+00,4.637337019451511999e+00,4.889222930043242599e+00,5.227081951649761749e+00,4.638770621936619598e+00,4.318700611575620130e+00,4.147606189047613690e+00,3.946066664144611380e+00,3.973576156498887624e+00,3.877715191917115334e+00,3.035321181039745575e+00,3.015657485864630338e+00,2.384877022219091369e+00,1.685424473549630431e+00
6.600860000000000000e+05,9.943872429350366637e-01,1.955397121201642552e+00,2.785106917896475576e+00,3.493261723912318928e+00,4.145709530541647148e+00,4.887932083702860808e+00,4.759229253764726941e+00,5.366650988495337060e+00,5.902850610602857095e+00,6.266406208468385586e+00,6.450687872183774374e+00,6.438601899632001135e+00,6.455714097745183899e+00,5.246499733671261545e+00,5.348359017597010379e+00,5.330916790099486491e+00,5.601200400349394926e+00,4.187098541036436750e+00,3.778459895388516454e+00,2.245025826440529837e+00
6.600870000000000000e+05,8.858942055672047733e-01,1.655460525699870455e+00,2.402350781497511356e+00,2.921278129827912906e+00,3.530649441111273656e+00,3.699071145279553718e+00,3.919826982177262664e+00,2.811215790827864325e+00,2.650773822281765835e+00,2.735944253918788149e+00,2.897387096937729112e+00,3.083958961205238936e+00,1.836922250561449310e+00,1.740786187026020837e+00,1.568618993386041716e+00,1.298127980838454931e+00,1.176999059222275879e+00,8.112378461276743558e-01,4.306627037356423049e-01,9.756167102961121884e-03
6.600880000000000000e+05,9.905572976644538841e-01,1.839743702748407816e+00,2.609611351665809931e+00,2.642689672304997295e+00,3.249253876435772348e+00,2.864669254127626186e+00,3.278328747741082516e+00,2.719052138528231133e+00,2.566712807619857095e+00,2.397187545951772414e+00,1.733656064307205646e+00,1.823396668518694863e+00,1.488271190015273859e+00,1.478436461597121721e+00,9.074111778499682757e-01,6.405859556971993385e-01,3.894255976769198657e-01,3.008842031555603036e-01,5.350691971456933427e-02,2.184358556640564331e-02
6.600890000000000000e+05,9.663356634483705188e-01,1.909448448772535611e+00,2.636675006472111615e+00,3.379258503912073941e+00,3.793050109201505649e+00,4.544756882098771378e+00,5.260600758394589072e+00,6.007100334483780557e+00,5.635869343711803481e+00,5.800513971742224051e+00,6.096837725135626940e+00,5.802717969411752996e+00,4.258792088959415523e+00,4.128005568473421150e+00,3.133901943937556389e+00,3.217027944503783488e+00,3.341556823886565386e+00,2.723222125357872336e+00,1.166668332708359568e+00,1.156879239464054798e+00
6.600900000000000000e+05,9.559132978120593593e-01,1.900224420171934492e+00,2.819083774164358847e+00,3.671054503383696765e+00,4.492933000164763158e+00,5.337087076936800401e+00,6.007193457323936059e+00,5.774833918747418693e+00,6.336617188848763682e+00,6.717695346581892935e+00,7.300991133849585424e+00,6.067574274368036313e+00,5.380833983342544258e+00,4.415492205393310776e+00,4.506393175344761914e+00,3.399598287563501131e+00,3.274400644143544703e+00,1.661666117699301726e+00,8.215052017861158573e-01,2.655845747217111530e-01
6.600910000000000000e+05,8.544240026438619795e-01,1.670969745520624938e+00,2.397989261717021758e+00,3.095709130154896016e+00,3.702080996359450982e+00,3.849758101792429610e+00,4.445112948203409964e+00,5.035532676659213003e+00,4.954479663058486416e+00,5.323620469534833255e+00,5.675466148761059593e+00,5.648190901283587806e+00,5.871962470584385585e+00,5.868388083369966424e+00,4.824000540025778605e+00,5.122013252339886691e+00,4.127161836386007643e+00,3.228518154442526544e+00,2.084898311595155374e+00,1.489455590890378378e+00
6.600920000000000000e+05,9.022659582320362581e-01,1.601605226099032553e+00,2.366432875582710427e+00,2.944968768234848433e+00,3.584791062331358358e+00,4.202063888579957052e+00,4.460099772209771274e+00,4.839563323104548509e+00,3.738241645464217555e+00,2.882246741442338056e+00,3.139699130031008423e+00,3.405765340965623444e+00,3.508068067826268788e+00,2.998733564546821828e+00,3.163381699448694739e+00,3.077656071583524167e+00,2.368746079289916207e+00,2.437003797468757504e+00,2.030380157539894537e+00,1.434473815849426348e+00
6.600930000000000000e+05,9.614285214794516810e-01,1.891219183749737631e+00,2.575345410713472116e+00,3.371388054133099832e+00,4.086821944491686232e+00,4.736030536946703506e+00,5.415867278101361926e+00,5.753479169734807108e+00,6.318882207127519024e+00,6.821827652440125789e+00,4.501549288272176597e+00,4.553993515501439049e+00,4.882988327458840594e+00,4.332801508290312853e+00,4.621355883243853491e+00,3.812326808959046076e+00,2.909319487333327459e+00,2.340664160330634402e+00,2.313365443867773763e+00,7.128747770278387463e-02
6.600940000000000000e+05,9.903170801005473090e-01,1.909362667768896404e+00,2.582919658774017080e+00,3.191760219478372740e+00,3.461715880225008757e+00,4.103804196586480657e+00,4.700337064272238408e+00,5.277574808358741265e+00,5.930117413920103608e+00,6.295202703189984206e+00,6.237302438199257892e+00,6.673784489398540742e+00,5.834184740513469691e+00,5.011452067008352884e+00,4.607835362484236974e+00,4.445637652402195883e+00,3.634502172666556508e+00,3.063537138988416508e+00,2.153225439087354420e+00,1.739170214491347899e+00
6.600950000000000000e+05,9.871079282776826780e-01,1.953915645857183581e+00,2.710985409157377291e+00,3.578381790357221259e+00,4.437377387475755164e+00,4.965853740130633298e+00,5.091251263697775364e+00,5.583469975251662554e+00,5.237305939885338546e+00,4.720393634451092169e+00,5.188897324214054585e+00,3.481023468783424946e+00,2.679267701385639633e+00,2.761715653716902530e+00,1.649593628250598965e+00,1.729070009044091805e+00,1.421018927022903000e+00,1.313660851297907106e+00,3.054407590218587432e-01,1.112611749259095895e-01
6.600960000000000000e+05,9.937635783339360263e-01,1.716198519854712723e+00,2.361074945200324571e+00,2.766066631339706205e+00,3.044914724601885503e+00,3.474337242766798006e+00,3.690013463909947777e+00,4.123486551787245880e+00,4.308790672940855160e+00,4.603711163440307175e+00,3.666276827623010881e+00,3.637528941444816422e+00,3.649773099829511924e+00,3.054637166009362303e+00,2.169114100809514945e+00,1.944925141646542954e+00,1.619230047331337463e+00,1.103163187464147432e+00,7.972141447969662842e-01,4.454768496240246733e-01
6.600970000000000000e+05,9.967954790461351910e-01,1.770485313458454169e+00,2.467352990003537361e+00,3.280477866084566596e+00,4.073510369536037068e+00,4.798646544430518190e+00,5.024621761454699076e+00,5.733623733244090914e+00,5.584244006057567766e+00,5.909847092965227588e+00,6.412892193762862902e+00,6.468806610620340791e+00,5.892837821323437808e+00,5.698451919462255155e+00,6.009982214538618805e+00,6.345006222062327339e+00,6.530086783518152416e+00,6.818958278717747845e+00,6.053666172043984162e+00,5.990999417309117447e+00
6.600980000000000000e+05,9.768056801276758794e-01,1.893388386096543474e+00,2.654735531396615222e+00,3.493031611587128715e+00,4.302111889307049353e+00,5.157695766901194467e+00,5.934084549271024578e+00,6.054276281017853201e+00,4.887052334424302202e+00,4.289840988877746675e+00,4.427760429681205423e+00,4.110165567171252476e+00,4.388783531051712927e+00,3.826056443255473560e+00,3.998091422399118855e+00,3.897840413271790538e+00,3.387183654197412963e+00,3.352657907005779592e+00,2.309212726791598946e+00,1.832689223250196786e+00
6.600990000000000000e+05,9.613144932031671974e-01,1.814571906559554471e+00,2.714031733958182091e+00,3.214118081603977384e+00,3.070143359871490674e+00,3.426561401519498062e+00,3.800031698138620406e+00,4.224276074552209437e+00,4.667249030910988417e+00,4.381845163154791223e+00,4.807432576720810147e+00,5.208153001471846011e+00,5.342138814018845494e+00,5.688816856801577337e+00,6.053527679692980001e+00,5.991496789279564084e+00,1.951360678682882766e+00,1.750944792993547994e+00,3.075402373324792604e-01,1.466026786692298245e-01
