3.100000000000000000e+05,9.910540251683279678e-01,1.917003323036200246e+00,2.603296756963037861e+00,2.790236924970865395e+00,3.379774793817804213e+00,3.462751239562236183e+00,2.998637207868187549e+00,3.372722728613208432e+00,3.685530240082131037e+00,3.984760839996375203e+00,3.639698033518857123e+00,3.424928013508230951e+00,3.062101206048432278e+00,2.798443352424948571e+00,2.914164920590341268e+00,2.886328841619112850e+00,2.981985776312865433e+00,2.027689681603237482e+00,2.000510780343619732e+00,2.047347751574712937e+00
3.100010000000000000e+05,9.274045601070762812e-01,1.797917682300875120e+00,2.615836773671234017e+00,3.253402191927477372e+00,3.692291352519159631e+00,4.364932709827925805e+00,4.699313683644181339e+00,4.392124442285593844e+00,4.815838805527972610e+00,4.589243493530316798e+00,4.417640528946597200e+00,4.611970677707780908e+00,4.484034547031980011e+00,4.293024124544492892e+00,4.226309011011467831e+00,3.641862031543865896e+00,3.603275471304913768e+00,1.966040602536410997e+00,1.390886133632964095e+00,1.515707397705678972e-01
3.100020000000000000e+05,9.890317723045696230e-01,1.960402106385707777e+00,2.682681981063304022e+00,3.559463270240051269e+00,4.321632363674209110e+00,5.012895274141642155e+00,5.490859713828189825e+00,5.645036093407726163e+00,5.500937283865903638e+00,4.974544314287418167e+00,4.778711481620199208e+00,4.340104960241866650e+00,4.507388235341736937e+00,4.578085954081385189e+00,4.812209533669578043e+00,4.785576536123647529e+00,4.815407000889688760e+00,5.057833954048764014e+00,2.466221844070981994e+00,5.965374077600427150e-01
3.100030000000000000e+05,8.575272623814536033e-01,1.624885121839160229e+00,2.198597071005223391e+00,2.819459029106731851e+00,3.408306043682079345e+00,4.060433387924986093e+00,4.671596502018319441e+00,5.159603670721227608e+00,5.594217062179573041e+00,6.091104384978032193e+00,6.137664660456881194e+00,5.897841143142581899e+00,5.649655861448933614e+00,5.680773425001741650e+00,5.653318219148900425e+00,4.576651315183219992e+00,2.059214928355631802e+00,1.552029719345688008e+00,1.507692014490522148e+00,4.783024861705453823e-01
3.100040000000000000e+05,9.954871817280427360e-01,1.973895471434839788e+00,2.779092445290192170e+00,3.619069289951111212e+00,4.379470968399019171e+00,5.015323865178078933e+00,5.523675574509149477e+00,6.233800397314317898e+00,6.771684036898615311e+00,7.426782507540742984e+00,6.744381624117426810e+00,6.659639316770173068e+00,6.963778330012165618e+00,7.241855946534455413e+00,6.203716443891141630e+00,6.103646100498417937e+00,4.274223294397972772e+00,4.110785211066076528e+00,3.502023891933788935e+00,3.084281464290736796e+00
3.100050000000000000e+05,8.691293065183968158e-01,1.553621880180881654e+00,2.277891770794804316e+00,3.011214715316808288e+00,2.764550024334241130e+00,3.210774315530064982e+00,3.475438053013264916e+00,3.501509752850134660e+00,3.236608222654834499e+00,3.332028453103157428e+00,3.405489481927429285e+00,3.159933252351355470e+00,2.718267120153323724e+00,2.820508787642012294e+00,2.871959485370403797e+00,1.635532517337836111e+00,1.417940031097121523e+00,1.078413205947841735e+00,9.271622403017543146e-01,5.258759304895788134e-01
3.100060000000000000e+05,9.960667515324426180e-01,1.809219543083224746e+00,2.514655502107056684e+00,3.146976719467368788e+00,3.484879204187714130e+00,4.106173573198423910e+00,4.703740876881990829e+00,4.828986060766265354e+00,5.226509558210729267e+00,5.113947339026037042e+00,5.394402390508713729e+00,3.712586105887584864e+00,3.596967045914508443e+00,3.457517751553686125e+00,3.251026982454998659e+00,2.387924167631743089e+00,2.175342759811896620e+00,1.890414133373927497e+00,1.437148266885438730e+00,8.887049872017271923e-02
3.100070000000000000e+05,9.736983983364969619e-01,1.829216960314562490e+00,2.688195726341506830e+00,3.439143085145346834e+00,3.328471953675143258e+00,3.770282600687495211e+00,3.582201440190432074e+00,3.861343871527769700e+00,4.153641285708196129e+00,3.625875210439723162e+00,3.654606500097836275e+00,2.826310345193716156e+00,2.625936613286666610e+00,2.293568886978853527e+00,2.212926699513515505e+00,1.039947859592500023e+00,9.284359111416427002e-01,7.133742215516474250e-01,6.919115238146494873e-01,2.087518597437498791e-01
3.100080000000000000e+05,9.219446233884744935e-01,1.684522165781095593e+00,2.513234890218916551e+00,3.335674979135692109e+00,4.139047629355251168e+00,4.436201408322484774e+00,4.324114230193188746e+00,4.873042396466689574e+00,5.408970014969906259e+00,5.731721505564078001e+00,5.287410086290780242e+00,5.721814868033717971e+00,4.502658535807516849e+00,4.336471607879992085e+00,3.079393978039148383e+00,2.527497873801488382e+00,2.667608838349933009e+00,2.582056410917781708e+00,2.679529935427676257e+00,2.365867273079165223e+00
3.100090000000000000e+05,9.894276910137521641e-01,1.829383948042013097e+00,2.733851730317677475e+00,3.061182939440675099e+00,3.753506586824161495e+00,3.887058861631548456e+00,4.274636171068378232e+00,4.456877765984566864e+00,4.365745059907373715e+00,4.718513341238004699e+00,4.850623006086654421e+00,5.035920658635292035e+00,4.967261092506578990e+00,5.168254359778573281e+00,3.279326973911601328e+00,3.441529905056501804e+00,3.247520845966636482e+00,2.226036587169260894e+00,8.061273118633420776e-01,2.053702035780813340e-01
3.100100000000000000e+05,9.969765362098556016e-01,1.871040407576857412e+00,2.777586147578251285e+00,3.409319429333289797e+00,3.848066853462924097e+00,4.607973074086365806e+00,4.908927887819539038e+00,5.252363621779505110e+00,5.847129738974428115e+00,6.384978087873056651e+00,6.370151211667843150e+00,6.508558055037022783e+00,5.718890324870328890e+00,4.843815953659632356e+00,4.774514755284686274e+00,4.763046226453248266e+00,4.503035579542880029e+00,4.618621292821053714e+00,1.948402340071739625e+00,5.574382577580050402e-01
3.100110000000000000e+05,9.698068188036488291e-01,1.795581257116082963e+00,2.448498991532599867e+00,3.202347459965217080e+00,3.963498907275234906e+00,4.641307272356963054e+00,5.132969817725650863e+00,4.881908453437936224e+00,5.438008387028839152e+00,5.517991627735296056e+00,5.953739900266081797e+00,6.192063758413912211e+00,5.687172449244682682e+00,5.563874916717270303e+00,5.627563437336426944e+00,5.542006980500609359e+00,4.983159065129155074e+00,4.369744221225085212e+00,1.187032750945116399e+00,4.105771435139082826e-01
3.100120000000000000e+05,8.893374934515279051e-01,1.716805886604833686e+00,2.424286545524533931e+00,3.124022904112543131e+00,3.903567288715724892e+00,4.448642907432223126e+00,5.033860886289422965e+00,5.424859200547805571e+00,6.090987946444696099e+00,5.437762219290424248e+00,5.183877042575115723e+00,4.390571167834091071e+00,4.703495562468845037e+00,3.979385142927302166e+00,3.787168365474253395e+00,3.406912858596371052e+00,3.230913942216137258e+00,1.951229132411488099e+00,4.771402244629037170e-01,3.089150034007781542e-02
3.100130000000000000e+05,7.867614611433074723e-01,1.492218625746694061e+00,2.059601195860681244e+00,2.685584985800312907e+00,3.020029769082690940e+00,3.036706026460742613e+00,3.532995868100059944e+00,3.831801348784323658e+00,3.965796287330015879e+00,4.344166393670625403e+00,4.426017423123063566e+00,3.664791479205759206e+00,3.878734363273348862e+00,2.934283779182528029e+00,1.806770891042721594e+00,1.803265560490057595e+00,1.734132837234972246e+00,1.213448135834571895e+00,1.121474907951215183e+00,7.365739323291742302e-01
3.100140000000000000e+05,9.451347289894175274e-01,1.718537795523045641e+00,2.351126396535300422e+00,3.061758947378088180e+00,3.740095148105140765e+00,4.484817662245664138e+00,4.914326445845427216e+00,5.577295235563879849e+00,6.114226747159894337e+00,6.074565443875997062e+00,6.336372817599130514e+00,6.840091744188268486e+00,6.643307391409807749e+00,5.983949837565855745e+00,4.767532997148932417e+00,4.589636708964278000e+00,4.643604003224814036e+00,3.890518366220418578e+00,2.384796467050743551e+00,4.199183400745898354e-01
3.100150000000000000e+05,9.855534169028538072e-01,1.956677804289354006e+00,2.809222996884226387e+00,3.728135571816818761e+00,4.146414554104433492e+00,4.894781532635502863e+00,5.616015495005563629e+00,6.331884767729691887e+00,6.334616282107089269e+00,6.977770633416445989e+00,5.938933359845897542e+00,6.140157741588964768e+00,5.900950138577750081e+00,5.702391532897347126e+00,4.694573280362930312e+00,4.990382459135364712e+00,4.787630218340772181e+00,2.486088543251502081e+00,2.543374275131188078e+00,9.338045577566367328e-01
3.100160000000000000e+05,9.557605751827539242e-01,1.823572680168942695e+00,2.527179103719169539e+00,3.304832921538670920e+00,4.015828675588660523e+00,4.438979027105663278e+00,4.685429264424205265e+00,5.138078331244789965e+00,5.512651875324248607e+00,5.630211195308603145e+00,5.768036870088520729e+00,6.057225251578465475e+00,5.875489149546763379e+00,6.222824835491792328e+00,5.770643398664428325e+00,5.101895032245034045e+00,5.169126158026378093e+00,4.977436613420537448e+00,4.594693815463943842e+00,4.428406522374201515e+00
3.100170000000000000e+05,9.192122356413038320e-01,1.830148782148573794e+00,2.188914536296839852e+00,2.809789412837532030e+00,3.439022386449845481e+00,3.966866780611931098e+00,4.456509940716483875e+00,5.003941668751607175e+00,4.599319022784729150e+00,4.998368372837336260e+00,5.107177735332538937e+00,5.326924008018652401e+00,5.159102451134058853e+00,4.085023607842220628e+00,4.240367632495863681e+00,4.190583830502179197e+00,3.569234532450151320e+00,3.514703148821613610e+00,1.903357513842931503e+00,5.968138913880327578e-01
3.100180000000000000e+05,9.448936800332036201e-01,1.693521873523454069e+00,2.068002925073201048e+00,2.528811844774019768e+00,2.989651155543557426e+00,3.579740047893769095e+00,3.629959838128049565e+00,4.078998099784216791e+00,4.373712406923521812e+00,4.856221584685055603e+00,4.258391881893127007e+00,3.685294057363880604e+00,3.967875587488075784e+00,3.539924241969144347e+00,3.604163556343140229e+00,2.768244947694457281e+00,2.194051120981903136e+00,2.254061391750681320e+00,1.309911996146850832e+00,6.037489046887234423e-01
3.100190000000000000e+05,9.955125897016438019e-01,1.858874568630610513e+00,2.694591543835783476e+00,3.269015912845213201e+00,4.067371286670000252e+00,4.014706317723398143e+00,4.505707819765591537e+00,4.191282473114521956e+00,4.701815225885104255e+00,4.961116965982467875e+00,5.450253727489164923e+00,5.597052917773837066e+00,5.632412759888742571e+00,5.585378722128543139e+00,5.368978675590193816e+00,5.497946883593684220e+00,5.568077036243070488e+00,5.200135791281029540e+00,1.349792247710785542e+00,5.863584647504116454e-01
3.100200000000000000e+05,9.876028114458196283e-01,1.874814339312163680e+00,2.788040760681738561e+00,3.626253681644348248e+00,4.394977017492584181e+00,5.271329791716148350e+00,5.656541669922265037e+00,6.305164345353953870e+00,5.831162743154668426e+00,5.475842195289885694e+00,4.814393630271697866e+00,5.142820273891294924e+00,5.448620216867739785e+00,5.006759038752480961e+00,3.538627737962732223e+00,3.110936025465907306e+00,1.418536695459442942e+00,1.412635332283152856e+00,6.477980102163222176e-01,4.195375259390132783e-01
3.100210000000000000e+05,9.925552840552896994e-01,1.785970125168114597e+00,2.629588357336675841e+00,3.258135737590915237e+00,3.888448194082196441e+00,4.608816880923312986e+00,4.631618519038425141e+00,5.254692554801019710e+00,4.837501042806693796e+00,5.245164284309921321e+00,5.144732559742735134e+00,5.154148454630750109e+00,5.071556230272030064e+00,5.263310931952450034e+00,5.419596502025273210e+00,5.758005189873969698e+00,4.978620170063599915e+00,5.193358158231961674e+00,4.979279050460819533e+00,3.347061064525347351e+00
3.100220000000000000e+05,9.721006296723292417e-01,1.908641927823103490e+00,2.843146324059446339e+00,3.071114937614773943e+00,3.745151151253066857e+00,3.975810427849113982e+00,4.403025600444513188e+00,4.334063090992659184e+00,4.596900130083137803e+00,4.861276536565401152e+00,5.101327240785489714e+00,5.383824477490130711e+00,4.196026867838663854e+00,4.199405619870939077e+00,3.282022482991443724e+00,2.311238106319729368e+00,2.434802561623671924e+00,8.551761127670494123e-01,8.537825422424272226e-01,7.679392046471789079e-01
3.100230000000000000e+05,9.727104966376113326e-01,1.876368214278240298e+00,2.724364989677475535e+00,3.592480066836583497e+00,4.251500075798790412e+00,5.091136094667028544e+00,5.489946765280024898e+00,5.356812087487720753e+00,5.905306252022105795e+00,4.717762581659129317e+00,4.884608591174917080e+00,5.228391819632544291e+00,4.265687998557556426e+00,4.520308423532068964e+00,4.395024873082099326e+00,2.123233280566564574e+00,1.775086963546995911e+00,1.680289390700759666e+00,8.552122707643415866e-01,8.220493864989641963e-01
3.100240000000000000e+05,9.937272644191050830e-01,1.889108917665820009e+00,2.822590648307878425e+00,3.367572069997240902e+00,4.149073760401444488e+00,4.438192662107845798e+00,5.129391322089566607e+00,5.723565729260811530e+00,6.030101450863543100e+00,6.683013141269301904e+00,7.288520164905366805e+00,7.409386480792143459e+00,5.422856160556062122e+00,4.871337356106876904e+00,4.598172088735415386e+00,4.476069994889780190e+00,4.013870441373761366e+00,3.078140500689603432e+00,2.844274102783251656e+00,7.202261026824863244e-01
3.100250000000000000e+05,9.912034003724053965e-01,1.660184693484545004e+00,2.422683169841954864e+00,2.720001416148905893e+00,3.175925317730444064e+00,3.749503260522111692e+00,4.281110142147757536e+00,4.887988110315377277e+00,5.425196236853651044e+00,5.305399365946907864e+00,4.368135221671966661e+00,4.035100847854097950e+00,3.738707352926258665e+00,2.331352037346654527e+00,2.438922509174612951e+00,2.360837300804524475e+00,1.726105897026382063e+00,1.806841812470679987e+00,1.066078240602587490e+00,4.960474217501431582e-01
3.100260000000000000e+05,8.497178042592480329e-01,1.684000492087873280e+00,2.416825121149203337e+00,3.095884471671555005e+00,3.716624575551683130e+00,4.367136172904821478e+00,5.002519551167008416e+00,5.714224880466050926e+00,6.248115668690296332e+00,6.536862993670323974e+00,6.784633750631661187e+00,7.074376037121036020e+00,7.614144387253893420e+00,8.155005513911223858e+00,8.073677078554087672e+00,8.467404266986179096e+00,7.287559237664722467e+00,6.270914236997265689e+00,3.412390538269372886e+00,2.811384980596902672e+00
3.100270000000000000e+05,9.655228986112796008e-01,1.927281320625983119e+00,2.801455396420086785e+00,3.296551182833360016e+00,4.019840664453337986e+00,4.762191320033910991e+00,5.545143307950592515e+00,6.126420166470231798e+00,5.006618840607493404e+00,5.291793073185820262e+00,5.601542133233609277e+00,3.432242848859873963e+00,3.300800024277732447e+00,2.865521177417210019e+00,2.700558574496983333e+00,2.624145227281328374e+00,2.621866675609642705e+00,1.932635333056919258e+00,1.179590694071213974e+00,1.019367158981501209e+00
3.100280000000000000e+05,9.527893679909061886e-01,1.811370298033715409e+00,2.557514019036347008e+00,3.309726422322331718e+00,3.911200041630892521e+00,4.449810057527324503e+00,4.359770836550368678e+00,4.703391398128776046e+00,4.972283699920317268e+00,5.301391375666971939e+00,4.220217687709006071e+00,4.276073455036142335e+00,4.597391852536786061e+00,4.677363618833416226e+00,4.863684197135604848e+00,5.074435552725693910e+00,4.991942970446874739e+00,4.286126574383846588e+00,3.918177046446457812e+00,1.556038381458766384e+00
3.100290000000000000e+05,9.712925332759004826e-01,1.925787813885220245e+00,2.851710251224214510e+00,3.246838302281733757e+00,3.948122730895686328e+00,3.449800591803127592e+00,3.902760420371240269e+00,4.217697710750264228e+00,4.589073608914723934e+00,4.811531801137719278e+00,4.905813533523710745e+00,4.653545012248025969e+00,2.699786086505548077e+00,2.756491405699978969e+00,2.781844942453194136e+00,2.093546787585609081e+00,2.149242031709404532e+00,2.104189120152860859e+00,9.976559721328085439e-01,5.148106442072220013e-01
3.100300000000000000e+05,9.226928652941410736e-01,1.841967261676212830e+00,2.601051253119571527e+00,3.112095371568661228e+00,3.026280818351010371e+00,3.440443461475271469e+00,3.918055078849643991e+00,4.058178337247548839e+00,4.280070375804389649e+00,4.259358083888011848e+00,4.618119343465384219e+00,4.988288926859532069e+00,5.370294055059543936e+00,5.724553804793079514e+00,3.526616029485419190e+00,3.345564659065120239e+00,3.204931947234259226e+00,3.146843238296235246e+00,2.250967208240695960e+00,8.497917152594514079e-03
3.100310000000000000e+05,8.962304313029159086e-01,1.747177693765828765e+00,2.620215575527754748e+00,3.398992623944062874e+00,3.820127583280403805e+00,3.440719895894093661e+00,3.921113339747460458e+00,4.141004689090919122e+00,4.636370937176477192e+00,4.919766296400683636e+00,4.999398499790403072e+00,4.833632221086800129e+00,4.133157367144491445e+00,2.653073097378313427e+00,2.759770572190645144e+00,2.507204482339195906e+00,2.506313555867465404e+00,2.447281666894943530e+00,2.238140950892306691e+00,2.958916179571491334e-01
3.100320000000000000e+05,9.779281338327087125e-01,1.945022278922758918e+00,2.835851682304481702e+00,3.491653369341608304e+00,4.328552580607315292e+00,5.005249610835348584e+00,5.218853629747983724e+00,5.851924155986395704e+00,6.298278716084975137e+00,6.981200307831596064e+00,7.654792766454547426e+00,7.226509934937282331e+00,6.870044359166891823e+00,6.764598422832236224e+00,6.405169433408923751e+00,5.309123122124931982e+00,3.918320209808508370e+00,3.469754004670104752e+00,1.445528121920545361e+00,1.049475825596024592e+00
3.100330000000000000e+05,9.891708539620718277e-01,1.909090397019106877e+00,2.329032124222625733e+00,2.891915041914820517e+00,3.581661072585781813e+00,4.138929385182030352e+00,4.695605840420889798e+00,5.300428681078845905e+00,5.928374188365348019e+00,6.329236797438547057e+00,5.019979674428771688e+00,4.619051023105006593e+00,4.267481708411262176e+00,4.435074379735572059e+00,3.572303268353691053e+00,2.730670535127268650e+00,2.843769604771504422e+00,2.254883208398140937e+00,2.178921320926947125e+00,1.254429166464496870e+00
3.100340000000000000e+05,9.791903656006115675e-01,1.874781921268435569e+00,2.702469689805810038e+00,3.476231016114585959e+00,4.181406747554618164e+00,4.554022934603123574e+00,5.098433133446458321e+00,5.771938539224545472e+00,5.820401855178027439e+00,4.365279809039823711e+00,4.751406872678494153e+00,4.891772560551210347e+00,4.499080921438395109e+00,4.745960402742246842e+00,4.161659600860271091e+00,4.297767126615600120e+00,3.114483468891040996e+00,1.897857955920109863e+00,1.664626977465498481e+00,1.760675941386402599e-01
3.100350000000000000e+05,8.684509276673618716e-01,1.686605339343441923e+00,2.479602506577477161e+00,3.098555196612591267e+00,3.849806468871619369e+00,4.521708800557190600e+00,5.227440167165254614e+00,5.768041012349717001e+00,6.332522339845358061e+00,6.915843698760367531e+00,6.554175316628205294e+00,6.805198238850504566e+00,6.757644472412024150e+00,6.841333058151627178e+00,4.790835687101351326e+00,4.490974671960806575e+00,4.484993451049624547e+00,3.553498129973592601e+00,3.103969979818086866e+00,2.207657317106277439e+00
3.100360000000000000e+05,9.837076370650713608e-01,1.953421047470360605e+00,2.891159173235737789e+00,3.594817768903929789e+00,4.113690609786935681e+00,4.761217150347628824e+00,5.296551048684548846e+00,6.024737667810190267e+00,5.977602106094819234e+00,5.908374885027311230e+00,5.515160229792979152e+00,4.744492051494860974e+00,5.039432414981831698e+00,5.293306736089922637e+00,5.620449335747382591e+00,4.839696544579958015e+00,2.420289857839547309e+00,6.150436450635874408e-01,4.129325400045554817e-01,3.700337359787386760e-01
3.100370000000000000e+05,9.860076810335850483e-01,1.739096313168452479e+00,2.560388101855430421e+00,2.596550214954085334e+00,3.244687439066042955e+00,3.537137924351148932e+00,3.425413762427513387e+00,3.904298488968009906e+00,2.907394946217935150e+00,2.492985869125577736e+00,2.125477006419095094e+00,2.231835904484299693e+00,2.373156614800739916e+00,1.925839669941043386e+00,1.896666133556101475e+00,1.617556867740884030e+00,1.543742561155978521e+00,1.456367424976867886e+00,1.130756201715426901e+00,1.189685709414085579e+00
3.100380000000000000e+05,9.797093649489245770e-01,1.901132939849450310e+00,2.830345233079310852e+00,2.764830303025652469e+00,3.108390017801655247e+00,3.593222403901241258e+00,3.852068461584877923e+00,4.048543393571139681e+00,4.511210567456717335e+00,4.511627818678450197e+00,3.976464257805630176e+00,4.317558004612868316e+00,3.955762777592373602e+00,4.179030176007435315e+00,4.301940855462791369e+00,3.547610072392183511e+00,3.350687399260719346e+00,3.338054161769832717e+00,2.587018494381096101e+00,7.512725422339716630e-02
3.100390000000000000e+05,9.592631338493685655e-01,1.897585587860565415e+00,2.811070072322634061e+00,3.738580482058986743e+00,4.540804445359095887e+00,5.087479744801186143e+00,5.613905394136572191e+00,5.606401053282116465e+00,5.914128310262344534e+00,6.283553611565148245e+00,6.493194404106243489e+00,7.043321747769175190e+00,7.234982988847859176e+00,7.245443293623475611e+00,5.008431977096424959e+00,5.281523707490771713e+00,4.890670643302135190e+00,2.914425212618267480e+00,7.207024761008119507e-01,2.151256764229647622e-01
3.100400000000000000e+05,9.572566133597250060e-01,1.820167519976428894e+00,2.649429347017764336e+00,2.858366963502859903e+00,3.514265857930554571e+00,4.048481076191302819e+00,4.549724103985854029e+00,4.703510018224790201e+00,4.076526461183614281e+00,3.454347131742973254e+00,3.255647829869485754e+00,2.985075657203537070e+00,3.074994158743281858e+00,2.646701966609665835e+00,1.655914967531535886e+00,1.058797080020777770e+00,8.527710470059789438e-01,5.589060793321560805e-01,5.125176292985688109e-01,8.222608776845108380e-02
3.100410000000000000e+05,7.701708852341528910e-01,1.508788000947918650e+00,1.701365638432887906e+00,2.222272287917632649e+00,2.760833262622923723e+00,2.989060206542081044e+00,3.211273446908638807e+00,3.593328323441389749e+00,3.878729083378708697e+00,3.985705582224339238e+00,3.396931010249064187e+00,3.618515779868692217e+00,3.700385645631262044e+00,3.627028234663742801e+00,2.579064446886135009e+00,2.169312587833481132e+00,1.683566546496328531e+00,8.851188302639991790e-01,6.492591928731370476e-01,4.943707017283971439e-02
3.100420000000000000e+05,9.974933818938684915e-01,1.822480876266827421e+00,2.681081973233933713e+00,3.348234494226360880e+00,4.029132678670231726e+00,4.776085099679212576e+00,5.433046721810751656e+00,3.886928250493987491e+00,3.480467130760416694e+00,3.651916211401303514e+00,3.884469352151731947e+00,4.017215015518822874e+00,3.603030682588093114e+00,3.612499282957190694e+00,3.586182546466760712e+00,3.481071327611044097e+00,3.422433670238033798e+00,3.062699358190179133e+00,1.406019900149254376e+00,1.434674915358633562e+00
3.100430000000000000e+05,9.824118160852367554e-01,1.961068463525465155e+00,2.894226606814686686e+00,3.625565493152436147e+00,4.402071116133705608e+00,5.203696909293296535e+00,5.544525782162312844e+00,6.045884521620904728e+00,6.619539491388632513e+00,7.195830954822943326e+00,6.989023447103819286e+00,6.845005371488561252e+00,7.155474702553388688e+00,6.473753800011538218e+00,4.969532788785850030e+00,5.187958424483600339e+00,4.568267446894252792e+00,2.874089159886678679e+00,2.613567966509454443e+00,1.211883568055773797e+00
3.100440000000000000e+05,9.498440094650520971e-01,1.774312955830992689e+00,2.650309636860128215e+00,2.867306546160996561e+00,3.544070237276833346e+00,3.889934490628761843e+00,4.252900671143525990e+00,4.702172093522373864e+00,5.216881823960491715e+00,5.762994358686946761e+00,6.218699129900020495e+00,6.346831024259480536e+00,6.478563286823701972e+00,6.039371602993769628e+00,6.024848639429602137e+00,4.751649201090334174e+00,5.004937504128431414e+00,4.919192059519009952e+00,3.990075758216358182e+00,4.014293371087340745e+00
3.100450000000000000e+05,9.652726946040716127e-01,1.871325692005065822e+00,2.733395191257078860e+00,3.333683696051864320e+00,3.966509631567928906e+00,4.538646162109691851e+00,4.877730326005228711e+00,5.194542571981918044e+00,5.661407840769919098e+00,5.968205334860893885e+00,6.396069903629761910e+00,6.334866399192113029e+00,5.750663732564714081e+00,4.818194664539767302e+00,4.854357011494070839e+00,5.118023191337082167e+00,4.065294963870684342e+00,1.864437568514087484e+00,1.911067739030563040e+00,1.494205477527210668e+00
3.100460000000000000e+05,9.522319868990642977e-01,1.883186351699152272e+00,2.600891411979741275e+00,3.444979309057647043e+00,4.263301384347946588e+00,4.553582585320841147e+00,4.815660786444900587e+00,3.827014291286652714e+00,4.212917068741973026e+00,4.378485165399860435e+00,4.330057395714790758e+00,4.555719912586969400e+00,4.687075628230617852e+00,3.997697631091197579e+00,3.777464022556320966e+00,3.128061276744675823e+00,2.428913644183383624e+00,1.245217023220311470e+00,3.366987379599187813e-01,1.166305910806153534e-01
3.100470000000000000e+05,9.857538118499048485e-01,1.885116064419678716e+00,2.759589567134491439e+00,3.574381935205872107e+00,3.894960551006293237e+00,4.272781979621830040e+00,4.982709769281247425e+00,5.508850083084951166e+00,5.661784077872436427e+00,6.202798372653340664e+00,6.491734608398353146e+00,6.635123037052073514e+00,6.984320742918218805e+00,5.011255780867164944e+00,4.997244200708480300e+00,5.165040787799577870e+00,3.221057020947125871e+00,3.131456882825105037e+00,2.282745177380633095e+00,2.241159065587043919e+00
3.100480000000000000e+05,8.596603502935061814e-01,1.660936820099507383e+00,2.410392802206892338e+00,2.843266651438960846e+00,3.343021219685841317e+00,3.942820662339050486e+00,4.366055985086241265e+00,4.893323003924349379e+00,5.483633682545071331e+00,5.918639482971560284e+00,6.177604014626964180e+00,5.881370575779834020e+00,5.823881371072246793e+00,5.792934679946154297e+00,5.909999373098684394e+00,5.043210302586530247e+00,4.298308554747645616e+00,4.304833342105288452e+00,2.834082468132961274e+00,1.514338993541832767e+00
3.100490000000000000e+05,8.733149654043746990e-01,1.699610404574018130e+00,2.543644130445120943e+00,2.990513490946389297e+00,3.718103318234934562e+00,4.425297575581793375e+00,4.120422146156218268e+00,4.610645733957068337e+00,5.069221327962601720e+00,5.564223625279099750e+00,5.863291140393327439e+00,6.390687671171917827e+00,5.676614237143237318e+00,3.637726328628763106e+00,3.417416788589101806e+00,3.612982154628376463e+00,3.435644036617805597e+00,1.899346531452547726e+00,1.821167274431472194e+00,2.046394789405403536e-01
3.100500000000000000e+05,9.757038763760698119e-01,1.867823415014654209e+00,2.587275700484251040e+00,3.366587460226813544e+00,4.166187539257607320e+00,4.873359538435824589e+00,5.662562057014891792e+00,6.411108601587734768e+00,5.469826015945151276e+00,5.218125035829004332e+00,5.712497759987999579e+00,6.217057755979984890e+00,6.552794441865983366e+00,6.173058315105992122e+00,6.595503466676978732e+00,6.994662957304308648e+00,6.126938552302448215e+00,5.130559023718372913e+00,4.622403955788467300e+00,3.533655437331553184e+00
3.100510000000000000e+05,9.903771422064040486e-01,1.954130286020138385e+00,2.865741435266540460e+00,3.667105899610343833e+00,4.340348984166450208e+00,4.557795737383508516e+00,4.443413105598207125e+00,4.965338592865495393e+00,4.777475278421372096e+00,5.228350302396478355e+00,5.743037368743133975e+00,4.287167475622505108e+00,4.475239275709776088e+00,3.976466278909013496e+00,3.969456896113883637e+00,4.070401755121896059e+00,3.302324033826631311e+00,3.390400782201478336e+00,1.347807865037066621e+00,2.920131236182443857e-01
3.100520000000000000e+05,9.878729531612731041e-01,1.893623881602482184e+00,2.834225245040395968e+00,3.730531886009722520e+00,3.810253707049096494e+00,4.361827587086052560e+00,5.058769453296329210e+00,4.390440126839526336e+00,4.750206311934500825e+00,5.032226613085263089e+00,5.233898476705234337e+00,5.571393213645500886e+00,5.471276906950318875e+00,5.505921943452983136e+00,5.777084944973223557e+00,4.821543698453883309e+00,5.059835700633381173e+00,4.216392936853884166e+00,3.184117893487413031e+00,1.954997357290444437e+00
3.100530000000000000e+05,9.942646973577884406e-01,1.856379817645436248e+00,2.324863344871672233e+00,3.017073683052446054e+00,3.768632820566056196e+00,4.513958997299351239e+00,5.152817924773551717e+00,5.806443607446365007e+00,6.233918137540468862e+00,6.530581874967640310e+00,7.064800343793685045e+00,7.127027431104883348e+00,6.882845991355666548e+00,7.305193558564035072e+00,7.169977519166291557e+00,6.696902435553344191e+00,6.788036481995304072e+00,6.471838916773609895e+00,5.486833813478137145e+00,1.107899841284296638e+00
3.100540000000000000e+05,9.540154451181571682e-01,1.789712032239203054e+00,2.544661643447749810e+00,3.221764412668592481e+00,3.851469217510344212e+00,4.604169771460066229e+00,5.165804657353602281e+00,4.887152441117131652e+00,5.128019204623168292e+00,5.636546046559978151e+00,4.196008360031419748e+00,4.492367696932094034e+00,4.679922874510642927e+00,4.033355966280933735e+00,3.600485370238249327e+00,2.490167666847339589e+00,2.623430222172210780e+00,1.877424214937154501e+00,1.199726519174497685e+00,1.140290187580446091e+00
3.100550000000000000e+05,9.761322543324364442e-01,1.880442141648458243e+00,2.794279242190417900e+00,3.227793012651307691e+00,3.149998725556984347e+00,3.599976998985690013e+00,3.845554651221816833e+00,4.237565575846494959e+00,3.923772169867614679e+00,4.214662655638651501e+00,4.315233355614791044e+00,4.598623986304924749e+00,4.704946261290691822e+00,4.862195711064671855e+00,4.035978393105683182e+00,4.220460222015786300e+00,4.263805795862326775e+00,3.243349117023071493e+00,2.786318203574486674e+00,5.802720320451237868e-01
3.100560000000000000e+05,9.383859216247628643e-01,1.805444370418254119e+00,2.497565800022253146e+00,3.048894690909504046e+00,3.810079651602135797e+00,4.061026444631229637e+00,4.602266211173688504e+00,4.983625343508203187e+00,5.314686208740914353e+00,5.605059522982762665e+00,6.144162339914099213e+00,5.816741632600608725e+00,5.634615324952791937e+00,4.206660878819347360e+00,4.384930434275045918e+00,2.660910600793776837e+00,2.821935942059563107e+00,2.109485123605872481e+00,1.821988040839152445e+00,5.586296092671183544e-01
3.100570000000000000e+05,9.407530063332444348e-01,1.833956722629189295e+00,2.680562046019665967e+00,3.401069083505184665e+00,4.043108998705977619e+00,4.605828387195407103e+00,4.880269175831134731e+00,5.465325342100462613e+00,5.898850019793191457e+00,6.086153640842234758e+00,5.240683207467320415e+00,5.258063730789837464e+00,5.564228921671025674e+00,5.814059693145975594e+00,5.482875728488146194e+00,2.411838962070639525e+00,2.311405182618002208e+00,2.353606216173587118e+00,1.211863768517086326e+00,4.153056415043221428e-01
3.100580000000000000e+05,8.910082087578404808e-01,1.753598965956093769e+00,2.387434835405021438e+00,3.057412826695482089e+00,3.493584361772875901e+00,3.711486699546587609e+00,4.039449933379165358e+00,4.568451913370497941e+00,4.639016776268769959e+00,4.326837383355491617e+00,4.164464629384875494e+00,4.389187100509369444e+00,4.332526799516453586e+00,3.825607052027242716e+00,3.327897908031439034e+00,2.873265285139034120e+00,2.492430843989417610e+00,1.967623988453408135e+00,2.020749922159811529e+00,1.783750173378164661e+00
3.100590000000000000e+05,8.372206508527912927e-01,1.523134740612780202e+00,2.282683615259041510e+00,2.991523982933963932e+00,3.646846521467157487e+00,4.344822393658057003e+00,4.972750687348799659e+00,5.186250897499994572e+00,5.306497959563824196e+00,5.302515643945390877e+00,5.321454311531762293e+00,5.431443026206328462e+00,4.053756022556713745e+00,2.973788906592747416e+00,3.179511373667387453e+00,3.131151169684251556e+00,1.161715525101103763e+00,9.256856992805206907e-01,8.611267918389695630e-01,2.468108462845264306e-01
3.100600000000000000e+05,9.839907801146031696e-01,1.800859744349931235e+00,2.463219144702990970e+00,3.235292162119866255e+00,3.457116582361924984e+00,3.684902036903633160e+00,3.979776749428500349e+00,4.404826028837623753e+00,4.164767998443348773e+00,4.075911399567937465e+00,4.415627488805975887e+00,4.395444652910153849e+00,4.706636961019205145e+00,4.493208720703403714e+00,3.775997963099360533e+00,3.962631013497208698e+00,3.385093007059190473e+00,2.784642218261869751e+00,2.274382443753483418e+00,1.045365692597073348e+00
3.100610000000000000e+05,9.320970788411684360e-01,1.669904000717397530e+00,2.420693628426728417e+00,2.965680672310347710e+00,3.644538244897445267e+00,4.298280431013766112e+00,4.906138234627212213e+00,4.461598934945640416e+00,4.766805296205518516e+00,4.857500692362347827e+00,4.825918434964700410e+00,5.069289642949880381e+00,4.096017096953364245e+00,3.627792938185796512e+00,3.711356062148441382e+00,3.684624763211921561e+00,3.830585852353721066e+00,2.145361030707131356e+00,1.314333000554813280e+00,9.994018838359153278e-01
3.100620000000000000e+05,9.659672988542337135e-01,1.908914640661072415e+00,2.637786278032270282e+00,3.397712221333201388e+00,3.876470329617142774e+00,3.735434080253535072e+00,3.903704733081878153e+00,4.397684842585306342e+00,4.902144800263076974e+00,5.348600017832799480e+00,4.072386898017038348e+00,4.341804918263028945e+00,2.538301373007152861e+00,2.672364293418078240e+00,2.384509773911089425e+00,1.685828948894501522e+00,1.398602628917289037e+00,1.314957492502773606e+00,8.211127655033277906e-01,8.481467259953356930e-01
3.100630000000000000e+05,8.223352413722468945e-01,1.637470643976008056e+00,2.096056516419962712e+00,2.505332917981888396e+00,2.963878878850032539e+00,3.167439113553449204e+00,3.668688608551848418e+00,3.779766556099867003e+00,3.941062333804884688e+00,4.213277951189731141e+00,4.437543383383877327e+00,4.840724937729172339e+00,4.954257799588719813e+00,2.946091041687249223e+00,2.242650559632069385e+00,2.097640021468439642e+00,1.837821848612199327e+00,1.144713089777892767e+00,2.617956199788937788e-01,2.742099143080567458e-01
3.100640000000000000e+05,9.695113682707848790e-01,1.764510684913244365e+00,2.536120083516012258e+00,3.348686032141118929e+00,3.433845215942446405e+00,3.663734562055160460e+00,3.996879858801978713e+00,4.056437610493449419e+00,4.465173392992909385e+00,4.548475933789951853e+00,4.302764265942621513e+00,4.615639835093062082e+00,4.621040396339019196e+00,4.657737750945910804e+00,4.802523206491208008e+00,4.943420119192692752e+00,5.060780837797669740e+00,3.556645178129010709e+00,1.478054923833121537e+00,2.848354339976588712e-01
3.100650000000000000e+05,9.506997114028349349e-01,1.616280681480560588e+00,2.154562193648191126e+00,2.741841573302580937e+00,3.353354907995122147e+00,3.761111920833255517e+00,3.103639963227794674e+00,3.437688268616738263e+00,3.710318632443275533e+00,3.587645138804547162e+00,3.545367006112409847e+00,3.709631589820495901e+00,3.870621998244806239e+00,2.753244539713974426e+00,1.660021473396133374e+00,1.516411794904719557e+00,1.316559853080200515e+00,1.385709332078397304e+00,1.147956808640597126e+00,7.393278825091265105e-01
3.100660000000000000e+05,9.739428870791100312e-01,1.908492566822943770e+00,2.386527992821031674e+00,3.098561550077363336e+00,3.706333259028294247e+00,4.224677972578978924e+00,4.688335196327983567e+00,5.287828493107997296e+00,5.053731101755181143e+00,5.185080654853241100e+00,5.284642735150763215e+00,5.351849941956862367e+00,5.593810447481621928e+00,5.875774475275046704e+00,5.220831225646062279e+00,5.190611378051103841e+00,4.862710575830232251e+00,3.848106430845805725e+00,1.281857623904753662e+00,1.288769924019745883e+00
3.100670000000000000e+05,9.378476051816814207e-01,1.853977161413256303e+00,2.758559362412198901e+00,3.636327777493320479e+00,4.235366992901147043e+00,4.779356142485054804e+00,4.967979636719529246e+00,5.360982674900749423e+00,5.653553057913986990e+00,6.049145668631036088e+00,4.689885986696950226e+00,4.876591742121220818e+00,4.329185154759659149e+00,4.172826507613837776e+00,4.335012516529848092e+00,4.174510752670471447e+00,7.868202512722343167e-01,5.105985573721505411e-01,4.248243277878936963e-01,6.799405496624721934e-02
3.100680000000000000e+05,9.984947217224956484e-01,1.928483040544380245e+00,2.726582775182992968e+00,3.610279769908094849e+00,3.972131073039242288e+00,3.983636988244650290e+00,4.545607511782905341e+00,5.174005241738704797e+00,5.743994586487071174e+00,3.785546942125312064e+00,2.981288440412273033e+00,2.475526578040862624e+00,2.339094339423561930e+00,2.322832269965339869e+00,2.306289095041891279e+00,2.119251190674903640e+00,2.040798067773875957e+00,1.674950290001054887e+00,5.206594856495626589e-01,4.776783821732522028e-02
3.100690000000000000e+05,9.624839002448931646e-01,1.891115260099052620e+00,2.774870135081811018e+00,3.421491097935158265e+00,4.176545775735342581e+00,4.902269577208777207e+00,5.140381213763517643e+00,5.704183027601801292e+00,6.060739563778621886e+00,5.813715628132834823e+00,6.065179777942550920e+00,6.080596127171885357e+00,6.404380524494486693e+00,6.244421826824012811e+00,6.285624826284752942e+00,5.035507925701701026e+00,5.079764961938148637e+00,4.633701587329699834e+00,4.586024652930729140e+00,3.861564469755500717e+00
3.100700000000000000e+05,9.923481102071971538e-01,1.869318773161605884e+00,2.731835384051075621e+00,3.538997118333072844e+00,4.100205594892807781e+00,4.664716359282031988e+00,5.189223729165902022e+00,4.722570686098335635e+00,4.135008638593646424e+00,4.333487064615367146e+00,3.690694205965193930e+00,3.336637074072132503e+00,3.359755166186431996e+00,1.867263840557028987e+00,1.756305134731160233e+00,1.401903844002100996e+00,9.508878181170271615e-01,8.119076015336577079e-01,7.090711258608608514e-01,3.004854034766335502e-01
3.100710000000000000e+05,9.630895083983692651e-01,1.856359502219210977e+00,2.631269086578440941e+00,3.426542882944787483e+00,4.228639982018141730e+00,5.062365128657107860e+00,5.899164672841776813e+00,6.710727131526592615e+00,7.164245217420010192e+00,7.482069773867715767e+00,6.429082627877171774e+00,4.768085448967564588e+00,5.054293137423401916e+00,5.438140466378036386e+00,4.368354220912889829e+00,4.279825224702973330e+00,4.519342836642889161e+00,4.154383220349133765e+00,2.924399965969637361e-01,3.096317260860903531e-02
3.100720000000000000e+05,9.999289616248273616e-01,1.935653607167796775e+00,2.783876413107363668e+00,3.590491143162042764e+00,4.285743277840486698e+00,4.932562293043794455e+00,5.508609749506179654e+00,6.128102517763280410e+00,6.048497794167851715e+00,6.134039889204110807e+00,6.653930354234590894e+00,7.165135579577803782e+00,6.329964837307572090e+00,6.456750924496455823e+00,6.909973905592127430e+00,6.930883198438444026e+00,5.700078588731868123e+00,5.679207671379416844e+00,5.069005036969413069e+00,1.869721157700852121e+00
3.100730000000000000e+05,9.565073075135498426e-01,1.910457859224346633e+00,2.850830222178584616e+00,3.602816004806535410e+00,4.173463930439378800e+00,4.893462622979022569e+00,5.515323651515562808e+00,6.184175957272524116e+00,6.909930687427855212e+00,6.437278292739731178e+00,6.752349987069909965e+00,7.060108134013086456e+00,7.173904243544047432e+00,7.689245680092524182e+00,8.205005542614260960e+00,8.429688434499690075e+00,4.272376479148600303e+00,3.223785750683989537e+00,2.901674820343054240e+00,1.060151218132514561e+00
3.100740000000000000e+05,9.806879876662072393e-01,1.881341188632779104e+00,2.652231539388957060e+00,3.515773429159480656e+00,4.133307461403076921e+00,4.843242243845335082e+00,5.642211122527798217e+00,6.136377412963162747e+00,6.629858945348598986e+00,7.351644765334190978e+00,8.020415564653976759e+00,7.510759585762038171e+00,7.916661389087404466e+00,7.854381385040382746e+00,8.413705364475740467e+00,7.613143429852650357e+00,7.299551395890061301e+00,5.901861749413413349e+00,6.228865580319952855e+00,2.983122316682409458e+00
3.100750000000000000e+05,9.547308190007649520e-01,1.722495181704093437e+00,2.532104778963831127e+00,3.040455435850618837e+00,3.713554683298197379e+00,4.391737486511693156e+00,4.723199539985627915e+00,5.219571041496415376e+00,4.921128553155316609e+00,5.371966307128872131e+00,5.578420470240287976e+00,5.806515995509128558e+00,5.742606263875082107e+00,6.126851114649998209e+00,6.393561468830738725e+00,6.103929127674538435e+00,3.756674162931399330e+00,3.328072213713507033e+00,1.197463324777260585e+00,9.898284210814178863e-01
3.100760000000000000e+05,9.760140993042788482e-01,1.646648266097153090e+00,2.361049744796070993e+00,2.848390958007520180e+00,3.463459617941044399e+00,4.115245326755726296e+00,4.695350238788861930e+00,5.160986947212642839e+00,5.213359792672233262e+00,4.360453518828077968e+00,4.129570094391001867e+00,2.960963227526197006e+00,2.731882206925755785e+00,2.720943808943275144e+00,2.689446286102881611e+00,2.513263972848561068e+00,2.281887584240040567e+00,2.261836748756365090e+00,1.514941311768223109e+00,1.399064891477304062e+00
3.100770000000000000e+05,9.678353226222563555e-01,1.894353553671697332e+00,2.793494018562350689e+00,3.685485694169627013e+00,3.972164274019889252e+00,4.531497198060003839e+00,5.267381541918675580e+00,5.742438778300697599e+00,6.341669274370064890e+00,6.858408233579752711e+00,7.205117301997519874e+00,7.361791386623755429e+00,6.977972402143678643e+00,6.729618184335710573e+00,6.379155542226682130e+00,6.567827311711960547e+00,6.643199783082851084e+00,4.512742703796938315e+00,3.891029761630678152e+00,8.350881710516233625e-01
3.100780000000000000e+05,9.259321504268341885e-01,1.849652463440014660e+00,2.391047853728273331e+00,3.063434454326099843e+00,3.623227159474985193e+00,4.310206719087095628e+00,4.823189565329768058e+00,4.898185683726075546e+00,5.427793324312022882e+00,5.297547590459927846e+00,5.096806845631147276e+00,5.055078322210782460e+00,3.563269691321017785e+00,3.694202910471731549e+00,3.767057963723813963e+00,2.929843832780505863e+00,1.467607723154291444e+00,1.377679354298384506e+00,1.351038317925949084e+00,3.465499750231848530e-01
3.100790000000000000e+05,9.822834274608231997e-01,1.930189547134834482e+00,2.816217292528199856e+00,3.596089914188400627e+00,4.421549816147643419e+00,5.116277769433092537e+00,5.018440591910473536e+00,5.108739191671076263e+00,5.506315856677182374e+00,6.072448283427506865e+00,6.593282639006665669e+00,6.574233972221602329e+00,6.583988944271804478e+00,6.492148011532099972e+00,6.856165250811852019e+00,5.943128070149629849e+00,3.749412901764049622e+00,3.929038705132711140e+00,1.755528028669799623e+00,2.764386831602494432e-01
3.100800000000000000e+05,9.532077748245463278e-01,1.867629704345549646e+00,2.332247255424205079e+00,2.406800308642761621e+00,2.909652631928017819e+00,3.361254883548262296e+00,3.871945659571808029e+00,3.837490908044284943e+00,3.678935550515960440e+00,4.003263872495857356e+00,4.033951287337519176e+00,4.260759753616046197e+00,4.020071089419968935e+00,3.100173492436594902e+00,3.103657485058228804e+00,3.276221437640083778e+00,2.227438800627173698e+00,6.192584815709116786e-01,5.753379876790704062e-01,2.226640113172662083e-01
3.100810000000000000e+05,9.864587741776490448e-01,1.718917379534870671e+00,2.459323044802199210e+00,3.198144755296368213e+00,3.689369420397401012e+00,4.102026547780576848e+00,4.768855552084718674e+00,5.061831239439994690e+00,5.589747963910321360e+00,6.167527026848710570e+00,6.598414337537747087e+00,5.443247476467206525e+00,5.051104431320901256e+00,4.922477045738316015e+00,5.144065067650489098e+00,3.166030977328482265e+00,2.771987711931170661e+00,2.404368660689913284e+00,7.317635991354869418e-01,3.445539245908002535e-01
3.100820000000000000e+05,9.511732546111979492e-01,1.866921649712834697e+00,2.794461951929751109e+00,3.645459650701138532e+00,3.903703543206876070e+00,4.579388059540825395e+00,5.168652778057517772e+00,5.906191769294684590e+00,5.820638656835432023e+00,6.266893298671405432e+00,6.874454645906578953e+00,7.112074456968039193e+00,7.237929162164696173e+00,6.941035847048129703e+00,6.266599316517606155e+00,6.382464917093747303e+00,5.682317459307676621e+00,5.995816970689539005e+00,3.328754597663926784e+00,3.298296361710126856e+00
3.100830000000000000e+05,8.789908703975561899e-01,1.517928485839616926e+00,2.217177527550686644e+00,2.896626281413704262e+00,2.562901486135711782e+00,3.055097866827218844e+00,3.227002159414217974e+00,3.349310083470458999e+00,3.557889705831274618e+00,3.618655701603842090e+00,3.070255882245009893e+00,3.107214189915922464e+00,2.912407315656048379e+00,2.941794591686687887e+00,3.053896378238520448e+00,3.147181020605083646e+00,2.747617964913123600e+00,2.097825587897516719e+00,1.745651637186754312e+00,1.234400573522334010e+00
3.100840000000000000e+05,9.165363345806196715e-01,1.812256760434028946e+00,2.681406833647401733e+00,3.394021195534176805e+00,4.130737536826792677e+00,4.202154696367456310e+00,4.292911804304677226e+00,4.739277971654608734e+00,4.872473714851663473e+00,5.098489397070851581e+00,5.524746348706992549e+00,4.555634685222758051e+00,4.681070070916164561e+00,3.272441167797670580e+00,2.071902242771018088e+00,2.138537651467041556e+00,2.158171890889409639e+00,1.700316836022799816e+00,1.161889097647117897e+00,1.088616142148863819e+00
3.100850000000000000e+05,9.409062720402335822e-01,1.843704786229926285e+00,2.224018614982497866e+00,2.822337832244636413e+00,3.436849584964414728e+00,3.763791301407015233e+00,4.039612230395171366e+00,4.424713151104668007e+00,4.731291286855888067e+00,4.951136487290378696e+00,4.556651024212851731e+00,4.401992367855010357e+00,3.913652302205021805e+00,3.058287709845002755e+00,2.606882688540077986e+00,2.699592167209015514e+00,2.298171726256732939e+00,1.548730007369425232e+00,1.395374178512511998e+00,1.807797775768049675e-01
3.100860000000000000e+05,8.943849602814365474e-01,1.735804354636599101e+00,2.526907335563050694e+00,3.060566567478189892e+00,3.634414739147332263e+00,4.034473464505053286e+00,4.125543813629801271e+00,4.240706675135937687e+00,4.239589331334181921e+00,4.360111045135804275e+00,4.741176307342345631e+00,4.582272370171581066e+00,4.838592636729978302e+00,4.187101692421319576e+00,2.648836918356265446e+00,2.781418228024261197e+00,2.916747883708716849e+00,2.972697985091867778e+00,2.194762581142839064e+00,2.207784157403265279e+00
3.100870000000000000e+05,9.706864903591322369e-01,1.767605296129234560e+00,2.510670809969416162e+00,3.260488381570130656e+00,3.853193040257536950e+00,4.618857610770847444e+00,5.337985291694335110e+00,6.051215551957025873e+00,6.480678966191598001e+00,6.371209960129569083e+00,6.073895841918377947e+00,5.761235456409568023e+00,6.118384567307172617e+00,6.048742517333391078e+00,5.823340821083872854e+00,6.145520579442544928e+00,4.501446599601568899e+00,4.139136160163423561e+00,3.401314575227496473e+00,6.578865574955683471e-01
3.100880000000000000e+05,9.463377897335948363e-01,1.861559614702658072e+00,2.654344520284175779e+00,3.521410462969202015e+00,4.335500674869216198e+00,5.085390484611548523e+00,5.821453575348563447e+00,6.469402844067891678e+00,6.236906380532183825e+00,5.390342764358453387e+00,4.966384737519282666e+00,5.243471898933824704e+00,5.623174508052073861e+00,4.563827740542789613e+00,4.595657656447825090e+00,4.667838330404165958e+00,4.849265519060997676e+00,2.763869110163232889e+00,2.399806628404425268e+00,1.258401222451905888e+00
3.100890000000000000e+05,9.462621933443782218e-01,1.815403232076280071e+00,2.672551980724118703e+00,3.538976929502122282e+00,3.517506942763124034e+00,3.576534048662360910e+00,3.483630441020146407e+00,3.674905088662199226e+00,4.059691405341344428e+00,4.360998741224252129e+00,4.683163787018457924e+00,4.920099943070010973e+00,4.445427370075099027e+00,4.726233608414252885e+00,4.921134581217975423e+00,3.782961432289468462e+00,3.932011290213011101e+00,2.458022962993248406e+00,8.301967318582246236e-01,9.652518588830094615e-02
3.100900000000000000e+05,9.159252706371555641e-01,1.822646998308514510e+00,2.729429683382304184e+00,3.319108681458852850e+00,3.529795830334225393e+00,4.234676735321062147e+00,4.707268519558580167e+00,5.249589893878936486e+00,5.817516066879209191e+00,6.305663957846771694e+00,6.235051253015704731e+00,6.477856156915000163e+00,6.136368273789491568e+00,6.299894201090541657e+00,6.688537771833127366e+00,6.932621521554452215e+00,7.180027740754090004e+00,7.270966530536394856e+00,5.051631405835453670e+00,4.279533222403093973e+00
3.100910000000000000e+05,9.447758489349623590e-01,1.820183128872802314e+00,2.697662959440674690e+00,3.580307865151332702e+00,3.716467356414376422e+00,4.156565599302885161e+00,4.734471702046692876e+00,5.247078301953505886e+00,5.701095093746290310e+00,5.981605725704212340e+00,5.742995693703391247e+00,5.011525748111695044e+00,5.070321392224022006e+00,5.118302542910990738e+00,4.961145428641543731e+00,3.316438251879670673e+00,2.503394771855535161e+00,1.143457951911336368e+00,9.878687560964897196e-01,1.236978978296643383e-01
3.100920000000000000e+05,9.669076092270363354e-01,1.853157640424624608e+00,2.636026968951391769e+00,3.502146158093347506e+00,4.287654210876265637e+00,4.997594438802071437e+00,5.019557856000776752e+00,5.202625467939201442e+00,5.432467429835600825e+00,5.461484222687188250e+00,5.390817431056475151e+00,5.078000377587380321e+00,4.957103675245902785e+00,5.180850699670980219e+00,5.077787989681372238e+00,3.795658140455024920e+00,2.359529887112276736e+00,1.305576492832159818e+00,1.122056788862699106e+00,3.797675762371821584e-01
3.100930000000000000e+05,9.899182149275833620e-01,1.961481106196303115e+00,2.825210853739688055e+00,3.587188215975395167e+00,4.262950345771797878e+00,5.109985133650122968e+00,5.652634859087815933e+00,6.257691012652792040e+00,6.357421362806223719e+00,6.308186959248139658e+00,6.500237745726643368e+00,7.022571770618216469e+00,6.677274258667241114e+00,6.839448807657504403e+00,5.834203259908718131e+00,4.157853788471589596e+00,4.173894499176372896e+00,2.041255466820663500e+00,1.320457462614308630e+00,4.231732140459998348e-01
3.100940000000000000e+05,9.553113181374861540e-01,1.755878204994947733e+00,2.588915704234747928e+00,3.413600282644912109e+00,4.088405531941543103e+00,4.768495882395618501e+00,4.801740979879903115e+00,5.450817261297222771e+00,5.818866108021582662e+00,6.433580173970037563e+00,7.018078013739518006e+00,6.928438584097877495e+00,7.284856749659244457e+00,6.733039980533851221e+00,5.651130419406892536e+00,5.868447452177496970e+00,5.828466672400689497e+00,4.735384402821314787e+00,4.184770818670297210e+00,1.023931629025338630e+00
3.100950000000000000e+05,9.963955386572971307e-01,1.960211982433644584e+00,2.855444001590486280e+00,3.778234757156408552e+00,4.654563818503073769e+00,5.413655060792493146e+00,6.298921860308101195e+00,7.155327523752849750e+00,6.671160584211534683e+00,6.161867512146599779e+00,6.566678141375772881e+00,6.801164804874868075e+00,6.167932033461883456e+00,6.461448487051030476e+00,5.913777207645729561e+00,6.067302261777493655e+00,5.198390236473530379e+00,4.395952791029564821e+00,1.774712782194616256e+00,6.633696098088792681e-01
3.100960000000000000e+05,9.666639615820089571e-01,1.860249713704333008e+00,2.703693416635056135e+00,3.499257277528120547e+00,4.369360856888123479e+00,5.082734505570868144e+00,5.902147822458624127e+00,6.132100608258166830e+00,6.890004776227531380e+00,7.323250427617829850e+00,7.858017877884253544e+00,7.149288112932508099e+00,6.319483888531552296e+00,5.292323540213764943e+00,5.599699470948621638e+00,4.355178650857698841e+00,4.385733516833735024e+00,3.291893448232864117e+00,1.474309692005252304e+00,7.429772756169805703e-01
3.100970000000000000e+05,9.738584150505442683e-01,1.652414753137364967e+00,2.408263104692806245e+00,3.116908763062300025e+00,3.321115391271718842e+00,3.960920944415940337e+00,4.117897424122680228e+00,3.432457483840101631e+00,3.480250631839217235e+00,3.233585003262295032e+00,3.303186142144306281e+00,3.398547777230777722e+00,3.606750596838081524e+00,1.949208761524655165e+00,2.053232449210152133e+00,2.140369566637977172e+00,2.234685831640927489e+00,4.512694618139050373e-01,3.460384308121710051e-01,8.261415811261718645e-02
3.100980000000000000e+05,9.027622143346739625e-01,1.718318244776886994e+00,2.467294204009502501e+00,2.913097933124802363e+00,3.350318659258122445e+00,4.006272935639124455e+00,4.396130061545083123e+00,4.853922812313467894e+00,4.791313544591326412e+00,5.201204556477696528e+00,5.395233453449107763e+00,5.035994339861149527e+00,4.522673826271597974e+00,4.504767904783014032e+00,4.042566272353715462e+00,4.089012240113889973e+00,4.142749587787430521e+00,4.198109158895842796e+00,3.665634000724887542e+00,6.873764425964212776e-01
3.100990000000000000e+05,9.778508863826460562e-01,1.815857236432066424e+00,2.634596711674900504e+00,3.320704507119609072e+00,4.130012495112761250e+00,4.707306862413860316e+00,5.428659994974950109e+00,6.104351838052983759e+00,3.738647292100873543e+00,4.077116936541544057e+00,4.429841885837682014e+00,4.739800931443361343e+00,4.731227276453053854e+00,5.028418865755624800e+00,5.045210383356964812e+00,2.844388077707371565e+00,1.521684883330753468e+00,1.246136413288096767e+00,8.331855337499081138e-01,5.488823387279850863e-01
