2.300000000000000000e+05,3.696432043039921123e-02,6.646395057339316015e-02,1.452473243274877701e-01,1.755058638080500000e-01,2.037035850530425352e-01,2.409971853449972556e-01,3.084015840425866628e-01,3.453094299467572847e-01,3.475393453822857026e-01,3.880365736386182096e-01,3.909771744544294769e-01,5.224171184806334356e-01,5.442534439324662188e-01,6.503813936980913368e-01,7.042675563903008085e-01,7.525050236886937638e-01,7.664882636954899464e-01,7.689307641624391065e-01,9.403811081498480995e-01,9.856545667927431031e-01
2.300010000000000000e+05,1.353158809084565872e-01,1.992086243496272724e-01,2.403286054752756806e-01,2.875785640381050001e-01,4.878412607700706172e-01,5.599404279844594212e-01,5.655490901160272754e-01,6.046124296977165580e-01,6.194946584701451764e-01,6.196198891938905495e-01,6.220094885148530484e-01,6.296350150744027818e-01,6.383965777722017121e-01,8.011930149317791905e-01,8.481193463828639034e-01,8.638607899744391583e-01,8.983553645672033294e-01,9.285333575441647724e-01,9.737048215679381391e-01,9.746843348228759751e-01
2.300020000000000000e+05,1.033045719518232985e-02,1.956212662969728511e-01,2.888815758244285270e-01,2.897377751088269227e-01,3.304811972604917436e-01,3.543104795618170488e-01,4.325454121986610501e-01,4.985899681846829301e-01,5.465623392493158539e-01,5.590561212974045624e-01,6.061772993111322894e-01,7.566101123121231620e-01,7.838784718687915598e-01,8.013214791037063245e-01,8.538018457453065979e-01,8.555845572514660935e-01,8.983613874716550596e-01,9.506406086296985691e-01,9.646636729986393100e-01,9.980665734189868576e-01
2.300030000000000000e+05,4.808383227493540080e-02,1.262632657474025422e-01,1.647102654855747694e-01,1.779873110561394078e-01,2.084658963176447832e-01,2.320772859523819731e-01,2.618376438316930566e-01,3.850890820742135512e-01,4.516085799876736750e-01,6.056355276971459034e-01,6.615367191138059599e-01,7.664027649939715303e-01,7.725456921203717187e-01,7.900934457349851892e-01,8.675018231190902984e-01,8.919175425750678343e-01,9.160976855164604249e-01,9.468738176371196413e-01,9.501613607784878957e-01,9.793147647419502277e-01
2.300040000000000000e+05,7.216888805347776437e-02,1.345907936947935424e-01,1.741443904775795692e-01,2.450429513820887584e-01,2.534597644999010413e-01,2.854618850941165187e-01,3.797658104645893484e-01,4.218038350165119743e-01,4.736371864365591655e-01,5.057717896973071836e-01,6.207240764642322217e-01,6.214403657764998590e-01,6.269980375888921653e-01,6.284829591068613608e-01,6.662076848506865989e-01,7.076826167591878658e-01,8.079843597442672998e-01,8.160928421426298929e-01,8.794076612237718971e-01,9.535803984451973747e-01
2.300050000000000000e+05,2.616515353018877832e-02,7.085978987428398490e-02,8.047684135598165422e-02,1.354282931717055716e-01,2.362330368919134393e-01,2.577494246806529832e-01,3.220293458696320554e-01,3.485563930654497211e-01,4.452768048953166247e-01,4.473249408464311516e-01,6.394454302678388435e-01,6.613024279990860066e-01,7.077163534369165232e-01,7.350562174162459383e-01,7.714702446599428498e-01,7.891638725250532671e-01,8.255592550250202555e-01,8.603227745999556531e-01,9.548026384688070856e-01,9.811545705264118622e-01
2.300060000000000000e+05,6.026362278831798314e-03,2.880171020120880776e-02,8.759222604362049136e-02,1.096395438764293795e-01,1.587221773756928300e-01,1.599008689172966013e-01,1.871055436743125355e-01,3.535801900270324483e-01,4.041533581101529604e-01,4.629886545374954920e-01,4.811082445375031158e-01,5.258887341855964515e-01,5.799039229271778506e-01,6.306951695494418253e-01,7.513505240489793957e-01,7.942887370412047288e-01,8.598016462297892737e-01,9.369674322790770837e-01,9.520589326362414173e-01,9.753643548123577256e-01
2.300070000000000000e+05,1.076960520693248657e-01,2.003828604632845733e-01,2.146422980670479319e-01,2.358945508444431072e-01,2.431747269002203504e-01,3.085034567962784413e-01,3.699850320869499942e-01,4.529581715818996601e-01,5.096645505305846813e-01,5.646427724184213126e-01,6.372813542959954169e-01,7.254874584945476546e-01,7.440318618581073240e-01,7.656735624989641220e-01,8.247917709408668641e-01,8.248716355420935287e-01,8.378075575248632445e-01,8.708243390146894747e-01,9.541221192289099928e-01,9.716409197059552305e-01
2.300080000000000000e+05,2.874756375252796037e-02,1.069617830862857888e-01,1.304194631469869359e-01,1.594458115648781371e-01,3.544120074314964786e-01,4.558387350515065162e-01,4.838653485528625620e-01,5.034176820278341014e-01,5.046250582816210750e-01,5.156234779130586254e-01,6.472408445041519798e-01,8.160012402172425183e-01,8.406335971442570054e-01,8.472008885113154752e-01,8.558827635256126554e-01,8.764471821414238084e-01,9.271136279479125220e-01,9.460885151845178642e-01,9.955024529504399311e-01,9.974238927576096758e-01
2.300090000000000000e+05,1.086590340114289566e-01,1.249896630759367300e-01,1.400455477348151456e-01,1.735144634524242724e-01,2.192933806385953810e-01,4.263234838532493631e-01,4.320157278092923159e-01,4.347678355883833889e-01,5.076725589556640994e-01,5.523064698801722905e-01,5.671386680642422906e-01,5.787012602267136430e-01,7.312640699337554784e-01,8.072198284280224234e-01,8.345036506851175595e-01,8.435127930779180438e-01,8.720813713685191537e-01,9.030870212839176014e-01,9.280960095947857758e-01,9.808436382274607901e-01
2.300100000000000000e+05,6.363991738858698621e-02,9.338126843882355033e-02,1.622001516677449295e-01,2.836736347842976347e-01,3.164033993339452344e-01,3.921054393972456253e-01,4.073153542987042464e-01,4.450343909765145378e-01,4.601763880159498443e-01,4.612548286521310770e-01,4.635921419884868611e-01,4.939210067408086324e-01,5.725596508912155214e-01,5.797274915360576264e-01,5.905565433788874108e-01,6.047321182888282243e-01,8.340908169337415412e-01,8.422325076903582897e-01,9.209918158195921079e-01,9.621056514734250831e-01
2.300110000000000000e+05,2.213088135093166375e-02,1.026259879504495265e-01,1.305089302519073513e-01,1.717811716719807036e-01,2.122111889435893683e-01,2.835076734282286903e-01,3.642697900566894686e-01,3.876205910025417589e-01,4.336588380704204937e-01,4.841823248426864179e-01,4.860842645992174971e-01,5.420118420578809992e-01,5.785903093583248946e-01,5.913179482221502248e-01,7.085469713436863826e-01,7.268149807851895794e-01,9.039102391860517338e-01,9.624951796650441649e-01,9.665928062912823027e-01,9.708135420824429707e-01
2.300120000000000000e+05,6.665074926352365647e-02,9.894827482879886560e-02,1.151033004191466258e-01,1.358152881251563082e-01,1.854793620048529323e-01,1.865560208687425670e-01,2.392352123100628392e-01,2.457187248481580433e-01,2.698993240474104605e-01,3.362405658847277268e-01,4.159349089601482863e-01,4.541678328152611854e-01,5.895625158373621888e-01,6.238146911032895758e-01,6.271979847288764454e-01,6.346719053813546507e-01,6.480478931840910617e-01,8.096343409281409054e-01,8.456032788866546523e-01,9.622816093995860687e-01
2.300130000000000000e+05,1.389373110834717373e-01,2.297255943714615611e-01,2.444317087843699277e-01,3.392827623931913283e-01,3.570433092941337483e-01,3.595572366824755228e-01,3.842816731022520305e-01,3.867837008369929830e-01,4.278942269939330911e-01,4.312748952220476495e-01,5.047798993279855040e-01,5.704468783560395773e-01,5.980435007896615085e-01,6.215200341489299785e-01,6.619304356408624024e-01,7.037576600863274523e-01,7.985732071378821573e-01,8.993195189711542525e-01,9.207179822007753867e-01,9.344363277727750772e-01
2.300140000000000000e+05,6.239981866887034379e-02,6.853094304119022873e-02,8.002606152987101762e-02,1.266501348507266256e-01,1.282589936207648718e-01,1.749927412095522161e-01,2.548451685474798500e-01,2.783661762162135123e-01,4.200826052109370989e-01,4.581438139726405900e-01,6.165046184248540451e-01,6.982695462349980398e-01,6.993173243887417234e-01,7.343072785830644378e-01,7.426680140528859608e-01,7.754512014828472966e-01,8.086999820376039594e-01,8.743625075473959729e-01,9.395629978418592598e-01,9.662420814955730020e-01
2.300150000000000000e+05,1.471301563530680312e-02,3.664907950773665934e-02,8.812815584483701947e-02,1.155365473625891148e-01,1.603704678634133574e-01,2.882683460912135454e-01,2.914921297229915442e-01,4.891558033840112119e-01,5.310327835540276098e-01,5.402570420105674565e-01,5.662687844654755720e-01,5.879749815044194028e-01,6.056044004812770609e-01,6.489732250873505581e-01,7.451476530498521988e-01,7.808173082027066725e-01,8.054346336209140533e-01,8.394642106872044485e-01,8.429438416011753032e-01,9.680148133775549057e-01
2.300160000000000000e+05,1.129003255738876277e-01,1.195302842273197053e-01,2.344138748932104166e-01,2.531980680803419537e-01,3.927438988199315473e-01,4.389584697981838701e-01,4.852707293109418396e-01,4.896998631056797002e-01,5.330430542152205797e-01,5.749312217687470028e-01,6.081319759218974941e-01,6.100417171513562442e-01,6.385391660710882933e-01,7.051592421982195713e-01,8.189686355112483218e-01,8.368088820190207056e-01,9.036350829666534024e-01,9.307413950704790384e-01,9.622408031313114396e-01,9.930240410536693707e-01
2.300170000000000000e+05,2.201826989368116383e-02,4.881372831828467707e-02,1.239169518141585158e-01,1.767598444495707133e-01,1.793022858398419794e-01,1.858900988680589617e-01,1.869936092534646432e-01,2.350974583361185033e-01,4.014879701692903868e-01,4.272222040055094761e-01,5.218676129303910782e-01,5.845121194963500688e-01,6.205158639772145879e-01,7.258345369513540257e-01,8.259261737689471694e-01,8.333142058045017730e-01,9.076557539231925320e-01,9.279828555419694647e-01,9.665394596281418060e-01,9.977818537298598356e-01
2.300180000000000000e+05,5.511020867414306856e-02,1.396337010174782955e-01,1.863974385664068922e-01,2.710600924362392972e-01,2.972616927756636107e-01,3.540960924179668012e-01,3.570834647621328184e-01,4.161869152921248149e-01,4.282190776134069399e-01,4.491254634782445576e-01,6.100189559808191220e-01,7.104673749024166263e-01,7.259234804269527608e-01,7.381263160992603822e-01,7.595496777302396252e-01,8.030861416527768082e-01,8.230468650657689622e-01,8.818332683285419193e-01,9.694467053656905531e-01,9.765136410443103765e-01
2.300190000000000000e+05,2.038479374377336617e-01,2.367147057101285368e-01,2.974315998475283163e-01,3.137013753603898891e-01,3.432641381860778163e-01,4.080818482650120371e-01,5.048862962260397547e-01,5.350334420745551656e-01,5.524381355273624283e-01,5.846568451188071114e-01,6.114409651193075668e-01,6.669906322917283914e-01,6.807268244680854119e-01,7.235659487402784640e-01,7.588686177083530104e-01,8.431940498599719280e-01,9.349356770152260632e-01,9.577248293058987505e-01,9.850064851134106014e-01,9.929389081624191427e-01
2.300200000000000000e+05,7.109444132729192400e-02,7.207322709554830897e-02,7.511218519669005111e-02,7.973604322414695744e-02,2.428671054892558301e-01,2.553118359857307063e-01,2.619243929849536245e-01,2.686546326007821506e-01,3.256476484230185209e-01,4.118484158393778127e-01,4.967734413041753339e-01,5.273120449934939336e-01,5.468451035080558187e-01,6.367116568623082395e-01,6.543326806869596002e-01,6.645356794488543883e-01,7.620175430034028530e-01,7.912955250594538859e-01,8.426166937536007095e-01,9.880939744897559995e-01
2.300210000000000000e+05,2.116135139944930188e-02,2.310171397999618570e-01,2.752230512400777318e-01,3.178180695420679269e-01,3.688212091684547334e-01,3.962019223899813092e-01,4.156398660342272011e-01,4.602787748084574693e-01,5.437632286587831265e-01,5.476794513263509856e-01,6.035770255445611632e-01,6.503941820302370225e-01,7.327128164563311286e-01,7.772453300349632110e-01,8.484846136825825447e-01,8.856167566867266805e-01,9.595077572628583074e-01,9.662589178982426974e-01,9.782989097701463299e-01,9.967370419608607701e-01
2.300220000000000000e+05,5.146062565274500678e-03,2.478698470339180115e-02,1.068896995690508112e-01,1.615432100103856294e-01,2.856720404952184378e-01,3.088422926735563401e-01,4.158388406423750849e-01,4.338259552947792974e-01,4.583647388068363693e-01,4.753611127724023389e-01,5.400176424004090592e-01,5.945039135174483569e-01,6.385029160648232338e-01,6.395761374896106188e-01,8.164445503672598248e-01,8.248261725011215573e-01,8.349486473260174790e-01,8.398670170079559627e-01,8.724302734822270144e-01,9.405616243022034695e-01
2.300230000000000000e+05,4.044572682821923060e-02,8.612233458601115110e-02,1.075263905333442294e-01,2.780858149176763661e-01,3.067585489512155705e-01,3.075034011130433065e-01,4.683904035939748800e-01,4.814456706480182424e-01,4.884990178584359688e-01,5.664350565387168412e-01,6.362322013111880725e-01,6.642866788884068674e-01,6.705158731370980396e-01,8.547929989492070169e-01,8.688079177494341110e-01,8.990938194686445284e-01,9.192891594490109064e-01,9.569129849372222107e-01,9.793270632429565969e-01,9.828881021763806736e-01
2.300240000000000000e+05,3.332640042652657009e-03,4.237019177533174474e-02,4.860707058653546131e-02,7.531567944675088278e-02,8.694927796256335384e-02,8.755880103077717802e-02,1.676321491263795815e-01,1.767388498100586069e-01,1.992986230406276205e-01,3.114265070008738201e-01,4.615799589992252150e-01,4.968839651119868472e-01,5.633509859212723070e-01,6.150732728270542626e-01,6.178668573617474014e-01,6.852529525681234635e-01,8.327862901159657216e-01,8.584671157088418214e-01,8.700170795316715111e-01,9.054499077208463254e-01
2.300250000000000000e+05,1.972927276342173464e-02,2.721792862176922734e-01,3.435708302683515569e-01,3.686510857376263939e-01,4.037731729824087790e-01,4.088283282705685862e-01,4.338547719136325309e-01,4.613563118381766026e-01,4.639008377358173618e-01,4.651649001208281176e-01,4.987327981938931565e-01,5.341484930361718453e-01,5.623240797225643739e-01,7.058724062754783146e-01,7.609244002206284607e-01,8.007497172421726983e-01,8.239034491631033186e-01,8.799896717371472610e-01,9.074123025114856356e-01,9.531536692294541036e-01
2.300260000000000000e+05,1.287701500795179754e-02,3.032634808587619801e-02,4.018553241111777474e-02,7.394469852185292513e-02,7.863019191504860839e-02,1.797584903325047945e-01,1.989654683085311238e-01,2.358533269450261427e-01,2.562748311387426092e-01,2.902327690410304584e-01,3.758598341977059665e-01,4.657762727851587625e-01,5.337594720170446561e-01,6.416921640209191091e-01,6.687675255167525590e-01,7.518499863550055506e-01,7.524178562033640993e-01,8.064933884744573955e-01,8.756070883496928081e-01,9.594938801282799634e-01
2.300270000000000000e+05,1.533579192757132947e-01,2.004415369069013630e-01,2.383521571247880777e-01,3.088770756718487442e-01,3.558027298227244284e-01,3.627034103328694581e-01,4.003453084416332963e-01,4.152278050750167759e-01,4.501353206734585166e-01,4.506326750441265183e-01,5.728906736466014005e-01,5.749062951578137737e-01,6.389085945496264518e-01,7.183844779019196158e-01,7.410583300447136645e-01,7.784793956188135189e-01,8.555126804742493318e-01,8.644153104798022458e-01,8.888712533682318062e-01,9.616598151438651154e-01
2.300280000000000000e+05,6.461574892990495922e-02,1.602061035885434803e-01,1.808792528952012368e-01,2.101835670286922308e-01,2.358688122933247922e-01,2.653633182227700393e-01,3.567653545476340282e-01,4.180575921603900680e-01,4.411311494491739760e-01,5.109166445544280899e-01,5.914289179988193590e-01,5.985880889852585041e-01,6.052949265711025095e-01,6.166049396778741087e-01,7.630993849252234451e-01,8.062334380862523631e-01,8.689238325856957212e-01,9.101434964612009626e-01,9.428600527941459752e-01,9.683742867073082961e-01
2.300290000000000000e+05,4.355577378770658648e-02,9.262829354674639859e-02,1.420535341101105686e-01,1.553172706464651665e-01,2.352286808781296479e-01,3.203530930237735719e-01,3.227930443088077306e-01,4.351908277437102068e-01,4.415680814719264990e-01,4.549605786039921940e-01,5.126108130800394180e-01,5.238073217933649772e-01,5.973463488092973783e-01,6.411963635387035731e-01,7.570066784947939720e-01,7.571450542724972310e-01,7.628743102090160821e-01,7.767951154837826611e-01,8.252976184684440719e-01,8.568364525696923195e-01
2.300300000000000000e+05,2.854224171352948147e-02,4.155796706733205781e-02,9.784971049977897462e-02,9.992279545174431732e-02,1.557044595076679805e-01,1.740101456814152625e-01,1.862071791104372709e-01,1.988922023504681169e-01,2.564746830639043074e-01,5.447007866927643382e-01,5.682409038692400882e-01,6.419498997875355828e-01,6.684770438931945113e-01,7.013472989188311857e-01,7.184888884358009431e-01,7.426005746760991899e-01,9.346569322900994958e-01,9.440980200829237612e-01,9.551773152211177065e-01,9.775735746523489533e-01
2.300310000000000000e+05,2.668210132862436357e-02,6.918285540385094023e-02,1.221993119565424335e-01,2.266218428066689716e-01,2.309126779414475417e-01,2.505064199618898257e-01,3.661062561825390027e-01,4.034215083459593565e-01,5.308710662545225167e-01,6.370750908387369238e-01,6.669066658301094908e-01,6.867928307478342598e-01,7.013140203890757540e-01,7.200601741328076510e-01,7.255391432942172036e-01,7.264126436317180913e-01,7.588973418596410836e-01,8.550249400520614218e-01,8.796412918158414973e-01,9.092789683095390263e-01
2.300320000000000000e+05,4.056637972048349194e-02,8.684152546230661240e-02,1.928951239002848483e-01,2.267093810080849092e-01,2.559816673753735339e-01,2.870926335449741629e-01,3.293538100790440737e-01,3.944642465154688526e-01,4.500026882316281451e-01,4.634493431020266785e-01,4.634628099849255056e-01,4.701917937375925671e-01,5.207687543894049531e-01,5.968473616128325832e-01,7.161264442779521344e-01,7.489274619841683744e-01,8.406934431886841086e-01,9.117967872883424585e-01,9.213136532814948376e-01,9.857021277945834381e-01
2.300330000000000000e+05,1.450500243147612167e-02,2.850059074067767817e-02,1.018976472841557346e-01,1.674572216959986370e-01,1.679912419748182950e-01,2.913884339590703254e-01,3.065850010971322703e-01,3.372254849112265029e-01,5.134406163964911896e-01,5.878531905816204439e-01,5.926379602494177279e-01,5.975512666506730408e-01,6.125984664435679683e-01,6.513341563136549883e-01,6.631003077723983674e-01,6.663584797611878940e-01,8.042767095827287882e-01,8.171047835235446533e-01,8.292808097501593867e-01,8.490316864278009135e-01
2.300340000000000000e+05,3.183730790044325687e-02,1.246582236483924078e-01,2.034560111544932992e-01,3.848290266153415740e-01,5.161831123216353845e-01,5.196331309400277210e-01,5.369829595841181247e-01,6.243751290204843096e-01,6.835243132647557118e-01,6.998035306287805346e-01,7.847689180865826675e-01,8.193862600772596760e-01,8.367944935079465463e-01,8.570125785244882000e-01,8.904461251849949965e-01,9.304685441606312946e-01,9.420841774558436077e-01,9.440705135377938095e-01,9.530619822007675435e-01,9.698086829889880356e-01
2.300350000000000000e+05,9.595347137331122767e-03,6.083270191745959732e-02,1.027023924085733730e-01,1.662964164528762945e-01,1.999883364314087864e-01,2.467336503302999251e-01,2.872819453474734219e-01,2.932996660242565001e-01,2.979787348908444766e-01,3.442248150153354169e-01,4.085186389886248381e-01,4.385997952848847969e-01,4.682131353366650872e-01,4.885642113352031135e-01,4.964011446323913779e-01,6.121077541264362543e-01,6.768055796207098629e-01,7.722936081519712337e-01,9.250888405697574868e-01,9.407203663281030748e-01
2.300360000000000000e+05,7.096606185563036906e-02,1.901891406623150704e-01,2.108579571849675816e-01,2.598736177475208242e-01,3.286645008127103695e-01,3.369679581114904954e-01,4.382820018174402588e-01,4.388408037497891767e-01,4.413356253548585961e-01,5.245791107939242748e-01,5.262185704409461096e-01,5.766037227621482186e-01,5.804994839197457068e-01,5.887426859790346745e-01,7.326160159885535261e-01,7.620988340777528069e-01,7.683814193622227062e-01,8.047952425198370285e-01,8.178663328807412869e-01,9.712452909017545988e-01
2.300370000000000000e+05,3.117793676101143774e-02,5.454971591091795080e-02,1.695032505025396707e-01,1.973000948293981427e-01,2.558552700299381311e-01,2.880772903788365591e-01,2.966835552562623324e-01,3.265846221619054246e-01,3.918316005182568285e-01,4.783352816344169645e-01,4.838585132871912053e-01,6.213789539073385493e-01,6.430411983823077771e-01,7.292516512167531717e-01,7.480872800559211777e-01,7.647570361787675575e-01,8.046456262120637026e-01,8.226930846813347298e-01,8.378301039253031046e-01,9.937466663482172891e-01
2.300380000000000000e+05,8.293623525971915988e-02,1.168259537346784116e-01,1.745180248584928817e-01,3.789932324384045481e-01,4.593719612948162778e-01,5.418334119601746490e-01,5.736122309934966745e-01,5.755090538766907127e-01,5.773408407222641037e-01,6.346430943360067412e-01,6.756458772813450642e-01,7.624105837763029969e-01,7.826643843990828131e-01,8.407871608536040542e-01,8.910376253588000450e-01,9.049379998774088607e-01,9.092856025582822799e-01,9.232506330676082396e-01,9.364551037747056439e-01,9.630957671801206876e-01
2.300390000000000000e+05,1.443622919292064655e-02,3.489365576134439983e-02,4.858893306025058312e-02,6.997424540702013029e-02,1.029373093041588971e-01,1.653290301605562229e-01,2.061512377507331850e-01,2.578835174224816118e-01,4.024790014355978940e-01,4.317196944986506635e-01,4.791594093123239251e-01,4.945970128017250778e-01,4.981538852438859299e-01,5.459274786151834258e-01,6.582480732236664078e-01,6.700262439783030155e-01,7.004421923193139277e-01,7.392972272792771582e-01,9.580607529618921925e-01,9.704856774076423553e-01
2.300400000000000000e+05,2.514530994727981472e-02,4.707256762926415039e-02,7.483400887077440444e-02,2.027796948625534279e-01,2.893822151365718076e-01,3.320436957868484473e-01,3.545208501812192603e-01,3.792664948831631078e-01,4.336752461583832652e-01,4.764969655753948929e-01,5.109541340780772156e-01,6.276954360852774473e-01,6.741154382062618522e-01,7.678427099063168670e-01,7.701326538025733415e-01,7.762120766974425212e-01,9.199250697824532530e-01,9.393731347556621980e-01,9.411210170761987737e-01,9.684534652003000677e-01
2.300410000000000000e+05,1.581059150183657946e-01,2.019574768991884151e-01,2.449387339561489574e-01,3.146224256606161562e-01,3.195433551994119048e-01,3.343820341219476688e-01,3.970949255329074834e-01,4.147597068364549111e-01,4.180989253866833621e-01,4.405607713880780318e-01,4.456388682470854290e-01,4.990606363815557334e-01,5.330440923368940931e-01,6.839344292753717358e-01,8.238749320864214853e-01,8.401655136029191340e-01,8.441999409160075851e-01,8.575600626133884630e-01,8.643571555811210283e-01,8.863801155779469365e-01
2.300420000000000000e+05,3.828330817845293499e-02,5.359452700468325670e-02,5.429594431870832238e-02,6.071871995924216225e-02,2.721908193914419627e-01,3.425901067199336181e-01,3.593734430876731611e-01,3.690270239189888946e-01,4.286604808467828764e-01,4.452593615882021183e-01,4.514351355214625272e-01,6.387673180248768512e-01,6.423097254741746420e-01,6.619571560582967473e-01,7.235386377395716107e-01,7.878224237439028776e-01,8.428111222774110622e-01,9.248080407786046786e-01,9.341317879096331378e-01,9.835231075746077023e-01
2.300430000000000000e+05,1.249076563873341428e-02,1.602759488342087035e-02,3.864160721674714249e-02,1.153840302573556631e-01,2.174468136137051033e-01,2.215542753045509627e-01,2.446032328007610168e-01,2.742717193497229422e-01,2.837960909703857171e-01,2.990036381899168205e-01,3.273148654651212297e-01,3.387902630446213426e-01,4.212350535015380038e-01,5.455335998301791278e-01,7.738675342028564774e-01,8.993541464619938530e-01,9.185547798596404023e-01,9.413823095712471334e-01,9.528534433604261000e-01,9.932150070205506553e-01
2.300440000000000000e+05,2.312379738120728945e-02,1.713908004176323274e-01,2.109615071232776584e-01,2.131134814374696651e-01,2.230266815309621675e-01,2.874855584560634947e-01,4.438483179267955769e-01,4.604165566033093793e-01,4.829198284497533411e-01,4.938888438650972379e-01,6.031686800167924689e-01,6.311541091824997007e-01,6.458190266470892338e-01,6.728313455172253432e-01,6.998522226529005907e-01,8.101275709062339958e-01,8.133185199393786480e-01,8.781181502518667914e-01,9.252759111239587941e-01,9.678862106134650256e-01
2.300450000000000000e+05,3.006293294178696840e-02,1.428009680583834928e-01,1.524855785254193297e-01,1.873520649777071778e-01,2.023373045181861007e-01,2.122798434794890277e-01,2.178885764762655830e-01,2.217367797728234668e-01,2.420325609683851020e-01,3.304827332626920633e-01,3.422399326741042414e-01,4.207056861271364356e-01,4.439373455718484962e-01,4.715685176689984326e-01,5.377512462395456216e-01,6.198484070105270138e-01,6.362469522030991254e-01,7.256513262114806517e-01,7.705545723839911654e-01,9.579631828912454905e-01
2.300460000000000000e+05,1.957930737681123912e-02,5.584893769715404410e-02,1.792962496186257804e-01,2.073115570682247943e-01,2.194233053777444598e-01,2.198293355565421603e-01,2.807531568349883599e-01,2.881760113819697988e-01,3.031473859730703380e-01,3.661952877242228288e-01,3.696381021011473367e-01,4.184951551439756168e-01,4.259950488236300403e-01,5.657162302377125584e-01,5.857039117435614006e-01,6.514079262647705093e-01,6.890256890943393664e-01,8.516613106503837516e-01,8.689077689555659845e-01,8.842863533708872348e-01
2.300470000000000000e+05,2.713390671121085340e-03,6.027083953476963796e-02,1.482458860217834573e-01,1.900974520137910240e-01,2.108481341642088891e-01,2.314497455624328071e-01,2.357384270534415016e-01,2.704002704980011940e-01,3.524985849797257487e-01,4.037443234706348250e-01,4.454086057219631689e-01,4.838576100397741220e-01,5.658993720362700541e-01,5.967231535481277716e-01,6.738683184324496533e-01,7.354849328249112306e-01,7.573077448645152421e-01,8.582371418691220333e-01,9.041765133516523889e-01,9.190139031986249707e-01
2.300480000000000000e+05,2.547952629307037586e-02,1.577229751663894453e-01,1.937344934782273542e-01,2.467803919385083145e-01,3.811870213733323798e-01,3.828366166254106862e-01,3.901567501613346645e-01,4.047787563262343902e-01,4.125056312703317962e-01,5.654643802747948422e-01,6.425967445100667641e-01,6.581188545763942965e-01,6.595172316492654563e-01,6.711119704404824304e-01,7.258984318848873407e-01,7.757970005034009464e-01,8.901660195403807707e-01,9.160768230164281212e-01,9.246070746292225362e-01,9.497745653254286990e-01
2.300490000000000000e+05,1.285321118025428699e-02,3.612982455194246878e-02,6.469623691723580539e-02,1.137094330807322251e-01,2.167353345025585520e-01,2.596116344401313558e-01,2.858719949755255119e-01,3.480232558582783131e-01,4.346086288495732974e-01,4.611022618142397445e-01,5.878627431638052681e-01,6.275585630271632853e-01,7.054530607571268819e-01,7.644090309793044602e-01,7.669721983529395049e-01,7.722409033125056110e-01,8.041562054450499542e-01,8.441539527080632599e-01,9.191406675389277581e-01,9.857610642631049469e-01
2.300500000000000000e+05,1.111098995310633164e-02,9.291157570552166511e-02,9.833393905508902577e-02,1.127566071110778223e-01,1.721888689023935992e-01,1.831325143304306513e-01,2.640911354072708050e-01,2.757559002156253491e-01,2.769346709336062418e-01,3.007617765424870360e-01,3.245493916080905983e-01,3.545933735853846747e-01,4.226244073575179394e-01,4.951108822614249672e-01,5.311896820047317114e-01,5.465942768604331592e-01,5.543100987143695368e-01,7.276862199395022213e-01,8.987849293661160921e-01,9.492290277382251507e-01
2.300510000000000000e+05,6.248294796660192052e-02,1.364784006581011289e-01,1.429682375388605653e-01,2.446334006112278470e-01,3.403461345277998262e-01,3.517748147351723587e-01,4.487063916416793585e-01,4.815768964287526765e-01,4.860126210941025926e-01,4.871800042785865426e-01,5.183606871125083781e-01,5.335301998265613577e-01,5.459929989281098184e-01,6.550640465738498674e-01,7.717636972824069019e-01,8.190047462994965999e-01,8.368180215372741371e-01,8.933315029650863437e-01,9.537946534506758223e-01,9.831031310003452983e-01
2.300520000000000000e+05,9.217003239873067244e-03,3.822489381515703499e-02,6.394126544693956582e-02,1.268144683013640028e-01,1.859117621096288975e-01,2.092809757610886168e-01,2.313776525069246581e-01,2.722923761307243229e-01,3.766998832416048604e-01,4.105715833427354688e-01,5.439282092254532630e-01,6.294953710016715220e-01,6.329548132845490560e-01,6.657859884508583459e-01,6.843237576275247314e-01,7.460350761332310565e-01,7.805603439911155128e-01,8.297157767764670178e-01,8.967084086675480847e-01,9.994619052062631015e-01
2.300530000000000000e+05,3.556774870326828708e-02,7.162854399342521994e-02,7.309436741845187768e-02,2.304604940291133941e-01,2.547515711531286309e-01,3.911738949618369654e-01,4.387137422951686849e-01,4.578518566679419255e-01,5.009585043185480480e-01,5.201782404374898361e-01,5.479909648877190342e-01,5.631333122974760963e-01,6.546581372072372007e-01,7.177525935552627745e-01,7.880806894255688588e-01,7.995611856304472020e-01,8.011075115012190606e-01,8.055453658174192011e-01,8.267204349635792759e-01,9.246942214591395981e-01
2.300540000000000000e+05,1.548464441541330672e-02,3.363571649460317392e-02,5.539077093117672490e-02,1.359260774073567379e-01,1.558572673103674200e-01,2.010743432299486599e-01,3.349168104839608251e-01,3.493228480503056677e-01,3.616494121082401980e-01,3.898607769475180840e-01,4.063489055154752005e-01,5.414037137698838320e-01,5.632150482393771806e-01,5.681371840974961396e-01,6.860771505062656095e-01,7.440743069791041497e-01,7.543605899737538811e-01,9.031039393858616426e-01,9.159906791039684748e-01,9.505201153839998307e-01
2.300550000000000000e+05,5.184948944759615319e-02,1.676019951016253229e-01,1.690639468021712943e-01,1.904282329234018301e-01,3.685728873489406698e-01,4.120695930762654502e-01,4.710943613648647110e-01,5.105008330132611016e-01,5.795316734858545482e-01,6.629716533301988068e-01,6.904094536616010025e-01,6.931219002684928521e-01,6.932685007093121188e-01,7.137861087345899191e-01,7.219854789071231682e-01,7.887925900652741351e-01,8.924698862895559248e-01,9.300169812319901697e-01,9.552352814488276334e-01,9.757179701872317201e-01
2.300560000000000000e+05,4.774501518704010739e-02,9.268554822593944031e-02,1.492552713370175477e-01,2.081998750136450083e-01,3.601452498349937414e-01,3.612506603904922509e-01,3.667369190358999997e-01,4.115232155195285291e-01,5.007184772860788780e-01,5.213624997279481255e-01,5.334640738322120601e-01,5.415970718213689583e-01,6.501165164269043784e-01,6.917457986478008358e-01,7.249965284121312470e-01,8.387152009845415535e-01,8.527719897065469956e-01,8.737339008322698719e-01,9.012227046022713850e-01,9.381676407508374727e-01
2.300570000000000000e+05,1.165928369623647765e-02,2.668643501696099651e-02,5.847447716047260435e-02,6.874125260862662401e-02,8.105515738279966964e-02,1.476011353127988368e-01,1.746933478256239569e-01,2.119982513881624175e-01,2.761213392438900405e-01,2.856776736773570802e-01,3.410656249465677803e-01,4.721513557698091557e-01,4.783427606096039009e-01,5.197118624161772837e-01,6.540975527593350103e-01,6.961544962456549523e-01,7.105515011204243114e-01,7.448693454686963200e-01,7.575089993022439128e-01,9.259000619545326716e-01
2.300580000000000000e+05,3.057267027421584071e-02,3.196291227111724975e-02,5.269680252475783533e-02,6.768905586520279627e-02,8.595747542625120641e-02,9.814643789945254326e-02,3.221435189191380610e-01,3.447100153236624109e-01,4.667132970292787730e-01,5.810640793213827093e-01,5.930325359204734470e-01,6.546523462939128901e-01,6.546945265148320647e-01,6.565792358680707652e-01,7.408987551347679945e-01,7.590278045283899155e-01,8.281042498442919841e-01,8.299083405106906230e-01,8.476405449794700564e-01,9.953582066890719338e-01
2.300590000000000000e+05,3.114134550974256843e-02,1.397137341271341704e-01,1.815334365817173889e-01,1.878491750420951956e-01,2.047279716884132794e-01,2.200461401232752801e-01,2.282003934846482673e-01,2.457369503993652726e-01,2.562105186321466110e-01,2.580773675535956713e-01,3.624523386398836866e-01,3.963790029747579213e-01,6.162217706119206273e-01,6.447197486835929414e-01,6.534977404024042702e-01,6.944478067078213579e-01,7.373076904765514250e-01,8.053812709181996654e-01,8.426332644068804667e-01,9.403890238345120611e-01
2.300600000000000000e+05,3.554722702067791840e-02,6.435771469916740095e-02,9.104815237924002158e-02,1.571259247480045751e-01,1.587084860284273535e-01,1.931513682799242959e-01,2.283124286348819920e-01,2.324030681931492648e-01,3.928477501818555817e-01,4.041081055325028704e-01,4.070707238880629797e-01,4.213000173041602237e-01,4.257041355598866206e-01,6.069689109534915916e-01,6.321160266419526552e-01,7.464047172744683323e-01,8.640427288780573312e-01,9.141445703590170835e-01,9.593934488557382956e-01,9.801382757959720138e-01
2.300610000000000000e+05,1.173827371481713788e-01,1.243658959869686775e-01,1.595622698365513070e-01,2.229936228360225314e-01,2.302372624678045154e-01,2.303202700916835433e-01,2.352678033968655935e-01,2.653758510737118659e-01,3.069732266308433655e-01,3.920138960755937818e-01,4.006884463736305468e-01,4.138091696927777008e-01,5.201124139730063378e-01,6.601647782854903612e-01,7.609899632945082981e-01,8.003826621605895086e-01,8.127701793589696688e-01,8.756803330510198879e-01,9.456018666983159182e-01,9.528037834774073511e-01
2.300620000000000000e+05,2.931072970231507480e-02,4.085560102059904164e-02,7.535353945376277451e-02,9.824702665115014888e-02,1.020843064391381283e-01,2.994664241558258055e-01,3.345175268991869011e-01,3.543128086010787214e-01,4.477005060617431642e-01,5.349603571336298824e-01,6.744240303356604516e-01,6.975624636981394566e-01,8.165022929671204022e-01,8.306051048556365446e-01,9.292563141922114411e-01,9.476479637377718257e-01,9.482854217591529800e-01,9.514368899621890030e-01,9.704995286729974913e-01,9.711885214103262998e-01
2.300630000000000000e+05,3.840255947863557839e-02,4.917413829922978596e-02,6.368206670721743290e-02,1.373133314342981359e-01,2.132894556212003856e-01,2.352366953387335924e-01,2.409927579471878856e-01,3.014870374458377134e-01,3.429563391485899171e-01,4.022262911089251602e-01,4.454734089244910544e-01,4.763982798837755883e-01,4.974693845478244114e-01,6.210140912039199268e-01,6.630958463662539604e-01,7.469912575498499629e-01,8.104433753331279355e-01,8.246352465724080538e-01,8.305347836319039168e-01,8.358042852321178051e-01
2.300640000000000000e+05,4.317766096432529288e-02,7.315199327750954161e-02,1.558835396195933365e-01,1.707110198215207042e-01,1.864600820998598696e-01,2.350306064815537166e-01,2.830296353341077431e-01,3.837065805601429513e-01,5.000802807619423307e-01,5.114021277090649020e-01,5.291421571655119394e-01,5.428420579380693889e-01,5.731369373317701799e-01,5.881567626281151151e-01,7.407343208090108044e-01,7.553641446888060829e-01,7.804345202543044868e-01,8.852372562574472026e-01,9.368680961469194601e-01,9.548620631435810191e-01
2.300650000000000000e+05,2.071239217462661486e-02,5.851415865424280938e-02,1.369078381080056639e-01,1.421426384798241127e-01,1.937038806491581111e-01,2.224761750117789649e-01,2.479790014326642700e-01,2.556488485620024287e-01,3.224871611295327956e-01,3.487121009998814802e-01,6.194369705580734520e-01,6.643111095667793009e-01,6.896279937019019757e-01,7.547556011791926034e-01,7.771904788891110805e-01,7.905563476972082837e-01,8.075923733837145901e-01,8.877706222294388105e-01,9.267337600963442279e-01,9.652708121815163356e-01
2.300660000000000000e+05,1.881635718537366664e-02,7.415342993119500292e-02,1.078844411728895336e-01,1.207438532630585870e-01,1.245930301711862809e-01,2.551306019264766300e-01,3.441571516564326805e-01,4.130304148059957825e-01,7.128790989513494880e-01,7.471788672320742730e-01,7.752314089506000538e-01,8.387294635034239221e-01,8.595146659782746390e-01,8.763870667733214548e-01,8.929661452577455361e-01,9.125470051993539444e-01,9.452050989695671701e-01,9.661053269033996749e-01,9.807232293625727237e-01,9.895416808507323525e-01
2.300670000000000000e+05,5.203478212532086644e-04,1.506007320938052008e-02,2.785261769743374582e-02,4.410062968475259026e-02,8.292406200707769237e-02,9.426274478051888117e-02,1.235601754938109309e-01,1.252559448578143275e-01,2.303000518039108879e-01,2.341015526084919696e-01,3.146245849363912273e-01,3.764220754943317093e-01,4.069867142420995343e-01,4.514784883590738929e-01,4.590625881429839517e-01,7.045120031736639143e-01,7.298364520692277591e-01,8.418201671800815689e-01,8.721443480686154048e-01,8.774234201474747641e-01
2.300680000000000000e+05,4.396071840915782847e-02,6.719103546724991549e-02,9.239991554017557007e-02,1.182195799214272869e-01,1.449553311558678947e-01,2.588982862407438468e-01,3.093792886300141820e-01,3.119050284895388270e-01,3.142361162507251171e-01,3.249028399082808383e-01,3.570088798296039423e-01,4.131273829332224867e-01,5.056580427081378559e-01,5.418470060840322455e-01,6.000336193720852140e-01,7.730242143855405867e-01,8.021058439748232072e-01,8.824682742884609743e-01,9.838195300733421078e-01,9.990949628624361534e-01
2.300690000000000000e+05,1.946970120382807146e-02,5.257406115796381396e-02,7.173634461691180686e-02,1.006449212808167015e-01,1.266556513828320796e-01,1.575085735232739648e-01,1.931897353989204813e-01,2.607493638639474254e-01,2.793365765140560786e-01,3.041406468878267155e-01,3.385351817409769648e-01,3.963272548119407546e-01,5.401986929559045025e-01,6.227814869319997504e-01,6.664125333770219983e-01,6.767130942460565235e-01,8.576303426020760456e-01,8.880679425039951225e-01,9.026838413265778627e-01,9.195107993178993633e-01
2.300700000000000000e+05,4.214675534844869453e-02,1.321184731344252627e-01,2.859206101158726643e-01,3.000384374762049555e-01,3.149321567754503892e-01,3.493009220346490196e-01,4.048843032368071304e-01,4.833029550261224161e-01,4.927285887327844671e-01,5.763757257509709575e-01,6.001904758641400939e-01,6.603808150362483476e-01,6.895373967701233786e-01,7.172487848911885955e-01,7.825903111437600979e-01,8.013408572924047846e-01,8.620236374029838222e-01,9.317271253491026251e-01,9.445229024153576347e-01,9.880945181687398327e-01
2.300710000000000000e+05,6.436693176881214118e-02,1.339402679604460022e-01,1.542612257078990190e-01,1.612595263115204069e-01,2.312596205661535675e-01,2.458069504500088875e-01,3.079787160443093752e-01,3.414493346480638181e-01,3.438521211936442779e-01,3.846907915298743985e-01,4.641472267869497514e-01,5.298331357813896858e-01,5.758356390614931541e-01,5.919536203311769329e-01,5.940583928384702839e-01,6.374291964377036823e-01,6.969310532497583477e-01,7.662985898920914307e-01,8.030923075155421698e-01,8.655943736219404716e-01
2.300720000000000000e+05,8.058635607552488977e-03,6.553674188696601011e-02,1.075120538931515490e-01,1.460102752317203878e-01,2.027241318808007398e-01,2.705335182757979684e-01,2.785980682978512757e-01,2.836488308190289187e-01,3.557798632914684900e-01,4.266160705996566715e-01,4.541020754717262076e-01,5.061198672309095148e-01,5.149869619302681611e-01,5.275880231145362309e-01,5.297037220793273660e-01,5.770920530957092121e-01,5.979930487559242946e-01,7.278541654052511634e-01,8.190382588569383726e-01,8.607962124444266117e-01
2.300730000000000000e+05,9.280239126552103368e-02,9.552597420998265587e-02,1.199607817069270332e-01,2.350506102639541295e-01,2.728694106884935744e-01,2.925955226319014724e-01,4.192060617379729237e-01,4.229856958344900830e-01,4.376275510971521232e-01,4.943318607221224292e-01,5.230858012689482139e-01,5.574402590535350033e-01,5.808924699939563840e-01,8.138272960234652631e-01,8.600210748089470725e-01,8.837143091919017479e-01,9.170823196655867315e-01,9.409583354027544200e-01,9.595392778636359088e-01,9.745828370463468504e-01
2.300740000000000000e+05,3.857727696183621546e-02,7.706397168288536825e-02,1.069511056204492938e-01,1.990161504834069284e-01,2.131164141520971445e-01,2.397281428609407961e-01,3.413876090377970796e-01,6.195909049041761207e-01,6.351270435077239762e-01,6.403129776117054694e-01,6.482150950674799850e-01,6.496473783873735197e-01,6.604853317874865848e-01,6.676834283183228358e-01,7.062692968231538693e-01,7.846103149167023005e-01,8.519646836159805448e-01,9.542833794503405853e-01,9.548414856979821064e-01,9.852414888547206262e-01
2.300750000000000000e+05,7.571524753162806043e-03,5.228544364328180372e-02,7.215780484454470400e-02,1.360112692870616424e-01,1.761358597372227885e-01,2.332831687638933227e-01,2.693121605755535164e-01,3.164639922754878265e-01,3.228580215932974617e-01,4.781839687647355674e-01,4.842887916965771256e-01,5.378313239254906009e-01,6.279991459133785758e-01,6.456876521770764654e-01,6.464642223893335427e-01,7.791577107052786166e-01,8.054306562047897078e-01,8.362680889395517347e-01,8.756477003018056093e-01,8.818059911840000487e-01
2.300760000000000000e+05,7.783013036492258951e-02,1.632479913381581493e-01,2.156709016770408383e-01,2.252546502897966318e-01,3.374449253595225295e-01,3.650884697541872947e-01,3.975000003501086843e-01,4.476793081058980661e-01,4.544732233086467010e-01,4.808437399438930671e-01,4.895346004188668720e-01,5.017123975062715013e-01,5.165411437184711518e-01,6.342951489318614522e-01,6.825240630367199746e-01,7.099274488825331186e-01,7.682254539710450247e-01,8.450194811399083239e-01,9.437234550119762977e-01,9.483405009958791876e-01
2.300770000000000000e+05,6.171071888144141759e-03,1.588741401410120879e-02,4.175259577807410860e-02,5.619376719533142328e-02,8.690395170890641285e-02,1.472778584031069204e-01,2.114345770459723495e-01,3.071477214729995131e-01,3.658236322009287278e-01,3.670998011638375580e-01,5.481350803476130462e-01,5.566169586506999334e-01,6.177372628048906078e-01,6.447139982797889246e-01,6.525100912149885968e-01,7.746352612738560683e-01,7.891556099938976665e-01,8.222159809022853150e-01,9.551811608251973285e-01,9.743951851228048744e-01
2.300780000000000000e+05,1.001273602440178045e-03,1.782612677139594481e-02,6.274650958271843493e-02,1.298079827732075975e-01,2.082515047554169829e-01,2.449568051166399751e-01,2.597980422809765821e-01,2.870487859445965961e-01,3.630042635538662799e-01,4.079396001873939470e-01,5.497883143765939229e-01,5.587885601525199863e-01,6.644711537373739763e-01,6.667269640909045947e-01,7.659906479448721495e-01,7.711688847190748541e-01,7.747632007101669105e-01,7.898302679388505831e-01,8.805154657183941191e-01,9.365235193491009413e-01
2.300790000000000000e+05,7.401000327668938450e-02,9.222125807474701453e-02,1.626427774110830171e-01,1.922663720550862321e-01,2.316122690312024668e-01,2.362630184436049774e-01,2.499407444162029535e-01,2.608038891763083678e-01,3.587429074959591624e-01,3.637604647925986034e-01,3.871207215588711170e-01,3.930867191035879449e-01,4.054522711385653011e-01,4.935791191893332819e-01,6.359679414314144408e-01,7.074911426608648801e-01,7.198659346842267714e-01,8.401812091105400615e-01,8.618780949322445428e-01,8.871804392459733402e-01
2.300800000000000000e+05,2.180884295323270994e-02,1.219938153808037828e-01,1.358424700000194774e-01,1.587654525060684385e-01,2.523663890228384776e-01,2.694525567890103668e-01,2.814864775927933271e-01,3.101571081923032436e-01,3.395884065445036182e-01,3.414006322678586614e-01,4.868795099322410502e-01,5.584328323228840985e-01,5.604505775748596097e-01,6.000331319874075975e-01,6.247146816653371681e-01,7.356110633691711476e-01,7.713463396026584151e-01,8.310468742145697973e-01,8.400714718458102137e-01,9.880315904381526959e-01
2.300810000000000000e+05,2.130716293162215891e-02,3.614663681211915947e-02,1.054057798978846883e-01,1.219311626850829722e-01,1.727218682933994165e-01,2.570965282504465987e-01,3.025724293808872423e-01,3.381233091297866089e-01,3.468516200190181475e-01,4.449368141638120333e-01,5.617637890336584228e-01,6.296328416559326957e-01,6.466452112656126960e-01,7.232932752974020607e-01,7.840079610800120280e-01,8.204094744332360856e-01,8.309134340551644904e-01,9.553829808690622594e-01,9.705113309590084336e-01,9.739871324556271803e-01
2.300820000000000000e+05,4.330401212236745234e-02,8.536525413827933395e-02,1.053066913525796400e-01,2.530648465579203865e-01,2.897010923660225945e-01,2.925155158071784944e-01,3.168697429339925042e-01,4.034772709927370027e-01,4.355035344477884429e-01,5.308228788323131608e-01,5.780821690906566834e-01,6.771156761510143118e-01,6.874259908673796549e-01,7.991611208754678675e-01,8.081749996340121811e-01,8.081852069692490037e-01,8.399148373591596162e-01,8.698979727343281176e-01,8.924793448468102408e-01,9.930856729375240333e-01
2.300830000000000000e+05,1.682644265604559264e-01,2.523847475626631587e-01,2.726340431386143903e-01,2.884279431987715192e-01,3.269053933427539249e-01,3.507471952170265750e-01,4.402477375129517645e-01,5.872366520985811134e-01,6.071799211020211251e-01,6.083071382813642902e-01,6.781821407820878278e-01,7.218232286978125689e-01,7.373472634238923407e-01,7.389502483875096672e-01,7.982628961581832439e-01,8.175043289237080568e-01,8.813986902032587833e-01,9.208733218618512240e-01,9.347758631219502679e-01,9.391233802095035887e-01
2.300840000000000000e+05,7.570923593435763266e-02,7.836194884592517784e-02,1.923607542536095449e-01,2.277661165344182503e-01,2.353624183602595066e-01,2.977499913672772003e-01,3.096343444687875701e-01,3.358071101490408550e-01,3.566015790738676916e-01,3.598793883017902262e-01,3.699755889863929337e-01,4.519072541928432774e-01,5.093302545694651240e-01,5.113526005076365344e-01,5.828218185299686160e-01,6.073815977586559667e-01,7.965180714438876430e-01,8.316705118528131546e-01,9.518336682954005035e-01,9.607661611115599909e-01
2.300850000000000000e+05,3.079153684494428944e-02,4.223368507336511257e-02,7.731723422190417416e-02,1.518610262670718747e-01,2.452412908498845523e-01,3.584711351676070912e-01,4.517452040067446717e-01,5.215790911028383992e-01,5.404068760839216834e-01,5.790696658443521549e-01,6.186017444700457890e-01,6.343837893392711980e-01,6.635441556986539924e-01,6.740251248201052370e-01,7.310472725390050330e-01,8.418032686270280340e-01,8.424729222798269523e-01,8.455648383292316828e-01,8.680126322098584701e-01,8.701743917978737031e-01
2.300860000000000000e+05,3.854521378155240097e-02,4.762670603389029811e-02,5.411768235643932279e-02,1.011703324120997172e-01,1.130616421078923794e-01,1.830243087865845997e-01,4.033862357837917356e-01,4.154282246011835600e-01,4.370255845361494806e-01,5.856628785456207131e-01,6.106168626799687305e-01,6.224760120563238575e-01,6.289664923024156362e-01,6.464338206788666774e-01,6.619116085370142510e-01,8.127489985912530468e-01,8.783753737020276731e-01,9.082595995243640807e-01,9.156337424613918419e-01,9.598371708733074437e-01
2.300870000000000000e+05,3.045944191042793125e-02,3.073317635170802475e-02,9.655060639350554474e-02,1.241255733256722005e-01,1.269162600824093046e-01,1.854907833465198053e-01,2.275420335888794776e-01,2.950545377350906051e-01,3.498782394894415226e-01,3.648767258432087379e-01,3.951997471363527525e-01,4.304544568929161708e-01,5.525661569002292550e-01,5.695749867091468577e-01,5.782907100041416726e-01,6.088142914256500227e-01,6.390896021087963952e-01,8.489224882266935834e-01,8.683994837655326648e-01,9.695341226536595691e-01
2.300880000000000000e+05,2.358627364023735407e-02,8.351916048296603723e-02,1.096000698067133294e-01,1.267184382231038020e-01,2.101461738843782845e-01,2.390978613827148269e-01,2.464812871785150294e-01,3.164924836202840375e-01,3.198502749398337563e-01,3.591396050096246073e-01,4.459034677356928933e-01,5.144082570904188190e-01,5.285543662791765129e-01,5.347488964922328947e-01,5.364638728162393067e-01,6.906385751494913405e-01,7.364860070410933490e-01,9.413774663414153920e-01,9.420422929243097432e-01,9.707914818921175026e-01
2.300890000000000000e+05,1.214725373415981302e-02,4.067574954536390397e-02,8.905675815060054568e-02,1.037936500982089560e-01,3.139297608703970344e-01,3.817502606242620944e-01,4.319014656266964014e-01,4.685880637789684444e-01,5.309960694930747627e-01,5.319986570501606948e-01,5.895476854340337969e-01,6.019556537241491645e-01,6.266917679459443891e-01,6.271659363907238216e-01,6.410475975697517148e-01,6.463474940925156842e-01,6.983197286438683760e-01,8.018003882859576770e-01,8.287209246454958489e-01,8.490397875227024826e-01
2.300900000000000000e+05,2.075161841894346271e-02,2.376051949770885408e-02,5.314228558144173942e-02,1.048602535334740571e-01,1.152068561393216894e-01,2.452337540456085430e-01,2.946891619456294409e-01,2.996039369600542734e-01,3.099261128177250857e-01,3.358032658958500782e-01,3.809589087445762745e-01,4.090294428433893792e-01,4.732875321098605204e-01,5.714343662968740523e-01,6.322618125888175289e-01,7.515512113434814623e-01,8.007788997972049572e-01,8.694861655353972596e-01,9.408749783569130276e-01,9.438561101513039953e-01
2.300910000000000000e+05,6.470442881464533169e-02,8.439932579791653566e-02,9.803804148447059497e-02,1.005988070699989079e-01,2.916590892376167421e-01,3.594001616036643920e-01,3.658911751022571046e-01,4.289228555311458413e-01,4.322085908183039837e-01,4.425343918340401972e-01,4.727733937420947052e-01,5.411610719080479637e-01,5.605801784485571204e-01,5.643490730090404695e-01,5.773355339911012685e-01,6.076668260164882485e-01,6.116897902366582596e-01,6.630598913838022801e-01,6.971939191833618210e-01,8.356513090871804383e-01
2.300920000000000000e+05,6.641471491173855934e-02,1.116600377490293283e-01,1.389373375513967002e-01,1.713114002451356921e-01,1.843859089063101253e-01,2.052927820799638203e-01,3.067869143454022840e-01,3.306337738186030384e-01,4.297636043267798467e-01,4.594196908121997991e-01,4.643171062164214158e-01,4.849016120228278881e-01,5.012737702847039900e-01,5.241520021915937466e-01,6.040757055226411154e-01,6.123017041380520720e-01,6.228420085146904039e-01,7.365501391022407640e-01,7.924566393372819428e-01,9.057979969892681060e-01
2.300930000000000000e+05,1.712438147091099871e-03,8.312380164391519610e-02,1.350916194213733768e-01,1.637454096630672762e-01,1.959426734305066420e-01,2.090897959273682050e-01,2.695060617187320373e-01,2.784386914318063289e-01,3.284938895180755658e-01,3.738188660891464954e-01,3.928611751770890725e-01,4.235279285982436193e-01,4.237309165235135788e-01,4.830474797317179103e-01,4.920190582825813008e-01,5.645436151640127465e-01,7.666017535185198906e-01,8.372107283156856594e-01,8.776021921477431542e-01,8.787900848702940859e-01
2.300940000000000000e+05,2.020857642382989372e-02,1.205827011521297676e-01,1.597729517801390609e-01,1.817896292455634111e-01,1.846269702968682536e-01,1.969356970594806633e-01,2.573019309754634998e-01,3.088809036608956005e-01,4.659637755519274727e-01,5.033660420824622728e-01,5.116477259901144325e-01,5.733705697652456967e-01,6.392666870887470099e-01,6.583827052147609438e-01,6.763906712785596742e-01,7.702914055449113784e-01,7.721989534944715405e-01,8.952775085994771898e-01,9.460379447795664865e-01,9.475845013268237027e-01
2.300950000000000000e+05,4.863755091291133148e-02,9.764175702966404469e-02,1.432501624509523452e-01,2.542342389284384385e-01,2.926814956657537437e-01,3.520731496606829269e-01,4.475854704358148695e-01,4.694860024018042699e-01,5.135113312645661621e-01,5.498617493642686815e-01,5.697642547947987524e-01,5.905908270343748212e-01,6.152950093852115332e-01,7.089005230643130595e-01,7.506841683732761172e-01,7.521085290298635817e-01,8.271699777341665616e-01,8.360853344970524681e-01,8.717328710246773360e-01,9.353055127439664496e-01
2.300960000000000000e+05,1.537772556978178606e-03,8.015198160357905888e-02,1.600615752965307559e-01,2.058961056511394716e-01,2.116059224172528452e-01,2.409965002829961289e-01,4.324856998214087200e-01,5.150913674650112739e-01,5.666061925902186047e-01,6.023373805566533123e-01,6.078814480850346369e-01,6.296584982032434885e-01,6.933758455054337411e-01,7.189908832488418611e-01,7.313297920144561370e-01,7.785065285201236973e-01,7.980406779763318248e-01,8.980142345526503922e-01,9.095118643590079932e-01,9.550850086393132266e-01
2.300970000000000000e+05,2.580842268176508636e-02,6.023202925113224637e-02,8.248928328315840997e-02,1.111521485927339237e-01,1.190380944352321668e-01,1.258274816779293426e-01,2.082199543655410823e-01,2.452537376913058731e-01,2.453219381073403760e-01,2.455594597122546796e-01,3.386380892351379401e-01,3.474892682549025613e-01,3.824809996556722824e-01,4.684667679241669713e-01,5.031440891375544844e-01,5.446882097038125981e-01,7.305368848661792924e-01,7.323521819505461883e-01,7.657523375236642282e-01,8.209730080712708267e-01
2.300980000000000000e+05,4.200324619140816118e-02,7.210385015591069813e-02,1.736828608904341653e-01,1.772676225151217366e-01,2.272262243833752526e-01,2.566141658306478890e-01,4.404460175320448201e-01,4.685949086927740925e-01,4.747780309939634291e-01,5.370612143412903938e-01,5.750726714164048348e-01,5.798792643744540287e-01,6.177993281670669523e-01,6.408314794189484687e-01,6.576423961076717228e-01,6.584550523551324641e-01,6.630440974865569048e-01,8.132944486787151428e-01,8.630519966044621905e-01,9.351184892659518688e-01
2.300990000000000000e+05,4.157860028866811053e-02,1.126846706864969017e-01,1.233316799619622595e-01,1.893932264814054411e-01,3.121773108885447234e-01,3.403717234683498738e-01,3.472455080614925693e-01,3.828319470857977080e-01,4.526858025454767454e-01,4.623279817813794601e-01,5.884923592987933993e-01,6.176982377027584459e-01,6.478978976186240413e-01,6.557949705956950259e-01,7.218695607403372572e-01,8.020067550894824926e-01,8.136117020014551615e-01,9.578084429518808340e-01,9.599388795065463276e-01,9.640180064998136178e-01
