6.200000000000000000e+05,1.561773131581789542e-03,4.713273335970846745e-02,5.217413988904384681e-02,1.119603242613416150e-01,1.423167040628621205e-01,2.188726732187620261e-01,2.715446439195737804e-01,3.373324274513211929e-01,3.856718081966520328e-01,4.748311066458715812e-01,5.273610188889100714e-01,5.290216208052371805e-01,5.741134534979630555e-01,6.282331000208608573e-01,6.575260653526320276e-01,7.973134471600932249e-01,8.672188525389215030e-01,8.850299861521596645e-01,9.340124530039181083e-01,9.509025410781323240e-01
6.200010000000000000e+05,1.151606850312580921e-02,9.345318847730099687e-02,1.682869741769367211e-01,2.658433812277938291e-01,2.676058054768267747e-01,2.749610774045341266e-01,2.790040590530382669e-01,2.941033682718202646e-01,3.034307862722097626e-01,3.413027926675801238e-01,4.651091572911228988e-01,4.978355708266318791e-01,5.920130001181743706e-01,6.158091949791273390e-01,6.202965233755338703e-01,6.608732517257531747e-01,7.271507353529338413e-01,7.912088179593601556e-01,8.418489427859624508e-01,9.826806013297006981e-01
6.200020000000000000e+05,7.026852175764530806e-02,1.803270610694354126e-01,1.837346611981832689e-01,2.134048997592321584e-01,2.510735914674995239e-01,3.078448646474655215e-01,3.082137936955304802e-01,3.126800242527825180e-01,3.900867003021273316e-01,4.869732134373296883e-01,5.003781699318370357e-01,5.201317679664795302e-01,5.685558071698922911e-01,5.800331288187481338e-01,5.891664801988681921e-01,6.502136603402005610e-01,8.001042386654008132e-01,8.056768861291401240e-01,8.690656402403764691e-01,9.940572364261854865e-01
6.200030000000000000e+05,1.965968869163624566e-01,1.967188953122912531e-01,2.747858902123067049e-01,3.489266576121804464e-01,3.904015157835118988e-01,4.521660637382816095e-01,4.589445851202169635e-01,4.934343728175812904e-01,5.169771854499378705e-01,6.108429707512139650e-01,6.206801159694727010e-01,6.479590006802934399e-01,6.742953949238565947e-01,7.066779106050373738e-01,7.128222721430924613e-01,8.477399994423251428e-01,8.562583814618491829e-01,9.200144507420879858e-01,9.245749507577551984e-01,9.682583674313930411e-01
6.200040000000000000e+05,4.881094637685701176e-02,6.924664044431338983e-02,1.149042622251507106e-01,1.484386480405024411e-01,1.833528394886329016e-01,1.836892153406809447e-01,2.556067929580170262e-01,3.525465002323540098e-01,3.695387453718016468e-01,4.832887584174271334e-01,5.014597303925968363e-01,5.186553015299983915e-01,6.260139577122553201e-01,7.739390591933724695e-01,7.790360320286553453e-01,7.865872555385710063e-01,8.231280530943220208e-01,8.678545080205357642e-01,8.930088590009673810e-01,9.678166260156618739e-01
6.200050000000000000e+05,5.281089940575312003e-02,6.535318719822436062e-02,1.286105521243539052e-01,1.598119935921377133e-01,1.938918808135293714e-01,2.284376783677840583e-01,3.370868874105354962e-01,4.390579861470115253e-01,4.815120134816229802e-01,4.919856420983633738e-01,6.777975967435165838e-01,6.899270692506349612e-01,7.287015914815553330e-01,7.462742383821071579e-01,8.387468006410471189e-01,8.659582898163505904e-01,8.694039890721344532e-01,8.856555426086690774e-01,8.926280621092562706e-01,9.478024764840511374e-01
6.200060000000000000e+05,3.973969218987449814e-02,7.745016964458184550e-02,1.409640558377373010e-01,1.724457074201598550e-01,2.847467439924009636e-01,2.856099160747679333e-01,3.457228273951500341e-01,3.531633792826408547e-01,4.166799941743916103e-01,4.195277347514519972e-01,4.860589956861833816e-01,4.863743122494317284e-01,5.835345071548522222e-01,6.139473492531186682e-01,7.115997585382122237e-01,7.160555473090501888e-01,7.326290109585329446e-01,7.726901727037567280e-01,7.940998491927357961e-01,8.248734364255543294e-01
6.200070000000000000e+05,4.681235201188005401e-02,1.193715098378388406e-01,1.197702380333882655e-01,1.378012807493417258e-01,1.760922568593678017e-01,2.424422800776465659e-01,2.759964039770065325e-01,2.798718296043249953e-01,3.544997216959797637e-01,4.515149391110729882e-01,5.232376967063722129e-01,5.814278862475863452e-01,6.271539812639168598e-01,6.652146228499223879e-01,7.951790776015188467e-01,7.975574221004512188e-01,8.324344685258043830e-01,8.406841510196562117e-01,8.663127460316853989e-01,9.450348218590350902e-01
6.200080000000000000e+05,3.301063751614607966e-02,4.211721410931468235e-02,6.980905578753227037e-02,7.660555859972528747e-02,8.321726125805972707e-02,1.408203464220862955e-01,1.829498810531596797e-01,1.858111058349877220e-01,2.382879344652860665e-01,2.495968801253939384e-01,2.509552877055162279e-01,4.702593999858619700e-01,5.274315162015835723e-01,5.366124131618857929e-01,5.944541028925758308e-01,6.072674591246614018e-01,6.176856494335885017e-01,7.523856382655670361e-01,9.149054700496087600e-01,9.710211450967923819e-01
6.200090000000000000e+05,1.327960198419519955e-04,4.850142521280020880e-03,2.993078572907936774e-02,3.061742578461257303e-02,5.754393191112749939e-02,9.920914060433372317e-02,2.235193652819892352e-01,2.345156412126183643e-01,2.659245260939482325e-01,3.265024406102561283e-01,3.924053538401115482e-01,5.103294881632498559e-01,5.717746885388282907e-01,6.024564786384661863e-01,6.266177638881079703e-01,6.747246178433271568e-01,7.430160470800305506e-01,8.377499951999237693e-01,9.659005306708581262e-01,9.900200122360394150e-01
6.200100000000000000e+05,5.485859136275961223e-02,1.738993633320141674e-01,2.530551334571580213e-01,2.672567112483198448e-01,2.742662843554620755e-01,2.789122652786316658e-01,2.956503073350067456e-01,3.371595535722351489e-01,4.197334749908461227e-01,5.168462714042942885e-01,6.301997805232387728e-01,6.630524243131700191e-01,6.726196924851132186e-01,7.628888595940858108e-01,8.342918289707601520e-01,8.351117371166828507e-01,8.615292166990815570e-01,8.848709448848227632e-01,9.295980429109965693e-01,9.755165148639701744e-01
6.200110000000000000e+05,4.198023889650848162e-03,6.746503968191985834e-03,1.958483593582338589e-02,1.078785122787702111e-01,1.360779929206485939e-01,1.451899189310640326e-01,1.546204023102070169e-01,2.078292854616544671e-01,2.433049725090660198e-01,2.550095861960589572e-01,3.768378275728313520e-01,4.352915067106590818e-01,6.002567841653855263e-01,6.792562006908291483e-01,7.526198916910114001e-01,7.557324815776834681e-01,7.642171589503654605e-01,7.905675226718337223e-01,9.204262281785167144e-01,9.604941713208826615e-01
6.200120000000000000e+05,1.153133502154020107e-01,1.183406649223520679e-01,2.272996182944153620e-01,2.347240235074626868e-01,2.575712977434091444e-01,3.055883774093353100e-01,4.897934177050851101e-01,4.904940627110528917e-01,5.485989384226878096e-01,5.989218227238829462e-01,6.182804828306760481e-01,6.517768759001234535e-01,6.935656648217681797e-01,7.338251485056735968e-01,8.013719758788436787e-01,8.257885793053751922e-01,8.350319422567381578e-01,9.469545361881671619e-01,9.522716693105751640e-01,9.622858090127655029e-01
6.200130000000000000e+05,2.079298477722812954e-03,5.251525648744248542e-02,9.524392000940595793e-02,1.432231727490430595e-01,1.704974105445484778e-01,2.128872667209289471e-01,2.482496191306416966e-01,2.487818449296994583e-01,2.984599916395609398e-01,5.145814521348586190e-01,5.547695363434647087e-01,5.916191972056065174e-01,6.453725450860700041e-01,6.592473689422906347e-01,7.357293408085040509e-01,8.601319476777030681e-01,8.973323142900685445e-01,9.120809964780464130e-01,9.386364744557973427e-01,9.835453907059522605e-01
6.200140000000000000e+05,1.074542378595109149e-01,1.524083330655561230e-01,2.116216499054704991e-01,2.587554236577549460e-01,3.225352371675598295e-01,3.887883564235908862e-01,4.383424161788684881e-01,4.878420785458914555e-01,4.924106043219355078e-01,5.276371038609866115e-01,5.474782246993019630e-01,6.462249562222845967e-01,6.874673731923776065e-01,6.903115849852088370e-01,6.956634190284004537e-01,7.224876296889000127e-01,7.783827489383261522e-01,8.584669395442285911e-01,8.588607849424225726e-01,8.631153785782188503e-01
6.200150000000000000e+05,3.541494326055805164e-02,5.892828114696335717e-02,7.764809748815859614e-02,1.357068890625070523e-01,1.461779384565862205e-01,3.404087163520645998e-01,3.424579817972746021e-01,3.696026106493670582e-01,3.964358681530772976e-01,4.500481738101127505e-01,4.815492049183061063e-01,4.862367179540638684e-01,6.797090895485119466e-01,6.888627757859435707e-01,7.890460463707312799e-01,8.583922017213837519e-01,8.732538121529298536e-01,9.773708724076900500e-01,9.905322869405210895e-01,9.914336499785928458e-01
6.200160000000000000e+05,4.796385968366956298e-03,2.598337619625340489e-01,2.718787963388046292e-01,2.832891066945474323e-01,3.599374696982146071e-01,3.882233090390783126e-01,5.237761627403264564e-01,5.299450662671034706e-01,5.579156678625473154e-01,5.866609840093567341e-01,5.997302486746363126e-01,6.025787971869890347e-01,7.222078289556540520e-01,7.912033360987049679e-01,8.130232923234876896e-01,8.661922169880090783e-01,8.926951035421618608e-01,9.497119819544401764e-01,9.543218921994254256e-01,9.774385179345171926e-01
6.200170000000000000e+05,5.205635805764730062e-02,1.002728651381828984e-01,1.134640104733307675e-01,1.532835048452906301e-01,1.657873028377009339e-01,2.201540155101165963e-01,2.661814746052083569e-01,2.742451151863679604e-01,3.965627434140003293e-01,4.432176701228928151e-01,4.870570526398733113e-01,4.898272490211604824e-01,4.960007619056656658e-01,5.143158979779868245e-01,5.470167689609102268e-01,6.579617543315274819e-01,6.959998684505963595e-01,7.434813503708335158e-01,9.257195651239688017e-01,9.336475822619160203e-01
6.200180000000000000e+05,6.632464465541332288e-03,1.366301879351214943e-01,1.678249207875874838e-01,1.971901018644163228e-01,3.932475540306663575e-01,5.051009210658145010e-01,5.101337813952458999e-01,5.142403714370468171e-01,5.481853125081896927e-01,5.955605422882638278e-01,6.144292680775259585e-01,6.531073282796333590e-01,6.634871562746557094e-01,6.695650247894949780e-01,6.877324039017429502e-01,7.966421825003134893e-01,8.323806310731514113e-01,8.706454962178891144e-01,9.019751587750417521e-01,9.153548953899851570e-01
6.200190000000000000e+05,2.505761883405155377e-02,2.869372965091843142e-02,2.989671484300804316e-02,7.654049638027260460e-02,1.809590638651435990e-01,1.938723819642137469e-01,2.432632183621322719e-01,3.201384296808230667e-01,3.365920329573670600e-01,4.741659929114244720e-01,4.747901976206975183e-01,5.460264940515988652e-01,5.560600751532396302e-01,5.594968315947548287e-01,6.114229867246975259e-01,7.542653457813782714e-01,8.175901336106545791e-01,9.059910724303239515e-01,9.650223963889174028e-01,9.908203178953989276e-01
6.200200000000000000e+05,2.996733941521823041e-02,4.717774405384100866e-02,7.964784393973989296e-02,8.642497410084126752e-02,1.441714240381845036e-01,2.897861666863139618e-01,3.559073357384080483e-01,4.007711535757282340e-01,4.381657544715361619e-01,5.099743066176828377e-01,5.725595065641724268e-01,5.752206725083961469e-01,6.008093707817337981e-01,6.382869959676822358e-01,6.429630060970432659e-01,6.878219210317224608e-01,7.524194897226607059e-01,9.101175441672737509e-01,9.298753219711299867e-01,9.668693652970089536e-01
6.200210000000000000e+05,1.871331449633095723e-02,7.890706663283986178e-02,1.288616357289308345e-01,2.002440580242322854e-01,2.779003207467591885e-01,3.372166222085936083e-01,3.739941575141935148e-01,4.108895128695458920e-01,4.648268941558456602e-01,4.799495577191200679e-01,5.215430031574163072e-01,5.264242511514957146e-01,6.167755523162438136e-01,6.192359132981803960e-01,6.915264805046392738e-01,7.227039481188692882e-01,8.621051112219544343e-01,8.678426980132278867e-01,9.279497104698614107e-01,9.736747225338376888e-01
6.200220000000000000e+05,5.736710278586887313e-02,7.377803177046760030e-02,1.192900313277754920e-01,1.595889927840929978e-01,1.893764287297994287e-01,2.744025193682757546e-01,4.512737088394372931e-01,5.146558283500507480e-01,5.822400905127163018e-01,6.294113020938109093e-01,6.603870158158710035e-01,7.017861590630588564e-01,7.316988433621485211e-01,7.450510782483800165e-01,7.456844315870758688e-01,7.840977457996058941e-01,8.155310076026157651e-01,8.308455561769385600e-01,8.745932929314784721e-01,9.370892483988281230e-01
6.200230000000000000e+05,5.569577163468852898e-02,1.948674925861921814e-01,2.255397956321337771e-01,2.295114354673297719e-01,2.496342417763934840e-01,3.989493254352093343e-01,4.062976119237337036e-01,4.563101299711329606e-01,5.034663742326133118e-01,5.144181271003991363e-01,5.789471612774043097e-01,6.241848208448854685e-01,6.413307033156959713e-01,7.942407152433954565e-01,8.309484149747362602e-01,9.135999080418666374e-01,9.672060889832557740e-01,9.765313132301209897e-01,9.885369549324281024e-01,9.944393045024241262e-01
6.200240000000000000e+05,3.877521892314639285e-02,4.645087685797388843e-02,6.367853246710786230e-02,7.846186481136341317e-02,9.672080374922154000e-02,1.473796497197018551e-01,1.574149954673828011e-01,1.608743885760023362e-01,1.647552267271477078e-01,2.135898819324815179e-01,2.170085731887164693e-01,2.222581561878552714e-01,2.372431288951682982e-01,4.751880137848396579e-01,5.618201519771848229e-01,5.665393718049743788e-01,6.573939506681395484e-01,8.087020698891750348e-01,8.272387191661952910e-01,9.847353982735281841e-01
6.200250000000000000e+05,1.748748406302869096e-02,8.101526387300983512e-02,1.154438477770495242e-01,1.680870870283042162e-01,1.900238593502868722e-01,2.705616633259358972e-01,3.660132988334215964e-01,4.187044875987608883e-01,4.239148387441845633e-01,5.764415761114431991e-01,6.018973644951299828e-01,6.480537300538055101e-01,6.520719267110679507e-01,6.582301142950456319e-01,7.456369618634073326e-01,7.655098383872307455e-01,7.896401298156292548e-01,8.954623495842309877e-01,9.086239282321072475e-01,9.145549288330039328e-01
6.200260000000000000e+05,4.314539196722633196e-02,1.038608014475892460e-01,1.196903304361790488e-01,1.403547350273406380e-01,2.941303442663866230e-01,3.061396328157993674e-01,3.504986509937759731e-01,3.589370771085858003e-01,4.051927040161268367e-01,4.541924389196116962e-01,5.379430127066526790e-01,7.238575581538284620e-01,7.703919389212671165e-01,7.954473298230473333e-01,8.043428687794871301e-01,8.191941689384911740e-01,8.652734849164773756e-01,8.715065199503406745e-01,9.380735847662482474e-01,9.595467945253098874e-01
6.200270000000000000e+05,6.988522308014910589e-02,1.151280225230068011e-01,1.201256400333687857e-01,1.483834506344282600e-01,1.818043991916010738e-01,2.084709947624786563e-01,2.477710296397560574e-01,5.359224381758816991e-01,5.563611997062202219e-01,5.746316698565145931e-01,6.047120113529347307e-01,6.590389865993504515e-01,7.082579238098767327e-01,7.087811500438833123e-01,7.870209120134238345e-01,8.154943157521817865e-01,8.350440601698397858e-01,8.428811931117964340e-01,9.183791356300017306e-01,9.704207824716638564e-01
6.200280000000000000e+05,3.321118834604841474e-03,2.470018797185047355e-02,2.287952347830032318e-01,3.425861265909986297e-01,4.244131145238322356e-01,4.320988945807029413e-01,4.842197625919522075e-01,4.850205887078016254e-01,5.033792655982891606e-01,6.025112304826870657e-01,6.042716813608327575e-01,6.110780900551341377e-01,6.683556092804519011e-01,6.794482106581950509e-01,6.841752092902667615e-01,7.759495455359699534e-01,8.264340142684079016e-01,8.492952475940361845e-01,9.057501255761100101e-01,9.560238028354962614e-01
6.200290000000000000e+05,1.826485999108751201e-02,5.220763679242224065e-02,6.641311514254222281e-02,1.825363746134927023e-01,1.997766444051505275e-01,3.418336228477664163e-01,3.623074797178271744e-01,3.968859334611275491e-01,4.266232218406972310e-01,4.675366071254727363e-01,4.704607392011669331e-01,4.796586338528256999e-01,4.942344592423303373e-01,5.406421122723167327e-01,5.941719730334832361e-01,6.871342334561492127e-01,7.082165283056177651e-01,7.603279948084610274e-01,8.516090178368032060e-01,9.728853098295360269e-01
6.200300000000000000e+05,2.892206202206526466e-02,1.134825939033941022e-01,3.924468090914657870e-01,4.555334538774216124e-01,4.838029685671736413e-01,4.912391978480322718e-01,4.932970577351445396e-01,5.324378230932810263e-01,5.925061204811425952e-01,6.152883110952744872e-01,6.649946499171378589e-01,6.974741251080156523e-01,7.419212253268853141e-01,8.471155298943405798e-01,8.927663048562316517e-01,9.171833467457465305e-01,9.252868576511902310e-01,9.456584221150283742e-01,9.492620432714903300e-01,9.694326458500307497e-01
6.200310000000000000e+05,1.506337121172840465e-02,1.608914179085085827e-02,5.981903508855312968e-02,8.068022732827895283e-02,8.126548566120550543e-02,1.671480866932203435e-01,2.400375578468318949e-01,2.882483063698761949e-01,2.954776483574935719e-01,4.247884716852559084e-01,5.124192825061679724e-01,5.158442053439513675e-01,5.289139170222787456e-01,5.799438092700957004e-01,6.655649681980203569e-01,7.060933292199772504e-01,7.762170971358137717e-01,9.093839808715232786e-01,9.103477702754241285e-01,9.750043746671657185e-01
6.200320000000000000e+05,4.751708302997592615e-02,6.663468789869975151e-02,1.777350145622116351e-01,2.329304097106866811e-01,3.013018483412907011e-01,3.710292749641810328e-01,4.475246002695629777e-01,5.066145442281208000e-01,5.389731337114659349e-01,5.578123126729011005e-01,5.974228587860386241e-01,6.233334556532168502e-01,6.325045747931026252e-01,6.492851116638823639e-01,6.923096781961907142e-01,7.699313573067124716e-01,8.306215849171454391e-01,8.643703161403073487e-01,9.651019528659334767e-01,9.976216596759830413e-01
6.200330000000000000e+05,1.206083512575817362e-02,9.510003314304593669e-02,1.473276482849911195e-01,1.660853094421947951e-01,1.780756402894844159e-01,2.060564729449682053e-01,2.412731767977686070e-01,3.605772539595544224e-01,4.730524463360187282e-01,5.197801431488898727e-01,5.323828166927385697e-01,5.733076450677674352e-01,6.460130782595048249e-01,6.814946044851810658e-01,7.503322030122766551e-01,7.631280064813678043e-01,7.661465300905977438e-01,8.873514452060360380e-01,9.373190011187518822e-01,9.584226881129244147e-01
6.200340000000000000e+05,3.805840064304499837e-02,5.523953291944883048e-02,1.170845078439036735e-01,1.603983205202508255e-01,2.094183590243942072e-01,2.219562561650214594e-01,3.413745486879270485e-01,3.549943607684904467e-01,3.684568138321038244e-01,3.962611275518842513e-01,4.019927333175780104e-01,4.324396194354173106e-01,5.019412917852700273e-01,5.195329043515085621e-01,6.443569935745043775e-01,6.904392510434479435e-01,7.381108855900126997e-01,7.692842901867460448e-01,8.765537795831762624e-01,8.993718687488863051e-01
6.200350000000000000e+05,4.742861858435087896e-03,2.407456735444168938e-02,2.834988908468205615e-02,5.947789642346978933e-02,6.095844080234091855e-02,1.058755134047013602e-01,2.594536490988339494e-01,5.165991430820384700e-01,5.172236079174490353e-01,5.872926832906968375e-01,6.015397646552863575e-01,6.029993031024972749e-01,6.670489920112157023e-01,7.035308710676495547e-01,7.141137764720089098e-01,8.347642147096664411e-01,8.428493850699686485e-01,8.664458874605361904e-01,8.697707938553153051e-01,9.210405766874680822e-01
6.200360000000000000e+05,1.613218216682786865e-01,1.825354608473511719e-01,2.693912979350907566e-01,3.624908296292328469e-01,3.731095631820581238e-01,3.858033812927194051e-01,4.156028414807184657e-01,4.315497976416320380e-01,4.742045956176331734e-01,4.870027921941011417e-01,6.418988750495280282e-01,6.705317491324059853e-01,7.052447306561409057e-01,7.641622620038854841e-01,7.667774792008321683e-01,7.947946806730615821e-01,8.374479210646961214e-01,8.404413448310132928e-01,9.204112780883655365e-01,9.909179726268861899e-01
6.200370000000000000e+05,1.401600170066009676e-01,1.415482987249842006e-01,1.701985804469218211e-01,2.017989809076331520e-01,2.140936183320244490e-01,2.601461394686809259e-01,3.083572413341144625e-01,3.968094037385448969e-01,3.970079333131235622e-01,4.614021797802125846e-01,4.895101688553668007e-01,5.585099821061877412e-01,6.625359819624321300e-01,7.151964323032777848e-01,7.609258410500414627e-01,7.722946231813929696e-01,7.788807742878600671e-01,8.508927283088797422e-01,8.648136063250088101e-01,8.711697485736441537e-01
6.200380000000000000e+05,7.508885095147044275e-02,1.306987847542511183e-01,1.547487486420162650e-01,2.677412099362863618e-01,2.826508113862933325e-01,4.554223680813832553e-01,4.571317175337396010e-01,4.587803665275772547e-01,4.599294135667623129e-01,5.167093502260665661e-01,5.196357120610176628e-01,5.381709202244511214e-01,5.596714747810771495e-01,6.268300684976212400e-01,6.820211279228152179e-01,8.769196456558239205e-01,8.941505907090806504e-01,9.470466635640009123e-01,9.926304196087339937e-01,9.975290773167447833e-01
6.200390000000000000e+05,5.430317535336404156e-03,1.679651247544934334e-01,2.690563563472112563e-01,2.796004880341423915e-01,2.992905746347938045e-01,3.089453522825437171e-01,3.279772257479700581e-01,3.370313996195124506e-01,3.592493650366550551e-01,4.899507666539593131e-01,5.016924628121370855e-01,5.260323825975015133e-01,5.602452463566047758e-01,5.760796855242091841e-01,6.356427877530625992e-01,7.778127480545586891e-01,8.116674079874277581e-01,8.690064255226711554e-01,8.849544410285310470e-01,9.967649629469214068e-01
6.200400000000000000e+05,8.043223593424686513e-04,2.755396667719200998e-02,6.600423038288361077e-02,7.891841502075824799e-02,1.486036670496723167e-01,1.696146107601730346e-01,2.963524000871838870e-01,3.774924812678671637e-01,5.367678222513663222e-01,5.473233250987060705e-01,5.667230816493189494e-01,6.093614261586195457e-01,6.949014176396051123e-01,7.004126265484224012e-01,7.260319083517579042e-01,7.679830567979042399e-01,8.042103893553880223e-01,8.970285671985180898e-01,9.155162650194085261e-01,9.929520283987636198e-01
6.200410000000000000e+05,8.130468377553279336e-02,8.281693135182432997e-02,9.213148766994982974e-02,1.597406075542280313e-01,2.517631209356779864e-01,3.103920078882604905e-01,3.193696933632124146e-01,3.320808917325895893e-01,3.369825651261817434e-01,4.198628537665313187e-01,4.252775994831852202e-01,4.672457311315818540e-01,6.651666735581149847e-01,7.226889164017717970e-01,7.849262423640739339e-01,8.032232841181041749e-01,8.047888479669060846e-01,8.180354412630184147e-01,8.487595115768878928e-01,8.642149998123732635e-01
6.200420000000000000e+05,1.932557320758931940e-02,1.331778597913578777e-01,2.013349878097741019e-01,2.212922011188652727e-01,3.346633990302018136e-01,3.453481398762053844e-01,3.782938029774073341e-01,5.367763626137975752e-01,5.445901947074325289e-01,6.139567630221086647e-01,6.217245739668215698e-01,6.437306692416415732e-01,6.775097864759164201e-01,6.864790881950899593e-01,7.140681288077873612e-01,7.581516099633817118e-01,8.484301664877830218e-01,8.485006321172869903e-01,9.118250606281089743e-01,9.401974157842911684e-01
6.200430000000000000e+05,5.122905830386337289e-02,6.315235258651108463e-02,6.993398654521942870e-02,2.002300550061637541e-01,2.205156186632956095e-01,2.466849242180821911e-01,2.542451695428779024e-01,4.239481398118791766e-01,4.355199545420684881e-01,4.469531518732490216e-01,4.971284954870257566e-01,5.807160223336125249e-01,6.663444492161366695e-01,7.883642628424306631e-01,7.953085192493044575e-01,8.075950213167675251e-01,9.577738961602175749e-01,9.597628989084812101e-01,9.606194737032601738e-01,9.912497625668446055e-01
6.200440000000000000e+05,2.278075143612667830e-03,5.453732941973299386e-02,1.301933380046348399e-01,1.705272240461180866e-01,1.718866281551358899e-01,1.802453123531500001e-01,2.358758271360653636e-01,3.244046155840845103e-01,3.617217760218560674e-01,4.418379344731528935e-01,6.367022037541114621e-01,6.461068743405641301e-01,6.763118685342252023e-01,7.789035907060425368e-01,8.329436426578611385e-01,8.726942613858139630e-01,8.913036204333790735e-01,9.165832432881295677e-01,9.431496541549984070e-01,9.642367421401394356e-01
6.200450000000000000e+05,4.304167186892060570e-02,5.090505687092117260e-02,7.964133591850641736e-02,1.838004519281719595e-01,2.271034490977547060e-01,2.620138552297823775e-01,3.047719870795683184e-01,3.755566704468110695e-01,4.023111902362600523e-01,4.323381141629951685e-01,4.329289831112789200e-01,5.109716022452911455e-01,6.783783555368066986e-01,6.815983157504352796e-01,7.237285263473773878e-01,7.402239883210579574e-01,7.471168219523208753e-01,7.598273611916144255e-01,8.438539452904803007e-01,9.865986090360610028e-01
6.200460000000000000e+05,7.317385228856720936e-03,4.131548707854648672e-02,1.256430415318676719e-01,1.930771824032342376e-01,3.295382955629576616e-01,4.079493912015141888e-01,4.240646842975440700e-01,4.575331081178310999e-01,4.840268943569658866e-01,4.987883562776012081e-01,5.360373306974558494e-01,5.374810871330776285e-01,6.721760690212371658e-01,6.729233772397115176e-01,6.854291636058963411e-01,7.089218605683605956e-01,7.572859136435174943e-01,8.579322501130056677e-01,8.966344914965531654e-01,9.391513433909158826e-01
6.200470000000000000e+05,1.108371462601281943e-01,1.866846609102572607e-01,2.231063039632598111e-01,3.779684277854122865e-01,4.265200678080569574e-01,5.914806402171872701e-01,6.060138304361784023e-01,6.309546473125190458e-01,6.320828261219544331e-01,6.475422442823955960e-01,6.858869070715526428e-01,7.769389637940663507e-01,7.866615621362531563e-01,7.962604597859680444e-01,7.964334814432896259e-01,8.290988781554762266e-01,8.396108153464439949e-01,9.358718660327010053e-01,9.551063271394726328e-01,9.732006159692597747e-01
6.200480000000000000e+05,1.693269278883413609e-02,4.810262459318148665e-02,1.032502899487851566e-01,1.278933991941044734e-01,1.735244481569860886e-01,1.995297403932630997e-01,2.667912388234103815e-01,3.208677537676796199e-01,3.245246079298882425e-01,3.287552582213273400e-01,3.432333098194669807e-01,4.489524292831853503e-01,4.733979597190201005e-01,4.767029006623310083e-01,4.812480074371110472e-01,5.734027385432235446e-01,7.886881057134113027e-01,8.906341938822909254e-01,9.060213327198339828e-01,9.101554853992488425e-01
6.200490000000000000e+05,8.024713852836073968e-02,8.424851475861561134e-02,9.498555287959475901e-02,1.121238167532243590e-01,2.733721572765277497e-01,3.148858444290553171e-01,3.483760868115551856e-01,3.764583499971205782e-01,3.911599419120623811e-01,4.010810970765719130e-01,4.209702512612609748e-01,4.387830254927908014e-01,4.598556794380146417e-01,5.290114623007201589e-01,5.491388068901562614e-01,6.300629754376574354e-01,6.623500575149320335e-01,6.683692688610891608e-01,7.073884165997523787e-01,7.912375589409218479e-01
6.200500000000000000e+05,1.801840933472809159e-02,8.894395858786052766e-02,8.968246962754822249e-02,1.862026089649666538e-01,3.530416056242627887e-01,4.621082628254591373e-01,5.110869724663157365e-01,5.341588141940173395e-01,5.607244677199100247e-01,6.026601122100729846e-01,6.664556509151845498e-01,6.776470101961027392e-01,6.837284782669311722e-01,7.110691730223891449e-01,7.207773067213419926e-01,8.821182117597349270e-01,8.908093074669702904e-01,9.017042110564464918e-01,9.545479199103971135e-01,9.625748729679006743e-01
6.200510000000000000e+05,2.803195118231682770e-02,1.097876553643806208e-01,2.580847357766151706e-01,2.705765523834341435e-01,3.340837629938169240e-01,3.531999976910904504e-01,3.841389934538165241e-01,4.359709679049417197e-01,4.929178777321614469e-01,4.989369093499160801e-01,5.320922308377512566e-01,5.493456241271048590e-01,6.485271276481749947e-01,6.543145217731940466e-01,7.086538615413249254e-01,7.466893548158785032e-01,8.349334869030103912e-01,8.430222779257574572e-01,8.799463636597735228e-01,9.579668935091535387e-01
6.200520000000000000e+05,1.115510959117410605e-01,1.470032657916550134e-01,1.702446430698316693e-01,1.783343244824109330e-01,2.354488704178598901e-01,2.876686731069196812e-01,3.128733685195551617e-01,3.147122932859982569e-01,4.014898022709101344e-01,4.156994626785117664e-01,4.361045686211952876e-01,5.378880625905541057e-01,6.093924091096293294e-01,7.056061568439860876e-01,7.182781812097690510e-01,7.536728470189431039e-01,7.712548918660251385e-01,8.648154106765025828e-01,9.551856760231992594e-01,9.607301996714311398e-01
6.200530000000000000e+05,2.283222834432541148e-02,8.258861405505324438e-02,1.027687727230418568e-01,2.012425984327703699e-01,2.295421377489377246e-01,2.837685235421094632e-01,3.417697001945632085e-01,3.651023855612871571e-01,4.480658938448917050e-01,5.280555715552596174e-01,5.830002675981202920e-01,6.525857376426166256e-01,7.754242706973908383e-01,8.220709683581155502e-01,8.467499181167703615e-01,8.612244884959073810e-01,8.877757734015194746e-01,9.258729165040763265e-01,9.888461889333479693e-01,9.942920161147286162e-01
6.200540000000000000e+05,5.025893077229670602e-03,1.219209928868691950e-01,1.337624859957500245e-01,1.440465650182232160e-01,1.550905312593190422e-01,2.106420031562986628e-01,2.413822325065354546e-01,2.566804427483961870e-01,3.788326337440843794e-01,4.485168664480628786e-01,4.582043564727121820e-01,5.493345342593392022e-01,5.878022433629965793e-01,7.058363480397223944e-01,8.142278419195588812e-01,8.154028323281229396e-01,8.628818512661350359e-01,8.934304316696044523e-01,9.942713019117914719e-01,9.958056314556011923e-01
6.200550000000000000e+05,1.316886078600189025e-01,1.801410862334708041e-01,2.646480954353247483e-01,2.883901130722114070e-01,3.156371169079138506e-01,3.647166497406291175e-01,3.888169585934515560e-01,4.240095318795749080e-01,6.186817634644682373e-01,6.191245662825043405e-01,6.289531659782807704e-01,7.131514238886906831e-01,7.154128656905561767e-01,7.259703020867357415e-01,7.734021427965379614e-01,7.745546860273598844e-01,8.060334012284438021e-01,8.586786559226692317e-01,9.363070849016477126e-01,9.569335747324055896e-01
6.200560000000000000e+05,2.555271564234551374e-02,4.593086424632575326e-02,5.938182555185833600e-02,1.117484481632747828e-01,1.739211375838224383e-01,2.300803770843004026e-01,2.492739589130024136e-01,2.611668779295116538e-01,2.908633032466707569e-01,3.322645040522531623e-01,3.379816016250207777e-01,3.671214178927890703e-01,5.242034289906607469e-01,6.989774893906559594e-01,8.928806010173877539e-01,8.973177697462976221e-01,9.068255518518493208e-01,9.361405589693477802e-01,9.423421992247732470e-01,9.561047547951837533e-01
6.200570000000000000e+05,4.131917105865912099e-02,8.750638543972655281e-02,9.239103940697235284e-02,1.401522750058468159e-01,2.071139020687443599e-01,2.211241036170071839e-01,2.731876683412681750e-01,2.814694123398342462e-01,3.119241660057463505e-01,3.384206466354694465e-01,3.454363608633782556e-01,3.808495487951659708e-01,4.720038165673127173e-01,4.743682283260488575e-01,4.921818154385400046e-01,6.357981683274306350e-01,7.778227802533479451e-01,8.712729082036296813e-01,8.808337053527652838e-01,8.996253231913232673e-01
6.200580000000000000e+05,1.068749879022005134e-01,2.240930913272640712e-01,3.204333996028272402e-01,3.606472943943506149e-01,3.816520981264059920e-01,3.917174108750023365e-01,4.001788985157737066e-01,4.018021381199305964e-01,4.748733887434641865e-01,5.114255261442847145e-01,5.118774445329778988e-01,5.495913916663679455e-01,5.741676739341374791e-01,5.825560385818844278e-01,6.143667028613358783e-01,6.486848057201307638e-01,7.861149121242891891e-01,8.956142372916247041e-01,9.180127540971005917e-01,9.593201907194505162e-01
6.200590000000000000e+05,2.880806990490936137e-02,4.836763422150436309e-02,7.317474719518879400e-02,1.505025700745062922e-01,1.746472437469899219e-01,1.894543199274320022e-01,2.300354607726745604e-01,2.813799733644570811e-01,3.843722338199467847e-01,4.360090989991733945e-01,4.976482693403522228e-01,4.980700817862282470e-01,5.196847485778338660e-01,5.235110341692010838e-01,6.288102703696936135e-01,6.546726681287629024e-01,6.893452705815614756e-01,6.967636099748504286e-01,7.671327704120300961e-01,8.960052035096778278e-01
6.200600000000000000e+05,1.220780916546004846e-01,1.820914421618144985e-01,2.225376770636476875e-01,2.360786674885968495e-01,3.224451592307625569e-01,3.505924591525469980e-01,3.703671817014778656e-01,4.177921214209134870e-01,4.645723237896890456e-01,5.491862827621112331e-01,6.322983032575753004e-01,8.533895766205439326e-01,8.667014501063532439e-01,8.794806316856935702e-01,9.042173141232443534e-01,9.107067518699715203e-01,9.162057239494616478e-01,9.580990030351099751e-01,9.609386088690995420e-01,9.884802847366864764e-01
6.200610000000000000e+05,9.054652992463974037e-02,1.129903493525836744e-01,1.166659685700338622e-01,1.615877789647968132e-01,1.749652910598678002e-01,3.370739282551591387e-01,3.522111460650990677e-01,3.707801904801969473e-01,4.165447065640988100e-01,4.884468930796960207e-01,5.695802840003535428e-01,6.525490938711129285e-01,6.985674436050880454e-01,7.236426302448452086e-01,7.834700334204313110e-01,7.967326684146381899e-01,8.162165799655054510e-01,8.652978866335897523e-01,8.655212805920075025e-01,9.991863404372571811e-01
6.200620000000000000e+05,6.697976786533943461e-03,3.065453914891891340e-02,5.196036515353730234e-02,9.727664828817661480e-02,1.449367077377762270e-01,2.463562110719217380e-01,3.066644380869871789e-01,3.348299811515493829e-01,3.553383873557141026e-01,3.669423690621742562e-01,3.780293742555426162e-01,4.304945961335965299e-01,5.177965134432270800e-01,5.208788144052687308e-01,6.281292361133846702e-01,6.549583543949574205e-01,6.627372405614857520e-01,6.908691399871942362e-01,8.272571607216928635e-01,9.668972649395919383e-01
6.200630000000000000e+05,8.122881075212418089e-03,6.361754180802592362e-02,1.370662982930761498e-01,2.184233710337173395e-01,2.275454254978240831e-01,2.732798638188100870e-01,2.743913250181724273e-01,3.318339108737949905e-01,3.377937156042741806e-01,4.122633079102218101e-01,4.249948377081420592e-01,4.556677940114628456e-01,4.778575589375703148e-01,5.859854983886262358e-01,6.790713940987168629e-01,7.056696451090074262e-01,8.032441129053817797e-01,8.627090886379460422e-01,9.316817867361339989e-01,9.492120256921940946e-01
6.200640000000000000e+05,8.408484639585600551e-02,1.399429070588282809e-01,1.407836499383072759e-01,1.680136983185163135e-01,2.217554640365619889e-01,2.911415978712109665e-01,2.955738402146511623e-01,3.361761019067165401e-01,3.657740822223904953e-01,5.052591719356519517e-01,5.527611368343372522e-01,6.071162982572655409e-01,6.133815727923686012e-01,6.444874708914729577e-01,7.110400743373005428e-01,7.686711206982036471e-01,7.998184700530762692e-01,8.164514688095036998e-01,9.457828046312852788e-01,9.622778634336255354e-01
6.200650000000000000e+05,9.284269270077416536e-03,4.011472274332483767e-02,1.323043978959206335e-01,1.343642065555750165e-01,1.652062359706444328e-01,1.844966855721867915e-01,2.781184849047806384e-01,3.167584984232396650e-01,4.066813219440329474e-01,4.279798008864571512e-01,5.469764579004660066e-01,5.796697450676649987e-01,6.394960315391783334e-01,6.864549860666020464e-01,7.329930172059724303e-01,7.343884774152782402e-01,8.108758982026995632e-01,8.675510717569877572e-01,9.886467736591106892e-01,9.967294988077544104e-01
6.200660000000000000e+05,5.405794368098848501e-03,4.903929042957622109e-02,5.504703197585092411e-02,1.594658682426611795e-01,1.678308429595984919e-01,2.088446465374398375e-01,3.293822338524118321e-01,4.996629025532184354e-01,5.050616867466992677e-01,5.336605710815580661e-01,6.293644700091084454e-01,6.534230262403909473e-01,6.900513296808447050e-01,7.554904124201616833e-01,7.806295039627269006e-01,7.914520554528419183e-01,8.201602528326171759e-01,9.045751083041602136e-01,9.049036860123389481e-01,9.897569625646343017e-01
6.200670000000000000e+05,9.657471904164438570e-03,1.199820815507633975e-01,2.386484926096954506e-01,2.423938533127170114e-01,2.432545744414809086e-01,2.713161225651314901e-01,2.762833400295423569e-01,3.534241395273013397e-01,3.584619829837889515e-01,3.686809147612826187e-01,3.690630076694224604e-01,3.766602748827198033e-01,4.439051150402566481e-01,4.448563689761327877e-01,4.514442236066628089e-01,4.766571062165924078e-01,5.088189912327248932e-01,6.782988713733597574e-01,7.768713328377045979e-01,9.941181864035902871e-01
6.200680000000000000e+05,4.575984897140827901e-02,1.615253798396322216e-01,1.969103441533659460e-01,2.328338890496538527e-01,3.474119054922173433e-01,5.234857294722830012e-01,5.242167140530198388e-01,5.299048374283776841e-01,5.926433492862583918e-01,6.133725111240044825e-01,6.358266908274642359e-01,6.642316092302263941e-01,6.977013566510088527e-01,6.993434149078033846e-01,7.517986116285275688e-01,7.703212176032467884e-01,8.115102684650633558e-01,8.450906050439421779e-01,9.050259194389489448e-01,9.256759504172467068e-01
6.200690000000000000e+05,2.576073965461334048e-02,1.413103026834211517e-01,1.503579316610770267e-01,1.591491308729519050e-01,1.834405025924997767e-01,3.822659081881113474e-01,4.304971108641938438e-01,4.366461282357508855e-01,4.863565402463995158e-01,5.115031046639988421e-01,5.320226288321171504e-01,5.778189904718317171e-01,6.196162741448052458e-01,6.651702645424633076e-01,7.076289766175395402e-01,8.068977629760649695e-01,8.596220340940230464e-01,9.410461851380291787e-01,9.692718000911538789e-01,9.978297191318510340e-01
6.200700000000000000e+05,5.197222517377286799e-02,1.080081180756401471e-01,1.082363461933754101e-01,1.942383619130884087e-01,1.955762221303704029e-01,1.999833071907688442e-01,2.001797261142597151e-01,3.225458958837933432e-01,4.856570416719097061e-01,4.879190441624495778e-01,5.321713515173877029e-01,5.391887502483799777e-01,5.409568301789150491e-01,5.555654426680041169e-01,5.734239159882793535e-01,6.284488033620621028e-01,7.277371674513867239e-01,7.618579528612581253e-01,9.340402289969688132e-01,9.626315148050499371e-01
6.200710000000000000e+05,2.362995289388414299e-02,6.958150431386156409e-02,1.412136258574042680e-01,1.460812175384191836e-01,1.561037042181500079e-01,1.661812982467082422e-01,2.562326882317321752e-01,3.260951777738673174e-01,3.640152265391474184e-01,3.932415373680776538e-01,5.172018767397084105e-01,5.199007825027064378e-01,6.569955030739325075e-01,6.786690006069250325e-01,6.975098289216027370e-01,7.575548917655939851e-01,7.779315274266150881e-01,8.146386620656874689e-01,8.673440235534112253e-01,9.003389874457484732e-01
6.200720000000000000e+05,1.042127823707400536e-01,2.309748277169215713e-01,3.115130795322380575e-01,3.823201317780314801e-01,4.336530501162959572e-01,4.340656162783576022e-01,4.483626013637769248e-01,4.554607334769669169e-01,4.902644439689228806e-01,5.051166103150411812e-01,5.111233342184824391e-01,5.278065888983122234e-01,5.961367638676088321e-01,6.075351320748555439e-01,7.354392010829122750e-01,8.141126350495986319e-01,8.340400016961335705e-01,8.580862625039473723e-01,8.970445488266375333e-01,9.714581296090605278e-01
6.200730000000000000e+05,5.212809955064900969e-03,3.780637209920156838e-02,6.117970936921179881e-02,9.376093659412354508e-02,1.417832711381429300e-01,1.705586896450853596e-01,3.035590775951568787e-01,4.074184909483966610e-01,4.172945641838889941e-01,5.287045943584106622e-01,5.550867168695452492e-01,5.834295970788025976e-01,7.931731616919375227e-01,7.946452543042902272e-01,8.693914193836305149e-01,8.912462952092775614e-01,9.021004753230478235e-01,9.029948039032683615e-01,9.646378513002961119e-01,9.916793271287709377e-01
6.200740000000000000e+05,5.404370195492225193e-03,2.630684544898975741e-02,7.054394120365603538e-02,1.519864209151067236e-01,3.031763071792147324e-01,3.492124265595316635e-01,3.862630839384508796e-01,4.633336292416643243e-01,4.867893454094157635e-01,5.444246580879994468e-01,5.934132775083921230e-01,6.373382976058985516e-01,6.436578090465391311e-01,6.588239645871496464e-01,7.081217604001444066e-01,7.422829245622419858e-01,7.758226832728580824e-01,8.283469364406800262e-01,8.401959970831820446e-01,9.786593443251383473e-01
6.200750000000000000e+05,3.023563733764633721e-02,2.287035437431278462e-01,2.326109981257711290e-01,2.554158242229412901e-01,3.566472201030399525e-01,3.805533091172715876e-01,3.843103314849295460e-01,4.523424752931941573e-01,4.617900403907246876e-01,5.018353893219651418e-01,5.310200742683369723e-01,6.303960707061588842e-01,7.926921170903971081e-01,7.996366071309274348e-01,8.037300242366299807e-01,8.103420303064989838e-01,8.502781983286887835e-01,8.643888924660181328e-01,8.848452824241352932e-01,9.349137950068778791e-01
6.200760000000000000e+05,7.911117825774494072e-02,1.085496160152947809e-01,1.438820305570636116e-01,1.770265448394606755e-01,2.501124166876323995e-01,2.676067512879153343e-01,2.709254376569584233e-01,2.868677556973256992e-01,3.218027573135087138e-01,3.933607752159818949e-01,4.014093832449147081e-01,4.368156781970090607e-01,4.606976848855119933e-01,5.100153122460845401e-01,6.805208056786442583e-01,7.569797282748094158e-01,7.587849257974177419e-01,7.779097597797626218e-01,8.286670428206974748e-01,8.383694515389538138e-01
6.200770000000000000e+05,1.403442502365892519e-02,3.012911193207945537e-02,6.482762939299502314e-02,1.018438330961751737e-01,1.281829714947407828e-01,1.850039344409830644e-01,2.382167888811848044e-01,2.976805127959768482e-01,3.283880838250153866e-01,3.350469493834115076e-01,3.470807194023111109e-01,4.291545362204469694e-01,4.710579464562317797e-01,5.061144532782030359e-01,5.246443280936055054e-01,6.346969393330381681e-01,7.756726830187129496e-01,8.350924285648160250e-01,9.233830248483273495e-01,9.406319705923180674e-01
6.200780000000000000e+05,1.486982919189394625e-02,7.621908210712347032e-02,1.095137982440707036e-01,1.464337365933098267e-01,2.452292913280448294e-01,2.496290038198348826e-01,2.591831515272678965e-01,3.036581670499618468e-01,3.513827418471042741e-01,3.759757713068938578e-01,4.185071659952038781e-01,6.509077870458443993e-01,6.747341775853570311e-01,7.040317351441690574e-01,7.451701360850432332e-01,9.300795942433454089e-01,9.542075096079312146e-01,9.662232242444351860e-01,9.810521434843448851e-01,9.926155933650080421e-01
6.200790000000000000e+05,1.570880433699350931e-03,5.769549806994245245e-02,7.406043779044413355e-02,1.468985813792281769e-01,1.657998429901165194e-01,2.661446821832477161e-01,2.938234976661611153e-01,4.712669229878349020e-01,4.828984115363103014e-01,4.882981463900453178e-01,5.805409742184075572e-01,7.537517005307541318e-01,7.992296892743191439e-01,8.129965903440031783e-01,8.206132459660908651e-01,8.308316964247591807e-01,8.475730201754974047e-01,9.138150785508624141e-01,9.520683978562304306e-01,9.981527125570626158e-01
6.200800000000000000e+05,5.280091928548114044e-02,1.190461519541858859e-01,2.562176304216579048e-01,2.832325000663765691e-01,3.438673862998038455e-01,3.444061955846897671e-01,4.471483672958008748e-01,4.916087360603762502e-01,4.974124849404851778e-01,5.282156338657678640e-01,5.550842210769696417e-01,6.145444178545669267e-01,7.220516954114352126e-01,7.861395320738056025e-01,7.926395104269826630e-01,7.972933641932457016e-01,8.020588944847644175e-01,8.553829267406448666e-01,8.840122848298634928e-01,9.327796372179850692e-01
6.200810000000000000e+05,5.905050111347132091e-02,1.522020591177642990e-01,2.116570521506599967e-01,2.168116444396843701e-01,2.702160935295597755e-01,3.265449169918137606e-01,3.568935838415965289e-01,3.798311448635778298e-01,4.950568259947991656e-01,5.181763014686607827e-01,5.645346381833512561e-01,5.711821181314052920e-01,6.642436078112711195e-01,6.778039842624115074e-01,6.833864483625934350e-01,7.318412599219987769e-01,7.407764360196558151e-01,8.910495004811959108e-01,9.354488594486553010e-01,9.391399697172067018e-01
6.200820000000000000e+05,6.523137177008830889e-02,1.781102595325435578e-01,2.253484862976491421e-01,2.751143578893388009e-01,3.086252752877133299e-01,4.199384378142402285e-01,5.620293921338859189e-01,5.668779258939909971e-01,6.233114586375301247e-01,6.243251064366051040e-01,6.273189348856137437e-01,7.111841244899186343e-01,7.695071469594974012e-01,7.996535755221789721e-01,8.141224303450750321e-01,8.979053738422054787e-01,9.326934752056003086e-01,9.367869111917361824e-01,9.540619656971007778e-01,9.924675979633139633e-01
6.200830000000000000e+05,2.846003702512767131e-02,8.554208876792990246e-02,9.049992547465124382e-02,1.523152789837198817e-01,1.845839092532320924e-01,1.850397276078298292e-01,1.988753557626755653e-01,2.829673196010900060e-01,3.627252897979452717e-01,4.005972067354172106e-01,4.531813643267115221e-01,4.930783567611348728e-01,5.245417251754540544e-01,6.347368240115313087e-01,7.162009481678260903e-01,8.327192987016647230e-01,8.391402772169720414e-01,8.510841724769130368e-01,8.824076197129790966e-01,9.698137241800850461e-01
6.200840000000000000e+05,3.915142885001554607e-02,1.072005703932568110e-01,1.962001943761786382e-01,2.409596356937685480e-01,3.644306057955667422e-01,3.735751584100976963e-01,3.829043432840552041e-01,4.304190562870036096e-01,5.209380257117345314e-01,5.678852453940057554e-01,6.458281784664553493e-01,7.324946652284155535e-01,7.568516732218384391e-01,7.649474071125330621e-01,8.440234542761552161e-01,8.456611455387521570e-01,8.517405563170166172e-01,8.591127985857399674e-01,8.715922367797614978e-01,8.943144553966618782e-01
6.200850000000000000e+05,2.058847249760131781e-02,2.355277333135725737e-01,2.363878004756587714e-01,2.470209209920013471e-01,2.869984532588731874e-01,3.145845481100913998e-01,3.968273248290977717e-01,4.103175002554445561e-01,5.980294565966239873e-01,6.160738569464598857e-01,6.779380668620614836e-01,6.901291780865296266e-01,7.029493427077014855e-01,7.204127616145471480e-01,8.075244993312391539e-01,8.095055886967690295e-01,8.376183584682841410e-01,8.385923828390167145e-01,8.803652772530815573e-01,9.091206406240845972e-01
6.200860000000000000e+05,2.613998395629424376e-02,1.236767319138614152e-01,1.875127332060810836e-01,2.236264198407001969e-01,3.062493466978108980e-01,3.512171571938551562e-01,3.974855129287955258e-01,4.535338185568201785e-01,4.865641826518841695e-01,5.695721415551042721e-01,5.797498779309044892e-01,5.803044772480008273e-01,6.321187097602088967e-01,6.365293524775766931e-01,6.472262889619676551e-01,6.695196735354107531e-01,6.983444433412505647e-01,7.605576992992262308e-01,9.221323026168400938e-01,9.929054551402463069e-01
6.200870000000000000e+05,4.047213929871429361e-02,1.260943196272419353e-01,1.506764408382564868e-01,2.191446812494404206e-01,2.574867839332884989e-01,2.879328844041820767e-01,4.494069120385520977e-01,4.660277809027437712e-01,5.198636891659514925e-01,5.359023993285066956e-01,5.976145089832369806e-01,6.169074648142448547e-01,7.687071178121803738e-01,8.633093635229687202e-01,8.680460804333224312e-01,9.218166799772993247e-01,9.627248819493074983e-01,9.817190022509233449e-01,9.818617091579464606e-01,9.843492678962791897e-01
6.200880000000000000e+05,1.438358389917182567e-02,4.167160716229612039e-02,7.365514205139866988e-02,7.649091013342323997e-02,1.664012729993594730e-01,1.854895221669141669e-01,2.126724524532389582e-01,3.113802969885767213e-01,3.801535903994965881e-01,3.926721749815617057e-01,4.599211883106634202e-01,4.930451999760588899e-01,6.490771014872491751e-01,7.161317686607135968e-01,7.234805742980321419e-01,7.961613146335965174e-01,8.632041607342247902e-01,8.955931987692703489e-01,9.372757325283649354e-01,9.862027081678856888e-01
6.200890000000000000e+05,6.815082771596037148e-03,5.991085394188377933e-02,6.440551090505175491e-02,1.335089691910538168e-01,3.028449437118085896e-01,3.213448120470714375e-01,3.658757128257710267e-01,3.923116600001111953e-01,4.379881704348314031e-01,5.017110400549320559e-01,5.450705506718247495e-01,6.682738305713925575e-01,6.759704757514376494e-01,7.402228888354229763e-01,7.537770230588546339e-01,8.075001911346953998e-01,8.133647901580195461e-01,9.252219051717902598e-01,9.694505369041030995e-01,9.933797734217607589e-01
6.200900000000000000e+05,4.425566139873660099e-02,5.056340869118769454e-02,1.706225643392390579e-01,2.016108642620900726e-01,2.130139456335006232e-01,2.399377822409431982e-01,3.287774475365871085e-01,3.341870312134476162e-01,3.410365821475312975e-01,4.533437519854849329e-01,5.052573636634211107e-01,5.359711177656523162e-01,8.024066583152807963e-01,8.029311745243370435e-01,8.143710269115250755e-01,8.485194697364064620e-01,9.097408653227850861e-01,9.327289783468873940e-01,9.828532861491051653e-01,9.863262544701025814e-01
6.200910000000000000e+05,7.940871770806567920e-02,8.261938991921480291e-02,9.499919270092249679e-02,1.851730438980409010e-01,3.392884477147590783e-01,4.389703464644890696e-01,4.733209732525566205e-01,4.861003262008176673e-01,5.196205804340240375e-01,5.267895345582607192e-01,5.374320541256153438e-01,6.230620170366084620e-01,8.030330890349087758e-01,8.070462870258612309e-01,8.123765922569061715e-01,8.707659110808464442e-01,8.771227843918084632e-01,9.222956402933073505e-01,9.732014064782373852e-01,9.957582335151318187e-01
6.200920000000000000e+05,1.956279035177865833e-02,3.434132816433732582e-02,1.694791082392481663e-01,3.005579628814540882e-01,3.365409571599509153e-01,3.767280594853713582e-01,3.920692193934411929e-01,5.106922668138282884e-01,5.667884904762373610e-01,6.421084740304081606e-01,6.748333473444562136e-01,6.966266827524796312e-01,7.488074874778395396e-01,7.556810284146406875e-01,8.142148810987859253e-01,8.269558218033929986e-01,8.536096201929470606e-01,8.575440617642215990e-01,9.233670944627121457e-01,9.820054310248176321e-01
6.200930000000000000e+05,9.274399156460255700e-02,1.085919190123181277e-01,1.793823859092965600e-01,1.854486260647019158e-01,1.925686011469667225e-01,2.392492709107851834e-01,2.469639023148213486e-01,2.516556863539880506e-01,2.575447351427360143e-01,3.420516594335245575e-01,4.475586804383943074e-01,5.334667677227594718e-01,7.042348581352136927e-01,8.387915396598717432e-01,8.756712865413199820e-01,9.214070345092143510e-01,9.595470519282082167e-01,9.629889732881579123e-01,9.642807489606791682e-01,9.806495144616556026e-01
6.200940000000000000e+05,5.734168739985945340e-02,7.311067514576374826e-02,9.864142163215683379e-02,1.267240251006933605e-01,1.768666142221341220e-01,2.205532919476504983e-01,2.564171195613146326e-01,2.991409067412448275e-01,3.051211749913076421e-01,3.688892843523449150e-01,4.356649258824780713e-01,4.723217889223555455e-01,5.332308898536213260e-01,6.314745109907854426e-01,6.339486005674027647e-01,7.584038088948760192e-01,8.531063263715508160e-01,9.265724901253513668e-01,9.659908585042592533e-01,9.853714652798675200e-01
6.200950000000000000e+05,1.122476716824549747e-02,2.579593282639280893e-02,3.721428939598725449e-02,5.066083131305709752e-02,2.711125200887167797e-01,3.599391803400476819e-01,3.726040053179243694e-01,4.441464115370805654e-01,4.968563721231673558e-01,5.571302482640702047e-01,5.596204094992220934e-01,6.038569709792882545e-01,6.276187485404550737e-01,6.281611689965462819e-01,7.617889526970182956e-01,8.397195224105024058e-01,8.563316511200572689e-01,9.022436365878674369e-01,9.431295363780595187e-01,9.443100686389859222e-01
6.200960000000000000e+05,7.724522167419256569e-03,1.017929436599761539e-01,1.335127821764993117e-01,2.053772804933372553e-01,2.272178803035473926e-01,3.018867683793475809e-01,3.364928133317002246e-01,3.737418787894551953e-01,3.900527570863183691e-01,4.817056318553011307e-01,5.434807321836616634e-01,5.444248765342725171e-01,5.580112444948585049e-01,6.995693935016223941e-01,7.168492260654746318e-01,7.330880577833942535e-01,7.847118562563967226e-01,8.549560331560931425e-01,9.036541220977415412e-01,9.911656448658128227e-01
6.200970000000000000e+05,7.611026759011874088e-02,8.078840682069177159e-02,1.033595157736030279e-01,1.069916328047195719e-01,1.230290751369202962e-01,1.669417948772525806e-01,3.184891748367638664e-01,3.675094024062331988e-01,3.770613214355100773e-01,4.239775072745048945e-01,4.901256690244243375e-01,5.888825306812578431e-01,6.663593221789386734e-01,6.803064328075876244e-01,7.497727231091246836e-01,7.539628338798507468e-01,7.758233488787974474e-01,7.813908946967058622e-01,7.833990014968925664e-01,8.303039734592234655e-01
6.200980000000000000e+05,7.695176456933960907e-03,8.684821116842877942e-03,3.641246985217683196e-02,7.517209831275573073e-02,1.585099576943888033e-01,1.753123321389560285e-01,1.784883350132752122e-01,2.034970440320112983e-01,2.255056431821222951e-01,3.246952578132519251e-01,4.012036391506942357e-01,5.380666082505398684e-01,5.535301142161240806e-01,5.612013986512300878e-01,6.224570937291343808e-01,6.752322011773991273e-01,7.254582251605157239e-01,7.367452533182767827e-01,7.551517601660223677e-01,7.612609908877884246e-01
6.200990000000000000e+05,1.375416018055919398e-02,7.531272344274186903e-02,1.217949892091008124e-01,1.257642675190031589e-01,1.793030238382061770e-01,1.896513053265717064e-01,2.149664196843327213e-01,2.346478221524289642e-01,3.561177600186807846e-01,4.262943287287089822e-01,4.318943366439984555e-01,4.906861327155613850e-01,5.176871778735528951e-01,6.525318635662890054e-01,7.387257715305318717e-01,7.765330525218340219e-01,7.800379219193060987e-01,9.532015529352412253e-01,9.547706572593132046e-01,9.571850045720362576e-01
