2.600000000000000000e+05,1.476537959318351412e-01,1.500186382640802396e-01,2.147563048267637775e-01,2.707567296252350042e-01,2.985817493076932116e-01,3.476438101391806645e-01,3.503230625185665970e-01,4.596625958271395307e-01,5.006769382947283686e-01,5.295231677851516272e-01,5.595834899514652294e-01,5.870567828334604110e-01,6.559383809117987907e-01,7.181127473044434106e-01,7.363212626121424798e-01,7.705089388458797872e-01,7.990544572726017147e-01,8.536456018922961020e-01,8.589239496876948099e-01,9.713533655058603777e-01
2.600010000000000000e+05,1.538605893105837730e-03,1.243261107978155255e-02,6.401461801396091111e-02,1.787369814197372619e-01,2.010669672080575010e-01,2.287444251431747233e-01,2.511016801299990053e-01,2.550281299405402491e-01,4.553302706600226291e-01,4.610084728879806359e-01,4.690514873391685713e-01,4.715699008471853082e-01,4.929216705759482675e-01,5.660052531041078749e-01,5.925566590062292249e-01,6.755228434750536470e-01,6.791528956301829956e-01,8.456824957672910426e-01,8.979875346589490936e-01,9.460151670060317208e-01
2.600020000000000000e+05,5.806170915843567037e-02,6.318540289349883210e-02,1.302460335733035546e-01,1.852591413855408931e-01,2.385353645717600557e-01,2.733771369735572554e-01,3.188781706664943760e-01,4.123052951120761422e-01,5.017395875334877964e-01,5.373616251979519420e-01,5.448182778058237030e-01,5.516590029845387377e-01,6.623918316241984572e-01,6.879124728945429368e-01,7.760420223011373908e-01,7.993664841712352365e-01,8.118230311064354998e-01,8.323934531997404518e-01,8.598061697874589404e-01,9.774028645624980305e-01
2.600030000000000000e+05,3.875198358238995944e-02,1.334748418007591919e-01,1.507216856480264600e-01,2.508685099505594263e-01,2.527535333661073969e-01,3.189124884418340633e-01,3.468884773884706174e-01,3.482941398827581470e-01,3.616122717221190719e-01,3.829374354286690929e-01,3.949323608157812027e-01,4.630417361655423392e-01,5.010445283012643358e-01,5.459614598776749705e-01,5.905280509213302054e-01,6.870402702308135989e-01,8.298135645219638645e-01,8.325168256774769793e-01,8.387089065226105422e-01,8.567797364908241731e-01
2.600040000000000000e+05,9.281568084748004210e-04,1.883245235416264318e-02,1.646166834096006726e-01,1.997257358466458799e-01,2.163496811869008996e-01,2.480047552203972216e-01,2.708843457212508632e-01,2.852883369471124198e-01,3.518743701456229500e-01,4.204348749913582317e-01,4.911838640562420366e-01,5.023173247257293195e-01,5.395003556713970916e-01,5.543532308192664626e-01,6.107691131739653168e-01,7.443489224724253450e-01,8.126577905009402247e-01,8.503254135302868999e-01,9.101982020451536703e-01,9.711471285448215474e-01
2.600050000000000000e+05,3.457209819150253161e-02,8.065361148409155856e-02,1.415397244054226178e-01,1.763594268708420509e-01,1.913715650143700264e-01,1.915635987286448128e-01,2.450094115865569799e-01,3.802054395807769049e-01,3.886433984769021022e-01,3.891425832956464381e-01,4.235099438784162285e-01,4.926093196334848656e-01,5.537562922840916224e-01,6.274348718633415700e-01,7.873275616082259232e-01,8.127462849693416480e-01,8.195169750384234675e-01,8.287809302468502892e-01,9.056598248573120014e-01,9.672642952310633868e-01
2.600060000000000000e+05,7.674863691430888757e-02,7.977783557047690710e-02,1.003878152618987718e-01,1.017635515671247992e-01,1.247106324051057147e-01,1.287275413906699972e-01,2.780307644409065748e-01,3.657635085492687566e-01,4.083843553364810974e-01,4.779058503963452553e-01,5.272842878946210066e-01,5.376660889636041274e-01,5.786761711789154550e-01,6.962240756124608021e-01,8.245576116035163716e-01,8.568579687276647316e-01,8.859456719905901556e-01,9.366588400332008790e-01,9.747852435742732080e-01,9.855975663639353623e-01
2.600070000000000000e+05,1.068264113737469323e-01,1.147902894564467591e-01,1.272357883321767469e-01,2.170287684136006368e-01,2.184088322071564559e-01,2.765332020161390680e-01,4.967793084475005116e-01,5.528689092025176333e-01,6.300926708738285864e-01,6.420331411835431545e-01,6.589584395917003068e-01,7.067758334455312985e-01,7.649290585459154190e-01,8.085723830376798649e-01,8.749256538597511845e-01,9.006423444376508991e-01,9.519215868224016885e-01,9.520114114253084292e-01,9.545209424481300164e-01,9.993699450565560749e-01
2.600080000000000000e+05,7.421502749246022823e-03,7.579890984364801021e-02,1.305714081019158090e-01,2.059403414331169024e-01,2.722672492417749224e-01,2.817898967362670870e-01,4.007959416211807069e-01,4.107429300710574438e-01,4.229846187029034921e-01,4.643173210772871817e-01,5.327992341761846884e-01,5.363685795382457933e-01,5.453579113290488722e-01,5.593496206989774233e-01,5.730151600810552415e-01,5.866480469387119756e-01,6.342499522493786346e-01,6.815227782363542097e-01,7.466177564502953778e-01,9.221642821015491043e-01
2.600090000000000000e+05,3.475687291455609174e-02,9.595449743617734395e-02,1.323696360235020464e-01,1.997293711853865839e-01,2.513145691911399249e-01,2.847031653225571279e-01,3.238509930519730684e-01,3.313707912694903168e-01,3.738756403321432664e-01,3.983042746005071022e-01,5.404789310543610670e-01,5.741360858007665824e-01,5.832514112778623971e-01,6.071957335993724003e-01,6.357448124827916880e-01,6.925492287915536727e-01,7.460775798071220821e-01,7.634785198380760196e-01,8.486642530868465650e-01,8.837640040606354885e-01
2.600100000000000000e+05,2.957384976287114053e-02,4.946787711525102438e-02,1.033538175991742802e-01,1.130852316500783328e-01,1.201583400430185078e-01,1.385463359417263840e-01,1.420932969781090183e-01,1.608216698346471851e-01,1.868104264283503291e-01,2.191169442621074825e-01,2.931015927839246693e-01,4.979356689517904222e-01,6.002145473804515463e-01,6.114569614896741001e-01,6.785020093588964851e-01,8.114549194668021492e-01,8.436821894912259756e-01,8.913758753581144667e-01,9.031591641149748773e-01,9.332505474489506403e-01
2.600110000000000000e+05,7.832124961513642347e-03,1.547266759104061196e-01,2.023242986027303791e-01,2.191050429611945960e-01,4.239145522038053615e-01,4.300620086814317400e-01,4.539436511957176679e-01,4.689239388813080112e-01,6.062995174674216114e-01,6.070195058384013631e-01,6.103132627988127057e-01,7.218755903828989462e-01,7.306569124097097578e-01,7.417203785892613199e-01,8.024047414727109029e-01,8.168132337480368266e-01,8.648260244411080100e-01,8.653488093565891992e-01,9.336432730678860814e-01,9.951611038087183614e-01
2.600120000000000000e+05,4.693238740650662599e-02,1.137546604031178799e-01,2.273535586447199552e-01,3.684202949906426605e-01,3.730684445466189159e-01,4.474737984394328016e-01,5.393965979409884870e-01,5.575242555507334830e-01,5.925148353978306748e-01,6.214666313707756240e-01,6.250403785098913589e-01,6.306596731558827829e-01,7.261437977500228014e-01,7.833473376734217952e-01,8.241106654659230424e-01,8.441424081365310750e-01,8.521520220922137456e-01,8.705835305814698666e-01,9.369525686343017634e-01,9.399679949063001194e-01
2.600130000000000000e+05,6.486890538516254523e-03,2.796447349285557937e-02,1.045693041085922204e-01,2.060068390805092076e-01,2.087579340042551301e-01,2.657157710612583212e-01,3.210366674891298455e-01,3.240022988813161531e-01,3.878096138149574879e-01,4.069796912077718876e-01,4.431593181462084585e-01,4.610493854945790781e-01,5.225725527429145867e-01,5.627434759927162355e-01,6.014884090208180156e-01,6.870860374787197689e-01,7.839817073744327347e-01,7.920379397859488302e-01,9.301575449352376124e-01,9.480688531631396021e-01
2.600140000000000000e+05,5.491820984318196430e-02,1.357527243959147922e-01,1.388128289292541728e-01,1.860747754301338430e-01,2.362621920467549153e-01,2.507387049977974902e-01,2.914940204463550844e-01,4.087350192240094549e-01,5.540761459138390244e-01,6.106824632837106748e-01,6.229662089801359937e-01,6.481177766061742007e-01,6.890600121253318555e-01,7.335649949617416565e-01,7.434805449366533869e-01,7.646258620332266887e-01,7.857354660505619925e-01,8.465466114530577624e-01,9.516057011599137194e-01,9.528053676406731398e-01
2.600150000000000000e+05,2.328213494346942358e-02,2.501797467086186444e-02,6.180938353401266294e-02,1.240504974876475153e-01,2.245037586666035478e-01,2.496315312555239530e-01,2.516746025276117571e-01,2.531312068283375627e-01,4.065161807835444563e-01,4.978912621054117915e-01,5.546154267348645250e-01,5.634390112569727105e-01,6.478095093453331010e-01,6.823014401148375097e-01,7.670319779775721658e-01,7.850053106995935615e-01,7.963272542191982550e-01,8.295408574645100064e-01,9.845877043835179476e-01,9.997848954512514874e-01
2.600160000000000000e+05,7.491150081134412275e-02,2.332875313608513412e-01,2.483431263084209251e-01,2.581745185344582749e-01,2.725876366347995683e-01,4.115777334866353998e-01,4.198629394396596881e-01,4.212448228903650227e-01,4.585093135624190852e-01,4.713903677416551030e-01,4.758226630105446553e-01,4.886100496741507815e-01,6.175758723836316522e-01,6.322124653072230815e-01,6.712433371573387486e-01,7.416138257307777204e-01,8.857084878468989286e-01,9.151983982124101136e-01,9.363690544170137908e-01,9.728884645115107865e-01
2.600170000000000000e+05,5.251271414906033552e-02,6.503103708709390141e-02,1.441455749502070782e-01,1.576812833763072685e-01,1.684723344939902390e-01,1.982546731673795470e-01,2.530423076319097131e-01,2.790432223618768415e-01,3.535164711416517447e-01,3.550342441995457676e-01,3.814575732664285956e-01,5.147818162720708690e-01,5.344637914699257308e-01,5.771321139015479496e-01,6.877724822367567992e-01,6.978928571459435126e-01,7.493143475232748596e-01,8.879237023588886224e-01,9.548614135829986971e-01,9.663194503195938756e-01
2.600180000000000000e+05,6.689198565446807798e-02,7.896822944177661618e-02,1.905188721278384678e-01,2.066927663303439466e-01,2.311916635322464053e-01,2.929240730232741674e-01,3.781785629118553649e-01,4.257930732099147741e-01,4.259577596033377045e-01,4.652478781131412777e-01,4.829374240118754491e-01,5.531852978638965856e-01,6.044525982666050234e-01,6.563519031231476175e-01,6.847515018652475804e-01,6.885543316569163741e-01,8.391311850411682371e-01,8.483878983456063505e-01,8.731250647065191828e-01,9.993924434032299686e-01
2.600190000000000000e+05,2.318597715964665351e-02,5.172997160799497340e-02,7.283204107016982842e-02,2.447057442526525683e-01,2.528163329003823012e-01,3.629070857449516740e-01,3.647809710824561069e-01,4.006016384037416334e-01,5.301176322240620520e-01,5.329940887764528235e-01,5.482049785359383032e-01,5.544798495544180916e-01,5.563961227787389552e-01,6.014265368503591835e-01,6.017815870126382860e-01,6.726630745710592274e-01,7.288049187825398345e-01,7.337694006785735468e-01,8.792327622341032933e-01,8.954395985476530928e-01
2.600200000000000000e+05,3.485131408870190128e-04,4.284096384158142534e-02,9.788731014515017481e-02,1.657012195922277220e-01,2.445206104911084033e-01,2.663010468560229604e-01,3.052318502201060157e-01,3.599691604427631697e-01,4.442678331936362746e-01,4.458595145272565841e-01,4.696657625813630554e-01,6.312646008727815783e-01,6.432248415946633102e-01,7.790395313829450163e-01,7.849510137356519035e-01,8.712152390068510499e-01,8.734115388687306858e-01,9.033023194343169360e-01,9.498955706956332401e-01,9.547712194251763984e-01
2.600210000000000000e+05,1.818584490328079006e-02,4.754941785381694430e-02,6.181956277346578599e-02,9.633103312049606792e-02,1.097639843815266802e-01,2.062032970833785894e-01,2.508173260477543076e-01,3.495218549864287372e-01,5.245041045942606672e-01,5.879900118100576112e-01,7.048185018778415634e-01,7.227417536700381229e-01,7.268826412769686662e-01,7.778996562738698106e-01,8.133456124674077747e-01,8.996388949210332164e-01,9.116813857697639856e-01,9.206908690579036492e-01,9.519074947797925290e-01,9.839554104604134599e-01
2.600220000000000000e+05,5.364009159919236325e-02,1.030736151893231201e-01,1.223171929886002207e-01,1.530926851471016148e-01,2.165767547703819629e-01,2.346673923225300884e-01,2.766355492721344067e-01,5.378227811876203912e-01,6.012217611526230465e-01,6.162406813469197830e-01,7.209056756324417892e-01,7.268059972052148821e-01,7.438379138104567190e-01,7.507586831035977237e-01,7.634302626202270625e-01,7.637950577911437611e-01,8.292381901610511585e-01,8.647926126159889426e-01,8.747390574555669041e-01,9.869146265504878945e-01
2.600230000000000000e+05,6.153421368727318708e-02,1.129346502053182322e-01,1.246340020839872276e-01,1.783660291605596582e-01,2.187368641361882027e-01,2.486340087857766834e-01,2.963211910732050924e-01,3.670931899921324737e-01,5.210141491576255612e-01,5.590344750994453715e-01,5.719270813286219113e-01,5.753562170255374086e-01,6.358488107433017955e-01,7.075864516661451997e-01,7.627849516734951374e-01,7.997933450054601767e-01,8.468569796630016633e-01,8.598249440688741085e-01,8.754658387550857679e-01,9.511816207132725021e-01
2.600240000000000000e+05,7.275428685222051772e-02,8.117620215213527946e-02,1.870098047831380006e-01,2.086539288601482189e-01,2.203796376688375025e-01,2.233719558171910480e-01,2.830319019804302672e-01,2.955610565096910003e-01,2.959284030405543442e-01,3.343718144133867032e-01,3.787804215706962463e-01,4.002170137296596764e-01,5.054773863781383270e-01,6.371345692469085886e-01,6.461726802706083683e-01,7.396929189307099861e-01,7.524742241251898278e-01,7.563511575442233292e-01,9.051951872588857029e-01,9.071840794270247255e-01
2.600250000000000000e+05,2.955090258855475049e-02,3.860024701426156835e-02,8.146619762858819946e-02,8.404385303957628839e-02,2.584600243548006437e-01,2.617261747898534940e-01,3.841427593889233938e-01,5.352332237505754708e-01,5.358116046367462637e-01,5.921426181223425900e-01,5.931592703979189363e-01,5.979387096670880641e-01,7.051178104013801073e-01,7.417319921392380166e-01,7.939263072404896260e-01,8.295132763635154616e-01,8.837339209023078457e-01,9.472406397309031112e-01,9.618885250184239233e-01,9.783325449796784756e-01
2.600260000000000000e+05,3.875533297480382444e-02,9.202642530229421247e-02,1.861970206378043002e-01,2.532695500700283819e-01,3.856943357898613423e-01,3.871188492503514489e-01,3.943404023745833431e-01,4.181939828971370510e-01,4.610690040537007706e-01,5.340353382532049276e-01,5.466464883101549432e-01,5.992964491308050423e-01,6.557280742876437918e-01,6.604571643930030600e-01,7.480178123376463040e-01,7.625450657052178505e-01,7.944297531597809270e-01,8.000720690846637728e-01,8.499804848888383724e-01,8.987628543283682214e-01
2.600270000000000000e+05,5.049869491768887997e-02,6.440107587026655533e-02,8.282264582635601169e-02,8.584301033647279144e-02,1.629782916692388284e-01,2.175547351849483890e-01,4.243733046283040267e-01,4.582712910987769561e-01,5.112594955827211018e-01,5.190033686700583626e-01,5.720577596370883811e-01,6.691469666989886544e-01,6.775086797505455172e-01,7.109215117296319164e-01,7.685248376526110370e-01,7.767075821175432049e-01,8.665854839114581765e-01,8.778460485593655438e-01,9.266569348902131686e-01,9.749309463498270212e-01
2.600280000000000000e+05,4.205855693566351583e-03,1.674215578842908059e-02,3.795675345326299244e-02,6.546307660573080778e-02,7.240078544066996802e-02,1.069576929738006443e-01,1.314647453579486092e-01,1.618217673676828339e-01,2.343367818248310863e-01,2.599301888776579528e-01,2.970935408932470212e-01,3.270193383444677249e-01,3.588244730273864036e-01,4.755416230762612440e-01,4.789029702152451939e-01,7.388134321551823591e-01,7.800016138200027704e-01,8.490230111952169478e-01,8.595129264115044521e-01,8.822171818003398114e-01
2.600290000000000000e+05,1.155063822351864999e-02,7.695429092142835881e-02,1.393073024014460648e-01,2.080361450723761108e-01,2.669188214433402262e-01,2.707367705060059748e-01,2.784184532216794628e-01,2.991690074222163043e-01,3.020402671942457040e-01,3.724538652219591128e-01,3.966885703019401577e-01,6.001424530220733633e-01,6.667112255974216861e-01,6.864928787782099695e-01,6.968824076739801310e-01,7.328671965826636381e-01,7.720481068916830170e-01,7.788610008213585623e-01,8.480499351286406862e-01,9.440543074408991320e-01
2.600300000000000000e+05,1.080629676833503305e-01,1.176277211780732967e-01,1.201323254537797203e-01,2.057444045417611278e-01,2.601982985382849112e-01,3.276799838977740853e-01,3.500236957476391408e-01,3.541250562273358105e-01,3.695115638616179865e-01,3.838470020397848348e-01,4.649698079161037612e-01,6.000067862717377576e-01,6.693362414101039493e-01,6.737157343805915133e-01,6.822332015050950327e-01,8.499783609844303589e-01,8.637276473272514909e-01,9.019854199329101485e-01,9.047023924374036907e-01,9.375373566731564079e-01
2.600310000000000000e+05,1.641667241035791314e-01,1.778465166531691954e-01,1.994703480652735283e-01,2.387197707849899597e-01,2.408904699156253493e-01,2.440263290507208582e-01,2.916239399007917177e-01,3.683419975552607584e-01,5.660640906678423567e-01,5.880340437260952458e-01,6.145348963923278340e-01,6.160636239076487941e-01,6.278272213118388789e-01,6.915937253562719489e-01,7.381017190475195333e-01,7.812084316522384109e-01,8.949432691592938971e-01,9.016507418868494605e-01,9.363734282024916977e-01,9.698297421511582472e-01
2.600320000000000000e+05,1.242099603824131648e-02,9.847509254085595742e-02,1.044440968436418649e-01,1.244618183235459696e-01,1.973674710587528525e-01,2.049882181221112099e-01,2.213145585248667002e-01,2.332897287504933637e-01,2.396412518172974515e-01,3.692348295350554865e-01,4.440806100732973549e-01,4.965414885938520539e-01,5.254751901223141397e-01,5.528104299867184768e-01,5.923326928723831042e-01,6.462315746072154754e-01,6.880267500278575143e-01,7.956315991609659299e-01,9.365142650847222416e-01,9.762337360016839494e-01
2.600330000000000000e+05,1.640983389047979690e-01,1.943351221914316751e-01,2.275559325132339161e-01,2.639527391070688456e-01,3.155679034079724721e-01,3.300086233765788801e-01,3.755285352674019306e-01,3.821758881346016823e-01,5.126546311320129279e-01,5.278882855234393601e-01,5.513353841871518890e-01,5.591784309498472050e-01,6.120287814681760752e-01,6.167513820026022664e-01,7.243281799424734491e-01,8.096303963698643358e-01,8.469100709239743008e-01,8.499854303879573747e-01,9.237569838529055000e-01,9.317703509506956028e-01
2.600340000000000000e+05,4.412167063938687850e-02,7.762911036064379378e-02,8.176233990126580142e-02,1.421791165230152920e-01,1.485150572339234420e-01,1.630794117771281471e-01,2.450862602405458057e-01,3.714498221840375480e-01,3.742793674034208262e-01,6.190220381370968861e-01,6.201254614044283686e-01,7.641737879053418503e-01,7.883424089437716109e-01,8.194873614164521758e-01,8.838041758493564437e-01,9.093872855705200653e-01,9.241930292539911607e-01,9.346233085842673427e-01,9.442063825330884175e-01,9.495644057228757040e-01
2.600350000000000000e+05,2.431390194440063990e-02,1.046951339982835627e-01,1.500336782587153861e-01,1.574537549814108983e-01,1.865555854346740983e-01,2.751951732302120313e-01,3.171627891632176066e-01,4.169097481345723777e-01,4.930667540238163893e-01,5.122529869116020373e-01,5.468454303680507778e-01,5.800891665946074083e-01,6.962669351814484431e-01,7.333716546446490403e-01,7.759122645044991273e-01,7.765232033205973217e-01,7.995011891762501266e-01,8.165622873370665946e-01,9.456820517754875866e-01,9.910441907224937230e-01
2.600360000000000000e+05,7.408545253266107800e-02,1.085305272645286090e-01,1.133409742412698762e-01,1.888813110306839516e-01,2.083622404495348857e-01,2.439137726384272842e-01,2.552589480350659912e-01,3.531111086620608575e-01,3.730100632107757885e-01,4.223359615383682764e-01,4.452838713275485416e-01,4.790416052615126263e-01,4.797882453887328813e-01,6.001975991293543311e-01,6.766095734422366004e-01,6.983725123061322870e-01,7.861378119166760881e-01,7.888900206102192891e-01,8.849312522461668662e-01,9.934123457811186997e-01
2.600370000000000000e+05,1.159545164682607155e-02,1.746138881128378451e-01,2.106314935826114620e-01,2.256849627495831623e-01,2.410514400652746803e-01,2.650000003354046063e-01,2.873181795213869405e-01,3.436283091918427290e-01,4.578010749825797143e-01,5.257396775517781951e-01,5.718863361950544677e-01,6.152995238161638181e-01,6.402300897749573227e-01,6.479255861535299088e-01,6.755215801151337462e-01,8.725242711187046751e-01,8.749912727695055015e-01,8.816313467911418567e-01,9.526598979245334275e-01,9.796158315616309009e-01
2.600380000000000000e+05,8.062644778301764070e-03,8.815141308333052095e-03,2.959674878779616769e-02,9.213144959885233298e-02,1.149000430889924873e-01,1.150175338337308117e-01,2.484397032378885539e-01,3.248880658578726655e-01,3.457450395987625713e-01,3.593406547542504770e-01,5.260564851972724387e-01,5.448321793042988359e-01,5.739564873582450044e-01,5.954118939127742705e-01,5.989101407272037214e-01,8.475959410526701099e-01,8.570708072744512851e-01,8.912664157897768336e-01,9.014829023168312583e-01,9.434163488215719928e-01
2.600390000000000000e+05,5.508546651176404740e-02,8.235317820088583485e-02,8.750702774795859895e-02,9.898042790293659632e-02,1.034981353009589711e-01,1.405306481546328978e-01,2.363174338218598791e-01,3.148515575921223553e-01,3.255485896397440904e-01,4.015715227994492986e-01,5.327964088013436017e-01,6.830426275279246617e-01,7.149511370361364415e-01,7.300495929162319486e-01,7.369981223191561792e-01,7.694788813969751784e-01,8.335896974487171374e-01,8.805138635240561396e-01,9.639978854848023637e-01,9.755578247543104098e-01
2.600400000000000000e+05,1.870356807649597997e-02,3.642126640411402771e-02,7.040462494466070975e-02,1.593302253951547343e-01,1.913354621606389028e-01,2.857554265158583906e-01,2.881274406392383414e-01,3.364187362103860934e-01,3.407456075846667654e-01,3.896274889674422592e-01,4.833803102499911741e-01,4.836100290133232837e-01,5.259531112157230792e-01,6.763131909464804581e-01,7.117035497678119160e-01,7.786265633881952475e-01,8.333604003204204691e-01,8.966500725309737296e-01,9.486050992643947355e-01,9.532331554351410885e-01
2.600410000000000000e+05,2.169282103740555190e-02,4.052665121777787594e-02,1.153632492510232588e-01,1.490190015230121734e-01,1.995001748107879669e-01,2.721103176881581875e-01,3.009016064559897341e-01,3.675211113408378694e-01,3.771933284941624276e-01,3.865030173803314373e-01,5.173129530963399558e-01,5.493986336481042621e-01,5.650801875189764845e-01,6.049162143768184174e-01,6.885379828913344991e-01,7.000525638412204987e-01,7.691702336143222407e-01,8.159400893896959772e-01,8.247755541384060862e-01,9.331883015457889119e-01
2.600420000000000000e+05,4.586530452674575375e-02,5.359801700869537555e-02,6.043122263292854957e-02,6.070085282573967067e-02,1.189348054373481345e-01,1.388892648822349640e-01,1.900822497082024221e-01,4.123043890315821747e-01,4.538756664426567555e-01,4.687592568246360392e-01,4.739508157044746151e-01,5.023613028214908294e-01,5.147770399865675417e-01,6.345984893790386216e-01,6.372458485601895095e-01,6.962171711677529462e-01,7.325581136765220158e-01,7.704662313197879753e-01,8.701375090295732084e-01,8.745214378168763014e-01
2.600430000000000000e+05,1.725096219493327254e-02,1.520828878400761752e-01,2.071996630628331060e-01,2.114568395028065817e-01,2.812596713516740676e-01,2.921735816399959607e-01,3.243474347436869909e-01,4.476841072338622052e-01,4.838015550719638735e-01,5.317556429386796069e-01,5.464078162257410831e-01,6.739454868152686684e-01,6.769445696552427449e-01,7.217428832083637724e-01,7.770573728714572637e-01,7.958321602943586592e-01,8.257579163889187113e-01,8.291786394700193519e-01,9.322359144111370677e-01,9.667598685735884212e-01
2.600440000000000000e+05,7.277369084310092440e-03,7.502161270459462017e-02,9.910153419868050761e-02,1.783644646986350946e-01,3.103279332687793879e-01,3.240630776859338980e-01,3.307846831786063202e-01,3.588259325216760498e-01,4.383744772801662082e-01,4.834960044730551854e-01,6.021479027595111333e-01,6.047754835033074539e-01,6.887737997671025125e-01,7.259804259617178568e-01,7.491473773048694662e-01,8.297997427105205936e-01,8.475832827242556489e-01,8.551181268208111197e-01,8.928272233405099012e-01,8.929113985982604085e-01
2.600450000000000000e+05,9.552878239591533482e-02,1.076935877098613714e-01,1.208528801074487680e-01,1.227103845009069882e-01,1.882253340105413120e-01,2.478206988586850734e-01,2.743754655710546331e-01,2.776374804306912525e-01,3.073730824712895826e-01,3.374284615894208583e-01,3.660421387906270807e-01,3.997145567462362381e-01,4.249177241299068042e-01,7.112906982591825633e-01,7.387173743308578233e-01,7.965138363629593599e-01,8.370867114870610415e-01,8.466805084324988684e-01,8.731624266136213119e-01,9.249683321209773990e-01
2.600460000000000000e+05,5.096758643655363574e-02,6.023889358586753673e-02,7.808610785459857428e-02,8.300033095450642939e-02,1.289874556685272067e-01,1.500082274230191137e-01,1.868723964864971165e-01,2.799908913115873865e-01,3.728399462249361029e-01,4.423399098723226341e-01,4.645662901137876943e-01,4.789417757751176508e-01,5.815864876464944544e-01,6.891186324329307000e-01,7.608707575545728963e-01,8.695415838461485469e-01,8.826666951419006590e-01,9.135043089753352996e-01,9.644363895738545800e-01,9.780472964734951979e-01
2.600470000000000000e+05,2.441377694443502833e-02,4.784168073997963067e-02,5.564992555600556390e-02,1.700449574084034188e-01,1.740028000251818696e-01,1.764553059163360693e-01,1.905150059355871228e-01,2.241114470529834701e-01,2.678222659870796996e-01,2.691496514339810631e-01,3.082391064005532977e-01,4.138493507256176818e-01,5.075866887100608515e-01,7.352557481893388092e-01,7.451103170411195187e-01,7.815008337306642572e-01,8.144732719888833072e-01,8.189391176062872368e-01,8.744849242261625299e-01,9.921763595064982955e-01
2.600480000000000000e+05,2.776527084778468435e-02,1.362604886645482072e-01,1.744945341930247418e-01,2.304381474964758425e-01,2.826978377449234081e-01,3.043115959055153752e-01,3.669387127955183736e-01,4.168526004010011388e-01,4.279122350074936465e-01,4.319659101398956036e-01,5.645573455935793961e-01,6.811466658623661630e-01,6.946795928006731513e-01,8.468387825649694722e-01,8.668063659441509472e-01,8.692917981322635379e-01,8.701499889490851292e-01,9.494904371848207347e-01,9.662073192566602575e-01,9.797862630447202736e-01
2.600490000000000000e+05,5.891452019374832094e-02,6.015661003586736388e-02,1.044353892896783265e-01,1.354343026006725736e-01,3.634489879442287519e-01,3.720342546739169309e-01,3.731583559114370896e-01,3.833310715218338771e-01,3.872084232080078570e-01,4.242355339624580557e-01,4.246610782817468177e-01,4.493616371938179421e-01,4.536664462363160233e-01,4.872759431980928646e-01,6.179283856536362807e-01,6.249813979684170073e-01,6.439108571972513850e-01,6.841612604354205818e-01,7.793143576554241170e-01,8.073648105891739757e-01
2.600500000000000000e+05,5.132665844728945270e-02,7.550387461971452829e-02,1.037087615946020724e-01,1.243277562169252670e-01,1.509900429063142369e-01,2.024275448242025544e-01,2.025533935190120260e-01,2.321642159250687509e-01,2.656857131895695723e-01,3.082093996671672054e-01,3.651807560162848576e-01,5.096702079132884311e-01,5.576696441266003612e-01,5.840479837432803745e-01,5.907107902532170440e-01,6.469975939857037783e-01,6.954943294350574012e-01,7.098738695651837238e-01,8.691776839298569479e-01,9.191863976831327054e-01
2.600510000000000000e+05,5.867486393313203763e-02,1.050255576923484480e-01,1.131397608551050205e-01,1.233314125922738702e-01,1.949667819446906369e-01,1.980166566437200348e-01,3.905369688884996471e-01,4.224490341401333504e-01,5.119472864132903478e-01,5.286895121911543427e-01,5.305893283104228253e-01,5.878015879000942912e-01,6.497334114605104460e-01,6.657875757127872385e-01,7.127721860062764536e-01,7.229428703207267937e-01,7.958815167760248110e-01,8.380277621516938336e-01,9.290048959317864785e-01,9.308067227558838308e-01
2.600520000000000000e+05,3.434226629999947988e-02,4.674131977536843952e-02,1.617005228593960675e-01,1.973720323542761390e-01,2.755431387327517134e-01,3.000275171051436374e-01,3.049087380293467042e-01,3.118358023118678046e-01,3.677405732402276861e-01,4.594568651774376677e-01,4.881469789145443938e-01,6.706780761546110581e-01,6.963066839942849695e-01,7.015280083336532524e-01,7.841464974271994404e-01,8.463556699808101325e-01,9.133974192547996696e-01,9.173021127161085086e-01,9.456023183441764068e-01,9.676250829831168909e-01
2.600530000000000000e+05,5.016605684347830163e-02,1.141828297987272922e-01,1.185584444412440819e-01,1.242293056589752753e-01,1.804986375425381429e-01,1.988647205466247403e-01,2.837114931497545234e-01,3.525732173382501999e-01,3.859125500461373370e-01,5.605149923973264947e-01,6.546115910700517349e-01,6.741129858480563453e-01,7.602346513796632843e-01,7.761274815016709905e-01,7.841756272623183754e-01,8.646184721284322361e-01,8.921639355619856993e-01,9.212029575607219023e-01,9.453019307821779460e-01,9.739110183615383720e-01
2.600540000000000000e+05,4.749105492317051702e-02,5.248893197703941027e-02,1.186226197113829928e-01,1.229656383303238121e-01,1.562988429812077751e-01,1.577563761330039727e-01,2.138094147541197421e-01,2.838663064389771451e-01,3.324992361381956529e-01,3.743180465457196515e-01,4.438453830011250822e-01,4.694740840428940354e-01,4.774152972720252519e-01,5.026794298119776627e-01,5.748932161587411160e-01,7.818344386516402622e-01,8.047910610843244106e-01,8.939133794804347000e-01,8.944913408122832088e-01,9.543399719411136406e-01
2.600550000000000000e+05,1.195667246231058023e-02,3.396771206433568668e-02,7.760730243819446983e-02,1.468463736753495841e-01,1.838066472527686290e-01,1.907413328004111674e-01,2.728884387615875262e-01,2.832448498150778038e-01,2.971016129892907198e-01,6.590284246928439504e-01,6.684168031055703896e-01,6.862157528528921580e-01,6.959045758579692764e-01,8.728424236350416088e-01,9.012362512227715117e-01,9.027224279900959436e-01,9.109451766897496139e-01,9.222681086454481703e-01,9.435721359686179976e-01,9.944366945423571691e-01
2.600560000000000000e+05,1.518302174362585744e-01,1.622471512252120496e-01,2.468124867713619164e-01,3.861622994489875005e-01,4.114328563115281501e-01,4.680190321515003138e-01,4.683987206770451328e-01,5.627973101016086055e-01,5.930785659665448462e-01,6.070891706702209456e-01,6.695216607049068180e-01,6.722822361834035476e-01,6.870475915788671895e-01,7.420615471603806412e-01,8.348334681442861616e-01,9.250654827455004892e-01,9.460407481214779812e-01,9.549372663030309960e-01,9.562138623933739145e-01,9.961524889743780253e-01
2.600570000000000000e+05,4.594000840075407321e-02,8.256984067608763578e-02,9.225744118054945986e-02,2.112340229128841784e-01,2.830100755729312301e-01,3.326514044303143791e-01,3.517914074497612287e-01,4.265417100135459050e-01,4.972278660378243176e-01,5.384184424106271960e-01,5.571969466802523252e-01,6.037076971991288676e-01,6.521924692921452493e-01,7.170739218976532880e-01,8.289332272403467927e-01,8.506318423683533192e-01,8.883510672807477526e-01,9.248033289646895305e-01,9.316833364496220904e-01,9.880883828319314555e-01
2.600580000000000000e+05,1.728197485949845014e-01,2.173788630349282602e-01,2.377034586102505509e-01,2.635212304689468210e-01,3.355392951585700612e-01,4.363660825531970877e-01,4.879370245661059924e-01,5.431642206499478487e-01,5.829555475799637065e-01,6.041839344630874908e-01,7.064663129879322767e-01,7.083394576589087110e-01,7.304487380629811621e-01,7.662997893788242587e-01,8.423013380731265709e-01,8.618075693837752294e-01,9.168684453571506188e-01,9.365696699938497183e-01,9.810649653949061744e-01,9.893223511758089117e-01
2.600590000000000000e+05,9.227178170991490180e-02,1.136856813823826640e-01,1.344260849905959398e-01,2.134131980895582759e-01,2.274214023485040537e-01,2.354124475186827326e-01,3.278988180865641811e-01,3.674462943041384433e-01,4.319954557090817104e-01,4.738261723084571386e-01,5.064354385311911066e-01,5.460791150988728582e-01,5.873952948212568526e-01,6.394924661910647012e-01,6.828592971317540838e-01,7.278666816443646326e-01,8.301486201874053172e-01,8.359548638297196188e-01,8.413276973899617150e-01,8.715282554019974093e-01
2.600600000000000000e+05,1.889563476113087503e-02,2.568258392165234660e-02,7.479759687942899582e-02,1.824491890714625697e-01,2.649217569296162811e-01,2.717522149556321764e-01,2.779299799445799080e-01,2.853707225206557618e-01,3.199110839996097688e-01,3.388305072873437629e-01,4.071629619023761082e-01,4.502782548419045350e-01,4.555475632103568318e-01,5.792127745812675199e-01,7.096143468310039948e-01,7.198501087812962940e-01,7.316314259850126289e-01,8.987052281652078145e-01,9.504277458670004064e-01,9.650091280157020446e-01
2.600610000000000000e+05,1.253946700927599522e-03,1.024368514740621183e-01,2.403616297501837140e-01,3.200572499180532882e-01,4.050880991532977982e-01,4.306238908899746587e-01,4.505133095595297288e-01,4.565713585521797846e-01,4.962547611789888125e-01,5.156274755431908829e-01,5.345536110630022542e-01,5.397190460194498662e-01,5.886551515964590919e-01,6.295746393116891104e-01,8.648902591535826412e-01,8.773809865929457219e-01,8.788461089399853821e-01,9.212703160524806645e-01,9.565599161383445681e-01,9.655585043933893052e-01
2.600620000000000000e+05,5.709950082495984791e-02,9.031533755291043519e-02,1.017986880290546736e-01,2.013542331207140990e-01,2.123392238501500273e-01,2.883732544875223791e-01,3.842476396522104265e-01,4.013867058259894538e-01,4.076004148413105987e-01,4.859111119495647113e-01,6.283454177494510740e-01,6.479789038274704760e-01,6.515481346170581833e-01,6.659448806538217358e-01,6.677360722205155641e-01,6.753577412963229776e-01,6.828530527693480456e-01,7.765502377379219778e-01,8.796976113331719249e-01,9.945001110527849075e-01
2.600630000000000000e+05,6.505205703182570520e-02,1.054020508722619542e-01,1.134075939662388954e-01,1.716874700982796709e-01,3.407327333720124862e-01,4.447665908568404491e-01,5.443065661784245446e-01,5.466398001880831137e-01,5.517612303800090157e-01,5.867839628484350367e-01,7.170251273318656304e-01,7.642194201197728409e-01,7.964220050767528702e-01,7.966047214278424438e-01,7.968339707154871165e-01,8.547754329525576455e-01,8.879061898398975528e-01,8.911013055033207841e-01,9.020104130730968173e-01,9.972848143572816682e-01
2.600640000000000000e+05,3.647214562359946122e-03,3.731070743161724046e-02,6.797631793070202377e-02,1.725533400006754592e-01,1.793147118468920720e-01,1.939816422831872611e-01,1.949358860997603138e-01,1.968542875370086209e-01,2.156034495477066049e-01,2.258355915809927561e-01,3.174169577593127789e-01,3.752114968581999888e-01,4.398604828327454808e-01,5.901229402343669550e-01,6.188885724386593568e-01,7.078052953854174767e-01,7.520659402245912784e-01,7.680266481391213595e-01,8.209097108776873819e-01,9.236650199015143947e-01
2.600650000000000000e+05,5.541183599900689760e-02,6.359625292077430991e-02,8.723285111455025831e-02,2.698748456634453285e-01,4.811799765224020753e-01,4.882496071938232651e-01,5.453470986938673271e-01,6.131535679247113180e-01,6.297112556351511792e-01,7.422611240604229943e-01,7.712343200021967160e-01,7.728699051608356463e-01,7.895932988639329242e-01,8.426638586827460697e-01,8.963817770205744218e-01,9.021239767283857347e-01,9.129189955284180424e-01,9.477619925757174713e-01,9.594510178376293164e-01,9.916306519495400318e-01
2.600660000000000000e+05,2.256582582303601203e-02,6.108578053603885838e-02,1.175713112601172172e-01,1.220333655260877892e-01,1.262848802695376582e-01,1.405605155199147749e-01,1.768459376324129639e-01,1.929617090247197631e-01,2.050053706710986967e-01,2.134516297960089570e-01,3.519200795257673153e-01,3.854003070264970798e-01,4.489891500332177099e-01,5.080457595154492800e-01,6.500761121288365363e-01,7.707251903121128400e-01,8.224127907997041964e-01,8.553357416013945835e-01,9.312692547398313536e-01,9.671781908491356994e-01
2.600670000000000000e+05,9.343597951767634857e-02,1.454894375276399865e-01,2.273413938323641803e-01,3.177616038278436861e-01,3.325265076692953681e-01,4.609276211188223504e-01,4.759415280764229816e-01,5.446908731179916918e-01,5.538913842230203111e-01,5.939848519042724151e-01,6.000124846107406373e-01,6.601168329158644266e-01,7.081261313523051770e-01,7.349023588771776971e-01,8.083349349430808406e-01,8.723772518069838888e-01,8.956513248390813864e-01,9.090257591361097234e-01,9.577760345711430201e-01,9.907401082788734881e-01
2.600680000000000000e+05,3.694354911582331535e-02,1.265738602453378991e-01,2.957111701563013284e-01,3.272168741843908268e-01,4.225091728956225090e-01,4.439556667679752655e-01,4.738991098764689935e-01,4.804200034678602904e-01,6.446870905192391144e-01,6.502783328554201381e-01,6.741814943325259435e-01,6.868276824418103610e-01,7.143660080539643298e-01,7.488900968424474502e-01,8.107393442051051835e-01,8.226859106453181525e-01,9.114908712822163972e-01,9.258284289096916364e-01,9.517354279430741970e-01,9.587293762483476423e-01
2.600690000000000000e+05,8.855807095888690306e-02,1.045960666308021203e-01,1.518824232402029573e-01,2.095899025246943381e-01,2.116041137535407124e-01,3.309663045406396886e-01,3.452868300503084686e-01,4.935835192996530507e-01,5.135918173692645139e-01,5.572767486994015806e-01,5.865871418973483964e-01,6.195012494273984816e-01,7.214130073892407458e-01,7.235442595266777799e-01,7.499903846623707793e-01,7.985997472421393351e-01,8.022976946398954201e-01,8.928505057943015855e-01,8.961860401107811791e-01,9.640260101247760671e-01
2.600700000000000000e+05,2.860905851569950364e-02,7.752782718604389611e-02,1.497519785421582705e-01,1.641161713790008081e-01,1.903971265239686739e-01,1.905539203441535268e-01,1.924988775071284630e-01,2.218876790049782999e-01,3.649645805473510363e-01,3.769019846376432392e-01,5.537320378771652951e-01,6.481097565507757396e-01,7.453763718117021320e-01,7.675492966102384074e-01,8.201335289096346459e-01,8.748255255878230052e-01,9.310398383887186213e-01,9.415938725417069000e-01,9.502837003490288703e-01,9.696996288675732156e-01
2.600710000000000000e+05,4.639898340945580735e-02,4.806529890424959817e-02,1.934709393921257847e-01,1.947481244590650862e-01,2.065502817210821407e-01,2.066924707549993023e-01,2.601134608750167443e-01,3.155586201805253843e-01,3.176104827733756686e-01,3.411267812235234675e-01,4.023980746033131162e-01,4.278156449832221098e-01,5.086708886853633649e-01,5.552675147672276879e-01,5.591028650712313031e-01,5.838774858082550478e-01,7.058128134439619616e-01,7.721540866076792575e-01,9.269141553072307582e-01,9.805852987728842507e-01
2.600720000000000000e+05,3.951086498576916739e-02,6.353874092453226652e-02,6.578997527966723435e-02,6.791257475273027033e-02,8.387385479948583633e-02,8.996886995615549498e-02,1.193448133151250312e-01,1.901385929706519429e-01,1.987419779825682076e-01,2.261759141034747067e-01,2.679533965336463597e-01,3.027404532336821497e-01,3.401789780609706382e-01,3.745726536648689153e-01,4.531205420100887782e-01,4.876808653715742903e-01,5.678920991186309220e-01,7.670257267570826931e-01,9.168988707682113048e-01,9.726693791323821614e-01
2.600730000000000000e+05,3.435309095337069074e-02,2.219044346338576723e-01,2.402172398925512820e-01,3.165606574215028557e-01,3.677156704805962795e-01,3.922512652612581974e-01,4.547964170218321556e-01,4.918439481218880305e-01,5.498091028743582465e-01,5.714965523303954242e-01,5.720360897993098659e-01,5.749850253946257039e-01,6.016382271441971241e-01,6.196832354475021454e-01,7.105790573815796707e-01,7.216555747652156905e-01,7.340836124731733303e-01,8.784293958691636872e-01,8.912680871850363618e-01,9.065040184003829715e-01
2.600740000000000000e+05,1.468944131653304730e-02,1.611329331823052602e-02,6.409512607097567205e-02,7.881898099709638839e-02,1.265177181339415258e-01,1.595452535495408553e-01,2.808155692530723835e-01,3.424349783722101526e-01,4.195558788335294054e-01,4.198912698913050967e-01,4.826177323631969385e-01,5.371124037898388215e-01,6.041014895212871716e-01,6.176586448956888908e-01,6.931267433499406216e-01,7.145265859711411593e-01,7.362010454402255766e-01,8.838484100466698079e-01,9.102224988257477944e-01,9.565852968966679359e-01
2.600750000000000000e+05,1.235574330984292590e-01,1.506841062610987381e-01,1.838642201507880714e-01,1.921940923195964990e-01,2.524696826225418800e-01,2.819105629106085642e-01,3.711863583691485946e-01,3.982652894196928584e-01,4.024945668586977776e-01,5.455807170682857032e-01,5.509333900810254869e-01,5.912353019520365516e-01,6.022539440469246719e-01,6.423921175819021778e-01,7.305700937902938064e-01,8.405028675958875484e-01,8.801390162783331306e-01,8.866238293509772772e-01,8.890669479081912963e-01,8.992089616122732609e-01
2.600760000000000000e+05,1.166092216642822255e-02,2.586611410042383152e-02,3.447273012635077016e-02,5.111722851500499765e-02,9.833819698911572260e-02,1.640626897825836483e-01,2.266957059814190822e-01,2.414390788513106623e-01,4.239743054785179988e-01,4.333835337579236002e-01,4.701606912480446043e-01,4.776531047282844833e-01,5.316678443910435314e-01,6.511894084905446300e-01,6.965651082778558933e-01,7.864714967531748480e-01,8.814699727112903505e-01,9.330087856957014480e-01,9.413675135664525406e-01,9.874920140683027814e-01
2.600770000000000000e+05,1.548631709686892899e-01,2.297817239452429883e-01,2.321885686691581574e-01,2.811656410430144470e-01,4.898672374490481429e-01,5.099802161828009828e-01,5.342129402610744648e-01,5.972609157024467708e-01,6.175294451093089609e-01,6.654486789769532562e-01,6.714006576631323941e-01,6.815118105092698997e-01,6.836027473984163105e-01,6.919402440524337061e-01,7.531870949814192251e-01,7.609405215161277880e-01,8.000286043086589638e-01,8.071294231648749040e-01,8.080066141086638121e-01,9.663878935601538656e-01
2.600780000000000000e+05,4.932934349371476124e-03,1.146421958505294825e-02,8.057806798658717629e-02,1.455238032383467939e-01,2.434700772323542539e-01,3.523699535077615685e-01,3.806939960913631182e-01,4.121690355905240910e-01,4.783589611447253143e-01,4.797784694401129313e-01,5.076401720707673926e-01,5.291965461170765606e-01,5.786094060244805215e-01,5.846872734877345268e-01,7.373552103691971560e-01,7.582438295863320743e-01,8.139245833632541283e-01,8.466886255718878429e-01,8.888768069469717981e-01,9.094838859094175332e-01
2.600790000000000000e+05,1.527828257358676556e-02,1.323287268411427187e-01,1.401775716468025568e-01,2.078211584452248628e-01,3.500613703958801448e-01,3.571563861149956720e-01,4.368758570517309314e-01,5.393813354680015992e-01,5.485622889605240582e-01,5.503700602957235510e-01,6.077518255543424841e-01,6.418861960354124152e-01,6.694789114989320167e-01,6.855933002585229419e-01,7.241515887339845525e-01,9.097323731634484600e-01,9.122694616704833948e-01,9.192910087557022436e-01,9.570580867877520603e-01,9.990145859830714681e-01
2.600800000000000000e+05,1.050075536913863683e-02,5.698824627054988046e-02,6.831120354941977446e-02,7.203154492768182315e-02,1.162990430194306146e-01,1.268825143062894956e-01,1.371750208652015024e-01,1.495682859223812500e-01,1.960313397434371163e-01,3.629901704296789600e-01,3.638391260068951638e-01,4.173368432571059605e-01,4.378309968367606331e-01,5.654343151224404673e-01,6.490055770959015646e-01,7.259502775893471593e-01,7.301216541051470665e-01,8.066699804941180885e-01,8.478259647773624952e-01,9.327956678937099344e-01
2.600810000000000000e+05,2.786127019017170525e-02,4.130301816486758870e-02,4.275185475347220709e-02,2.575887836888257620e-01,2.893228246955475980e-01,3.616923694726479344e-01,3.801762445666021506e-01,4.943516836541466120e-01,5.787090820882893061e-01,6.137576953445992300e-01,6.674188804575089673e-01,6.737046500931793691e-01,6.810366368738118847e-01,6.947711136507976892e-01,7.639392957437719511e-01,7.654220827569852004e-01,8.308777467475918499e-01,8.793667541110041785e-01,9.176194321883762717e-01,9.771936972929593512e-01
2.600820000000000000e+05,3.225111048214468479e-02,8.562751744414320854e-02,1.299274869298321367e-01,1.741255763543693158e-01,1.910804043596020518e-01,3.311764506480798786e-01,3.745541051975607161e-01,3.909755219778594526e-01,4.071879246170186928e-01,4.458346310432711457e-01,5.346350565864198545e-01,5.446623203018704507e-01,5.492490708557801193e-01,6.060205509663173506e-01,6.637828103391879564e-01,7.048589658113360024e-01,7.890286613677758298e-01,8.119029898692451397e-01,8.374199691817481028e-01,8.617297052799072210e-01
2.600830000000000000e+05,2.760135792383111575e-02,1.410280249750714976e-01,1.730849367827916874e-01,2.834413499696831762e-01,3.558513034884454029e-01,3.696267393557250980e-01,4.520886519298846773e-01,4.744183883906613053e-01,4.915158908607802912e-01,5.132621487151980411e-01,5.203836718339317491e-01,6.283295432068283226e-01,6.585333519126985724e-01,6.900725280443112952e-01,7.620489834004895435e-01,7.976085701191975019e-01,8.344869894097609597e-01,8.463036376928547710e-01,9.037829728371519211e-01,9.993859739503897499e-01
2.600840000000000000e+05,1.180144726397192034e-02,2.781690870650710412e-02,1.469675676985763291e-01,1.542247684373179162e-01,1.766263124020270858e-01,2.497224255292604944e-01,3.639090252068276632e-01,4.698181940237933230e-01,4.885648413803236334e-01,4.927957125629257584e-01,5.196901283110934022e-01,5.853396803568787776e-01,6.039175451277055684e-01,6.099811223099770308e-01,7.023589621047254816e-01,8.041825681682772675e-01,8.755044608254605176e-01,9.288090261482393473e-01,9.479006059865472400e-01,9.586748760083664278e-01
2.600850000000000000e+05,4.366602781419148815e-02,5.673456457741277159e-02,1.701580642197078053e-01,1.741041486346914802e-01,2.010567503095115338e-01,2.812113857852840404e-01,3.377472362430677943e-01,3.871574541966675831e-01,3.909410092387201052e-01,5.087783350423753514e-01,5.130587197273850375e-01,6.120735858503559834e-01,6.954392322453939457e-01,7.159573562671266433e-01,8.401555619746178261e-01,8.507761644844843429e-01,8.905701990095835630e-01,9.055356537968183295e-01,9.097624397263904816e-01,9.344814886540657728e-01
2.600860000000000000e+05,1.513864998484470981e-02,3.516999563983591592e-02,7.869247037397386624e-02,1.987312506662656242e-01,2.943411246807917658e-01,3.781774681170365637e-01,4.157642361404767506e-01,4.324365828956623359e-01,4.701195091900097767e-01,4.834711716988309149e-01,4.977236149405369625e-01,5.062114756078522904e-01,5.752673802915289070e-01,6.429808452063454638e-01,6.612417720297647517e-01,7.333434113650103559e-01,9.001320260865574019e-01,9.071254827607352356e-01,9.138457508348827307e-01,9.194973618777906310e-01
2.600870000000000000e+05,6.145815822916456117e-02,1.138402454393480090e-01,2.186945088295102479e-01,2.557150412763230518e-01,2.694826043220612810e-01,2.866574634539201805e-01,3.413426716766411184e-01,3.622141209114921878e-01,4.032003502457403021e-01,4.148954183280274544e-01,5.433409567474564161e-01,5.888027445761406797e-01,6.615354386327503278e-01,6.978096682361037972e-01,8.426084041572265981e-01,9.199312865313241661e-01,9.233181625276373206e-01,9.582021693180213795e-01,9.649354394728064666e-01,9.741066467401507945e-01
2.600880000000000000e+05,1.601166694739730723e-02,2.621059090757726917e-02,5.229260601526197760e-02,1.904565582693092951e-01,2.317990150354832801e-01,2.952497863897859398e-01,3.194223694989013485e-01,3.519669294295497686e-01,4.121799178876014436e-01,5.070345662997411962e-01,5.246831385869106246e-01,6.156336694237068974e-01,6.376820008437535936e-01,7.009651620135819439e-01,7.516440091343864482e-01,8.563972186017357879e-01,8.653280915363362746e-01,9.075103229041165953e-01,9.805595005596412506e-01,9.889730264204721344e-01
2.600890000000000000e+05,7.192656512789818990e-02,8.406891665153426452e-02,1.979485479879914411e-01,3.038266350703441310e-01,3.689480351610778808e-01,3.744221329118089248e-01,3.813287261002817896e-01,3.825663420946703308e-01,4.104615578709209789e-01,4.637522181981358349e-01,5.185552197781089223e-01,5.221648891795694913e-01,5.952506286003163005e-01,5.999900493476904018e-01,6.586507187200913993e-01,8.128506658094719617e-01,8.636643747915763170e-01,8.916247388721200151e-01,8.928225154265719832e-01,9.467811340896215011e-01
2.600900000000000000e+05,2.341429260149674452e-02,1.258942695102663878e-01,1.430607801143629620e-01,1.812244679932257796e-01,1.920586992586964525e-01,2.451452954018353836e-01,2.621131317159770546e-01,3.919609012254942071e-01,4.462382742503965272e-01,4.836264580407776403e-01,5.242090772458519732e-01,5.303934056465061664e-01,5.670985333851742416e-01,5.818281689009292545e-01,7.183313781527522757e-01,7.405455786699313148e-01,7.624312394171696150e-01,8.307991157884858646e-01,8.840041394686843912e-01,9.890139367121179026e-01
2.600910000000000000e+05,8.007603520619743787e-02,1.122756401312101637e-01,2.184035709952718562e-01,4.537619499871833328e-01,4.559858653937389761e-01,4.665464486400086042e-01,4.960101110808516900e-01,5.257633943289040657e-01,5.448953994778708010e-01,5.699875751222971410e-01,5.778777534005848926e-01,6.189013938386470626e-01,6.201831068561607374e-01,6.275473037427485856e-01,7.015901398899929697e-01,7.835855514640059916e-01,8.127499446990805732e-01,8.770294905730845469e-01,9.051588820066952534e-01,9.544879833199096941e-01
2.600920000000000000e+05,1.643780571297182025e-02,5.776217617465551069e-02,7.569666898591664861e-02,1.366160176657845726e-01,1.577142555631676490e-01,1.601969787789059296e-01,2.264884678291820830e-01,2.379359769478418540e-01,3.054916769816038435e-01,3.260395653229111179e-01,4.113003038345240947e-01,4.300043692542805385e-01,5.071888609840277118e-01,7.483832616034323815e-01,8.289126084928432059e-01,8.362778900995322395e-01,8.978044852371181994e-01,9.090271401070399993e-01,9.129561856876593495e-01,9.462151802699469982e-01
2.600930000000000000e+05,5.911127238875057976e-02,8.125241620514278562e-02,1.081874989867674941e-01,1.423143481840257740e-01,1.963009886522192327e-01,2.240844104638228806e-01,2.320058687974602130e-01,2.986799870777744337e-01,3.819993889431830825e-01,3.953880922475143667e-01,4.225096114681718973e-01,4.842519575363939399e-01,4.888198027515080479e-01,5.570411997363101664e-01,7.857692345089517527e-01,8.016857077041711355e-01,8.714249814490045987e-01,8.730905420999280908e-01,9.125896427123151300e-01,9.680066664158021306e-01
2.600940000000000000e+05,7.162434706434683829e-02,1.104742040219692800e-01,1.392528508806731846e-01,1.688725719234993594e-01,1.827790967174841574e-01,2.092961167469898909e-01,2.540329665826599470e-01,2.664133904999127500e-01,2.731447094100188933e-01,3.467238784533333007e-01,3.966840851208929264e-01,5.518776643832398188e-01,5.984183643035455580e-01,6.387199304602533267e-01,7.200691807948762513e-01,7.266991621680317648e-01,7.823766410152774853e-01,8.721965328589549316e-01,8.969969139149862603e-01,9.661023849165120136e-01
2.600950000000000000e+05,1.184284368209220784e-02,6.517856752088946326e-02,6.867046209563176795e-02,1.184819823810587813e-01,1.236980732030202867e-01,1.316220475238090160e-01,1.865770683674403685e-01,2.014697476870193071e-01,2.171004755395243846e-01,2.286118027376730089e-01,2.860316736969535922e-01,5.193032418770648917e-01,5.972103483175588146e-01,6.818293283792402626e-01,7.127984384948099494e-01,8.449205551580331042e-01,9.261073844833308533e-01,9.302921507146010294e-01,9.418876733955112712e-01,9.708486681774789462e-01
2.600960000000000000e+05,2.143872469651092461e-01,2.603164753323268243e-01,3.443195938060759076e-01,4.155673297219452111e-01,4.377731539158155050e-01,4.521771390443229954e-01,4.892391284184010036e-01,4.985567416355146664e-01,5.168683329911929469e-01,5.308808197808522200e-01,5.819526033725339609e-01,6.221546502926207367e-01,6.275082546745388568e-01,7.496399775332452942e-01,7.818198611622680927e-01,8.643660138001499904e-01,8.734504371489590913e-01,8.767151123052244754e-01,9.174240557889685732e-01,9.563314502497195502e-01
2.600970000000000000e+05,5.529295595732830471e-02,1.042929688960351209e-01,1.177278204737128853e-01,2.409300332335806427e-01,2.628137786390426500e-01,4.036251258467506986e-01,5.512086172310163290e-01,5.740523638738339596e-01,6.106124160759607289e-01,6.120624077318242984e-01,6.466793815210571950e-01,7.391874049924103129e-01,7.479640387727113371e-01,7.595383825966698366e-01,7.783378738826476351e-01,7.969613772736598989e-01,8.674414996753423424e-01,8.717707638035382400e-01,9.566841171082720585e-01,9.847590409248984100e-01
2.600980000000000000e+05,5.466466241583456398e-02,1.062263804187831839e-01,1.270769928290764739e-01,1.922810304213212751e-01,2.146240100431893172e-01,2.941059538959681641e-01,3.227780195833613863e-01,3.376082389378870507e-01,3.687224484733175878e-01,3.741339558341715277e-01,6.215529977057895339e-01,6.339126300374446910e-01,6.752565804557436602e-01,6.786005471783147502e-01,6.945747035886142839e-01,7.003787491354402928e-01,7.277669483384898719e-01,7.821491540616435367e-01,8.563854383063393971e-01,9.740653782366270885e-01
2.600990000000000000e+05,1.243789837868536363e-02,4.925472294757138325e-02,7.615489996871460665e-02,1.131919014481963526e-01,1.264840991398227255e-01,1.612042527418883209e-01,2.705759894499468743e-01,2.797009069291483963e-01,3.140312393735869012e-01,3.693528488690485112e-01,5.695864686134355370e-01,6.228750022514444318e-01,6.576880671873139850e-01,6.897021776532586967e-01,6.917699858412484915e-01,8.696171321512050634e-01,8.980910857519208701e-01,9.061824280655035313e-01,9.170885998476999701e-01,9.183883501684307893e-01
