2.900000000000000000e+05,1.179043456411326130e-01,2.287479711465011389e-01,2.634144281262029708e-01,3.030407831446517708e-01,3.827569213588074559e-01,5.069261372956181955e-01,6.224669652273087106e-01,6.275067929946472889e-01,7.036299327734355513e-01,7.053611807915662890e-01,7.310764776500262574e-01,7.514464731486267812e-01,8.254109310879871320e-01,8.417566013707756811e-01,8.684814586386370161e-01,9.013327512359760041e-01,9.039595246277224438e-01,9.698733012058671221e-01,9.831668932633991220e-01,9.952158095576487673e-01
2.900010000000000000e+05,1.381126663397911347e-01,2.261150213715961144e-01,2.640404126426989517e-01,3.048714448980591740e-01,3.908008655383340413e-01,4.250721410999044325e-01,4.497659456958289503e-01,4.726944677410844786e-01,4.776977909354199747e-01,5.972095552697571641e-01,5.982063475219763227e-01,6.085661525899895841e-01,6.929030362709598379e-01,7.078853277850606363e-01,7.470179964767442726e-01,7.631778157232069759e-01,7.877423968418877376e-01,8.200288530387368491e-01,8.713720382853886726e-01,9.709352873087881974e-01
2.900020000000000000e+05,3.570407333582381604e-02,5.026011921805006999e-02,5.609033011942310409e-02,2.267021416275019075e-01,3.579544408126580368e-01,4.019822621050899158e-01,4.057851023498736387e-01,4.085767334742342882e-01,4.435364316877355995e-01,4.556430880363289138e-01,5.636343434453147117e-01,6.131147023225248516e-01,6.299113200056071227e-01,6.409451107054952024e-01,6.670043343363046828e-01,7.319752208294804108e-01,7.405935237021209483e-01,7.533021614701296276e-01,8.268557683608482867e-01,8.321141240111076254e-01
2.900030000000000000e+05,5.509953062877459562e-02,1.261418153168444301e-01,1.458787158272306650e-01,2.049219675471840585e-01,2.648186845616061769e-01,2.997529284750825029e-01,4.252365514982628936e-01,4.608292687845785274e-01,5.206887978037026965e-01,5.388409406918757139e-01,5.504531803783732080e-01,5.534906989211729744e-01,5.546309843911804149e-01,5.807516397351106807e-01,6.547695071742449802e-01,6.598184310903760785e-01,7.084855258727876803e-01,8.091837869440178244e-01,8.289488861015303911e-01,9.222455516533483166e-01
2.900040000000000000e+05,2.591476193193587019e-02,5.049439602473837496e-02,1.952691335989489296e-01,2.533940097521168999e-01,2.589468998951164336e-01,2.666193592308241378e-01,3.461021758410108839e-01,3.618401025567159479e-01,3.938406688515375675e-01,5.058311544080148492e-01,5.079244913314797660e-01,5.170193106768035118e-01,6.319303202612817083e-01,6.445485796743510853e-01,6.977052525930267368e-01,7.214391014407274261e-01,7.242690384880364762e-01,7.243618051131089919e-01,8.877340688068430241e-01,9.671162820244262326e-01
2.900050000000000000e+05,4.000549308469292242e-02,6.498543340508777799e-02,7.615245521973368348e-02,1.853450963121651140e-01,2.589402436754527637e-01,4.031437530627376420e-01,4.051875182174428103e-01,5.228922387202701305e-01,5.455483593861323310e-01,5.663049485324824772e-01,6.207947495630435908e-01,6.288124823346611381e-01,6.839280527417282984e-01,6.967843308787337042e-01,7.106163259107253216e-01,7.284317431386249098e-01,7.815801078866869700e-01,8.441364283312245975e-01,8.820411881770159335e-01,8.912080858266774319e-01
2.900060000000000000e+05,2.237056818727508611e-01,2.701685238384354815e-01,3.582607222878640973e-01,3.770469130027627180e-01,3.898838674708405838e-01,4.583599947630702109e-01,4.773805871517583510e-01,4.839100554355727501e-01,5.114533329317134669e-01,5.140360736175402234e-01,5.373825537126779572e-01,5.421331854742947876e-01,6.230687646763176657e-01,6.574441827018274731e-01,7.134291329763662315e-01,7.402957991395605619e-01,8.122317170315783708e-01,8.564084957671757037e-01,8.775221779412405443e-01,9.456322274618236268e-01
2.900070000000000000e+05,1.237491845926048661e-01,1.463009633394254383e-01,1.914765450876110275e-01,2.066964699920188497e-01,2.090423954655692418e-01,2.502247383442737227e-01,3.616964300521741116e-01,3.709672047774339454e-01,3.974088618595501554e-01,4.851049422176204606e-01,5.269241925743186616e-01,5.394801585763602247e-01,6.043976048728233463e-01,6.060244541562098686e-01,6.812520073986807478e-01,7.309836382331246218e-01,7.465554015734433557e-01,8.059719461461685164e-01,8.149325223820883535e-01,9.238047087954599501e-01
2.900080000000000000e+05,2.233310230834728571e-02,2.956348961852550694e-02,5.433613588573826814e-02,6.071829907720638353e-02,6.234621757366343164e-02,9.480169370284530217e-02,1.120774973331593038e-01,1.293820622555004185e-01,3.354627988678008377e-01,4.577637521341512139e-01,5.179425773341661543e-01,5.599388848837399957e-01,5.676783336702090343e-01,6.131540742625308793e-01,6.180224410371488730e-01,6.901467147985048678e-01,7.021222657512075083e-01,7.176826155918953898e-01,7.587569152223929692e-01,9.522520857388310223e-01
2.900090000000000000e+05,5.647531860000321036e-02,7.165102190222527589e-02,1.349948042203349408e-01,1.731283702188982643e-01,2.103194641873947779e-01,2.493985795092944491e-01,2.593929521028268681e-01,3.084773369145337174e-01,3.173463924476846998e-01,3.981065734940835155e-01,4.138103694967706359e-01,4.150667084590241585e-01,4.755905299203416758e-01,5.990902334903350779e-01,6.597201681267830242e-01,6.876184429958819289e-01,7.182089408292895438e-01,8.595050137244943933e-01,9.009428846678269043e-01,9.136177798556328611e-01
2.900100000000000000e+05,6.322703157028319865e-03,1.419720390286483003e-02,1.543265738671873999e-01,2.727116532385552850e-01,2.814029853251268642e-01,2.873098402624288950e-01,3.164819140707443301e-01,3.978600959056376452e-01,3.987422896473635792e-01,4.946615693914064860e-01,5.530782287929150165e-01,5.939151594467515505e-01,6.021808561506710733e-01,6.283215658536064341e-01,6.853114972123799387e-01,7.265385331087381715e-01,8.058698879875678678e-01,8.710194583461750018e-01,9.276440834203759644e-01,9.983562963910161958e-01
2.900110000000000000e+05,2.063386549352541621e-02,3.640399758159029719e-02,1.625700741854432252e-01,1.711024387838165906e-01,2.422000826609878033e-01,2.513009701922493955e-01,2.671280427301677696e-01,2.889797846367174738e-01,3.037883980854373389e-01,3.597725887145424295e-01,4.253404873265106412e-01,5.615309411590858613e-01,6.717993676502544975e-01,6.952611390406310266e-01,7.974068044911536424e-01,8.908935397577681936e-01,9.359562939718533148e-01,9.782006318400122691e-01,9.912201698384009996e-01,9.956281906776734969e-01
2.900120000000000000e+05,8.973407293952251340e-02,1.774868010632018045e-01,2.077587373280096461e-01,2.251967411546632603e-01,2.809668459992425982e-01,3.216889123295801900e-01,4.023034563149550102e-01,4.417544671879346518e-01,4.535798250534017750e-01,5.360695405890026910e-01,5.505247183821108115e-01,6.026449815499019813e-01,6.319947485280079658e-01,6.995475962010391235e-01,7.602505207867125137e-01,7.948680085216325297e-01,8.632218207730315562e-01,9.375200833147596668e-01,9.765876632914785027e-01,9.975516480984840673e-01
2.900130000000000000e+05,2.672240982921236796e-02,1.361551389573112392e-01,1.624108707539416718e-01,2.402149718722716987e-01,2.641639679702849630e-01,3.006309604157701987e-01,3.059786078651234309e-01,3.079102615301875234e-01,3.401834669485364060e-01,3.769501189062148816e-01,3.889352399737581178e-01,5.186015208977986513e-01,5.310432753574754194e-01,6.356967664283634800e-01,6.904226392506984666e-01,7.275287401889345418e-01,7.967857624356574631e-01,8.048366497127567021e-01,8.087674767318222546e-01,9.719963129099211674e-01
2.900140000000000000e+05,8.382488807196031289e-02,1.307098651119392718e-01,1.409809739631737724e-01,1.459764749919776339e-01,1.880456108484432898e-01,2.035905568659708287e-01,2.148302039859246726e-01,2.502722180654219919e-01,2.936525985885097834e-01,3.929110193329102829e-01,4.296574875210360522e-01,4.344455727667858591e-01,4.568663797094988377e-01,4.731225786414304801e-01,5.065912135530221683e-01,5.190799714634298789e-01,5.855548403709924798e-01,8.122131070564266864e-01,9.459005925607111287e-01,9.537929683185937257e-01
2.900150000000000000e+05,9.362076475263392261e-02,1.366624989721195726e-01,1.988373077338994044e-01,2.100017676880420181e-01,2.173142747095044847e-01,2.329474900504873158e-01,2.575892026436263915e-01,2.691743057910586101e-01,3.274452671443319751e-01,3.355565547294553363e-01,3.506855479678770982e-01,4.439916872717465379e-01,4.985654553645592069e-01,5.104447255767587954e-01,5.736949197175695847e-01,6.773021120351145896e-01,7.544806743700542828e-01,7.623022228275346812e-01,8.393052229050959046e-01,9.610242237897862472e-01
2.900160000000000000e+05,3.822310024239317094e-02,4.272311751891744169e-02,6.129273042997462895e-02,1.820200948543361230e-01,2.423013908959326113e-01,3.162934971016145846e-01,3.257305743615667160e-01,4.385273850801371109e-01,4.734293526276781572e-01,4.930902351269328410e-01,5.459252012835930090e-01,5.954723225640131679e-01,7.175832919623743589e-01,7.201020462407070610e-01,7.644869610961111395e-01,8.198391768167216931e-01,8.333920575835461753e-01,8.724497652398054415e-01,8.997659779993458784e-01,9.651734318898157472e-01
2.900170000000000000e+05,1.551822592385365684e-01,1.807260194988985491e-01,2.789194924897907546e-01,3.108275438918625122e-01,3.231009971795246738e-01,3.361225618189881414e-01,3.408981102956601950e-01,3.609588060573277746e-01,4.069736000562685918e-01,4.875658969093802364e-01,4.954766000317523122e-01,5.532223909987860067e-01,5.573896958681892055e-01,6.954202493099730376e-01,7.672101018519031923e-01,8.241958473498560700e-01,8.554552772928490922e-01,8.914252641417729217e-01,9.101383667532496613e-01,9.179616196777832249e-01
2.900180000000000000e+05,1.346388465457526440e-02,3.404518023672842286e-02,4.273931804339692331e-02,8.113311716350690705e-02,1.259145732141168095e-01,1.778180916250553523e-01,2.062797299526929473e-01,2.365883173717271415e-01,2.599422567618704383e-01,4.075661874441016685e-01,4.215332668738177579e-01,4.462674535373245543e-01,5.225291943596281907e-01,5.266660977195185556e-01,5.880822776126484186e-01,6.372555831755879474e-01,7.692262253897764746e-01,8.298576616038674247e-01,9.053624018625509029e-01,9.077646644131279752e-01
2.900190000000000000e+05,3.996177656762467389e-02,7.177775088104054735e-02,1.550906102507124684e-01,2.119684893071177578e-01,2.422181096500891639e-01,2.546662213749794068e-01,2.575601640031444095e-01,3.038448990634767810e-01,3.071275419693889619e-01,3.775395412585125232e-01,4.807766994647129088e-01,5.099546151936084071e-01,5.276690722823503821e-01,5.507635379196353931e-01,6.986479342885096866e-01,8.035280399452316979e-01,8.590154585087497185e-01,9.328990724267550716e-01,9.910603435002146577e-01,9.946345431616240296e-01
2.900200000000000000e+05,4.192861510349366050e-03,5.686401493414916519e-02,1.148382657593327583e-01,2.075372852826600223e-01,2.493657855407661605e-01,3.831258418722796044e-01,5.228973913227377146e-01,5.838280786406139233e-01,5.972659093983470058e-01,6.173579019427565262e-01,6.904187703115809427e-01,6.931734539648037874e-01,7.340009635177344727e-01,7.697696381544756328e-01,7.965861263234134126e-01,8.282655392568516461e-01,9.089097225070826847e-01,9.519062859937550414e-01,9.616479845363156143e-01,9.663936151079695058e-01
2.900210000000000000e+05,1.478344897422800841e-02,3.376266849377529411e-02,2.046108657784041496e-01,3.277937997522281099e-01,3.989001111512585629e-01,4.559122287695371867e-01,4.643638033352394112e-01,4.724051302729377344e-01,6.016980892440906281e-01,6.020558106667409648e-01,6.455647099098664743e-01,6.716058018819163200e-01,6.872980955933536418e-01,7.426638937697427334e-01,7.585018044081532906e-01,8.287203998318912745e-01,8.417321021133944425e-01,8.564564182960745509e-01,9.718413615025943697e-01,9.811189586505615345e-01
2.900220000000000000e+05,2.673631217446825747e-02,5.715328191276913827e-02,6.948406709509591384e-02,8.786303335116252278e-02,1.422055034581959365e-01,1.533411199062194585e-01,3.320437293401652390e-01,3.343678793773293689e-01,4.490777324634452894e-01,4.544540662396473474e-01,4.907313256615378760e-01,5.201397246427960086e-01,7.234308674040164089e-01,7.803132876964513631e-01,7.904462458746158715e-01,8.074528251722297156e-01,8.978777893776920260e-01,9.033544110368361135e-01,9.305934472625058129e-01,9.375528633057528261e-01
2.900230000000000000e+05,3.761482640228497321e-02,7.874997834479491310e-02,9.729305530754284170e-02,1.242530217602425546e-01,1.529964861513373187e-01,2.730753815144210117e-01,3.007836255216060906e-01,3.173509156058968994e-01,3.866434821288842194e-01,3.988412053890629805e-01,4.967994183821256016e-01,5.300122400214377638e-01,5.481534794102607133e-01,5.761477342183572992e-01,6.017666987281286017e-01,6.734038718423338565e-01,6.828086864189477634e-01,7.291745618086087344e-01,7.948484842950540585e-01,9.277167270840400715e-01
2.900240000000000000e+05,3.372863853936625134e-02,5.794458365579657766e-02,7.393052133529620651e-02,2.433154886785938720e-01,3.293183746501945341e-01,3.693117091743285396e-01,3.903516643761957283e-01,4.321670778312273198e-01,4.709635911345001480e-01,4.988978015093367135e-01,6.241192344478544429e-01,7.289145646391084199e-01,7.900155053757992318e-01,7.988927907125067396e-01,8.050054280498027959e-01,8.175485465887167846e-01,8.606802151807663170e-01,9.095401313693785017e-01,9.458548014556074079e-01,9.534113999002342688e-01
2.900250000000000000e+05,1.172602164646184830e-01,1.552856394772805793e-01,2.105120358708594264e-01,2.351594027303440804e-01,2.535589737900741936e-01,2.589862639258144750e-01,2.621635815464675723e-01,3.944675747144388289e-01,4.107421878421899653e-01,4.247892680114456754e-01,5.264247696566703993e-01,5.461134779077184698e-01,5.595709337865548694e-01,6.210590627113762308e-01,6.404929820092312154e-01,7.832476520223964345e-01,8.222422406645767401e-01,8.496793809473758285e-01,8.548851728145931972e-01,9.222838034359118753e-01
2.900260000000000000e+05,3.635064791917796967e-02,5.625814421679331545e-02,6.669452950878629327e-02,1.130593470474771101e-01,1.252278883253767905e-01,1.364060428504048073e-01,1.641268321968719635e-01,2.754293081119340014e-01,3.328025455398463395e-01,3.711493332144054635e-01,4.435177603373686717e-01,5.300707438056515564e-01,5.379952682896044225e-01,5.666219868294841699e-01,6.093438274837607027e-01,6.779705484173731422e-01,7.069204209420585361e-01,7.716379382582762014e-01,9.542383166157156760e-01,9.863705868392994569e-01
2.900270000000000000e+05,4.463004987038510230e-02,4.808796083971433877e-02,5.890723910340267544e-02,1.078843693695724637e-01,1.310705354876193773e-01,1.526379071211830807e-01,2.159161741114689059e-01,2.301356471755380273e-01,2.697018127929429188e-01,3.366916104261425957e-01,3.697306937878618305e-01,3.925387620473043127e-01,4.449598914513354098e-01,4.948217563738859237e-01,5.801832479107100760e-01,7.229594999621040685e-01,7.571598919776162395e-01,7.731270377483074885e-01,9.461568275621193846e-01,9.523262655966457935e-01
2.900280000000000000e+05,1.675984884198655767e-02,8.846428714384102499e-02,9.265570428427372107e-02,1.844705388500951226e-01,2.851710220747468716e-01,3.142692213476695473e-01,3.424007226744728571e-01,3.471757694002042260e-01,4.987854003225409283e-01,5.078142177552916747e-01,5.279679715021866615e-01,6.000627115874416218e-01,7.065665901198113774e-01,7.367414301617916106e-01,8.027317135925614577e-01,8.737280507562130705e-01,8.927930884598327399e-01,9.159118577375756631e-01,9.331705041588008731e-01,9.445106192918106824e-01
2.900290000000000000e+05,2.214582119006403005e-02,2.378623803787804913e-02,5.105403776606887156e-02,5.356780102818226030e-02,1.196291291410420676e-01,1.721735148506488011e-01,2.009776065042658821e-01,2.058207020437915480e-01,2.143046958777218292e-01,4.561059600020970217e-01,4.839942442066270667e-01,5.887259886164003531e-01,6.339748863362920650e-01,6.758911028798850751e-01,7.540166369233449739e-01,7.943422062088485447e-01,8.737971983657232267e-01,9.046463435838321132e-01,9.530072427710416516e-01,9.583344305332247570e-01
2.900300000000000000e+05,2.756251671003018267e-03,6.795625103499247643e-02,8.663733503547987880e-02,1.550852481756502810e-01,2.057295590314304201e-01,2.934989386583233273e-01,4.040925267682369260e-01,4.115288062310121786e-01,4.696695121000885598e-01,4.725023464656741279e-01,5.375166122963856985e-01,5.429072852434402296e-01,5.752983783236804705e-01,6.224972180532508670e-01,7.274754054456405994e-01,8.401775501455754913e-01,8.840350290217410256e-01,8.925919807605962042e-01,9.469458667422693265e-01,9.747819867247556891e-01
2.900310000000000000e+05,5.455155201690264910e-02,1.009405435856157718e-01,1.625026718667414993e-01,1.764809919550649475e-01,3.993539713232011623e-01,4.336004661272877536e-01,4.641458178502451126e-01,5.033205424561173480e-01,5.085483680921050187e-01,5.184118124973348118e-01,5.607964378108654113e-01,6.072019089137744574e-01,7.588072836526346121e-01,8.640829643068905774e-01,8.903563224385084851e-01,9.196546025883455266e-01,9.363574962192839912e-01,9.690191304518184223e-01,9.797705565393821647e-01,9.985534368317141585e-01
2.900320000000000000e+05,2.013970601811554406e-02,4.129263813841788089e-02,1.099352862574541900e-01,1.872069688186832614e-01,1.971856269223948299e-01,2.698163123832807431e-01,2.784587978845964873e-01,4.221727606558074442e-01,4.380845719764143720e-01,4.678176769359099207e-01,4.958543114508502381e-01,5.092626477938763108e-01,5.498171594417133878e-01,6.921867913412971252e-01,7.313083438525803670e-01,7.757739152990302811e-01,8.698590710351904454e-01,9.182379211356508364e-01,9.669431227728471079e-01,9.774390136330501910e-01
2.900330000000000000e+05,6.495126907277315453e-02,6.658859731736577192e-02,9.958972484001238357e-02,1.272726108952024759e-01,1.281051913792753405e-01,1.387630858021454694e-01,1.490687504817100884e-01,1.947065702929527964e-01,2.313239615879769673e-01,2.400011799212110608e-01,3.439732577960756821e-01,5.012659660464158229e-01,5.182718550235750898e-01,6.099018818226640271e-01,6.668752962011027519e-01,8.621582817643910213e-01,9.316708640671536035e-01,9.488532126703118630e-01,9.658773678710893540e-01,9.998393124280939848e-01
2.900340000000000000e+05,8.769879172289807290e-02,2.067550043131896054e-01,2.685758445625046065e-01,2.723332444544391828e-01,2.955117498135426679e-01,3.209991109501382223e-01,3.376286130040018207e-01,3.683173988113782604e-01,4.288081207217228075e-01,4.395638807959337813e-01,4.711451717087330460e-01,5.379213943214065097e-01,7.223368725562046011e-01,7.229117947615939510e-01,8.378587138820473568e-01,8.381705871222051574e-01,8.797672331056628492e-01,8.893415692747992374e-01,8.921789888951615621e-01,9.344261373931104231e-01
2.900350000000000000e+05,9.085249028330744103e-02,1.782867227309886671e-01,3.468888875638138636e-01,4.469013342765157937e-01,4.494951454122142476e-01,5.003570653064385310e-01,5.423896107631149821e-01,5.539596794178600625e-01,5.874555951734320436e-01,5.912734845430911435e-01,6.378034512627583918e-01,6.392184639042881589e-01,7.314492599200871359e-01,7.444369148895977339e-01,7.481435847915435255e-01,7.550972038381391638e-01,7.847449047875576511e-01,9.113234223573745130e-01,9.230884877060180349e-01,9.795429968190652037e-01
2.900360000000000000e+05,2.412929168675259639e-02,4.069909836576701689e-02,6.560708249480140530e-02,6.956009718124900321e-02,2.153863142162940614e-01,2.232161592685151241e-01,2.278137661843004924e-01,2.513021562970826350e-01,2.553110295959601928e-01,2.875084280427000483e-01,2.952051254061635044e-01,3.054513713438713474e-01,3.892204840315022230e-01,5.032295569123185208e-01,6.198330171813798417e-01,6.398016419358796281e-01,7.810727904844982916e-01,8.016260947387521263e-01,8.484322807268499522e-01,9.433346215501212662e-01
2.900370000000000000e+05,6.750623853772452776e-02,1.002092209180237559e-01,3.747012481824673058e-01,3.795559124832967868e-01,4.665659810583571154e-01,4.864086697377293378e-01,4.885123572047768148e-01,5.912905076719471298e-01,6.211705255781584389e-01,6.673845529897536322e-01,7.017792716617210491e-01,7.511427384401835328e-01,7.857335146768472667e-01,8.442730962747159174e-01,8.896861859324138866e-01,8.903584815324216972e-01,8.965234225288970515e-01,9.121032461702371918e-01,9.355938534396815998e-01,9.542559471216733868e-01
2.900380000000000000e+05,3.580674343969747486e-02,4.065432641279909109e-02,8.825232183160469646e-02,2.038675584475171387e-01,2.407464328267950870e-01,4.087605490533783303e-01,5.138320932076245739e-01,5.249892104400131210e-01,6.029056307977497253e-01,6.185898531573527093e-01,6.453461246856216915e-01,6.511631618797033560e-01,6.525184233609520046e-01,6.630999855718833214e-01,6.694046823491690557e-01,6.924335308542114431e-01,7.581393148812584082e-01,8.007281732053065371e-01,9.201318457745393253e-01,9.356532202866780779e-01
2.900390000000000000e+05,3.014591646592912344e-02,8.397599556311186042e-02,1.135596369534974670e-01,1.227045593268712986e-01,1.279284495491598284e-01,3.363474090709600572e-01,4.030199710492621268e-01,4.450156873746927699e-01,4.584715299512591713e-01,4.645451808931534421e-01,4.854744804355467513e-01,6.720958159106692476e-01,6.875044929702447405e-01,7.121847490802812874e-01,7.679554559271364322e-01,7.834148548375280408e-01,8.207564484398552906e-01,8.958991106996709863e-01,8.981581693193794180e-01,9.624425467266680689e-01
2.900400000000000000e+05,3.156805944366558592e-02,5.648698163008536444e-02,7.145059880349780013e-02,1.318305025039603340e-01,1.518562479211185146e-01,3.561547288492893371e-01,4.281696033478543661e-01,4.839900314128603442e-01,5.368974358902111055e-01,5.643510275734688886e-01,6.254612131429476696e-01,6.264120167503862691e-01,7.284862692506716142e-01,7.986505802465709847e-01,8.135242220534451008e-01,8.499556002618317008e-01,8.735509134507951634e-01,9.407442687424387717e-01,9.624969513361483209e-01,9.960238664849887513e-01
2.900410000000000000e+05,6.959849554012964568e-03,7.793039980316984749e-02,1.097920753452581444e-01,1.161115452827701233e-01,1.348661528752530536e-01,1.820681209094086039e-01,1.833994234144421531e-01,2.086292454372807859e-01,2.396811095618125442e-01,4.634720989310442407e-01,5.346132403619420215e-01,5.824587788862853888e-01,6.164898012081927448e-01,6.722197944708003803e-01,6.859290856313799978e-01,6.927824942748399550e-01,7.046349220603790320e-01,8.017277715576455188e-01,8.330231378312298318e-01,8.680212624442783520e-01
2.900420000000000000e+05,5.107222499874985999e-02,5.263659910479334680e-02,5.891902623493094904e-02,3.113041685699138306e-01,3.468170281376289354e-01,3.599001895769444737e-01,3.961498819202886601e-01,4.135788302379383996e-01,4.523959126495118444e-01,4.568272453407589140e-01,5.408944381272684510e-01,6.312125410896450850e-01,6.328751223487674160e-01,6.779014804940149963e-01,6.788885695963859934e-01,7.381230396397709947e-01,7.984635738012831885e-01,8.223408713134943149e-01,8.252950169464466912e-01,9.182923160186367006e-01
2.900430000000000000e+05,1.061542433334005109e-01,1.392422416193949131e-01,1.861229513347401054e-01,2.049310516547073746e-01,2.061837237312703630e-01,2.133405984450199577e-01,2.758257175615965728e-01,2.857578793302639752e-01,3.135396587375116617e-01,3.841973543649013223e-01,4.073998907027563954e-01,4.719423797924533481e-01,5.103368209090939356e-01,5.584375516397096506e-01,6.113263814007443564e-01,7.176437701720765894e-01,7.475677439079640996e-01,7.793818180779751303e-01,9.074810857015309651e-01,9.486404095752108967e-01
2.900440000000000000e+05,7.524947404129744832e-02,1.679881986793094750e-01,2.041880216755684874e-01,3.517332772888803749e-01,3.783880616596388968e-01,4.713749717883783941e-01,4.789883459968941049e-01,4.905326024428292575e-01,5.444871063125106270e-01,5.622939876372311518e-01,6.208898981120283267e-01,6.273193390347591158e-01,7.224652458535175681e-01,8.011472859560769821e-01,8.319036989273933536e-01,8.338933793300664643e-01,8.892392511684837908e-01,9.348216292474545996e-01,9.796210550433205322e-01,9.811561351949954490e-01
2.900450000000000000e+05,2.914490822436199835e-02,7.071716247665627009e-02,9.918352780386918699e-02,1.862683137420932944e-01,2.078919994655549219e-01,2.255297814429002567e-01,2.318868716979918254e-01,2.400560304859020722e-01,3.653605454026513932e-01,3.816507681591846390e-01,4.130240266532484439e-01,4.178683564830295571e-01,5.188882188607166768e-01,5.944438561575727809e-01,6.339400144881598420e-01,7.109845536966997726e-01,7.135119124891825537e-01,8.047417124655220633e-01,8.752736947920564115e-01,9.645194395399043774e-01
2.900460000000000000e+05,4.994478677751812423e-02,5.055900898365661700e-02,5.584610650014765199e-02,1.227073462775007950e-01,1.444582782291617962e-01,1.711751521374625939e-01,3.231395103830086990e-01,3.258284567405708154e-01,3.390912213441467093e-01,3.825175474142489263e-01,3.968929935135994125e-01,4.644695874022746196e-01,4.749674420964087318e-01,5.765674525293918995e-01,6.457471421382888765e-01,7.060542120402327759e-01,7.596541902810102220e-01,9.411785153943097448e-01,9.542823766828777421e-01,9.700466671751402092e-01
2.900470000000000000e+05,4.681470476285076732e-02,7.902376988199644181e-02,1.012621029514638726e-01,1.159031486931838550e-01,1.161183572188102531e-01,3.337200988168605997e-01,3.567589992913724473e-01,3.909037584535527410e-01,4.205531867070178009e-01,4.369005826008847126e-01,4.509382872479414939e-01,5.132652927438987600e-01,6.073450656463492692e-01,6.478514064266932548e-01,6.897857438738175251e-01,7.416978208850726340e-01,8.015035386809468143e-01,8.988882001963189872e-01,9.323963364477388938e-01,9.772239524741418437e-01
2.900480000000000000e+05,1.144467790619252412e-02,2.923049566834978741e-02,1.037929967335254888e-01,1.332084575607056509e-01,1.692304719235109278e-01,1.770073197630089856e-01,2.467971156769891428e-01,3.054061822044480401e-01,4.054481933726195031e-01,4.107108484783208446e-01,4.476722395210093186e-01,5.801209860673038898e-01,6.118238010032002183e-01,6.376741893216096857e-01,6.432270506936454968e-01,7.595676715579546823e-01,8.434814324815275155e-01,8.639701753422305286e-01,9.316125201090420527e-01,9.758082966304573169e-01
2.900490000000000000e+05,9.823065234395045309e-02,1.787948003510874129e-01,2.133499627631879614e-01,2.340052556976521814e-01,2.425869311700016295e-01,2.542796611676283458e-01,3.457256472600560571e-01,4.599856645332423000e-01,4.652122196949608490e-01,4.936475929545659502e-01,5.160175121318371083e-01,5.649378120689823035e-01,6.350006111713125678e-01,6.708985713467378043e-01,6.855051555429421128e-01,7.684456769015002298e-01,7.815885289209820730e-01,7.935116771055823470e-01,8.418368557853055378e-01,8.521726243475372664e-01
2.900500000000000000e+05,6.607835213355983672e-02,1.810925257866466964e-01,4.001074063580619677e-01,4.139065713430025717e-01,4.364245072050002561e-01,4.505586349827072068e-01,4.620918125544006827e-01,4.786482342719700078e-01,4.995392094678856587e-01,5.390124348620619621e-01,5.664637603842173075e-01,5.802164106877826244e-01,6.331166087479817017e-01,7.101403517137441224e-01,7.528639281432031316e-01,7.674738464220354217e-01,8.346245406246838305e-01,8.562951309138867595e-01,8.671892304058012035e-01,8.779022133436789055e-01
2.900510000000000000e+05,1.618740096508541892e-02,4.159830074143255896e-02,1.769057090264315457e-01,2.956242190514520862e-01,3.383204069886153187e-01,3.994921509699344009e-01,4.279502342219150268e-01,4.391180791896369673e-01,4.642490576487171561e-01,4.830392747215611626e-01,5.435138045389145134e-01,5.560339118493551336e-01,6.436560989300319502e-01,6.533416715528787000e-01,6.564633572767160086e-01,6.565701839794548800e-01,6.894588435202277932e-01,7.237259235260946610e-01,7.531927189337207507e-01,8.867970399975350082e-01
2.900520000000000000e+05,1.784644941800258566e-01,2.928551791767646240e-01,3.776200289556611578e-01,4.259676063106601074e-01,5.275748874518061404e-01,5.358777464315496175e-01,5.470246114563862561e-01,6.508021190234436482e-01,7.633374260835018577e-01,7.824015641545943867e-01,9.083087491437127348e-01,9.156741446506843074e-01,9.301924813725370722e-01,9.386589910805404058e-01,9.412699154631818388e-01,9.610696769710437293e-01,9.650670853401204230e-01,9.653003072640811144e-01,9.862317077675442079e-01,9.912179139736663203e-01
2.900530000000000000e+05,1.499767122387263285e-02,1.859527496606927510e-02,4.130605461643244158e-02,9.122883147713156671e-02,2.636783823209991606e-01,3.413138036679234100e-01,3.549618425711542624e-01,4.905942568236236756e-01,4.934826611735293467e-01,5.004448271926988934e-01,5.181602135407562537e-01,5.305303715779331464e-01,5.746790403249379953e-01,6.088169423590557017e-01,6.979940376106426037e-01,7.732750619087477295e-01,8.139656228207067246e-01,9.033449796462836856e-01,9.069910586902378835e-01,9.227578325073659826e-01
2.900540000000000000e+05,9.187440005156699563e-03,1.390617807116328875e-01,1.886940798864140678e-01,1.890437787452287077e-01,2.176555097892626245e-01,2.302358537022386464e-01,2.832309870908236160e-01,2.933655993757470215e-01,3.543419518532520129e-01,3.924579399291342474e-01,4.704037909382963178e-01,4.855042992326236151e-01,6.644062654906915943e-01,6.931175117584363887e-01,7.647288144770760798e-01,7.959390642853501063e-01,8.394787892815407382e-01,8.535435141937530723e-01,8.823435789062249457e-01,9.048453757678863729e-01
2.900550000000000000e+05,8.131649327250345394e-02,9.886747089999736726e-02,1.909888843296964067e-01,2.145093457246005642e-01,2.441964023265315031e-01,2.589747726485917001e-01,2.890216208582880864e-01,3.033604906326088368e-01,3.223732285966366407e-01,3.705788467736349512e-01,3.900261036449098606e-01,4.133821279651709313e-01,4.312682512525455314e-01,4.509803664483653662e-01,4.752461883264620379e-01,7.455743336501245988e-01,7.762657495596119173e-01,8.512943687401052228e-01,9.052255371549656759e-01,9.249513269899153345e-01
2.900560000000000000e+05,4.810486892350795962e-02,4.828024394425789456e-02,6.829271523057756088e-02,1.041556911514247563e-01,1.214783690078784506e-01,2.238111869344141525e-01,2.286376365273610212e-01,2.582985295073915166e-01,3.525551059503032603e-01,3.767660359874505094e-01,3.935015488169025799e-01,4.754932868753873887e-01,5.447879229210150775e-01,6.075572803973202651e-01,6.355292027385652798e-01,6.714685793266143010e-01,7.323158633613320312e-01,9.338090795818605461e-01,9.741178259693571428e-01,9.953454138171077270e-01
2.900570000000000000e+05,4.848910815664120300e-02,6.518117108680787641e-02,1.194516693366347582e-01,1.272771463734294617e-01,1.292238929501713374e-01,1.683170347236593312e-01,2.712903761275966552e-01,2.899924225703868208e-01,3.020026937418222035e-01,3.775104625616668708e-01,3.949449123469552791e-01,4.473289774372781746e-01,4.497773869153595117e-01,5.423487548342480480e-01,6.532920904818524388e-01,6.647426733182587588e-01,6.785122642135112958e-01,6.786574903167316153e-01,7.958627901271648764e-01,9.592907873373798244e-01
2.900580000000000000e+05,1.048922253614974487e-01,1.678132938959748799e-01,1.777390486710888062e-01,2.208493348552643676e-01,3.006506614974763236e-01,3.401199923065241215e-01,3.585509121683465583e-01,3.806828372273609595e-01,3.930425747121784052e-01,4.270700847112323117e-01,4.478292259345434401e-01,6.084149907086753295e-01,6.444476563405209246e-01,7.145501173353334678e-01,7.365831464403642670e-01,8.684809749533140000e-01,8.887391870903629254e-01,8.989811905664892855e-01,9.060910848333079137e-01,9.883379190305664475e-01
2.900590000000000000e+05,3.258133790637474103e-02,5.435026949198684676e-02,1.413092610160724405e-01,1.843733407399880120e-01,2.084849042104355288e-01,2.566015927446364531e-01,2.744280203235784921e-01,3.229147921396176013e-01,3.392643231646643720e-01,4.239237419876136226e-01,4.452114032942280364e-01,4.616914953559999590e-01,5.008180890989952783e-01,6.477269865698874751e-01,6.613236260531764055e-01,7.602579593606728636e-01,8.519830701087748315e-01,9.168811197202183516e-01,9.574020056850380822e-01,9.861494592388556635e-01
2.900600000000000000e+05,2.886620446979726307e-02,4.150016680381751755e-02,1.233573327678303411e-01,2.664579021346311638e-01,2.887463816506619096e-01,3.026235154020400220e-01,3.376910378143955782e-01,4.396343553459024500e-01,6.538006366049013973e-01,6.786853119343602136e-01,6.912019628820664785e-01,7.450142067238967325e-01,8.443889305828226055e-01,8.672650975785174410e-01,8.757075659463311457e-01,8.935489513479687451e-01,9.260323058736119606e-01,9.282781626217663229e-01,9.322147133162483890e-01,9.793862429704006667e-01
2.900610000000000000e+05,9.682222929316885995e-02,2.243628803340912414e-01,2.512173886974199410e-01,2.740907876191405190e-01,2.891860972725042167e-01,3.211034307026248147e-01,3.551631163001218727e-01,4.273380912166349077e-01,4.776108228070777839e-01,4.886846951186266663e-01,5.578054323478393028e-01,5.958815952324344467e-01,6.911590190532410638e-01,7.081434379329680784e-01,7.180060706721588248e-01,8.276403072571477670e-01,8.686529076537560234e-01,8.729656173018705001e-01,8.744155106518962661e-01,9.138980989189660065e-01
2.900620000000000000e+05,6.561377362794462709e-02,9.549367945453957063e-02,1.684344683776090035e-01,3.102216478902898311e-01,3.195642364584995176e-01,3.501937354924903323e-01,5.006451457112865988e-01,5.605405547019258750e-01,5.685259879488000490e-01,6.944016031367679087e-01,7.163331926130742655e-01,7.704616307814902143e-01,7.886993393735404201e-01,8.371665374689286621e-01,8.432423890694465962e-01,8.738949350228579771e-01,8.955642558813262655e-01,9.120721975532319892e-01,9.405233386834608300e-01,9.911547080948411859e-01
2.900630000000000000e+05,4.598222845512978108e-02,1.136462000315225929e-01,1.804232775816911882e-01,2.078819338771430436e-01,2.110837980945813319e-01,2.542283539439479378e-01,3.472835053238008118e-01,4.330719154260164183e-01,4.748907854332741207e-01,4.946751058678418023e-01,5.669852098946244201e-01,6.046801775125641987e-01,6.477662055025853460e-01,6.798286969544384828e-01,7.120780172108257533e-01,8.100745768510817513e-01,8.880954596597381290e-01,9.016050235729561324e-01,9.501296279080478913e-01,9.715087920485105943e-01
2.900640000000000000e+05,3.213920902685307723e-02,8.602016147117175215e-02,1.093986280767339503e-01,1.477751228816240880e-01,1.487940607374242941e-01,2.093208653115479212e-01,2.717042701993810372e-01,5.127621956310752793e-01,5.518331474544805326e-01,5.714048862572859155e-01,5.760554891356465257e-01,5.926254667601468240e-01,6.418609128474369596e-01,6.523263194742545679e-01,6.611258850564618594e-01,7.101136936931697896e-01,7.863265932777897538e-01,7.929741928548877938e-01,9.557291974205469609e-01,9.945324594557036768e-01
2.900650000000000000e+05,3.742833687891111705e-02,5.476164517497339457e-02,8.212931845126736352e-02,1.148474579586755695e-01,1.431044435878232601e-01,1.811522865142900507e-01,2.284745029757945245e-01,3.286690267959267997e-01,3.388231132642781640e-01,3.483058823291729222e-01,3.947592319830982577e-01,4.888296065884752961e-01,5.180462751385678244e-01,6.014969222285085904e-01,6.530655951004756821e-01,6.576973802229358901e-01,6.958265803700843799e-01,8.570716538957859898e-01,9.509042454743160677e-01,9.900034747476398334e-01
2.900660000000000000e+05,5.428738571490621112e-02,5.554321696144359777e-02,1.099798460550359680e-01,1.216104641991823110e-01,1.782437319865183278e-01,2.684041292252541400e-01,2.783527059931766301e-01,3.142438673758807255e-01,3.539146755633835184e-01,3.709109322496950689e-01,4.188246186709032592e-01,6.574175589102971839e-01,6.914069175682364676e-01,7.280369728468342183e-01,7.416760225687062391e-01,7.582770522667821034e-01,8.207627117003042372e-01,8.399426961042596451e-01,8.800873467704675157e-01,9.873706518356319961e-01
2.900670000000000000e+05,2.187819691945578349e-01,2.317469629705811718e-01,3.540360083034352900e-01,3.601497457485451914e-01,3.693531436943628954e-01,3.914079801821818139e-01,4.637358532679558554e-01,4.949134714240773780e-01,4.992171382004584324e-01,5.140878217323432420e-01,6.147348728987475086e-01,6.659801170870696119e-01,7.030861040053069111e-01,7.581099975838916372e-01,7.922644889560520598e-01,8.356097353488466384e-01,8.459627909067073404e-01,8.648568354727796947e-01,8.943055757128204331e-01,9.936437550355595727e-01
2.900680000000000000e+05,1.487700528287816404e-02,8.101981310586459095e-02,1.768290037162881800e-01,1.779872188860048832e-01,2.080968224094782437e-01,2.411514290009160177e-01,2.430053810337825526e-01,2.524375804266049128e-01,4.101419664034928747e-01,4.429384809815065660e-01,4.649299761827976329e-01,6.141069775590658475e-01,6.769520460195663780e-01,6.810237885074582609e-01,7.102624326756680206e-01,7.263976444329494075e-01,7.340244264097056659e-01,8.130668455485157153e-01,8.910786693200057895e-01,9.685744530620650217e-01
2.900690000000000000e+05,5.553582302077364474e-02,5.752361738063194174e-02,1.119937241459930677e-01,1.547234891971607240e-01,1.741528501141771379e-01,1.907965697206347455e-01,2.037417607521647689e-01,3.061678119541073606e-01,4.609837218899324185e-01,5.506219793288762432e-01,7.226907767041350628e-01,7.231100662009690705e-01,7.329406431322011972e-01,7.489102682927797350e-01,7.553330591438202068e-01,8.973414023084523850e-01,8.995519936208339340e-01,9.051640536701440753e-01,9.298397214372506880e-01,9.837483359248851977e-01
2.900700000000000000e+05,1.562677560668523924e-02,3.068201997002761861e-02,8.770806316433021887e-02,1.111662190754905133e-01,1.239991164728289075e-01,1.668736902098657549e-01,1.736486849500660234e-01,3.400299260937054147e-01,3.517410337761585071e-01,5.278420333633007111e-01,5.301189254213416469e-01,6.202995702614215734e-01,6.455223737091924097e-01,6.884359227186434005e-01,7.700762062123887031e-01,7.881656106664984840e-01,8.043348603185453971e-01,8.203775292276492825e-01,8.571590919562442901e-01,9.955429218350673182e-01
2.900710000000000000e+05,2.021170636186838676e-01,2.318755323717504035e-01,2.920152112328612271e-01,3.902816617522143483e-01,3.977797363269324205e-01,4.047859602408857560e-01,4.088622015507895613e-01,4.520893450683024506e-01,4.903072296672961183e-01,4.911370376667932858e-01,4.970071823087255369e-01,5.522240343880916447e-01,5.685960746214606676e-01,5.891372331026362152e-01,5.958287984362485856e-01,6.260812012879528599e-01,6.428967027451394367e-01,6.691049038080066902e-01,7.003785523153917003e-01,8.330432177417219641e-01
2.900720000000000000e+05,5.330412256385197445e-03,4.412976048095296200e-02,7.026101395458894672e-02,1.051233938254582112e-01,1.595543100015960336e-01,1.931834286469548134e-01,2.186584572476742983e-01,2.793902464930188012e-01,3.044792524335826478e-01,3.802019442092011703e-01,4.198470055763423581e-01,4.325381812899019573e-01,5.148483794420141146e-01,5.197604249923507558e-01,5.705098075695161919e-01,7.578846521012296833e-01,7.751295140809174589e-01,9.092927411160194318e-01,9.337872314408426355e-01,9.707857896742907444e-01
2.900730000000000000e+05,4.081392214476453617e-02,7.237583326375884862e-02,1.004118891067408148e-01,1.648287588681952576e-01,2.057712945124751114e-01,2.353511863288614281e-01,2.908271593624623952e-01,3.103214256139440463e-01,3.654221787156979318e-01,3.826709909025630685e-01,3.963069166130182008e-01,4.285783987729041566e-01,4.901813581759492111e-01,6.091635109500818102e-01,6.811345138290860746e-01,7.366276051518313439e-01,7.507055826396500375e-01,8.765273334855471221e-01,8.796193659443852786e-01,9.064434074082449166e-01
2.900740000000000000e+05,2.856897071326924831e-02,1.016181302482671578e-01,1.619299409260930300e-01,1.973535733437475903e-01,1.981607872278021709e-01,2.261057525166940696e-01,2.580740219513909528e-01,2.909069293562209779e-01,4.032778172290364394e-01,5.974317014101619971e-01,6.008216860522480607e-01,7.063528770741536178e-01,7.945312711796157501e-01,8.331188027758864578e-01,8.344191198589253622e-01,8.595777114017401077e-01,8.924584333525612534e-01,9.291252918803242222e-01,9.813501031914687589e-01,9.902994389079282644e-01
2.900750000000000000e+05,2.676157774322096561e-02,5.024941701619256573e-02,7.454783995946601127e-02,1.152617614892317288e-01,1.667331453140606934e-01,2.316014854031944736e-01,3.219084680382932051e-01,3.228051046116172662e-01,4.992865318188909329e-01,5.373239256823545418e-01,5.987392339960808663e-01,6.189865752005176969e-01,6.597408439216807530e-01,6.763943304446845550e-01,7.224839464768870734e-01,7.242856916719057070e-01,7.942005504400231342e-01,8.461755662835430680e-01,8.854129988112207084e-01,9.355959348297053779e-01
2.900760000000000000e+05,8.708360209874310698e-02,1.538989723534663900e-01,1.977308396504918742e-01,2.069241887538398883e-01,2.737826250262423988e-01,5.170402020148572308e-01,5.700843980587437798e-01,5.795987321791185032e-01,6.069884146194107766e-01,6.148250164609166957e-01,6.367188718222995814e-01,6.529405974579918226e-01,6.585519583392382970e-01,6.735371185361975765e-01,8.034646567017406094e-01,8.286040376888302861e-01,9.165461073204517195e-01,9.233408309914588052e-01,9.845753812320621190e-01,9.935149815952422081e-01
2.900770000000000000e+05,9.701508349915566320e-02,1.121986339027469803e-01,1.206414396861528182e-01,1.512442558519269120e-01,1.802147466259650388e-01,2.766169032263636751e-01,4.534809065698710562e-01,5.253723977847568616e-01,5.265807773072229692e-01,5.278860968857742586e-01,5.641006101598382561e-01,5.733878757891297528e-01,5.961745620628405851e-01,6.525144083473198853e-01,7.303385190007718464e-01,7.592818675736777712e-01,7.786074585217820365e-01,8.534180155536097434e-01,8.737836829540959194e-01,8.832311484503940768e-01
2.900780000000000000e+05,7.704320508628570430e-03,3.913400607211814375e-02,6.169597505217594424e-02,1.125824540325722767e-01,1.178295575133815332e-01,1.446008957173247067e-01,2.331214027227980212e-01,2.879379818666948365e-01,3.550939067577877362e-01,3.804030999422242099e-01,4.403634772594789970e-01,5.054659174111270081e-01,5.306675668157510017e-01,7.164765692272132558e-01,7.527576891055749453e-01,7.685335448817679493e-01,7.815998788864737534e-01,8.055626803819980752e-01,8.057299751440437641e-01,8.398800486894015815e-01
2.900790000000000000e+05,3.037287876868899339e-02,1.029357700173431089e-01,1.797422608313197223e-01,2.182169750041924594e-01,3.330171023104687711e-01,3.608959829644186046e-01,3.844341339895458454e-01,4.371010775417660810e-01,4.578532079524619824e-01,4.887800745468423580e-01,5.194314155779390374e-01,5.437410032700330520e-01,5.889567868951394169e-01,6.094949854650627552e-01,6.954839654924673820e-01,7.325766227550996046e-01,8.423749027142377610e-01,9.210214582882818579e-01,9.461289656518617752e-01,9.864745744706212571e-01
2.900800000000000000e+05,6.975156397955595278e-02,9.958591685316098285e-02,1.266942935283978944e-01,1.326626125306997750e-01,1.946073373321457467e-01,2.736963842722363038e-01,2.976201606588987358e-01,3.341039449449922927e-01,3.356133055138407206e-01,3.362517422283822777e-01,3.827551001749655013e-01,4.613711635326929184e-01,4.999701431038787725e-01,6.316099582256152756e-01,7.649800530828532175e-01,7.731681601268187709e-01,8.480413891245175417e-01,8.923938115502403345e-01,9.525917168240182198e-01,9.605036187902034062e-01
2.900810000000000000e+05,1.436674801371062848e-02,3.759334069819508795e-02,1.034809284075660640e-01,2.796360309195848881e-01,3.132516357179658817e-01,3.218801873437343586e-01,3.355815408676470213e-01,5.036718812087718211e-01,6.379669124002990133e-01,7.201069336350033323e-01,7.441515692533307025e-01,7.524129239113901413e-01,8.078561291192558613e-01,8.139473702315627168e-01,8.185426111236595581e-01,8.306465022073925564e-01,8.378492358473368373e-01,8.484647536101785903e-01,8.566422695742244020e-01,9.775495904210226294e-01
2.900820000000000000e+05,4.995195996128853899e-02,6.636568896820860264e-02,6.901971829119235569e-02,7.623385468780319307e-02,8.744246805003730305e-02,1.394093579464027455e-01,1.629471895947520732e-01,1.782243476190075171e-01,2.717493473102600143e-01,3.041053847070194216e-01,3.623952212539063300e-01,4.380381501510485220e-01,5.137610540186449137e-01,5.562835210803602770e-01,5.615647919266353316e-01,6.961110680707057741e-01,7.284763439328280077e-01,8.471113069720627164e-01,9.055220336546202509e-01,9.851488001364607783e-01
2.900830000000000000e+05,8.050903466931635943e-02,1.558941948213040662e-01,1.817975339341832974e-01,2.398199275644263828e-01,3.311882386083431218e-01,3.391418036170117389e-01,3.444530928912109546e-01,4.320700175378295871e-01,4.329338114959763173e-01,4.746570439913877504e-01,5.749250121811596559e-01,6.148241889088452705e-01,7.449243199071740040e-01,8.067350593566877670e-01,8.089515111130282099e-01,8.202388291105621176e-01,8.536636004048407944e-01,8.682599456271813398e-01,9.187763215512876336e-01,9.622594235136401331e-01
2.900840000000000000e+05,5.429282223068421231e-02,6.152253218306324989e-02,2.034392648075927790e-01,2.295982789891003462e-01,3.492771717461089498e-01,3.728628192658034468e-01,3.742925955666349669e-01,3.885168888957092337e-01,4.531622456996535764e-01,5.038367361995437221e-01,5.558779175104837655e-01,6.033868324155617913e-01,6.282026321172677896e-01,6.288534572336706985e-01,6.927366815851647708e-01,7.167913801024220488e-01,8.267732201189648134e-01,8.505112486243521230e-01,8.907357773615562913e-01,9.352192870472559871e-01
2.900850000000000000e+05,2.182700222799904832e-02,1.731713239783614355e-01,2.099721777740695128e-01,4.312419563573079984e-01,4.348372124964269281e-01,4.555119250412158483e-01,5.176108302135428163e-01,5.366396138986782027e-01,5.400381631177875175e-01,5.625822699409348537e-01,5.733282566157326121e-01,6.157798463869590400e-01,6.394894152600386628e-01,6.406197744161445939e-01,6.872494351158248138e-01,7.101445322888899625e-01,7.748672689395901259e-01,7.795102700187238609e-01,9.345069629042493942e-01,9.650992561402643721e-01
2.900860000000000000e+05,1.005184456800973791e-01,1.324835012598758466e-01,2.488942291292212117e-01,2.527458120861481028e-01,3.124140262562427051e-01,4.224767855414035544e-01,4.298062348757674123e-01,4.609767096814093579e-01,4.656423066887197537e-01,5.259060755221994787e-01,6.593669020604193687e-01,6.661204985919643162e-01,6.788588641995746409e-01,6.803340569778866254e-01,8.091432858126975658e-01,8.471909347737591744e-01,8.490620407606963571e-01,8.940165881894969191e-01,9.294391781023211285e-01,9.347611260291973645e-01
2.900870000000000000e+05,7.519291917122750135e-03,2.520893781333677364e-02,3.556012250911377848e-02,9.323537016566696423e-02,9.585263720021397482e-02,2.371773369873583226e-01,2.431115803565390143e-01,3.223670413390341549e-01,3.526265119843616791e-01,4.735740954675574654e-01,4.903316081964620432e-01,5.086400394461046970e-01,5.426469037537765550e-01,6.075567741798516552e-01,6.470944072493726162e-01,6.753551785580091948e-01,6.847394547879441795e-01,7.229706047323791740e-01,7.798731835958637726e-01,9.259009745392038360e-01
2.900880000000000000e+05,2.558979928693028150e-03,2.781206244742284728e-02,1.206163837125654448e-01,2.130437689878318386e-01,2.240845002663298668e-01,2.572224575120091172e-01,3.035053336742268293e-01,3.456100717425735214e-01,3.608689040151239480e-01,4.330633023314520713e-01,4.526132246017819938e-01,5.352392406420842796e-01,5.992267413551295441e-01,6.151532757437674359e-01,6.802146879829976678e-01,7.078230341186645402e-01,7.522062600578589553e-01,7.816062252194083682e-01,8.687098213767274757e-01,9.918649087326849578e-01
2.900890000000000000e+05,5.873098988614211535e-03,2.379491873489958387e-02,5.048558490328902693e-02,8.750895050172846634e-02,1.078811638961912900e-01,1.216093385972358831e-01,1.611342287839936382e-01,1.679262326272835670e-01,2.377224327269872317e-01,3.022948595827256169e-01,3.216005076035443055e-01,3.514060278546710103e-01,4.023020127097096665e-01,5.877910141383645426e-01,6.530333683574862658e-01,6.621479005283980035e-01,7.558288560082125906e-01,7.785631545771554141e-01,8.185440447189140656e-01,9.678615147748995673e-01
2.900900000000000000e+05,1.515828262843654795e-02,1.338656639927338077e-01,1.668026211033712958e-01,1.716268354250742867e-01,1.732582212485113127e-01,2.256859412320967317e-01,2.513704789150785768e-01,5.264544392765593273e-01,5.997250720678137803e-01,6.048776360421733722e-01,6.221531935997850482e-01,6.555466141978385508e-01,6.750321296821061301e-01,6.972692371049777904e-01,7.812731461628912299e-01,8.653094144500192986e-01,8.943115848643061749e-01,9.333666059490544065e-01,9.710128171550214127e-01,9.892664240090927041e-01
2.900910000000000000e+05,2.641864928873904894e-02,3.616001480026742598e-02,1.017637361064482882e-01,1.408115290879328185e-01,1.486980271932025754e-01,2.901070086869286246e-01,2.929316518011940707e-01,3.167726360567172383e-01,3.328894165224600687e-01,3.664515265692547263e-01,3.796936937179697935e-01,3.890153109054788061e-01,3.895820174664285096e-01,4.123196906910453485e-01,4.986929735890405224e-01,5.837398061568863650e-01,6.612207792011136620e-01,7.355237877173447236e-01,7.872223393389684576e-01,8.790785924391850692e-01
2.900920000000000000e+05,1.687857507364753928e-02,2.634181897694820584e-02,8.880066084446314179e-02,8.943326279581942373e-02,1.352716269667217919e-01,1.409681849729906844e-01,1.657664439731512118e-01,1.699295968717733363e-01,1.975270747555384343e-01,2.446113691962964465e-01,3.096926939839262927e-01,3.313188191137015348e-01,3.993038549324008368e-01,7.241062708298816597e-01,7.242913718656159849e-01,7.304238507092979393e-01,7.701972318004903784e-01,8.478885809522884731e-01,8.782480829073693318e-01,8.939930582866285613e-01
2.900930000000000000e+05,8.469566622443902570e-02,1.025801400922797812e-01,2.221293126163031983e-01,2.594382022724169845e-01,2.676633065986845361e-01,3.199371269409189145e-01,3.425956862126289248e-01,4.086248154269419564e-01,4.519345680621545958e-01,4.532521053184749293e-01,4.768626197804126665e-01,5.277186778068524431e-01,5.718412544647385465e-01,6.069317701093945860e-01,7.067415267280555691e-01,7.086081340574483800e-01,7.094510139931017312e-01,8.386314881936942633e-01,8.617182011777571038e-01,9.738607283412348270e-01
2.900940000000000000e+05,5.601354756614840280e-02,6.187851301267000004e-02,6.824526972945554881e-02,1.881239550763891266e-01,2.374866652134846046e-01,3.296701351615576314e-01,3.299108854341230579e-01,3.493211343148084902e-01,3.976843809280987685e-01,4.337418580201849450e-01,4.717780262940374225e-01,4.919975029969797520e-01,5.660207239092692744e-01,5.903797147015450442e-01,5.981198690530240558e-01,6.742634861108932620e-01,6.951559602998184095e-01,8.602716371862051403e-01,9.116044936416398681e-01,9.202696185970055121e-01
2.900950000000000000e+05,1.649963715907181161e-01,2.660485143370775463e-01,2.769804588197722905e-01,2.915408822494052199e-01,3.031099201925236963e-01,3.841019533054219615e-01,4.314599948257551443e-01,4.527789622926350344e-01,5.035268912880183079e-01,5.072973034144847571e-01,5.080090564874805148e-01,5.215140847925142653e-01,5.441436424940724326e-01,5.805967720479242589e-01,6.753733970169463197e-01,7.760342875382975070e-01,8.488205149590812848e-01,8.645103532051531259e-01,9.196701368240124408e-01,9.739352712482404195e-01
2.900960000000000000e+05,1.522501712702639676e-02,1.279854161439050175e-01,1.280872284179824794e-01,2.855063549981806670e-01,3.126411748888103803e-01,4.506281029755004885e-01,4.920225148644642443e-01,5.333382549981617871e-01,6.031809710794948654e-01,6.663721098761404837e-01,6.920935330442770095e-01,6.991360278169258535e-01,7.344282935502701726e-01,7.467597475742751012e-01,7.796612486350601445e-01,8.380217309517945523e-01,8.987938214188753161e-01,9.085267987672522860e-01,9.804026572603138368e-01,9.885866558601915655e-01
2.900970000000000000e+05,4.120819287330934610e-02,7.669247046229132891e-02,1.044642168578637786e-01,1.236656042943393707e-01,2.425389232497430214e-01,2.843188699312413359e-01,2.847922887467283504e-01,2.925469499221280412e-01,3.735728842895316149e-01,4.098099188899568812e-01,4.473995694219538022e-01,4.680870400128466224e-01,4.824196292071125658e-01,5.148728586430340037e-01,5.548281689558813845e-01,5.567260388972026242e-01,5.702619523652131539e-01,8.171902487460608322e-01,8.313681720469030534e-01,9.774562078006874266e-01
2.900980000000000000e+05,1.317389438881633179e-02,9.009266533995219373e-02,9.436240441383170197e-02,9.963056210795995238e-02,1.356768573061004624e-01,1.790285161243336809e-01,1.847625250528627250e-01,3.527886934983682776e-01,3.658485179101649276e-01,3.748460402510495060e-01,3.977744773984828175e-01,5.308659313726333817e-01,5.469695105030246696e-01,6.111040822229885094e-01,6.231795489622933282e-01,6.752371237137719806e-01,6.942789286157651230e-01,7.232914407454910100e-01,7.372086581566510421e-01,7.730258553214529593e-01
2.900990000000000000e+05,1.829220270754794431e-02,1.005205261417665419e-01,1.268394766659293182e-01,1.432801295919363671e-01,1.576522538487613589e-01,2.596712944924927102e-01,3.042149276470973440e-01,3.290051427545710450e-01,3.913129764355443019e-01,4.510657505949270396e-01,4.759664947119766065e-01,4.773564885972600980e-01,6.443150393805884280e-01,6.630362156878735203e-01,6.957519660008466555e-01,8.280131111671833466e-01,8.473276591395483281e-01,8.670901482148257733e-01,8.720713052088175932e-01,9.790901400580059866e-01
