7.900000000000000000e+05,4.497291536383452026e-03,3.884651991648619962e-01,6.440649051632686417e-01,8.991140306272673577e-01,1.205690998941038039e+00,3.740358255973552204e+00,5.064945458171625781e+00,6.195196545774004804e+00,7.091575465904462305e+00,8.877531552839901252e+00,1.001777051378940975e+01,1.043562148109729293e+01,1.076618112277548889e+01,1.091432767035429308e+01,9.401038380213206480e+00,7.572340550169631257e+00,7.647214121618851834e+00,7.704175397099938927e+00,5.700418116466735796e+00,5.451967647196093836e+00
7.900010000000000000e+05,3.422100343758815999e-02,8.936238925581265757e-01,1.543598399989533076e+00,2.177740916274949257e+00,2.742430347150566661e+00,3.510546018717215944e+00,4.240709050245171419e+00,4.886831301268570016e+00,5.597603660002352655e+00,6.674093159591531155e+00,9.894168704254980184e+00,9.295147286338576009e+00,7.779258643575574617e+00,6.283214481452619182e+00,5.299104258466592832e+00,4.164947822576342773e+00,3.702551849367448522e+00,3.906522187621874309e+00,2.352689497681196951e+00,2.687807264996866508e-01
7.900020000000000000e+05,5.941201338604151783e-02,4.366513156910147853e-01,1.367704300675177453e+00,1.882105186756046322e+00,3.750409963100815869e+00,4.792169174381172070e+00,5.839004314888551761e+00,7.325516869750720694e+00,8.474944717555308316e+00,9.500152161629372927e+00,1.072152318467844800e+01,1.115522433752041565e+01,1.075380892223870077e+01,1.102532145415139020e+01,8.520273453456873369e+00,8.161072301935204720e+00,8.094701823085131309e+00,7.526958887568377499e+00,5.802550854318575979e+00,2.455363725433326039e+00
7.900030000000000000e+05,5.364187922730112579e-02,1.458693368992876049e-01,2.418867643940194601e-01,1.074299003959166221e+00,1.393644623012847417e+00,1.716080346072310858e+00,2.665944671276927469e+00,4.536318773905920310e+00,5.635600406643598959e+00,9.044259450385785826e+00,1.006199153906368693e+01,1.056610191617382455e+01,1.136995888047899506e+01,1.135488551004469571e+01,1.005378584619356275e+01,9.870482512755714311e+00,7.875547266163213322e+00,8.072975686509249016e+00,7.823844279876492891e+00,6.113414993682628307e+00
7.900040000000000000e+05,2.500327545178506750e-01,5.066706478583735684e-01,7.776445268657974363e-01,1.122617909436376404e+00,2.417797247081943102e+00,2.951429325456632391e+00,4.431334025147583233e+00,5.691159529962254382e+00,7.553732052824383203e+00,8.586419098771427727e+00,1.031732905421924684e+01,9.209187192752663620e+00,9.288781549645847235e+00,9.003944280661107413e+00,9.544506377943360320e+00,7.442771385160122932e+00,5.400917657042620057e+00,4.105366587277639923e+00,9.208488089906153862e-01,7.741907416769078232e-01
7.900050000000000000e+05,1.467306626124709190e-02,1.213999876428391023e-01,1.160296007069102187e+00,1.775798759731373355e+00,2.790716323934370191e+00,3.876947577921150412e+00,4.725371987714503064e+00,6.433389423000043905e+00,7.402927852097477057e+00,8.672219919091585183e+00,1.075043464968885232e+01,9.883960665917269850e+00,7.084572668150661556e+00,7.210753175202689214e+00,7.685084662406093337e+00,2.966051375663724343e+00,3.110039267174547817e+00,2.232053775988734223e+00,1.314613201168806533e+00,5.661122345342262108e-01
7.900060000000000000e+05,6.773671072478393285e-03,7.594990334205453664e-02,1.876478281071983778e-01,2.887134153127655090e-01,6.641950355386211369e-01,2.283782970450040750e+00,4.283877164880844468e+00,5.049153155370593282e+00,5.981083959830746366e+00,8.576762548409380571e+00,1.098577269877665508e+01,1.161432136594990538e+01,1.244501699555831742e+01,1.001837205680116227e+01,1.059445295030367262e+01,1.077004535841564881e+01,8.530429020563296660e+00,8.060716969239992480e+00,5.778581471186678975e+00,3.295249402308404463e+00
7.900070000000000000e+05,3.137890427996058440e-01,7.053174225268494801e-01,1.315916165459759313e+00,1.805286577901939804e+00,2.402851108185761753e+00,3.459100800414147692e+00,4.711936119571455528e+00,6.829726492555435513e+00,7.861965191933537156e+00,8.817701816718097163e+00,1.075214649870672723e+01,1.050185358634792721e+01,9.005215901151176539e+00,5.701778193950384654e+00,4.767131222278191416e+00,4.949814209147350041e+00,4.096188160777657572e+00,1.540823041336003341e+00,9.462277576335372808e-01,6.487354982717841168e-01
7.900080000000000000e+05,2.442839235790128516e-02,7.106570223297858924e-02,1.112364196849359166e-01,8.341216730428855364e-01,2.492924298268948125e+00,3.503571316874862340e+00,4.763892280327244322e+00,6.194170940385624213e+00,7.417782144784029974e+00,9.238440192215627178e+00,1.035149028519124315e+01,1.124860754879128244e+01,1.104415399397253950e+01,1.158419587511115090e+01,1.125922056561801732e+01,9.570947436562173394e+00,9.401881439831985432e+00,8.957060757351397839e+00,3.656478899281320416e+00,1.938195100819348760e+00
7.900090000000000000e+05,5.187265773191129803e-02,3.553128030825165595e-01,5.959841531100713574e-01,1.309948818165969087e+00,3.082713449802935379e+00,4.014292740185101849e+00,5.403391982974415697e+00,6.183845050888150396e+00,7.263691835121186990e+00,9.045005689544543870e+00,1.005991528243418820e+01,1.002451035790104150e+01,9.013412145820954180e+00,8.342982684040393337e+00,7.182419730626711463e+00,7.194524294067145220e+00,7.520015556427567027e+00,7.778495485632711315e+00,7.359890459799894202e+00,3.573898993574482486e+00
7.900100000000000000e+05,3.581122414430193412e-02,1.492613968327551888e-01,5.058621328174716103e-01,1.062702120396338934e+00,1.439672721649046139e+00,1.749974303566595335e+00,2.616503140776068825e+00,3.283676220559174297e+00,7.063833391754307911e+00,8.241944391995986052e+00,1.065289300559796892e+01,1.032194471780345957e+01,1.028741282421027137e+01,1.101103552099697325e+01,1.025403249733763822e+01,1.080805775802731894e+01,1.103863325698651288e+01,1.124978473364470055e+01,7.764410740700068203e+00,6.923348766897272633e+00
7.900110000000000000e+05,4.198721390438342471e-02,2.646770837427239176e-01,4.982051883596816388e-01,1.146789490406224576e+00,1.524016827379763406e+00,3.620673098225826614e+00,4.242036017050342167e+00,5.673239085733400522e+00,7.189336121253420586e+00,8.313510396639554045e+00,1.084288487285439118e+01,9.901472566238824768e+00,1.050260675564563684e+01,1.099934667264993493e+01,8.016983697158421407e+00,8.457060896377448955e+00,7.378389638296185105e+00,4.596238493583257423e+00,4.808350951845916654e+00,1.383849644618624364e+00
7.900120000000000000e+05,1.724344000296605950e-01,4.406984516287271170e-01,6.788294755799739733e-01,1.054114097747076428e+00,2.043142871049183906e+00,3.213257614560262709e+00,4.679602391180575083e+00,6.623193703985989167e+00,8.701996944583271443e+00,9.976691689238631255e+00,1.098274687622709500e+01,7.988367797506362500e+00,4.762118609060409291e+00,4.796708305093929425e+00,3.591368388955931135e+00,2.637669706552419058e+00,2.428442714867427910e+00,2.316175105289667080e+00,2.164144571591686272e+00,1.476794459463477427e+00
7.900130000000000000e+05,9.233263529838875439e-02,4.035886125516856549e-01,8.885432571236134836e-01,1.419197356927531128e+00,2.362337419211825384e+00,3.257870714071639195e+00,4.641444717299837208e+00,6.249663338944115409e+00,7.495520565443057670e+00,8.614522817561343970e+00,1.091198505353195891e+01,1.160847774145906364e+01,1.201282807649124607e+01,1.211694181639536261e+01,1.271172023397383555e+01,6.069236740910222139e+00,5.214360081889050313e+00,5.383003218216424912e+00,4.913331296218510502e+00,4.226620738502178121e+00
7.900140000000000000e+05,3.915851781416570532e-01,9.930533361527531522e-01,2.091146964679491571e+00,2.789320862216253527e+00,3.515182454188322758e+00,4.670212737875725217e+00,5.635267032698959788e+00,7.427331200749939910e+00,8.818748304799333582e+00,9.836176137440173051e+00,1.086862971401275502e+01,9.209087360357047558e+00,8.537263558278221254e+00,5.012743034927356511e+00,2.867938296385073027e+00,2.378988955142968820e+00,2.017663516037502713e+00,1.603642644409987161e+00,1.088071665037157576e+00,8.825728851965175537e-01
7.900150000000000000e+05,3.237724945414258704e-01,1.192696757372297078e+00,1.795524715661465098e+00,2.467276606214122925e+00,3.270810704291288840e+00,4.290742468152404676e+00,5.106500721145021515e+00,6.187617711182217484e+00,7.621841877594672354e+00,9.152627613494070502e+00,1.046100113924900654e+01,8.059064774323376312e+00,6.638989391575409904e+00,6.729076266683363450e+00,4.662150932264517600e+00,2.842938003270891301e+00,2.932726858846840923e+00,1.716196649198102220e+00,1.214292133758228420e+00,5.375395997475007626e-01
7.900160000000000000e+05,1.576972557797983177e-01,4.629430085455650268e-01,7.707956621166934807e-01,1.604426433160477838e+00,2.159578505962271855e+00,3.605690819716763862e+00,4.299220974361166014e+00,5.431821131079317411e+00,6.403375829447941037e+00,7.556175346462017828e+00,1.054142039464964675e+01,8.840062560813414905e+00,7.412629350722958144e+00,5.984674305966755981e+00,5.515328502270464561e+00,2.782755238476408266e+00,2.751539610797851587e+00,2.811060422816356485e+00,1.156832339430508227e+00,6.965745388225985657e-01
7.900170000000000000e+05,7.611210898516629353e-02,5.828002369289777551e-01,1.357037675716972647e+00,1.935993121604457023e+00,2.573473829181049943e+00,3.165406900104067223e+00,4.214066494196946344e+00,5.930502520455974036e+00,7.004728398210550822e+00,8.618235645850081283e+00,1.080084988749554675e+01,9.592061314369916047e+00,7.346814727064484352e+00,7.499691716144258891e+00,3.142866680973072313e+00,3.132595847713126602e+00,1.798337489210239060e+00,1.062489652421899855e+00,8.678270897302641229e-01,1.229184464521360098e-02
7.900180000000000000e+05,1.266233117468965608e-01,4.214603450062881507e-01,7.353106161255535955e-01,1.136277338883968646e+00,1.938388663641879006e+00,2.596415985853129271e+00,3.080705867750345384e+00,5.911473930400459764e+00,7.081761813950141260e+00,8.608711215500512992e+00,1.071873638146791841e+01,1.107887882800429935e+01,1.162893599067689898e+01,1.170325451348156065e+01,1.194358697343309039e+01,1.226490939315994133e+01,1.293037622524019348e+01,1.030100224374042917e+01,9.931975230911293195e+00,9.514263982016863963e+00
7.900190000000000000e+05,1.119573331804857297e-02,7.233400119127297856e-02,3.099569443071638064e-01,5.630325804372637855e-01,7.392516354186934313e-01,1.200974813334012792e+00,2.743687989648639913e+00,4.214109975379948914e+00,5.379048941094793257e+00,8.756381635092225224e+00,9.662348286778232875e+00,1.050274916539005687e+01,8.587936011304904582e+00,8.545567982881500768e+00,7.778299872182664387e+00,6.177654734008291015e+00,5.656115365003422824e+00,5.588191446602096768e+00,5.625171641036408765e+00,5.548216903401099742e+00
7.900200000000000000e+05,1.100697293187909986e-01,2.752129315553433209e-01,7.073918707976264431e-01,1.166547478916029501e+00,1.781311466063477678e+00,3.034713631697919300e+00,3.544576654533496018e+00,4.663856891263283622e+00,5.889429672616447675e+00,9.002904417518923452e+00,1.047724319895751677e+01,1.116518463455892274e+01,1.087321397777890120e+01,1.157066850517530554e+01,1.182703163609973096e+01,1.248527416967883674e+01,1.170578529834301484e+01,6.705475526428960720e+00,6.324679754856282088e+00,5.578892856714308124e+00
7.900210000000000000e+05,2.011210781357527511e-01,7.066620149310527399e-01,1.472872076080329329e+00,2.111986012666676960e+00,2.651860324034116978e+00,3.292014625549140927e+00,4.055415410810191190e+00,6.334192163160293987e+00,7.684943801103750971e+00,8.787395672382727341e+00,1.058633226719215514e+01,1.128719064547060569e+01,1.150736550323031260e+01,1.059735559256135318e+01,8.555446642962373005e+00,8.143517918309747472e+00,8.301720710856720586e+00,5.642245178483534573e+00,4.519219075439066202e+00,2.630200345475246504e+00
7.900220000000000000e+05,2.871795870303939235e-02,1.122661623503611317e-01,2.326605326186199640e-01,4.741759706232859806e-01,9.276127034924447345e-01,1.865529926409779993e+00,3.112250997661685226e+00,4.627238325093609994e+00,5.707490309122397854e+00,7.417450845315647356e+00,1.049492332666815564e+01,1.074584303880709157e+01,9.796601953086753412e+00,1.013149549969229390e+01,6.739291869323445816e+00,5.194418719666142437e+00,4.964687190273721740e+00,4.075430537942581033e+00,6.143708447443196885e-01,4.599836777971022528e-01
7.900230000000000000e+05,1.638574598735481613e-01,3.787373034495018498e-01,1.075031198992391968e+00,1.722709454181779787e+00,2.508616455038827020e+00,4.018036063666690971e+00,5.234543734706406326e+00,6.522522550206412362e+00,8.239911026712549713e+00,9.377719889897887739e+00,1.087619906607070774e+01,9.988339517906300813e+00,9.764534050510778940e+00,8.162209214145491387e+00,5.945768303418993206e+00,4.209170862660352341e+00,3.562443251707129832e+00,3.634813027560809484e+00,2.436438650213933244e+00,1.860894581165317696e-01
7.900240000000000000e+05,2.378039794756856562e-01,5.502396981338337767e-01,1.245519832611640343e+00,1.727103023787093683e+00,2.422335564918854267e+00,3.107644815306456643e+00,4.553001558877237898e+00,5.451133404561137041e+00,6.825778792236542714e+00,8.924143880952149388e+00,1.063018246631676433e+01,8.045931798985066052e+00,8.618659681233909353e+00,6.704651068162892358e+00,5.583722092960651473e+00,4.398316687328005514e+00,4.659416699455440458e+00,2.868206336299292225e+00,2.020809536325153477e+00,6.598931788235340434e-02
7.900250000000000000e+05,2.351428481181150332e-02,5.313536279002861740e-02,4.383149569580790939e-01,6.622487088384709786e-01,1.081039689606381193e+00,1.998100022214376770e+00,3.350971901330061176e+00,4.170233353973599399e+00,5.056228767970989857e+00,6.232979203304203075e+00,1.048866950508162077e+01,1.003521064537589602e+01,1.047533648078256263e+01,4.540449093073262610e+00,4.626112277547735907e+00,2.171427621545376496e+00,1.282290229012940319e+00,1.054411432438433049e+00,9.938400421853640365e-01,1.431350714845724958e-01
7.900260000000000000e+05,1.131171349016170113e-01,6.042496544806390535e-01,1.143368036452923509e+00,1.629055781897254196e+00,2.628822867370552707e+00,3.320338877339147565e+00,3.921846497219514838e+00,4.591478658121299183e+00,6.314287260207422037e+00,8.223199310154353014e+00,1.026558274938764015e+01,9.633743546102461863e+00,8.660700888408651821e+00,9.127601391202155412e+00,5.995379684500433015e+00,5.758286760272943283e+00,5.369366081577435779e+00,5.231582266093747435e+00,1.971727879449397758e+00,1.830089712050613215e+00
7.900270000000000000e+05,2.884707467661140612e-02,1.009591445487998396e-01,2.042412772016432010e-01,4.771856880352283170e-01,9.637574813577232113e-01,1.606166652056627564e+00,1.976658504675810057e+00,2.651533700794279191e+00,4.130324075549801854e+00,4.708622917749999637e+00,1.087259474096460643e+01,1.158546307416314214e+01,1.182422589341532060e+01,1.241894570452764590e+01,1.160905223037799061e+01,8.711587445622260617e+00,8.264229906224953126e+00,6.733782636433253366e+00,6.670734342960930263e+00,2.794697604526450441e+00
7.900280000000000000e+05,3.684251846717634393e-02,1.078223056996392426e-01,5.354462812486348033e-01,1.532036852689210527e+00,2.809163036161240079e+00,4.040960343307838265e+00,4.893642893850768338e+00,7.289270198645856347e+00,8.218264168313446305e+00,9.678535175037605853e+00,1.085788576712695885e+01,8.980738977660418954e+00,8.875895005910166446e+00,9.489712375213652962e+00,8.794833608890131771e+00,6.894331796237771925e+00,6.887077501709351957e+00,7.092330431567710036e+00,6.891122127312073076e+00,6.602294883086765154e+00
7.900290000000000000e+05,3.059517086568765976e-01,6.899513304491300403e-01,1.216175361258716725e+00,1.712780143839409686e+00,2.376643252977006071e+00,3.081740267835983982e+00,4.395927239347739324e+00,5.517921665384903029e+00,6.223883652253514143e+00,7.254115074954845532e+00,1.087846573912417547e+01,7.714384279530039912e+00,7.113107350317530830e+00,6.837761608914314948e+00,3.565640781065815279e+00,3.328320403114988224e+00,2.932906503791462782e+00,1.947154985178116693e+00,6.741190635218035077e-01,2.157393963672538106e-01
7.900300000000000000e+05,1.180157777461864343e-01,2.589597120907252137e-01,5.458423325195725928e-01,1.579685835397757199e+00,2.247034826415314601e+00,3.459074870764248466e+00,5.590466312221379575e+00,6.582570207891379255e+00,7.681621599466145867e+00,9.066753078980203995e+00,1.089207087337300628e+01,1.177267574415004958e+01,1.265241722089114162e+01,1.237999006595047291e+01,1.025849986448043261e+01,8.368918777043020896e+00,7.692603264458365508e+00,7.634805226204464113e+00,7.410864229454523056e+00,6.857032048277136305e+00
7.900310000000000000e+05,9.049197916806628328e-02,6.658080018202612305e-01,1.167059279207489420e+00,2.010313041712921578e+00,2.542516592028396527e+00,3.259782906455431117e+00,4.470918606377071391e+00,5.857477212475677320e+00,7.689800328876660984e+00,9.001763003665031349e+00,1.029190143584892780e+01,1.031945333637946405e+01,1.089811149873283469e+01,1.164224306364547168e+01,8.607875826036408995e+00,8.243557151032034014e+00,3.717402146990572920e+00,2.494443471919716160e+00,1.047621030122022345e-01,2.106286292218761957e-02
7.900320000000000000e+05,5.587621893455507749e-02,1.638336446196615448e-01,5.778590687157733052e-01,8.844504282858740574e-01,1.938971399750308411e+00,2.814060584996914471e+00,3.660681533262941656e+00,5.131548022776113882e+00,5.930233490654988948e+00,7.150979910733052058e+00,8.868631070454780385e+00,8.715516784562121089e+00,9.371917570221874882e+00,9.090653972856582499e+00,9.629327887454033785e+00,9.801048879676894643e+00,7.904087467388370314e+00,5.235140008404242984e+00,5.276227128786636023e+00,5.338581400612243399e+00
7.900330000000000000e+05,2.746511445988097933e-02,4.333165704301009669e-01,7.331075281503889318e-01,1.082164713038890280e+00,2.502829852014811784e+00,4.226362407844110436e+00,5.348441557922943623e+00,6.291619706260223488e+00,7.830681739560306553e+00,8.842348923688257756e+00,1.091742983516398446e+01,1.062340187967711813e+01,9.972299196360463469e+00,9.107285541715739896e+00,9.321690636643252148e+00,8.977381413640335595e+00,9.082493088616010013e+00,9.500206315359832843e+00,8.978472148919859563e+00,6.555613352089624257e+00
7.900340000000000000e+05,1.681605258984617546e-01,3.461210409687889289e-01,6.858893229090806676e-01,1.409620911982418345e+00,2.068276248036696074e+00,2.543069367280403448e+00,4.833659495437899523e+00,6.126617337208141834e+00,6.916126072784161138e+00,8.904601492014467823e+00,1.059796350692744937e+01,1.115608626708801054e+01,9.484684489723745671e+00,7.727820159679121836e+00,6.286667902883014136e+00,6.503429606407982178e+00,6.637380674063675379e+00,5.100449268614083209e+00,4.116481323504156187e+00,3.592017864817409478e+00
7.900350000000000000e+05,2.886264713187829400e-01,7.948703607020666251e-01,1.270895257371122078e+00,2.035848504723489327e+00,2.722060011836471727e+00,3.556922751006903916e+00,5.208384997402547789e+00,6.000934866549425983e+00,7.138184434927730138e+00,9.038666056806386351e+00,1.035258622829771902e+01,1.042277636366637417e+01,8.120879625598243834e+00,6.484102210051063686e+00,6.135297309441471114e+00,4.149493813243879003e+00,4.116474427787053969e+00,2.682196314919982782e+00,2.392300247804898472e+00,1.133992386543287711e+00
7.900360000000000000e+05,3.166275500629301964e-01,9.248352529956689327e-01,1.473535143366671907e+00,1.973498967623912748e+00,2.735217715840998043e+00,3.719488934916573175e+00,4.459474200314599734e+00,5.121423478852363154e+00,5.762060812569112400e+00,8.834668391580958513e+00,9.904609396114329556e+00,9.715538133567777734e+00,9.773746153419319072e+00,5.225075098689579534e+00,4.680692032549632842e+00,4.680890691312791674e+00,4.657394666632932001e+00,3.689236015905138277e+00,2.117274267171972646e+00,1.712692377278417499e+00
7.900370000000000000e+05,1.075688192328150272e-01,2.371167252980395102e-01,4.287605060548728142e-01,7.460758425657378901e-01,1.075333555377980144e+00,1.762900568869965490e+00,2.877620178772122284e+00,3.436075362335567540e+00,4.062002285701092674e+00,5.388764681731488260e+00,1.095094898010307105e+01,1.118055994386625507e+01,1.072427381512261668e+01,1.014839766261788156e+01,7.982630263808585092e+00,6.333316981520811240e+00,6.423857872378948564e+00,6.304942441359282945e+00,3.181895725525542673e+00,2.881633058017623039e+00
7.900380000000000000e+05,9.420340480656819171e-02,3.124856458417679672e-01,4.912360185509709876e-01,1.260668467291505834e+00,2.898930284270023527e+00,3.650839385451337016e+00,4.375840388939122860e+00,5.269279945536140985e+00,7.097845188579453790e+00,8.292664037742500938e+00,1.043586879513279975e+01,1.069859605585700280e+01,1.117820814122842066e+01,1.138765370633980289e+01,1.095744010052992579e+01,9.712137406669086204e+00,8.780559580148162624e+00,6.974126085784985385e+00,6.543942923980022641e+00,2.462149498889065757e+00
7.900390000000000000e+05,2.842595912154499693e-02,4.130109766997798193e-01,1.147609054807704476e+00,1.566512190931684145e+00,3.100780123228885632e+00,4.180478933756905491e+00,4.900413501616270651e+00,6.292598328806398911e+00,8.585119747689256897e+00,9.660339296281879484e+00,1.093733513589432071e+01,1.165711861538441951e+01,1.244502652160372413e+01,1.263337704003229867e+01,1.310846561635183249e+01,1.060931129100919001e+01,8.368194536895201097e+00,8.724672162541915910e+00,8.727729447852359712e+00,8.870022999038365441e+00
7.900400000000000000e+05,3.030216986510581023e-02,1.194053510477670610e-01,3.852179845128581581e-01,8.086989217268523156e-01,1.024166493767539876e+00,1.337206397463380325e+00,4.411391846652716886e+00,5.242167744353778858e+00,6.068125267998155437e+00,7.127243826959461792e+00,8.351128698000151118e+00,7.885909734962764261e+00,6.984834364689708863e+00,6.955136450798526049e+00,7.014653166868837886e+00,7.285055375586345860e+00,6.516990500774110906e+00,5.394668257974997161e+00,5.025501123150777794e+00,4.920951142449634830e+00
7.900410000000000000e+05,3.395394732541672234e-01,7.172599426005332734e-01,1.376711405601623639e+00,2.058301754074470136e+00,2.982657691974028857e+00,3.804316985395151285e+00,4.897431314038723116e+00,5.885118683668447481e+00,6.969055975400491931e+00,9.289798722961572608e+00,1.091707236096531908e+01,7.058806228165080299e+00,6.405972593038713470e+00,6.790363228966649345e+00,6.881246293705571837e+00,4.420665227963626265e+00,3.966860637346364626e+00,3.539043133775302774e+00,2.568827089795787000e+00,2.606640868750751405e+00
7.900420000000000000e+05,1.520142010382755648e-01,3.399375493985785646e-01,5.258839353547433149e-01,8.487689004684466632e-01,1.659655063383663087e+00,2.431675790741224752e+00,2.896289275346527248e+00,4.432713271940500910e+00,5.327096773335230573e+00,6.245081395032830329e+00,9.557372343588484753e+00,9.975569105261662628e+00,8.999332805668707636e+00,7.136534394878004228e+00,5.779552816064974508e+00,5.180811878756706790e+00,3.975864189246235636e+00,2.334718344944077373e+00,9.613904561170464325e-01,9.604366857835255900e-01
7.900430000000000000e+05,3.879276022015087921e-02,3.592502907717609606e-01,9.009603635976767277e-01,1.259281901509991641e+00,1.661944834457053766e+00,2.089905545244135965e+00,2.822929549359819212e+00,4.001944653084165360e+00,4.745011851676901315e+00,7.406511279017959026e+00,1.098968565237323247e+01,1.163315897972121782e+01,1.091898044715366822e+01,1.052266264970777776e+01,1.095452672761445001e+01,1.021278343260417998e+01,1.042799372819392367e+01,9.811453532071906736e+00,6.182152857502129173e+00,2.138305233798947214e+00
7.900440000000000000e+05,5.720693465045778581e-03,1.117888471823922369e-01,7.049984805860786130e-01,1.064398949535792394e+00,2.021160380490573338e+00,3.084146935502563913e+00,3.937034352571145313e+00,5.208067925962187594e+00,5.901084997307218138e+00,9.738202821270348863e+00,1.082794054823706631e+01,1.175038193993916558e+01,1.179059615690770535e+01,1.196724414092233779e+01,1.224602216652582776e+01,1.225846020794188185e+01,1.295132897791155813e+01,1.341408444757411189e+01,9.821309258829124644e+00,8.896193192583881526e+00
7.900450000000000000e+05,4.041242445696913155e-02,2.646543055777454967e-01,1.041483042171429840e+00,1.692033214411298392e+00,2.590148589646503741e+00,3.803056193080704972e+00,4.724608710185320248e+00,5.672357921403149206e+00,6.681549408580996108e+00,8.321242226210470605e+00,1.052395821945418497e+01,1.116278409929050497e+01,1.197699128207401742e+01,1.288770552266874958e+01,1.373576827183785376e+01,1.245090990805027786e+01,1.272336170283782586e+01,1.306381373289706005e+01,1.217724226936216780e+01,9.338924011240457013e-01
7.900460000000000000e+05,4.610944923575310828e-02,3.011115770309558126e-01,6.026411804823007534e-01,2.094736499761100657e+00,3.140793946055771002e+00,3.807003072235079166e+00,4.899076216428525754e+00,5.622729785130319513e+00,6.707207198961441463e+00,9.632111688293953478e+00,1.074226010609175930e+01,1.139910255010695295e+01,8.822828867275720910e+00,9.476894039697810967e+00,9.219656885216883424e+00,6.580535831358917065e+00,5.817733284357514023e+00,2.477498907927846883e+00,1.769354967055312144e-01,1.919101496947961394e-02
7.900470000000000000e+05,2.080990607035330120e-01,4.641296965142365227e-01,9.806527801775907216e-01,1.854051382253384617e+00,2.853995837171048766e+00,3.855039079607009533e+00,4.566250589801271964e+00,5.224768486197044481e+00,5.985358842523111456e+00,9.492607710335978055e+00,1.059474892194486095e+01,1.034427208121678632e+01,1.111966380733692539e+01,1.107002517730297875e+01,8.260971237820765367e+00,8.738288397565300514e+00,4.691846726830283032e+00,1.946813102836375986e+00,1.727833606896788554e+00,6.974800021128069183e-01
7.900480000000000000e+05,5.457271393959906014e-02,2.336980170766131959e-01,1.087094765584537770e+00,1.490861365731707355e+00,2.015880301013194931e+00,2.925040956568198958e+00,4.086699824132694836e+00,6.457598360556684014e+00,8.527235943449550604e+00,9.497019678085823813e+00,1.091262604781383239e+01,1.184929040829633351e+01,1.234442761584012338e+01,1.220522540546708790e+01,1.015562609923459370e+01,1.065509911200411430e+01,8.633736904772051801e+00,8.064233053545445173e+00,7.819484486104779641e+00,7.815216802318596834e+00
7.900490000000000000e+05,3.058644661679575938e-01,6.483053154308451305e-01,1.020374987055601146e+00,1.939585689534931934e+00,2.649302009090193533e+00,3.187320257442785021e+00,5.029096938664883609e+00,6.273113215229678907e+00,8.068133277615228138e+00,9.191262236906277749e+00,1.080804670435435533e+01,7.906981144003713879e+00,8.408350563839876557e+00,6.667443612642360407e+00,7.100574323128255649e+00,6.133871103805780933e+00,6.180884110471385640e+00,5.321982204894430524e+00,4.720109373221476723e+00,3.907789380688551084e+00
7.900500000000000000e+05,5.615041992007485661e-02,1.837758029074829658e-01,3.194932197445546906e-01,4.452545657132858103e-01,7.034772853767445877e-01,9.065996395999202928e-01,1.081999088896730576e+00,1.757059501479565355e+00,4.016008699780428515e+00,6.193760361337091958e+00,1.088919997088795277e+01,1.028421720897296332e+01,9.126966462984148265e+00,9.448244433824834587e+00,9.940506020090642991e+00,1.017260239976477187e+01,8.735003408609697928e+00,8.053146505138149891e+00,6.473763501443875690e+00,6.234105717944000702e+00
7.900510000000000000e+05,1.564831888274531568e-02,1.112291788577801643e-01,1.684206699639199112e-01,2.724478814676158933e-01,1.094672770785502625e+00,2.182342967840312120e+00,2.813857178390178682e+00,4.390599616701846841e+00,6.485042760190149025e+00,7.783074166032424301e+00,1.071059650506382788e+01,1.123559044585487499e+01,1.177792656395480186e+01,1.154352715703801202e+01,1.003979723723827000e+01,8.579939027726265266e+00,1.972371269284128203e+00,1.726471879938244580e+00,1.748811091372804993e+00,1.576462516294767635e+00
7.900520000000000000e+05,7.144644086708451525e-03,1.498705736614969197e-02,1.219866069298682909e-01,3.555392996216508728e-01,5.228323929666817138e-01,1.100681280576404131e+00,1.797583880643231158e+00,4.146924231541455619e+00,5.302398617966936456e+00,6.041198400417604475e+00,9.956708248231381120e+00,1.045556984690301583e+01,1.099649218571893527e+01,1.145804714418686210e+01,1.138464556561215524e+01,1.105241487139494438e+01,1.124927957725242500e+01,9.539325826057627467e+00,7.114626045581273317e+00,2.182964551757344829e+00
7.900530000000000000e+05,3.871463752552395388e-02,2.820916282777132800e-01,5.262232864579738933e-01,1.197076506262226836e+00,1.725451906690111947e+00,2.474264474607383413e+00,3.611147810508312794e+00,4.303958712457123248e+00,5.946228376049255360e+00,8.243818948076881981e+00,1.064301110046948828e+01,1.132340144747379718e+01,8.312960439916173172e+00,8.871364332298211863e+00,9.235022450969065488e+00,9.667513453114898070e+00,6.630601370437656961e+00,5.005557060962507521e+00,5.206649128275087079e+00,5.116868722099203737e+00
7.900540000000000000e+05,1.006592302811115669e-02,5.168753144150151080e-02,8.438737576005175267e-01,1.321565620480005254e+00,2.304216981761340488e+00,2.784080766144513497e+00,3.460262479405787683e+00,4.603454598149848920e+00,6.297829057589280133e+00,9.415998276737306938e+00,1.064101874853758822e+01,9.170089327153512215e+00,7.114290085506151939e+00,6.759420010533128576e+00,5.591843520877487705e+00,5.636509750296758270e+00,5.397160475928848733e+00,4.641857921858655089e+00,4.821098390497610353e+00,8.261007661869768093e-01
7.900550000000000000e+05,6.622269471625652493e-02,2.270081916601687233e-01,5.296779688195739633e-01,8.319932494944555224e-01,1.103533832479989929e+00,1.997667614764846222e+00,2.931600735748177478e+00,4.697915176007453120e+00,7.827186504204040496e+00,9.074075139166835058e+00,9.995716585782206565e+00,1.042816548401794030e+01,8.730380795925842818e+00,8.689814940152666978e+00,8.452863716339491518e+00,8.507374463564595146e+00,7.227779168239511165e+00,7.372828346248532227e+00,4.252938537730728719e+00,6.872341511856339125e-01
7.900560000000000000e+05,1.034098659693105660e-02,3.028830617632660704e-01,4.816922542900781146e-01,9.089763495116365277e-01,1.983929558233351598e+00,3.322900144751539386e+00,4.693094956054266298e+00,5.776502133981535891e+00,7.721699310958233475e+00,8.720538148099890918e+00,1.045923139962309101e+01,9.934439465213760201e+00,1.061396126634483394e+01,1.123024584300878104e+01,1.184426734496609512e+01,6.954324402493973878e+00,6.274255842717025189e+00,4.284114628248261170e+00,3.506063074889988584e+00,3.576605497473663853e+00
7.900570000000000000e+05,2.954510704260804310e-01,7.978017184824239827e-01,1.275752948592566050e+00,1.908011697580941135e+00,3.347557075878031974e+00,4.065776495431857818e+00,4.847033452444512669e+00,5.842056992891433431e+00,6.586752104706988575e+00,8.687256781601771394e+00,9.598624194939167964e+00,9.776392789091113755e+00,8.210986675342951457e+00,8.460071352051272697e+00,8.980914674178169577e+00,8.543062775902029671e+00,6.236423564030308064e+00,5.735554730771770693e+00,3.766281633181998600e+00,3.445287290738681119e+00
7.900580000000000000e+05,1.952508723704438065e-02,6.180945121526315589e-02,1.188705298598370597e+00,1.927806436581681382e+00,2.533439551267014700e+00,3.121417976255883353e+00,3.725911250790720608e+00,4.387194529422738576e+00,5.754926999559216938e+00,6.401582434564660140e+00,1.061088000033312539e+01,1.082481679401317365e+01,1.107935446442439797e+01,9.240253949316088011e+00,6.348553037696492929e+00,5.665683426189266569e+00,2.775989797607905096e+00,2.488213666215425057e+00,9.539781895803645106e-01,7.543067097660172138e-02
7.900590000000000000e+05,1.974660140684114662e-02,7.325969419318645315e-02,6.976344044138209632e-01,1.061887641261540338e+00,1.423162228961845521e+00,1.879129685802056082e+00,2.624470430098359230e+00,3.397454377751516930e+00,4.515672172211414370e+00,5.744120609459964832e+00,1.040260423564026127e+01,1.023627525812618444e+01,1.055594282940860573e+01,1.094046535359562000e+01,6.653450950389265373e+00,3.779229408963587389e+00,3.214930614874027537e+00,2.390923745023501468e+00,1.932551147758241550e+00,1.700783758161292791e+00
7.900600000000000000e+05,3.170234101436264496e-02,6.396340003396616680e-02,3.008325875343428324e-01,7.411408190575694555e-01,1.057482545483898750e+00,1.279286367600855456e+00,2.360812987839822519e+00,4.166872060215062845e+00,7.443452055234772935e+00,8.589120251749848833e+00,9.834056116553053783e+00,9.130722116730213500e+00,8.923995376226308451e+00,7.438662970049668921e+00,7.794091405822790364e+00,7.520515928415029805e+00,7.253321388026852112e+00,4.707403082342259459e+00,4.816285252012256990e+00,1.020072350260761151e+00
7.900610000000000000e+05,3.026185751236021293e-02,1.281694199352201302e-01,2.103680473547371310e-01,9.465139155092883172e-01,1.524590523905395845e+00,1.908246789506715446e+00,2.338275338816067972e+00,2.898416287881150133e+00,3.654783418639945491e+00,4.509158001063767962e+00,1.043156530523883951e+01,1.120991523129941569e+01,1.204222961579414530e+01,1.288487217171144295e+01,1.349338467222929694e+01,1.421935721356522642e+01,1.425002372826290120e+01,5.822644581611392312e+00,5.253966783941356411e+00,5.127535107791894475e+00
7.900620000000000000e+05,1.099079854134699108e-02,4.664610422950810076e-02,1.184764284951899116e-01,3.174466470763372961e-01,1.059821214397064892e+00,1.693634511208287785e+00,3.434085429278511903e+00,4.936246275083992607e+00,7.771809507596292299e+00,8.879859327106437661e+00,1.052446554132401602e+01,9.907942833887531719e+00,9.431564454896813388e+00,7.709300814225585441e+00,7.821386064896647561e+00,7.490484765522428035e+00,7.219576214624763288e+00,4.998810934614194679e+00,3.771501413129253688e+00,1.902358195793292239e+00
7.900630000000000000e+05,1.982777023776275405e-01,6.147977752959097320e-01,1.055609144904206209e+00,1.550230797477936573e+00,2.337199958598223493e+00,3.063455093501966875e+00,4.147594651555566614e+00,5.194457669972089242e+00,6.186978441603583789e+00,7.153158167229979547e+00,9.622453736414406933e+00,1.042388585592065731e+01,8.624639588022455783e+00,8.629077583335742929e+00,7.098647781874591445e+00,6.432002538646335310e+00,6.559073184419247582e+00,4.372854745622711370e+00,4.244641006233045744e+00,5.360012097119848384e-01
7.900640000000000000e+05,1.915026677724636084e-01,8.473195728040938679e-01,1.351884543393200300e+00,1.814610043338120704e+00,2.643786107678104180e+00,4.232851835672590823e+00,4.999527101348498093e+00,5.862338766866660222e+00,7.736865356151369610e+00,9.928304788311345774e+00,1.096183896168159499e+01,1.138753460094873660e+01,1.199128411107854220e+01,1.153635697984923958e+01,8.077687382152376472e+00,8.316955222664102365e+00,4.016895446944126036e+00,1.632181216073003593e+00,4.083578662441084139e-01,6.306598399024698764e-02
7.900650000000000000e+05,5.254867433052401449e-02,5.889204736841977539e-01,1.245402762134022012e+00,2.042106830272663043e+00,2.750004687325479757e+00,3.444642753253704726e+00,5.003159676386772503e+00,6.432264920796304075e+00,7.758242277872837711e+00,9.169745591844831623e+00,1.036570747449138707e+01,9.486106360970360640e+00,7.914742757478743229e+00,5.276307309109242283e+00,4.746037893659498685e+00,4.171418692152620622e+00,4.048233695874598581e+00,4.006529583945987127e+00,2.420360336136782919e+00,1.128990603920392299e+00
7.900660000000000000e+05,3.262262473196892998e-01,7.542751667579592478e-01,1.494890434455813155e+00,1.996936765439720762e+00,2.576748866599975596e+00,4.149803137085446458e+00,5.274569775911595038e+00,6.295049369757959923e+00,7.225792839028695624e+00,9.576711258785593373e+00,1.073290149731929155e+01,1.169519099147769658e+01,1.256176317509688012e+01,1.078363820806883666e+01,1.104867943079198866e+01,1.119704428758076276e+01,7.614444641449428453e+00,5.466023160344040122e+00,4.168797541376104476e+00,3.897389865320277647e+00
7.900670000000000000e+05,1.150251130695423285e-02,4.126834390205269543e-02,7.613463964051352395e-01,1.707691165845552472e+00,2.631309262689387030e+00,3.360325063012026270e+00,4.037123082376443683e+00,5.468749104005947714e+00,6.448539572280776788e+00,8.400902147493088279e+00,9.957738749265475420e+00,1.000148101839844728e+01,1.077285740410817283e+01,1.105854676109069956e+01,7.634410213534033041e+00,7.295881310611285642e+00,6.907134630008717302e+00,4.024066551271403114e+00,2.474725474118818269e+00,1.021936787625574716e+00
7.900680000000000000e+05,9.091362900924970791e-02,3.623289630066846012e-01,9.065357770734205900e-01,1.756906277627511948e+00,2.221737779019879344e+00,2.979022521523217115e+00,3.940234124497453028e+00,5.015803198176805644e+00,5.720290492237888103e+00,6.498630837553318607e+00,9.106252667505357223e+00,8.674316576459482064e+00,8.592470035183071175e+00,8.999401774482489458e+00,9.452299644300454773e+00,9.157142061310182157e+00,7.139070528859464915e+00,5.445293628832180488e+00,3.774586340225426273e+00,1.508403231226038699e+00
7.900690000000000000e+05,5.467786940892427339e-02,1.754308377371185390e-01,4.892655776947235635e-01,7.424102791194764350e-01,2.728408522736489594e+00,3.366717629067657924e+00,4.074401149314035742e+00,5.023462868725088626e+00,7.001761154567851975e+00,8.985176868541083550e+00,1.070141895447842550e+01,9.311060122843869635e+00,1.008510965911325030e+01,7.995899876985374632e+00,6.632666763261985565e+00,6.656215195862049683e+00,5.154986986411435268e+00,5.340417890548320834e+00,5.217831520689306668e-01,5.531883383759206296e-02
7.900700000000000000e+05,7.752073347519028435e-02,2.339916343816292876e-01,4.673247591786338084e-01,8.617796018767993615e-01,1.286332562701546056e+00,3.789544306525951534e+00,4.510312268312425488e+00,5.443475102385727737e+00,6.956881042390072878e+00,7.903776700482666229e+00,1.056093340619429810e+01,1.020649502934995567e+01,7.847025936003214852e+00,6.360642907416751868e+00,4.346451884414861411e+00,4.338189680948671523e+00,4.195006344734354187e+00,4.237479326156067927e+00,3.611797043384322947e+00,2.519957736405931126e+00
7.900710000000000000e+05,1.162900104541564339e-03,2.947665932338117134e-01,7.056471058662319162e-01,1.753530299931552072e+00,2.332336549692985539e+00,2.853446511993801060e+00,4.129906620794423056e+00,4.898214803575700493e+00,5.779339113106890302e+00,6.880683944742804314e+00,1.048879208117016226e+01,1.055220569699406852e+01,1.027822683813351290e+01,1.003001605077663783e+01,1.024422837828917743e+01,8.807373319050896043e+00,6.389853537837741904e+00,3.888721581949061701e+00,3.519619022012340892e+00,1.203178141505523158e-01
7.900720000000000000e+05,4.908564488472100251e-03,6.448401614822629746e-02,1.385174141783104274e-01,1.055860120871090047e+00,1.727941146719293553e+00,2.312764172881508706e+00,2.879604458267182032e+00,3.707307591007556802e+00,5.151635615497003329e+00,6.199627134699200681e+00,1.051137300448918488e+01,9.949754675590462227e+00,1.055442145611084648e+01,8.433634346322968156e+00,8.950242970990927915e+00,9.087380030123402008e+00,5.060029827808637748e+00,3.712585938867604796e+00,3.341585950480039813e+00,1.973851137481055229e+00
7.900730000000000000e+05,2.963272724212384635e-02,1.321049076337719175e-01,3.045108968258394277e-01,6.789815724986394407e-01,1.323855874631226781e+00,4.048123221151331386e+00,4.991566994222493392e+00,6.595641959341601357e+00,8.063376293904608971e+00,9.051702719798381480e+00,1.022454627820942363e+01,1.017429768620452712e+01,1.013226434382394103e+01,1.054518021222940938e+01,1.104816976997763867e+01,9.687238461036333348e+00,8.866910076283842201e+00,9.318703980909154083e+00,8.728847336823701397e+00,9.099785406388203768e+00
7.900740000000000000e+05,2.685176400770685756e-01,6.846253325059072914e-01,1.275364863649938840e+00,1.823080882519228396e+00,2.479604751734627133e+00,3.530861600916782805e+00,5.428170443943077572e+00,6.306575453970165057e+00,7.845535010857900282e+00,9.492270970203072977e+00,1.064117816984369114e+01,6.694354036672905295e+00,5.891513405132420722e+00,6.046820635528929344e+00,5.599311065842057289e+00,4.284161211008719050e+00,2.934337547746741048e+00,2.495167784865073735e+00,1.734475121837126821e+00,2.432081474669511856e-01
7.900750000000000000e+05,7.014360087396642740e-03,1.069085985070452605e-01,2.460583397784876780e-01,4.498874415727889264e-01,6.911042166162395528e-01,1.371167323265585880e+00,2.495020266164207356e+00,6.864915018372355071e+00,8.001373754975706021e+00,9.516944305231948675e+00,1.064437124049088901e+01,1.098082315945374710e+01,8.232141051920823571e+00,7.897474143345499797e+00,6.760578816950260972e+00,5.926379399207863941e+00,5.088642341792011692e+00,4.344868436259679889e+00,4.554556671234519349e+00,4.264471714810584402e+00
7.900760000000000000e+05,1.960175715563916565e-02,7.358000501087904599e-01,1.329206500790622414e+00,2.126190543511530695e+00,2.932548974682013032e+00,4.068107453304010690e+00,4.824704582537233222e+00,5.834270883731282886e+00,6.677718776708529091e+00,8.282061917107734317e+00,1.056699198928406958e+01,8.679187042518082151e+00,8.829349634143833114e+00,8.501751202531320217e+00,8.965381365562784310e+00,9.108411963411485956e+00,6.248192713455096303e+00,4.491700813593579866e+00,2.793430866465052009e+00,5.364415542495337696e-01
7.900770000000000000e+05,1.300788563968853229e-01,4.392991864413458014e-01,9.315750856664963830e-01,1.318263923085150502e+00,1.854557041429621300e+00,2.599766692615458119e+00,5.585347327923146032e+00,6.997961712095546183e+00,8.044769923280265189e+00,9.147337369456071343e+00,1.032032596141745451e+01,9.190230194876312098e+00,8.791907501400519465e+00,8.637306904964230370e+00,8.963952200731224451e+00,8.306435194016192014e+00,8.420928044018413772e+00,7.194860736769851606e+00,6.115235306931054104e+00,2.842373397105604216e+00
7.900780000000000000e+05,2.376114152733557194e-01,7.842354376926308213e-01,1.351989402219326841e+00,2.112225869917655707e+00,2.723499520598182233e+00,3.705849339118784780e+00,4.392898153073280909e+00,5.862053625723658179e+00,7.267976387519918369e+00,9.035770261021049521e+00,1.095045345158229111e+01,8.980165985454695132e+00,8.696036990506204489e+00,8.866299321318129145e+00,7.195401826508404319e+00,5.890191897485731687e+00,4.160352724793610513e+00,3.993591117294876369e+00,2.167433439660513272e+00,1.060965547972381184e+00
7.900790000000000000e+05,7.337708599264891607e-02,2.391010491724101517e-01,4.409207326444253283e-01,8.961459300584015963e-01,1.234837825682217893e+00,2.757755868409410116e+00,3.730452551302195552e+00,5.111212271485163328e+00,6.079603594742859940e+00,7.768223650758240950e+00,1.056119812972003658e+01,9.089631802962209406e+00,9.318495708744258366e+00,9.606000868247827285e+00,3.225275504149482053e+00,2.932557868588579808e+00,3.089298225770451545e+00,3.088281982550112215e+00,2.149870164789976723e+00,1.101765106167851282e+00
7.900800000000000000e+05,1.642835010894261316e-02,2.546220462306150178e-01,4.960529829845879979e-01,1.047571253795072543e+00,1.353618382946102372e+00,1.662097150181127247e+00,4.094184994252519694e+00,5.646292600585418597e+00,6.701708888762065719e+00,8.770289193149011453e+00,9.923900910376804774e+00,1.036750441532776890e+01,1.079258119616555511e+01,1.024220362031238096e+01,1.029925670893259237e+01,1.075443115487497181e+01,1.131848415483739423e+01,1.025596937979518231e+01,8.667925988302743079e+00,8.051619538074204385e+00
7.900810000000000000e+05,7.984632326376150946e-02,3.301910719800269511e-01,6.065651984885834791e-01,1.079727459110273458e+00,1.376954535527327828e+00,1.667913032036786536e+00,2.258279469634294934e+00,4.920766394237233499e+00,6.489366069429548745e+00,8.342958460827405887e+00,1.053330588368413245e+01,1.070742435576245555e+01,1.087040452664968448e+01,9.474347621339203940e+00,7.851671164648347911e+00,7.479860593637230437e+00,7.213444204174435548e+00,7.547791912802578551e+00,6.648759590128046071e+00,6.932975826471161618e+00
7.900820000000000000e+05,3.221939011234919992e-02,4.213552192237484117e-01,6.788292677232997674e-01,9.783803783470443882e-01,1.408544412268928792e+00,2.817745638474271175e+00,3.370216065185465126e+00,3.865272357955976901e+00,5.025782549784943321e+00,7.409758058885790533e+00,1.009858048894250082e+01,1.068285785278793831e+01,1.136480929773608395e+01,1.164060736602303514e+01,1.091677096058021412e+01,1.028613043397718307e+01,9.816903232435933546e+00,9.593750868256847752e+00,9.458708719305954915e+00,9.648497187584156976e+00
7.900830000000000000e+05,9.793178693743764818e-02,2.944028630787132172e-01,7.205502528241755078e-01,9.919241784204451129e-01,1.496556846332310453e+00,2.083750458672341210e+00,2.630090388493566689e+00,5.107752342132694245e+00,7.884830351473588905e+00,9.844054689618150888e+00,1.097778018492408592e+01,9.808224437589986522e+00,8.487473945465712433e+00,8.232120620707048531e+00,8.399206980629106312e+00,6.891036046574457785e+00,4.728139190422282923e+00,4.932431805209630760e+00,4.970395858732887362e+00,4.204499026066626399e+00
7.900840000000000000e+05,9.226538876239975817e-02,2.718275942192545092e-01,9.483104321064798059e-01,1.366537615161340646e+00,2.373014902709367657e+00,3.429102007793438212e+00,4.230571565584806848e+00,6.028761064962234961e+00,7.155658696803363306e+00,8.166235670976400129e+00,1.098631697372727167e+01,8.788410892773395489e+00,8.007333523829238686e+00,6.510325999832334176e+00,6.161167866671362958e+00,6.168683847725397129e+00,5.332618798234769031e+00,4.718097893879324545e+00,3.839780979125908988e+00,3.797666960668113489e+00
7.900850000000000000e+05,3.668873897517022087e-02,1.251475214950352743e-01,5.637307969800686713e-01,1.083804202660426430e+00,2.666585633012192424e+00,3.225897379503951612e+00,4.047992303767790290e+00,6.531366849692076038e+00,8.527946704656924837e+00,9.750093640880626467e+00,1.098256758982307169e+01,1.109529730840290540e+01,1.061094656288478610e+01,1.114275204020330001e+01,9.289348675276112743e+00,8.879758227167426909e+00,8.168871906860029952e+00,8.636799581656942948e+00,8.097908066453817000e+00,3.939447378522142884e-02
7.900860000000000000e+05,3.111014527139688290e-03,6.256524154269227367e-02,2.052854547602247504e-01,7.469357925531650011e-01,9.695565732013317062e-01,2.668058723208056815e+00,3.251715777265502538e+00,4.173501467048829738e+00,5.049879708027034120e+00,8.040912522335496249e+00,9.348198937043614265e+00,8.644462230473509479e+00,9.194371927056787186e+00,9.528821597610590999e+00,8.321210447103359442e+00,8.086322036734431506e+00,8.575852409029893764e+00,8.334992228370294853e+00,5.269635342831695546e+00,4.708135989097961271e+00
7.900870000000000000e+05,3.908164913886236214e-03,1.263743258267635561e-02,2.167243880473440631e-01,6.325163008146152954e-01,1.349755297050211356e+00,2.007546982682232084e+00,2.496883749170231592e+00,3.218569793576738114e+00,8.040147666021324468e+00,9.112395293904855365e+00,1.098667113857993449e+01,1.140883707867608621e+01,1.114313627842342846e+01,1.194797923351685576e+01,1.092003543449094494e+01,7.455663656392459870e+00,7.790531377204768404e+00,7.330160892150598961e+00,7.051410278937028764e+00,6.977976213921818882e+00
7.900880000000000000e+05,5.901229049522560555e-02,3.118465840283304313e-01,8.658224289746927482e-01,1.217303468931331789e+00,1.552543201313445032e+00,2.039406715436081097e+00,2.904644387855684684e+00,3.739130953058987572e+00,5.830330138778109017e+00,8.628004315051793327e+00,1.063313160821444647e+01,1.064448655117544362e+01,1.126451207983488878e+01,1.080901814264165672e+01,1.140226867129778121e+01,1.142790861570628813e+01,1.105575873500605688e+01,9.870578089205677585e+00,1.022299009399125858e+01,9.098477746196833138e+00
7.900890000000000000e+05,3.291071835134232737e-01,1.010753561051300986e+00,2.134503716617570657e+00,2.863958484959905793e+00,3.931707988122781661e+00,4.775566504360253539e+00,5.590496237377498900e+00,7.298067825347675175e+00,8.374003207987161801e+00,9.326557888087487314e+00,1.084292662579397515e+01,1.149881863936263571e+01,1.226758989898041641e+01,1.132120785694150555e+01,7.307898851405787433e+00,7.428224019139230805e+00,1.906736315971353068e+00,1.841483726697853873e+00,1.537880578232013740e+00,6.880115061267999543e-01
7.900900000000000000e+05,3.200232119671558850e-01,7.040367033974630484e-01,1.138099641286270280e+00,1.670187020230612607e+00,2.336788748981888375e+00,3.687161731792189201e+00,4.603290163999714579e+00,6.489273265858664708e+00,7.557053727414690947e+00,8.917084298027097233e+00,1.031960943761134963e+01,1.091779422775196551e+01,1.148392690816108264e+01,1.184070909033258800e+01,1.081547214817675950e+01,8.441885285685399865e+00,7.261095470440964483e+00,5.006906169905046333e+00,4.806044900209200499e+00,3.646507532600959944e+00
7.900910000000000000e+05,1.013095939668148260e-01,5.777815333509443985e-01,1.129765165265929516e+00,1.673604677476204117e+00,2.521860377577625378e+00,3.697889355965829239e+00,5.081654199859999999e+00,6.590289193934253831e+00,7.467131370088186060e+00,9.083175743069704211e+00,1.000676761100480405e+01,1.080028051188231686e+01,1.084217820584809999e+01,8.533170983358926875e+00,4.562495858489970857e+00,4.699878526929575528e+00,4.115398286440079545e+00,3.413529310519134441e+00,2.249078849246958445e+00,2.248145393782610135e+00
7.900920000000000000e+05,2.656830863267434228e-02,1.801983009665235613e-01,5.549693725575702841e-01,1.350000039060371915e+00,2.140365582188819005e+00,2.598542242472693609e+00,4.220491503138966927e+00,5.716264651812380748e+00,6.511594134393276612e+00,7.886271875180396407e+00,9.214165979441599319e+00,9.734328891224812708e+00,8.787803982599131203e+00,8.335929890687546973e+00,8.361434152431721500e+00,6.315401347771782525e+00,6.288873785428929608e+00,6.204098305443260131e+00,3.328437040697012517e+00,9.455043370506066580e-01
7.900930000000000000e+05,8.524950554373778022e-02,5.308308484978647712e-01,1.180224349359876301e+00,1.714681519226216810e+00,3.118594709536416154e+00,3.973048691102997410e+00,4.764264127258746484e+00,5.924563423402784856e+00,7.416922093879004585e+00,8.653673941065884279e+00,1.025718152578332187e+01,1.088865593046222813e+01,8.562943103526936994e+00,8.932440936800324138e+00,9.116958712734536618e+00,5.841844711162824666e+00,5.078036492453689377e+00,3.074066409660035859e+00,1.126149862206087260e+00,1.026851359116167650e+00
7.900940000000000000e+05,5.717691880376463143e-02,3.164099485094029607e-01,5.821150739869311863e-01,9.034978110514479965e-01,2.159267482704526842e+00,3.529062994483588511e+00,5.034466345333898474e+00,6.310725840455183366e+00,7.689472138108699006e+00,8.760002067042590213e+00,1.032570182115644286e+01,1.060699513674838101e+01,1.006889152024543854e+01,9.600040393527262239e+00,9.077492624242278652e+00,9.226175469395734297e+00,7.563753682501254794e+00,6.999922586179319062e+00,5.154073417127345458e+00,5.059207296393228859e+00
7.900950000000000000e+05,3.171911968753382549e-02,8.467075763759646101e-02,1.598153538811938335e-01,4.744339673067607954e-01,7.544848534295345299e-01,1.075554114604096556e+00,2.069679969345005865e+00,3.023007270636534294e+00,6.299925189539299808e+00,9.586131137104644040e+00,1.087783303502856747e+01,9.638239141863692794e+00,9.010267732440855326e+00,9.355928043689582196e+00,9.113558802439628792e+00,9.290473372299395294e+00,7.152489605423448360e+00,6.018220503869374127e+00,4.157181372753307791e+00,1.745647503398204403e+00
7.900960000000000000e+05,1.813026082272154449e-01,6.393332237212003832e-01,1.050158584766270664e+00,1.409408570129657701e+00,1.763822564978461571e+00,4.282066086488985235e+00,5.286700406156555232e+00,6.195459362060787178e+00,7.314698093924270061e+00,9.355430433071010299e+00,1.071965467639406100e+01,1.013707904008004590e+01,8.375886392539323211e+00,8.666472819792010895e+00,9.176203049643969933e+00,8.590008046622145343e+00,8.305296968790578660e+00,8.185573695042982934e+00,2.948206310038704814e+00,5.288114074637739748e-01
7.900970000000000000e+05,1.243243744247712890e-02,1.340937231126260176e-01,3.817000682327886807e-01,8.831179695204656177e-01,1.148151721073427556e+00,1.446401467015508979e+00,3.821795534542343553e+00,4.408975494100003445e+00,5.431492698713305423e+00,8.475685965072287331e+00,1.052690639262666394e+01,9.963747847104787780e+00,9.475056699285275386e+00,9.494346132592331955e+00,1.000944676490984087e+01,9.856867291581975721e+00,1.020286879330534902e+01,9.128578692760854096e+00,3.910884304704716374e+00,3.106968776770577811e+00
7.900980000000000000e+05,2.674494683936019523e-01,6.605035549370990022e-01,1.158599257956860917e+00,1.756196861530370246e+00,2.310775107885864266e+00,3.603922657435699062e+00,4.216736764152321904e+00,5.293037049591530874e+00,7.761044617183584293e+00,8.779397593767336971e+00,1.070793443104490450e+01,1.151494919632201963e+01,1.061691659135564869e+01,8.664904185167436879e+00,3.972053193447862007e+00,4.030771461155101321e+00,4.278839671783347676e+00,4.326427115969945447e+00,2.205294762785688256e+00,1.999165281394728044e+00
7.900990000000000000e+05,3.873077013199344165e-02,1.183331144367849586e-01,2.788473976943356414e-01,7.146464970394048599e-01,1.410084826715874318e+00,1.812901009624054538e+00,2.467523898111162683e+00,3.176199006950138681e+00,4.476760023119753740e+00,7.317241725336761426e+00,1.069869905356525308e+01,9.817191966962031557e+00,1.021807912625058812e+01,1.074422100546459014e+01,8.555194516145721906e+00,8.799262334410284936e+00,7.455931980951038263e+00,7.646909528972389403e+00,7.825940594988923138e+00,4.427333214592009014e+00
