1.400000000000000000e+05,1.181902259158487123e-01,5.111196038223457805e-01,1.609062283249471648e+00,2.640408566278958258e+00,3.411157155402571917e+00,4.134571568000579234e+00,5.412054785611839947e+00,6.499923725855167866e+00,7.883128391243765520e+00,9.836122178771462998e+00,1.082952937256690618e+01,1.051010417425516863e+01,1.131825564489852454e+01,1.121140793818907255e+01,1.186696761562050639e+01,1.097703043274283630e+01,7.424293574175043986e+00,7.320978794011965718e+00,3.752529968566533647e+00,1.908378111863791027e+00
1.400010000000000000e+05,9.170777635960014607e-02,2.187423551587290849e-01,8.509639573395293421e-01,1.518561460248048167e+00,2.212085493504396538e+00,2.942501919447625625e+00,4.196618747647210768e+00,7.148916069535187212e+00,8.066940878677611337e+00,8.968325171332796941e+00,1.066838306224372346e+01,1.161572604666566555e+01,1.095095810980246931e+01,9.834709902697470696e+00,8.374103855976068544e+00,8.688904800967323538e+00,9.094944613725857607e+00,8.571465853890764208e+00,7.803899790803866310e+00,7.812098595988928196e+00
1.400020000000000000e+05,6.181637998243794119e-02,1.399975543636717834e-01,3.873209381021793796e-01,9.376111756281106935e-01,1.176634331073613371e+00,1.859421272512768342e+00,3.261882877228125199e+00,4.589009369607686573e+00,6.137084093635166937e+00,6.917436283023409516e+00,9.766196015064291913e+00,8.800304320073882636e+00,9.197689556004988276e+00,6.782152421490730276e+00,6.628942697553336316e+00,6.889147257047994799e+00,6.361219343682227745e+00,6.548155210318647335e+00,1.496805826411292673e+00,1.417521668674837088e+00
1.400030000000000000e+05,1.249219951996081157e-01,3.188618823319824269e-01,4.893458247180935139e-01,8.256923831006983683e-01,1.149418144173398604e+00,1.998268769558560143e+00,2.610268712118046341e+00,7.165198804207565608e+00,8.365085680969706061e+00,9.786387687779759759e+00,1.082102979811259047e+01,1.149663523516708530e+01,9.775864296257823938e+00,9.813825355411799123e+00,9.538475295400781206e+00,9.753944318558469107e+00,9.909638860565204155e+00,9.891495193276025333e+00,1.029366227733616057e+01,8.725246348953856312e+00
1.400040000000000000e+05,3.934342383922349029e-01,8.505767558393040328e-01,1.330134871915582551e+00,1.898777467903105531e+00,2.385292879356613049e+00,3.394454640579714688e+00,4.412705663339024476e+00,5.078478075989403706e+00,6.329958474180304329e+00,7.346751614849784673e+00,1.036564121290779461e+01,9.559832782366870063e+00,9.724646246546447159e+00,6.394275174202876499e+00,6.496634814835407390e+00,6.263651307040912997e+00,6.425835024237604109e+00,6.433967616607984219e+00,2.745373250996042902e+00,1.326225403144003501e+00
1.400050000000000000e+05,1.159916341714306576e-03,2.170467629418704192e-02,7.795703739701054236e-02,1.438699295959316782e+00,1.981998688486023008e+00,2.553099551071387641e+00,3.576472289466240628e+00,6.122442782396954719e+00,6.911527055674287823e+00,9.497817957985486004e+00,1.087645512486354704e+01,8.822383221919235297e+00,9.463382265116612402e+00,1.008760515295042204e+01,9.914282465142548517e+00,8.860262147602009364e+00,7.657427110311522789e+00,7.500851729241379218e+00,5.870928384974775760e+00,5.272883677465697971e+00
1.400060000000000000e+05,3.524971678821925414e-01,8.485541037459081171e-01,1.475591659029018565e+00,2.492459470927114840e+00,3.712308719964825698e+00,4.550256349504604003e+00,5.315340190168024392e+00,6.112082039473696327e+00,7.092544618919922605e+00,9.340098153482337295e+00,1.051943687559978535e+01,1.045665344882369041e+01,1.120943577894780319e+01,1.114258367731929589e+01,8.694396355923339925e+00,5.916737538802632201e+00,5.348976385050623783e+00,3.943372740756088568e+00,2.712534783521120652e+00,5.406051713806347969e-01
1.400070000000000000e+05,1.854584436801861580e-01,5.947929714319484251e-01,9.687689367231001603e-01,1.687522654529057586e+00,3.268164376547079364e+00,4.491270216201913357e+00,5.360916438303696907e+00,7.471062315868020498e+00,8.548863187254596596e+00,9.616245455604550685e+00,1.074287642116644825e+01,7.760492132692975886e+00,6.547702459408320408e+00,5.891375362473063149e+00,4.430440493811281577e+00,4.355178742533919234e+00,4.320155426973852464e+00,3.701742644303454455e+00,1.689040484915195872e+00,6.419922196371952161e-01
1.400080000000000000e+05,5.927474482548267254e-02,5.328172821959678007e-01,9.861530471908566131e-01,1.772257603331086173e+00,2.316539496983248902e+00,4.056840485511640004e+00,4.875697970332684150e+00,5.836955868593348917e+00,7.049087813275755288e+00,9.283321847823909678e+00,1.070422912285047268e+01,9.316351373668677383e+00,9.397810172838701348e+00,8.615399865738638141e+00,8.797532135142621001e+00,7.358359359849309556e+00,3.415724011379651426e+00,1.267103988939682235e+00,7.963805861548151066e-01,8.093226572559264476e-01
1.400090000000000000e+05,1.315892387990174051e-01,6.669131439229858405e-01,1.018691503681986577e+00,1.810908143634311518e+00,2.750941138043914158e+00,3.519733510589794445e+00,4.730823034016498063e+00,5.512701733768776258e+00,6.892220216057202364e+00,9.453681169128154593e+00,1.074284588809100249e+01,1.099407689510343999e+01,1.093292495759117244e+01,1.080648364229647740e+01,1.146300060711220503e+01,1.033812318444240752e+01,9.260538794138552632e+00,6.878912777169311710e+00,2.353336446914894076e+00,1.499974030703170591e+00
1.400100000000000000e+05,3.731224120438114689e-02,1.508846203121425589e-01,2.477394329997968381e-01,3.364032748289242924e-01,1.527679642170346463e+00,1.896786603126641602e+00,3.001627614896412055e+00,4.803245836404403057e+00,6.101632476434803998e+00,6.942789205313321332e+00,8.554456089791791840e+00,8.981854339747158633e+00,8.436330093265864249e+00,8.965332597351341803e+00,8.958239720890411206e+00,8.493550923199098435e+00,5.819941035024702281e+00,5.582524394762373277e+00,4.370281648989622347e+00,2.575781310070868191e+00
1.400110000000000000e+05,7.671575352694748329e-02,1.907342811659624715e-01,2.972287007971551320e-01,4.074570883325816517e-01,9.821634838560977521e-01,1.517022559558328210e+00,1.975012403167111241e+00,4.871299268185347309e+00,6.954173941723830410e+00,9.654994973020439630e+00,1.070808353102310306e+01,9.502466358113123235e+00,8.250423600825278925e+00,8.813385744696022428e+00,7.055325263858129858e+00,7.334483253863472996e+00,7.334047805308693491e+00,6.180383452444117687e+00,2.809784282356852625e+00,2.602696715616943379e+00
1.400120000000000000e+05,1.120434099905635028e-01,4.597643282285226451e-01,7.015342562850429564e-01,1.205918521313479985e+00,2.632834025761501717e+00,3.574815311148623387e+00,4.505713724095175010e+00,5.336163539370359032e+00,8.027517141891031827e+00,9.167854895723326791e+00,1.069102971596077900e+01,1.162119538155609177e+01,1.055498964259155237e+01,1.101363640175842740e+01,8.770040604223982683e+00,5.565285505691823786e+00,5.084629365587479910e+00,4.177466098556362972e+00,2.913263321036982934e+00,2.898701473501175130e+00
1.400130000000000000e+05,2.197623620454997040e-01,6.776193490483579662e-01,1.110275576174864387e+00,1.654926436246900501e+00,2.924563876321853328e+00,4.203408877934732502e+00,5.137842699605945640e+00,6.104884598880374824e+00,6.942069759276550123e+00,9.588703386140803531e+00,1.066219514205080543e+01,1.126262567051669450e+01,1.174500390790324467e+01,1.214958832749222495e+01,1.021962058035080645e+01,9.626724919337309672e+00,9.074578887749188638e+00,9.234572559734184338e+00,8.988571758080961871e+00,8.499524472785475737e+00
1.400140000000000000e+05,3.849419501734621107e-01,9.012187888539096026e-01,1.421583612626995397e+00,2.152745195914190557e+00,2.852742717020573249e+00,3.436303034009428714e+00,4.054554634064890806e+00,5.551887870529294666e+00,8.337115817834629183e+00,9.915297784845119367e+00,1.092105167630306362e+01,7.773281111310348379e+00,4.306492033690243915e+00,3.826655333297311667e+00,3.687663581836238436e+00,3.423744277013730297e+00,2.793018513774264022e+00,1.076104514709337767e+00,6.484482161213194207e-01,2.591596280093244609e-01
1.400150000000000000e+05,1.078293659816734751e-01,2.732188311306333883e-01,8.161848706472644155e-01,1.102501574567450238e+00,1.821808793121082903e+00,2.730757184935595383e+00,3.653470312377288032e+00,4.587984293935462254e+00,6.447961844290433397e+00,7.193808435430027792e+00,1.091955101673464767e+01,8.654219333279410620e+00,8.712119503440707291e+00,8.382408255537789898e+00,6.056273887627192209e+00,5.901661588202827602e+00,5.302436894933322264e+00,5.312853314972675989e+00,2.791672085667408432e+00,2.460331175287389094e+00
1.400160000000000000e+05,4.469933938857750810e-02,2.179506210209807282e-01,1.089068664472462533e+00,1.855641678937267169e+00,2.633209251481947621e+00,3.162080501366706820e+00,3.710214682780685447e+00,5.545226322038038447e+00,8.590787117434187437e+00,9.820597068596821799e+00,1.082292973208619991e+01,9.502985893062549039e+00,8.837964187630378277e+00,8.671533842011010407e+00,9.108525456726390246e+00,8.507171413834262452e+00,7.850559899251172702e+00,2.743552657827917685e+00,1.154348540374511067e+00,1.003596408932994066e+00
1.400170000000000000e+05,4.733910568606125580e-02,4.378363516772145747e-01,6.742390999292836584e-01,1.038750874477549768e+00,1.373580266718019693e+00,1.860024048044956357e+00,3.266920915738608766e+00,5.148124388852714617e+00,6.478540007462172845e+00,7.675138210674026240e+00,9.444453143072099266e+00,9.392688216463270123e+00,9.019874141425432867e+00,7.742979664573284460e+00,6.501796315885293609e+00,3.801992319109123386e+00,3.978207608700719433e+00,3.987164932687496055e+00,3.183315570962704566e+00,6.685084761094151062e-01
1.400180000000000000e+05,4.551268009417075433e-03,7.646226328374661207e-02,1.866797043656965860e-01,7.078611773353502556e-01,2.232723895441103501e+00,2.710558682840242817e+00,4.805562477245328701e+00,5.753505282927475761e+00,6.787212521980659830e+00,9.905178587501522358e+00,1.096804736296717664e+01,1.129518414396227577e+01,1.159219457178850909e+01,1.109714232298640191e+01,1.187577371902934154e+01,1.103101806077083502e+01,8.798894328069090776e+00,7.874804643665632931e+00,5.371482073270672508e+00,4.139073118867216294e+00
1.400190000000000000e+05,3.571395715067637866e-02,9.636149939958205124e-02,6.608966363405951450e-01,1.179329968642962800e+00,2.042730997748831712e+00,3.276321670068246039e+00,4.777443541000554461e+00,5.751261716839093374e+00,6.946319838085918796e+00,9.367795418029462695e+00,1.063012436510944347e+01,9.326645163724739618e+00,7.855642789278078908e+00,4.890808707309041381e+00,4.797911610635249957e+00,4.333082778929544077e+00,3.791590255619920136e+00,2.219240670022589512e+00,1.855959019783308239e+00,6.844249834864735149e-01
1.400200000000000000e+05,2.000525798571821667e-01,4.310296494090699593e-01,7.426623330106801868e-01,1.494349339909034402e+00,2.281962681822180539e+00,4.062543544421889585e+00,4.857496897126453383e+00,5.621017009590013380e+00,7.530414631096289391e+00,8.586352629451109664e+00,1.073886600497310617e+01,1.076968119348174469e+01,1.150127658244923801e+01,1.130277011481106797e+01,1.024954738914965802e+01,8.333129653901078626e+00,5.130931990735312809e+00,3.963261798886255072e+00,3.428804697149307135e+00,5.470769034116917950e-01
1.400210000000000000e+05,1.759215335012194181e-01,5.556875081436203345e-01,1.264775303135000417e+00,1.830059997135349725e+00,2.302274785884038444e+00,3.102873287601982444e+00,3.620333329675024192e+00,5.169784572947931700e+00,7.400771793657620279e+00,9.309781092254764800e+00,1.098583401050661834e+01,1.184145506726094155e+01,7.861288232696798772e+00,8.163973080968210283e+00,8.737197433351409970e+00,7.006760114045059495e+00,1.481498549695192679e+00,1.205739396188762358e+00,8.808559247114029489e-01,1.497628669090289577e-01
1.400220000000000000e+05,1.406221597791675881e-01,4.377238878777054421e-01,7.757379332792891935e-01,1.183044191425858926e+00,1.636311669626280718e+00,1.997134185480013313e+00,2.502774612306628121e+00,2.993657784126336097e+00,3.415288956251732344e+00,7.788534363221497614e+00,1.072728810977125491e+01,1.118682881614837221e+01,8.447964893317214674e+00,6.362864122082507734e+00,4.403092401554852486e+00,2.506940673038233314e+00,2.054344971506623097e+00,1.866902817735091480e+00,5.982683856068952144e-01,2.388081088643390082e-01
1.400230000000000000e+05,2.147932295396862701e-01,4.448911015126824076e-01,8.743673087627170659e-01,1.204263836840835378e+00,1.785619668188883624e+00,2.433440557036639085e+00,3.107958619356830710e+00,3.606990126799977325e+00,7.402611455219681780e+00,8.622439849329678552e+00,9.975969019038991803e+00,1.010643176756665440e+01,1.016774988969666893e+01,1.076664881371661942e+01,1.108066867605080574e+01,1.129962556947779539e+01,1.186665648037860343e+01,1.116996299569393258e+01,9.741874536214751856e+00,9.972984160251945340e+00
1.400240000000000000e+05,3.671568973165129091e-02,1.541297291311007900e-01,2.550858016896697666e-01,3.921844904498201778e-01,1.215052531786059431e+00,2.820545900129093120e+00,4.381612255905695363e+00,5.829781176264668296e+00,6.871160310155042694e+00,8.548308058431166145e+00,1.053125590580456183e+01,1.087726373641341659e+01,1.116789816925276746e+01,7.668497252292921118e+00,7.978600935463503241e+00,6.770631690853722517e+00,7.005114435159169872e+00,7.230447722702517233e+00,7.509290758344089767e+00,5.554605613688980981e+00
1.400250000000000000e+05,1.955389021021398666e-01,4.263849697986565879e-01,6.434869835722923925e-01,1.022907752668844594e+00,1.663011647590225017e+00,2.908929639994981109e+00,4.043776316489692491e+00,5.198579799765136400e+00,7.157703575227832182e+00,8.713083675621525970e+00,9.880123254372318087e+00,5.871604774446143260e+00,5.796121971651881033e+00,4.615100900206295265e+00,3.523994406535444934e+00,1.906697301287707091e+00,1.515797213791910902e+00,1.486696926144555286e+00,5.208054974050059238e-01,1.326262650220622064e-01
1.400260000000000000e+05,2.513093831367907427e-01,5.117807995964884782e-01,1.122045682545256939e+00,1.888168156365734873e+00,2.659883465615988651e+00,3.403707268241914718e+00,4.761726547400416898e+00,5.472393625081362067e+00,7.027639034262444184e+00,9.664678352261731220e+00,1.083201725743902522e+01,1.173185928049626447e+01,1.174320929769508304e+01,1.087360313040774429e+01,8.072261208733534588e+00,3.892347331393356313e+00,2.527862026457792233e+00,2.203869609974040245e+00,7.985142725397053054e-01,7.033160575766261857e-01
1.400270000000000000e+05,4.487685325280521553e-02,1.033001882954811546e-01,8.527833395018512563e-01,1.840293001430806985e+00,2.373369311132395687e+00,3.236855867989726576e+00,5.029988848958301340e+00,5.803400940677385655e+00,6.693325130090025610e+00,7.771678544728713334e+00,1.060996816273776311e+01,1.086402671468683678e+01,7.261614618455388914e+00,4.315841385985958567e+00,3.672089774231801940e+00,3.721617995764438191e+00,3.123045050549934754e+00,3.139636884139733297e+00,2.322829038477371544e+00,1.802014000175242714e+00
1.400280000000000000e+05,1.506543129702941908e-01,4.385934247411440445e-01,7.285182948635887668e-01,1.231278042497647718e+00,1.787306199324721234e+00,2.365112074187288638e+00,4.789512699730345879e+00,5.566707163759274657e+00,6.810738019097402507e+00,8.469670205576642630e+00,1.058672497709496874e+01,1.148976766559721341e+01,1.235084835499130484e+01,1.321525107370456453e+01,1.409484283422574791e+01,1.431822470386108570e+01,1.112483470543619823e+01,8.540333233193372564e+00,8.319532973157599542e+00,8.270747336695762897e+00
1.400290000000000000e+05,2.141223464133603649e-01,4.516560465990964168e-01,1.013757509965907744e+00,1.425388042139791978e+00,1.863380254592549301e+00,2.400720697993701691e+00,3.080850975645545553e+00,4.675569683519105624e+00,6.279016884988747549e+00,9.598524737784549288e+00,1.089842054789470360e+01,9.549612924948817749e+00,8.924790079310897184e+00,9.139435577106617359e+00,8.974609035123187084e+00,9.074571811684844391e+00,9.245101214828276071e+00,2.753456428071853423e+00,2.156354032686268241e+00,1.802516704587733276e+00
1.400300000000000000e+05,1.667992969217639843e-01,3.590529133540527607e-01,7.374872732342730997e-01,1.052352322796914930e+00,1.486443570538706904e+00,3.264364044509144414e+00,5.268606694972143956e+00,6.397384374169452492e+00,7.698828951830744671e+00,9.404613990111030830e+00,1.084849438624308249e+01,9.043806310097670220e+00,9.678707597575897381e+00,6.517692248877702710e+00,6.085350101517006394e+00,4.919398024806536540e+00,3.833472090944373800e+00,1.308671061781644829e+00,1.297665752005527695e+00,1.097424117820240408e+00
1.400310000000000000e+05,3.178724143807643010e-02,1.089507639454312393e-01,5.121215900535005527e-01,1.500605658570442369e+00,1.891743161847667665e+00,2.293457340164911429e+00,2.933050550102270115e+00,3.729079724667328399e+00,5.506384053799197709e+00,9.263762614072403423e+00,1.056157962741520961e+01,9.187622539887343009e+00,9.560828102423565511e+00,9.458807617798560941e+00,7.768432597073942958e+00,6.798542274568600163e+00,4.992907293381553480e+00,3.940989434606378961e+00,2.762501253139106439e+00,3.275343182970336109e-01
1.400320000000000000e+05,2.794356650024187871e-02,8.523379129727426395e-02,2.620227535832040378e-01,9.565607581619426369e-01,3.384506271525355547e+00,4.099740296632113257e+00,5.023097370636047998e+00,6.423252094008438107e+00,8.089907643939705295e+00,9.467121619162494284e+00,1.061594323183512678e+01,1.135483095420325483e+01,1.140347263590460969e+01,1.213099367699326159e+01,1.231552309588474614e+01,1.007983144129112318e+01,9.280517816578628398e+00,6.255376696599330266e+00,5.092879940295747865e+00,4.567641528988463762e+00
1.400330000000000000e+05,4.538223923952555694e-02,2.323022471212128348e-01,7.533047534532759659e-01,1.181817116085936092e+00,1.646505137076994529e+00,2.814291885623695144e+00,4.153656588225198121e+00,5.218499398252341770e+00,7.122749219335364756e+00,8.875096221625131676e+00,1.042588653748631522e+01,1.007363107032949756e+01,7.269100802134873085e+00,7.733634736761129780e+00,7.299594868863365171e+00,7.580173374519008078e+00,7.490062534406220607e+00,2.860599516095950534e+00,2.623540372915616814e+00,1.872290496461990195e+00
1.400340000000000000e+05,5.067764643331851282e-02,2.866843915682615318e-01,5.158223726367140438e-01,9.876623026692388230e-01,1.298900967080605096e+00,1.813421499113512914e+00,2.337240084686946329e+00,5.479498799102326068e+00,6.881673827909253305e+00,7.844031452134548665e+00,1.077150112617778710e+01,1.067762788000363727e+01,1.104255500390451061e+01,9.661717830800554907e+00,1.008765128136905709e+01,7.462712133963384176e+00,7.856255407509152633e+00,3.323161273867222043e+00,3.093160083961942419e+00,3.111527732006402758e+00
1.400350000000000000e+05,2.333368727523459363e-01,4.883645344291520640e-01,8.487340130477394329e-01,1.494462694683882820e+00,2.044980968011352207e+00,2.533495412769291910e+00,3.261859822391179442e+00,4.444104191476015764e+00,5.628801774690549209e+00,6.748696046979693719e+00,8.526909492015720460e+00,9.164122195501287038e+00,6.609117492878738176e+00,6.935052866926727511e+00,7.038572956965871263e+00,3.822345652771309332e+00,3.159184073183552321e+00,8.733605628386797992e-01,2.248198186068097737e-01,2.074747950148525533e-01
1.400360000000000000e+05,2.226784453513829254e-01,4.907496436595106815e-01,1.069815238235984012e+00,1.667930974460626103e+00,2.183901981612708987e+00,3.217103591169517163e+00,4.408667190692042048e+00,5.614392411197348665e+00,6.727835931183470564e+00,8.484133153210811074e+00,9.361130849480696625e+00,8.216014678574246943e+00,8.854151283855644650e+00,9.276678914015946020e+00,9.437965686093148676e+00,8.271254344059439489e+00,7.479154241021044314e+00,4.254176515229214139e+00,2.847768255031623674e+00,1.896242900795992448e+00
1.400370000000000000e+05,2.568413041925350360e-01,6.379067600729768639e-01,1.023812303993601791e+00,1.423519885913983707e+00,2.599754375629992342e+00,3.376345315083705945e+00,4.080381156728047465e+00,4.959536413871785676e+00,6.705341917031136134e+00,9.525857226294828450e+00,1.056663823674713854e+01,1.038035448525679172e+01,9.701223184334827110e+00,9.903157288130936209e+00,9.825788476172508723e+00,9.071694547474775661e+00,8.767124588435242671e+00,7.319163838015015244e+00,2.978568037290532544e+00,4.994863885528855185e-01
1.400380000000000000e+05,2.153153603404216465e-01,4.876890458674205675e-01,7.945898080012984144e-01,1.092380852429978955e+00,1.417738434235952250e+00,2.386383872827479546e+00,3.775750048026668804e+00,4.389176460033090699e+00,5.048785459894284067e+00,5.949905538444891562e+00,9.407843063651361248e+00,9.521166196699597961e+00,9.829623531982978335e+00,6.094999184716897389e+00,5.898306034459343650e+00,4.054500535223695579e+00,3.818479929093149483e+00,3.216347266505023228e+00,2.898218674244164461e+00,9.669896888671836166e-01
1.400390000000000000e+05,1.070877059413868349e-01,2.876053843432682111e-01,4.714485066781175515e-01,9.722543745811460525e-01,1.877763561163447559e+00,2.603916358517498253e+00,3.509215945911646539e+00,4.115285466709439177e+00,5.332662674931563984e+00,7.847203691830890726e+00,1.062419962636468540e+01,1.054644599821207507e+01,9.374692509286273179e+00,9.676321351398417647e+00,1.013195358977608507e+01,8.878423693652420567e+00,9.407828813168423565e+00,8.983703110724199803e+00,8.480766838637737948e+00,8.728649459671341759e+00
1.400400000000000000e+05,4.503902045473283655e-01,9.611413417575962459e-01,1.534119254637463348e+00,2.130107503102313782e+00,3.120378278944724304e+00,4.317077682416760709e+00,5.788565835708375573e+00,6.775688424556768119e+00,8.162434125263425599e+00,9.273067967058118199e+00,1.069628356200495034e+01,8.176238646768693386e+00,5.064349848471349169e+00,4.688880746770817787e+00,4.110063850223538928e+00,3.946726433665029177e+00,3.738817112745855820e+00,2.494594921781156494e+00,2.316117876488620109e+00,4.998738744116804078e-01
1.400410000000000000e+05,1.720414228637434650e-02,1.174401700847722552e-01,4.177246858627962078e-01,9.280597139705180076e-01,2.330703103604853776e+00,3.395385803458648155e+00,4.841071646340996182e+00,5.764401542806155021e+00,8.181410297910018059e+00,9.146301916847413338e+00,1.070042906079562428e+01,1.037270178961713896e+01,1.082004262276430673e+01,1.104227879690045100e+01,1.012689962660813059e+01,1.070214982033722606e+01,9.280632366020908464e+00,7.439176347770104059e+00,4.140948948421733888e+00,8.661975297711665966e-01
1.400420000000000000e+05,6.074612473755536257e-02,3.082558091491212071e-01,7.399846227737644222e-01,1.264468898211558390e+00,1.786172177109719428e+00,2.295058322411583251e+00,3.433236722444765299e+00,4.747978730319533547e+00,7.808531501201636082e+00,9.369500198710367656e+00,1.078331690138461063e+01,1.103952945300730448e+01,1.071913691970031657e+01,8.645494428327925363e+00,7.483158978727630917e+00,1.516772713740458300e+00,1.473603015493408108e+00,1.164964663493527341e+00,7.984879572959314720e-01,8.317601344735137125e-01
1.400430000000000000e+05,9.098975525224983762e-03,3.769258565033783981e-02,2.968721948260183430e-01,5.806304213433635120e-01,7.678149286035595988e-01,1.073144386560929142e+00,1.969425716520788239e+00,3.316491836479278810e+00,5.841368951923159081e+00,7.684694762111753619e+00,1.060475084729638695e+01,1.041718785111240564e+01,1.063361432200722767e+01,1.101726178612226548e+01,1.098485832361503434e+01,1.142996582586720855e+01,1.023257641607970392e+01,9.266087285084770642e+00,6.193451925733922891e+00,5.314797082620426494e+00
1.400440000000000000e+05,1.339277468668031990e-01,5.124140883841301619e-01,1.215993140001560224e+00,1.643996459526037679e+00,2.452432083793195439e+00,3.170280496177667384e+00,3.946372931982751631e+00,4.513424112109422737e+00,7.888575702562745207e+00,8.921221380621474850e+00,1.012399543610755437e+01,9.341355454312433082e+00,1.001321729140293471e+01,8.668676544605798284e+00,7.152759051853356809e+00,5.145578196907846902e+00,4.004668185402712410e+00,3.289905323808412163e+00,3.100631180749143123e+00,1.814256524665052162e+00
1.400450000000000000e+05,3.887707712337251653e-02,1.114076558928354110e-01,2.231290351910415470e-01,6.923530653883669395e-01,1.660819219916903622e+00,2.913983536838970601e+00,4.588262665054627654e+00,5.513837506706450675e+00,7.389575170301528217e+00,8.892651165390629941e+00,1.041486497990966420e+01,9.307452687204117225e+00,7.406818402546653246e+00,7.295562353907248720e+00,5.344896042586467999e+00,4.639386068225574533e+00,4.442267012063457976e+00,4.487250364586003570e+00,4.042945033486500250e+00,3.235433483812644173e+00
1.400460000000000000e+05,6.140627054931790951e-03,7.579227813437428019e-02,2.310287389233915967e-01,5.247061043082226206e-01,6.852581500756926847e-01,9.020081754114304129e-01,1.497962550828438655e+00,2.002761386617486927e+00,2.684665854868456769e+00,6.812063443952780517e+00,8.138934189622322180e+00,7.059472580364694494e+00,6.799400409017907876e+00,7.048960430867299287e+00,6.858080482385112475e+00,6.579836003535273647e+00,6.502532196131056708e+00,6.361107892467321889e+00,6.279956135627984715e+00,6.076696841562170270e+00
1.400470000000000000e+05,4.305140193708867358e-04,5.817152829017535609e-02,2.838902121453589222e-01,4.358112697963925086e-01,6.355003465281283681e-01,2.699146074388100836e+00,3.881464864412639493e+00,5.062631481513527376e+00,5.771195860724284366e+00,6.550678300137052545e+00,1.099488519514041940e+01,1.015092726130938061e+01,9.758537202543534406e+00,6.508349247813052685e+00,6.470439154917607461e+00,6.010187022594024597e+00,5.416207687064210852e+00,5.417367425789370472e+00,5.426673907567949762e+00,4.155092843705294747e+00
1.400480000000000000e+05,1.289503022203772886e-01,4.000600763478285860e-01,9.226180458158925735e-01,1.621810013031860009e+00,2.325826518948723276e+00,3.161235857029020213e+00,4.378296172626443550e+00,5.349647455019170827e+00,6.044500662202308305e+00,6.893957704593416835e+00,1.055463831262866137e+01,1.108425438726941081e+01,1.031908722711218296e+01,6.806408680128837041e+00,6.627458608341971313e+00,5.929202819670587488e+00,5.758657278731465823e+00,3.141805248701852182e+00,2.905039385957822962e+00,1.493112346814906566e+00
1.400490000000000000e+05,1.710105378099370244e-01,4.965123552274051111e-01,7.822503564726285274e-01,1.656802226495916130e+00,2.780976678065194552e+00,3.549404491474333234e+00,4.693774466601444928e+00,6.036181114396582892e+00,6.879641068190650799e+00,8.387455130426049621e+00,1.006401047149153172e+01,1.039790441303429347e+01,1.108154495780359561e+01,8.751785720212735598e+00,2.801147531199617902e+00,2.384131559073463080e+00,2.291909191497806475e+00,1.708099709263753985e+00,6.289058055181278029e-01,2.278514169600653894e-01
1.400500000000000000e+05,3.147909036083429424e-02,3.919107334218825400e-01,8.307997672348126361e-01,1.483195742889316548e+00,1.982924953475207364e+00,2.525612241309702632e+00,3.520197161186985113e+00,5.334108380998649146e+00,7.595870588757820840e+00,8.847709789794183877e+00,1.088975836886356774e+01,9.490850025600552797e+00,8.876270258842977157e+00,9.424190479106531626e+00,1.003302160710017965e+01,1.034214469212806975e+01,1.059507968847696269e+01,1.027018374409696300e+01,8.603719866256160032e+00,6.100400732125590864e+00
1.400510000000000000e+05,1.335932144126311671e-01,2.980234199209024215e-01,5.196394639036460150e-01,7.101260458599210068e-01,1.713508494596092557e+00,3.152981747623003983e+00,4.752059957587130512e+00,5.838633369509162563e+00,7.211846218609573533e+00,9.027951162177332733e+00,1.088453876097643480e+01,8.630332571092324656e+00,7.472595813822505484e+00,7.858568439262979766e+00,8.382011744293530242e+00,7.304107043598477844e+00,7.710900581752047955e+00,8.161945737348396790e+00,8.569282938513330450e+00,8.409552985239049150e+00
1.400520000000000000e+05,1.761915622215792787e-02,1.706300571474179684e-01,9.385304019399061115e-01,1.775826515558035723e+00,3.006427453930193838e+00,3.813520825023781757e+00,5.042998762670343638e+00,5.802170784292983718e+00,7.071950749500633293e+00,8.477460334793368801e+00,9.552405501646051178e+00,1.016098963217279483e+01,1.082156160604706407e+01,1.018148858531128909e+01,9.957276833091587065e+00,9.299448480041132115e+00,8.542706156764218406e+00,5.247313990162275843e+00,4.884932886811112596e+00,8.024858730839579124e-02
1.400530000000000000e+05,2.904797377115228008e-01,6.029039098585915468e-01,1.141286873521909939e+00,1.857169264200474235e+00,2.864188825892503232e+00,4.383170030569239373e+00,6.187133478326274805e+00,7.109549649287575157e+00,8.380216751911468975e+00,9.386820688652999678e+00,1.094849788725803741e+01,1.168553087603265084e+01,8.092139400312166941e+00,7.074153701931092719e+00,5.527234656714133720e+00,5.601319188296178808e+00,5.207232868758892685e+00,2.632314087246252043e+00,4.606329358257447160e-01,2.225426153246101713e-01
1.400540000000000000e+05,2.676114231891608686e-01,6.285124523576584021e-01,1.308539408214544064e+00,2.050610389302074399e+00,2.613960404333385057e+00,3.611229337369635584e+00,5.267370645715507393e+00,6.317730508786749688e+00,8.408522930051161026e+00,9.563860519635575486e+00,1.094225346144369482e+01,1.123443655101471350e+01,9.662011902681674869e+00,7.947106869790859562e+00,7.348962203102599844e+00,7.724947640587485509e+00,4.334599982696201614e+00,4.228172318910505822e+00,1.557704032354056967e+00,7.524433013415876559e-01
1.400550000000000000e+05,9.908722309873596590e-02,5.429398545120671660e-01,8.732595976844486074e-01,1.534332985181693587e+00,1.941395945130206968e+00,3.396546834421563688e+00,5.612054450391186222e+00,6.579109837495678015e+00,8.585036254182183413e+00,9.709464193624912198e+00,1.093889110952583721e+01,1.094277866702937274e+01,9.656901280810121335e+00,1.004099118237966515e+01,8.918630426604774897e+00,9.024294615754580917e+00,8.919668505203997455e+00,8.043685201232285920e+00,7.846271243040845889e+00,8.050270960919663210e+00
1.400560000000000000e+05,2.269494724257525853e-03,9.091008754763540978e-03,2.029395474935509203e-01,4.388777453574057574e-01,7.740176016435157402e-01,1.712307700113098408e+00,2.643341731272480288e+00,5.530494740706123125e+00,7.687203675051058838e+00,8.597193152533119331e+00,1.032865702092253990e+01,1.096454494823780479e+01,1.114276301180968787e+01,1.196858543900489380e+01,1.232446950074656478e+01,1.276239524421795934e+01,1.096444927972540384e+01,9.530347387276570714e+00,9.714517866871412721e+00,9.396308855188568288e+00
1.400570000000000000e+05,7.188361806670728882e-02,1.569287803674985771e-01,6.369854957387587335e-01,9.204260350291049164e-01,1.153174931219840715e+00,3.901958323791073546e+00,4.733555969276325825e+00,5.994959870296616700e+00,8.457174007555421369e+00,9.444191135250566305e+00,1.085682497456265239e+01,1.167961501022795723e+01,1.238598082130454436e+01,1.185827683327714155e+01,1.185803348037503291e+01,1.198383812872150322e+01,1.091749428149922352e+01,8.211766675274354554e+00,8.614639588666122449e+00,8.753724846843409679e+00
1.400580000000000000e+05,2.156808421319981184e-01,6.162853886246169033e-01,1.530553694981504176e+00,2.352450954336701372e+00,3.421122606136250521e+00,4.450317440634217192e+00,5.376772089624074269e+00,6.377921092346147347e+00,8.038594122791565155e+00,9.570825886327119392e+00,1.095825521480786158e+01,1.148781002664757445e+01,1.108092974329811753e+01,6.276335635592021234e+00,6.528949500188534927e+00,5.526185870553836921e+00,5.864193129304357655e+00,2.766230241012038960e+00,2.142454902810200679e+00,9.918044320905150535e-01
1.400590000000000000e+05,7.638850717324952022e-02,2.329585086569605501e-01,3.836812132381974827e-01,1.033789235007330998e+00,1.564453946734719603e+00,2.041502343470456005e+00,4.247853156938445451e+00,5.304490106708698249e+00,6.043083993963615619e+00,9.558856786328785660e+00,1.071971534554979399e+01,1.032863523455782229e+01,1.097764923791648428e+01,1.094961744883463872e+01,8.001219402989191209e+00,6.616909626040621717e+00,3.638880139970110061e+00,3.169200369313296406e+00,1.733943673057220636e+00,3.484541960615761269e-01
1.400600000000000000e+05,1.847136259246839884e-02,1.376028918588765304e-01,3.029773074285380119e-01,1.474241150234913089e+00,2.076056081568359968e+00,4.434497117418729317e+00,5.278858283640800231e+00,6.084039726352667543e+00,7.466245091510668175e+00,9.650679583553630536e+00,1.082496590439239270e+01,1.129187694350782856e+01,1.171525012072295091e+01,1.222886039206022524e+01,1.117973478268700660e+01,9.298276955757447837e+00,6.002616102611034066e+00,4.753309848031492812e+00,4.978335198573045517e+00,1.813692212326740716e+00
1.400610000000000000e+05,9.959523136574777169e-03,2.659469039120376799e-02,3.056381646871811908e-01,5.572150075592481322e-01,8.116322333634939934e-01,1.592424536527214496e+00,2.642537680834817326e+00,3.823958909538117013e+00,5.807156332992901682e+00,6.823388860797821920e+00,1.091887213392716660e+01,1.177339596049690584e+01,1.228411560885661480e+01,1.240003874396995798e+01,1.322602734414063619e+01,1.385874404725497477e+01,1.377992328793394705e+01,1.196274225714759254e+01,1.104766039222215568e+01,1.066478359788384012e+01
1.400620000000000000e+05,3.541355005211399565e-02,3.010273872182773758e-01,6.241292249621861465e-01,1.524754912491464776e+00,2.814025093736034489e+00,3.405087364766882896e+00,4.198647304891138354e+00,5.394374626001581241e+00,7.314337975471629782e+00,8.815486051121846245e+00,1.056098356651393466e+01,7.325984644503518162e+00,7.557334191413771052e+00,6.885558072385362216e+00,6.011907951538820960e+00,4.534915640623859545e+00,1.280460480418763591e+00,9.177172832361251142e-01,7.913185602405137242e-01,2.971222887592661621e-01
1.400630000000000000e+05,1.442487892451036480e-01,3.105731521387358196e-01,7.548058233052741262e-01,1.243904497487990479e+00,1.777178877668920798e+00,3.053665197018992306e+00,4.009033082682805116e+00,4.602094098243149745e+00,5.765900627564601422e+00,9.392283317909853935e+00,1.078252560758266299e+01,1.154611147735874255e+01,9.833967384669010769e+00,1.049722275173764174e+01,1.078708016219372468e+01,9.929572121681815133e+00,7.647288264248797596e+00,7.018658747135784637e+00,4.508110141820537820e+00,4.551325549706195517e+00
1.400640000000000000e+05,5.156217776772664685e-03,5.670678510129167904e-02,1.930387919547824627e-01,3.784218763436588695e-01,1.232609415419354981e+00,2.615723773624138104e+00,3.404819755678825555e+00,5.228208709217976313e+00,6.028347594540552024e+00,7.892236274083124670e+00,1.009960943603252659e+01,1.006233577954580305e+01,1.031081734795998273e+01,1.026026538942641508e+01,1.042282850157640972e+01,8.806386521852770599e+00,8.261271488734026391e+00,7.874039268133280700e+00,6.563213510364573011e+00,3.336485563450506397e+00
1.400650000000000000e+05,1.714084749806430441e-01,4.725106060973345290e-01,7.316632224269493667e-01,1.971148199269170842e+00,2.617680255837308678e+00,4.678247377158738729e+00,5.822652309259096270e+00,6.885945505781576159e+00,8.228586527867856049e+00,9.165398178718914934e+00,1.040257410693992135e+01,8.475876701858206630e+00,8.265811564085771224e+00,6.439620687740610805e+00,5.473041152607230231e+00,5.812393596210313262e+00,3.020441894413037787e+00,2.471575450811924313e+00,1.992020142104834690e+00,3.712760570590201148e-01
1.400660000000000000e+05,1.648637029021915446e-02,4.287443247455224871e-02,2.580096630440231742e-01,3.451082381770502749e-01,6.739584293374267787e-01,1.036618323386964136e+00,1.678321534175060137e+00,3.345674177007847305e+00,5.144873823074379793e+00,7.810282308898671033e+00,9.587746481821364242e+00,8.609082784964185109e+00,8.700345665337250622e+00,8.311335910544290329e+00,8.279315180082310377e+00,8.284373296381261298e+00,8.201619687900137734e+00,7.187291777745516086e+00,7.363470236843102867e+00,6.613204650621671732e+00
1.400670000000000000e+05,1.255510025112371864e-03,5.433776645395926863e-02,1.471355412523283057e-01,4.136019212138157819e-01,1.575445778486898041e+00,2.117257125016493102e+00,3.604664631094012694e+00,4.184277386649231545e+00,5.134630223834034446e+00,8.509298368295228343e+00,1.026245343409759947e+01,9.424725016193191252e+00,9.762277029143005436e+00,9.954259363023323814e+00,1.016109454208119978e+01,9.575422589028056208e+00,6.773795478940135339e+00,5.401566629617391868e+00,4.883309608895234355e+00,5.038081738374176055e+00
1.400680000000000000e+05,1.401018066182192490e-01,3.185396050477782293e-01,5.507306780502181365e-01,1.418141538909591048e+00,2.549762870696109296e+00,3.426014073993964182e+00,4.655796204725020537e+00,6.579181968846289585e+00,7.485310808620660339e+00,8.357014795050634604e+00,1.075089879220258737e+01,1.010963841206447889e+01,6.803077313869940745e+00,6.157003164651074556e+00,6.086297141923679099e+00,6.122841936447809275e+00,4.962652193816014190e+00,1.584290699563986049e+00,1.093770012473044506e+00,5.948524908134245059e-01
1.400690000000000000e+05,3.170871842662442708e-01,7.063822427564077078e-01,1.092504787430338409e+00,1.517260279730021644e+00,1.909836136923574568e+00,2.848622228291917580e+00,3.821484367271212435e+00,5.075757619774622142e+00,5.728785151583969615e+00,7.226787956292362480e+00,8.346425099752993404e+00,7.836929640190873236e+00,8.444350792468023670e+00,7.498132256261063944e+00,7.285177354596677368e+00,6.893506822879643892e+00,6.767910434721799540e+00,6.460682688315339206e+00,1.424437127663877867e+00,6.947411127777369799e-01
1.400700000000000000e+05,2.464477534150938398e-01,5.031727626472581871e-01,1.168253713296614649e+00,1.810868756224860654e+00,2.287311890798606306e+00,2.967370050459896991e+00,4.237947009511522367e+00,7.001170985408630365e+00,8.117710854757421046e+00,9.030566404982527828e+00,1.097981049803651921e+01,8.698993086974070366e+00,8.781959607244662180e+00,8.620828334145496541e+00,8.620407355481541245e+00,7.672579980399749644e+00,6.766468473846922294e+00,3.577430876228608891e+00,1.989821859807919591e+00,1.436670156099144613e+00
1.400710000000000000e+05,1.621800430953767025e-01,5.855513282037629885e-01,1.034863027414583359e+00,1.719880488432460997e+00,2.897704246879479584e+00,3.721488296207924318e+00,4.981347232557952864e+00,5.976093280257191331e+00,7.360048452561773757e+00,8.421550119423002911e+00,1.048449136334523324e+01,9.324921907644537100e+00,9.272080660299064192e+00,9.131798517798140224e+00,9.674215707730066782e+00,9.571766707015555653e+00,3.042215192785067135e+00,2.467829140460228832e+00,2.284723265173475681e+00,2.101289414491100960e+00
1.400720000000000000e+05,1.378316970779501771e-01,4.991809895176493317e-01,8.317279882102457389e-01,1.513256474245313399e+00,2.217290802399458638e+00,3.393345929431392349e+00,4.654283628925360183e+00,5.686390981085667207e+00,6.443352409334689668e+00,8.236035988448186629e+00,1.083236847387115454e+01,1.067857394440908081e+01,1.124855628521709328e+01,1.173114729093468611e+01,1.248533274513987124e+01,1.040224874119319587e+01,9.056603935405068029e+00,7.921371369524139894e+00,7.895183429399541541e-01,7.963498359401310900e-01
1.400730000000000000e+05,7.728844288778291549e-02,4.292684791828307311e-01,1.294430681566254737e+00,1.823243422106606282e+00,2.960673615128805558e+00,3.600016381613682093e+00,4.810059788353767019e+00,5.861028638091839937e+00,6.765961262138980636e+00,7.539561629333059400e+00,1.091204183749729140e+01,1.129593934235123598e+01,1.116886471607191211e+01,8.319139016233236816e+00,7.546317642223047351e+00,7.343470749071988379e+00,5.245824645508784911e+00,2.421036723000611346e+00,2.527203319510582080e+00,1.130957658374232011e-01
1.400740000000000000e+05,4.388002328677520492e-02,1.546509723543274539e-01,4.520444818772121343e-01,6.335545142546559205e-01,1.199511944390168061e+00,1.929480122025129196e+00,3.660338140293344367e+00,5.086638103044298198e+00,7.051654182618251276e+00,9.131295823730718908e+00,1.086811474689547907e+01,1.084119145403692031e+01,1.169508710918831085e+01,1.093733707898763186e+01,1.057548610151971857e+01,9.871764749471742206e+00,7.637562494251199929e+00,5.179069026469106163e+00,2.186627603488534799e+00,4.578406663536904730e-01
1.400750000000000000e+05,1.175702509632795545e-01,4.733579106713166063e-01,1.112126520156766496e+00,2.260733583011029335e+00,3.383122060501783324e+00,4.228897974990085018e+00,5.184188318613704993e+00,6.167689454278419525e+00,7.396348433299284153e+00,9.559174907675872745e+00,1.097594937461091291e+01,1.046413903109686316e+01,1.003115579235412369e+01,1.022638415752840046e+01,8.129695224133408615e+00,7.420182960322813770e+00,5.477989256145703756e+00,3.284548434582891030e+00,2.293537913842672360e+00,2.401702733603556794e+00
1.400760000000000000e+05,2.588092537853784458e-01,6.332887468752834703e-01,1.171590233425014560e+00,2.620483520173416903e+00,3.580098325037843310e+00,4.834513035583101193e+00,5.778433437563541553e+00,7.247163364611609815e+00,8.180831283167945500e+00,9.244332353975190486e+00,1.049454126996193892e+01,9.705553624191658457e+00,5.123035350107747909e+00,4.776283941987532700e+00,2.753921822515601914e+00,2.046997632764998798e+00,1.862986031883627991e+00,1.178586168088571196e+00,3.806422695941945600e-01,3.097509922960473006e-01
1.400770000000000000e+05,1.680524405994998638e-02,1.138402333906103348e-01,3.572251914071069567e-01,7.259223597789983273e-01,2.078135749432115986e+00,3.069905079692561323e+00,3.595943247022034495e+00,5.682951964250967158e+00,7.151339964724344078e+00,9.063804608528439388e+00,9.990757561876328907e+00,1.078312831860635157e+01,9.069099810255835337e+00,8.815606669394433936e+00,9.276044859256240116e+00,7.703900194100672394e+00,7.529099506471399472e+00,7.944575848901151538e+00,6.605235418793239610e+00,3.634727808193616294e+00
1.400780000000000000e+05,3.438976179177455350e-02,1.000779274986118850e-01,2.072762131344105807e-01,3.666673961939550530e-01,8.535216917027016459e-01,1.731755583533493681e+00,2.681667876960702301e+00,3.379804770884071274e+00,4.452249260889958649e+00,8.369050957522121692e+00,1.046224796603491747e+01,9.315515687124154454e+00,9.329512875466631883e+00,9.870783223863337952e+00,9.026114423760294159e+00,9.582868281801237842e+00,8.383075029531321221e+00,7.530387360880252068e+00,3.855477823418284267e+00,2.607936596496105430e+00
1.400790000000000000e+05,9.604788796721908106e-02,2.607416019212214220e-01,4.433596949545526300e-01,6.724753620699748247e-01,9.496039134165124018e-01,1.170998662008517988e+00,3.898915646942252788e+00,4.643769960070527780e+00,5.873295316907084285e+00,8.311988443504741753e+00,9.487364169651574031e+00,9.374309666680954223e+00,1.009878972810207109e+01,9.588936668180030765e+00,9.997059665786274252e+00,1.036149942661838708e+01,8.601681789816781887e+00,7.056109050307394881e+00,6.503775057696076445e+00,3.902454359680427309e+00
1.400800000000000000e+05,1.220040066477934282e-02,3.869410160241870678e-02,1.169933473212965147e-01,1.645506457852632387e-01,1.284490137448184743e+00,1.916750960484776778e+00,2.736794641039241416e+00,3.824237243451841017e+00,6.143971375836828841e+00,9.346887962122561788e+00,1.031145766025651689e+01,1.079832934749555307e+01,1.069802193612972729e+01,1.030278815948303617e+01,5.530169146501667576e+00,4.473074269189808660e+00,2.863849424254564457e+00,2.123040633736005489e+00,1.907487890234039529e+00,1.294106101526870667e+00
1.400810000000000000e+05,3.305389827078244469e-01,7.091569799064472157e-01,1.068387586059123429e+00,1.734986468428778572e+00,2.409989530797464585e+00,3.455420743065126032e+00,4.978732112770601681e+00,6.464374329714860146e+00,7.962873501330616222e+00,9.404200343005184592e+00,1.088677185450034379e+01,1.062180642313980883e+01,9.791608423150801599e+00,8.407624196156016083e+00,4.671083711912417336e+00,4.629088550926457657e+00,3.754106284296750307e+00,3.348556155391630984e+00,1.360352994012361538e+00,1.084392696059843786e-01
1.400820000000000000e+05,1.849448621247944402e-01,4.347314291809951659e-01,8.378962624887431598e-01,1.217012835965004758e+00,2.105772383444654672e+00,2.637113868414795448e+00,3.311409752489002489e+00,4.054749370727955160e+00,8.040635665543099719e+00,9.604128563157578569e+00,1.086915568150042866e+01,9.838878156440079792e+00,7.511739017094702930e+00,4.555545767570281512e+00,4.380915729634711653e+00,4.509192217445315620e+00,2.509581104414400965e+00,2.355771773504566902e+00,2.198073110093138105e+00,2.620903227742754638e-01
1.400830000000000000e+05,1.344798359341410343e-01,2.774522909504197887e-01,4.340673221784577818e-01,8.447067082718948683e-01,1.226093395307361611e+00,4.023291253966997161e+00,4.740524400623968404e+00,5.422330578422811520e+00,6.195717547562635374e+00,8.132154211201873650e+00,9.685000019895078083e+00,8.157739620323889440e+00,7.918477695091495683e+00,4.910071824405352281e+00,2.600502095224009214e+00,2.093030103150464782e+00,2.044205208074178159e+00,1.284070260132618380e+00,1.031093657331793700e+00,8.951657303031113067e-01
1.400840000000000000e+05,4.087001599568156340e-01,9.155264054229230730e-01,1.426872002462134414e+00,2.318289494367272940e+00,2.990174645795320885e+00,3.726853201532724924e+00,4.585216690327633238e+00,5.438723014244091658e+00,6.243220192642057853e+00,8.735888811988749225e+00,1.036374518324059579e+01,1.049609796663010286e+01,6.367446315454627026e+00,5.381812194152268525e+00,5.637781300932191542e+00,5.398195618984326316e+00,4.086748009823803152e+00,2.631620319625544102e+00,8.528600430731659854e-01,8.702627501979276481e-01
1.400850000000000000e+05,1.922481723412684529e-01,5.982782784456304181e-01,1.181351468436949048e+00,1.863206306915893951e+00,3.429863149108413722e+00,4.258890910179021105e+00,5.120107399565894113e+00,7.160761226303578475e+00,8.182908594683921066e+00,9.765335415837082422e+00,1.092728591880383249e+01,1.061393755836522956e+01,1.009035664707349511e+01,5.693743112808274276e+00,6.001836613923871688e+00,4.029739477020051197e+00,3.222077522330924371e+00,1.350894955592389479e+00,1.139912891365860048e+00,7.343319642824641669e-01
1.400860000000000000e+05,6.599298433443689937e-02,3.310262163006507663e-01,1.005128743414370973e+00,1.610699410515014307e+00,2.048479274541429085e+00,2.872370727618009489e+00,4.006741718224869686e+00,5.490518807909722909e+00,6.353128140809603863e+00,7.753552080217207987e+00,1.063512436694750107e+01,1.138134199011786585e+01,1.173619365589861019e+01,1.197783403492638854e+01,1.239117947860896152e+01,9.997183238389817816e+00,7.016062506542669830e+00,7.345732583339687594e+00,5.888691832141028648e+00,5.732496269970958735e+00
1.400870000000000000e+05,8.210993543317113286e-03,1.322423349051577990e-01,3.173208850871107600e-01,1.173380174801573972e+00,3.246023164663760507e+00,4.235784829145606167e+00,4.977633578043392681e+00,6.447553655965057473e+00,7.958680869199766583e+00,9.801864782464347670e+00,1.088204431827325358e+01,1.173660103149433809e+01,1.170638890699586909e+01,8.098163912698549183e+00,8.401136377411745570e+00,8.077872918874838604e+00,7.403329226778334160e+00,6.395671735632644683e+00,1.983375126024029100e+00,5.800459791677337051e-01
1.400880000000000000e+05,1.659306907160049693e-01,5.751353483657670740e-01,1.045025061588317872e+00,1.757083336366194626e+00,3.179581353348546191e+00,4.168779071190096275e+00,5.592452310164881979e+00,6.732771544801248176e+00,7.673952507535241274e+00,8.770188452103957033e+00,1.030766498249560392e+01,1.108427443359458486e+01,1.186653196261801035e+01,1.265229836778544481e+01,1.270424205671850970e+01,1.263093737088681401e+01,1.222248599147683379e+01,1.185380163831347922e+01,1.221184552303341064e+01,9.474774731300605879e+00
1.400890000000000000e+05,5.117193307647238676e-02,1.085950052476807315e-01,7.188780808466950223e-01,1.548740527228863240e+00,2.010579112907767474e+00,2.718947988456623222e+00,4.263952674109759755e+00,5.024333723098866500e+00,6.846257468858125250e+00,7.650540858446043480e+00,1.025140665808949514e+01,1.107727301323501123e+01,1.198769316792840200e+01,1.207753630220797803e+01,1.266532373901666197e+01,8.371543152479899774e+00,6.296801683824911677e+00,5.516757929980742325e+00,4.895472595987957476e+00,7.062904639172251642e-01
1.400900000000000000e+05,1.550663785163242103e-02,3.454370119287155649e-01,1.318833576894592019e+00,1.881855358305295933e+00,2.417030326717474864e+00,3.662468568565693694e+00,4.811723646348673888e+00,5.627208576746872914e+00,8.206607806787957315e+00,9.765439181213713127e+00,1.078727118828247988e+01,1.137506835840063957e+01,1.214691401920569369e+01,1.257601732461716715e+01,1.122396699047017776e+01,9.683260718623296626e+00,9.345809007416693959e+00,9.359281430958709791e+00,7.827542347366917674e+00,7.490015062780965849e+00
1.400910000000000000e+05,3.005735682282129062e-02,8.934330275386281883e-02,3.043718874437145727e-01,7.567367441997516764e-01,1.250506073076468994e+00,1.770668279805385215e+00,3.319677795758907202e+00,5.993792181004908848e+00,6.969244497293540341e+00,9.382430293283892553e+00,1.074764667422853215e+01,1.124936307654283496e+01,7.743642600204114324e+00,7.531506502017983884e+00,5.445455247134101562e+00,4.373397620757788928e+00,3.874182207616534868e+00,1.819574962234753013e+00,1.597260403779305449e+00,4.903824500530618025e-02
1.400920000000000000e+05,8.517914563023420982e-03,3.549568672185388074e-02,4.181496293412915177e-01,1.511761382559671851e+00,1.898926649131899680e+00,3.568626825273208070e+00,4.494044514564662585e+00,5.287342242875793019e+00,7.622233132244081943e+00,9.121213205219040887e+00,1.031216285393756849e+01,1.117652291627500816e+01,1.007819871235804676e+01,1.041161183704492288e+01,1.109481584506799301e+01,1.170402489608823160e+01,9.924116671246780541e+00,9.650100105943545614e+00,2.792291937186590189e+00,1.298628853515593207e-01
1.400930000000000000e+05,6.947128017715842319e-02,2.233186382331280306e-01,5.103717959725835307e-01,7.842587240898666323e-01,1.800877402812194328e+00,2.213968945182378079e+00,3.021122132829366702e+00,3.751421626497847939e+00,4.241190042837529539e+00,5.086224088792601350e+00,1.091806602904519075e+01,1.071281548964021724e+01,9.750915977285410818e+00,1.016528065568924077e+01,8.573853566038769358e+00,8.883625010372419695e+00,8.584124369610652394e+00,7.687769385920621090e+00,7.832076257713703527e+00,5.780160792372626588e+00
1.400940000000000000e+05,1.039678529573104804e-01,6.554092192774485515e-01,1.166199503012772976e+00,1.568113783397276695e+00,2.351091133737426730e+00,3.645426182347000221e+00,5.466372327578723045e+00,6.409308788622192665e+00,7.635466400424308020e+00,9.232300054405893519e+00,1.091418810176352316e+01,9.974730146348791848e+00,1.073908988407119125e+01,9.950287968131164007e+00,9.791075182108253117e+00,8.041571196455761239e+00,6.961427259059720818e+00,7.050087461558883994e+00,6.714057065261274992e+00,6.967205472786696774e+00
1.400950000000000000e+05,1.763330295164603490e-01,4.623348897518757550e-01,9.057849844499368253e-01,1.466577747117298269e+00,1.863562024479200607e+00,2.353246222443512892e+00,3.193936247671532058e+00,3.735157061284562374e+00,8.037471110052333501e+00,9.628450444598961155e+00,1.075084913886590066e+01,1.030133697845403518e+01,1.111248663337885567e+01,1.187810227482455439e+01,1.228555514936712179e+01,1.090018864756572547e+01,1.142483516334259264e+01,1.134536221559465119e+01,1.192518022401338307e+01,1.065745312083266505e+01
1.400960000000000000e+05,3.494370546896652385e-02,1.264745342707724873e-01,4.878189961761589810e-01,7.345961141960688501e-01,1.898959087955284231e+00,2.637504884939247951e+00,3.105503232001795677e+00,3.853446293626523023e+00,5.013754342812050346e+00,8.351663158889097716e+00,1.043385418685638122e+01,1.103807275718958891e+01,1.051082170436964702e+01,8.994791385097705927e+00,8.241623261529580802e+00,8.700046119765486807e+00,9.114175301042314103e+00,6.528467482370181152e+00,6.644778223878465617e+00,4.875807119725095617e+00
1.400970000000000000e+05,1.553550297099537403e-02,4.244481704145497414e-01,6.828074619129895773e-01,1.729143652124612185e+00,2.572353758454925199e+00,3.122589756984694542e+00,3.771949315597988850e+00,5.108389463409586995e+00,5.894320392060605762e+00,7.990242785855077301e+00,9.641127755443431369e+00,9.791438693054939080e+00,9.433225533436424115e+00,9.921159250365001014e+00,8.794996192454503259e+00,8.913555471119551044e+00,8.337725992159510824e+00,3.239756856895840365e+00,1.263525040808005429e+00,7.360327219574713808e-01
1.400980000000000000e+05,4.036404882378552550e-03,4.795725967689157265e-02,2.139898074354247282e-01,6.150914318154625526e-01,1.511993751188807522e+00,2.676363206461762623e+00,3.472183878229484932e+00,4.629669941742381667e+00,5.602935184655478018e+00,9.827750487296922799e+00,1.096204162241137148e+01,9.378062637009783487e+00,1.002678822525297342e+01,1.010637938670932812e+01,9.019278154183302476e+00,8.279167869643641708e+00,8.751838712812208598e+00,8.792643042865867287e+00,5.879527529790079754e+00,3.918208470529600529e+00
1.400990000000000000e+05,5.230594754925321777e-02,6.623781034335713969e-01,1.081852029028141704e+00,2.200524000184970852e+00,3.011981222033445871e+00,4.023858218372613038e+00,4.782123409185994767e+00,5.623498265058445966e+00,6.358882105295646348e+00,9.114706387215248284e+00,1.087481224590733220e+01,1.108182580293555830e+01,1.124803676623822390e+01,1.167559543167462444e+01,1.112275881808211331e+01,1.037241607403164778e+01,1.098736530061794348e+01,8.358248191579283670e+00,3.913129205329323845e+00,2.514495352957297758e+00
