2.600000000000000000e+05,2.668419578105662993e-02,7.614525548452144577e-02,3.803795151181459389e-01,5.453621275215878583e-01,8.688890302933294230e-01,1.065368492722861271e+00,1.700668954369501717e+00,2.033412869917897048e+00,2.412073585109638874e+00,3.987084933392800679e+00,9.360935827129299724e+00,9.927570182987581759e+00,1.000016682899593867e+01,9.943228865110610215e+00,9.936632004824502928e+00,9.994021387460739092e+00,9.240323028719476639e+00,8.070129226391600241e+00,8.400764905641951330e+00,8.299376313009910078e+00
2.600010000000000000e+05,1.439820763987588181e-01,7.235804216267069933e-01,1.194985743270838174e+00,1.656593457884774967e+00,2.076079728497820298e+00,2.947040876496806572e+00,3.516717626076339975e+00,4.375261302764479332e+00,5.449847351871944134e+00,7.195108366170074099e+00,1.090074122432346471e+01,1.015135977938743572e+01,7.125595561574170844e+00,7.466372513012173862e+00,5.933934299523526690e+00,5.298709229649894326e+00,2.934719526939403966e+00,7.024355379520603737e-01,4.994835959968099148e-01,4.260522301142510848e-01
2.600020000000000000e+05,7.421490756038662262e-02,1.772242655207101336e-01,2.763000949475700185e-01,8.253553074536212897e-01,1.498931240349285599e+00,2.568835496651946215e+00,3.893542256263212487e+00,5.388971489535663295e+00,7.025020856935615399e+00,8.559702762538414333e+00,1.080783195210273995e+01,1.123067760866272913e+01,1.032274600410692855e+01,8.967027803877494208e+00,6.932638706782978666e+00,7.351030267680489061e+00,6.038864022145616239e+00,4.926311060694047228e+00,3.505928583670146814e+00,1.171336896053101206e+00
2.600030000000000000e+05,1.144102824435000443e-01,7.032288258853802709e-01,1.084056991181708618e+00,1.665973123555517521e+00,2.171922280062112520e+00,3.415969942925378255e+00,4.725614967685807244e+00,6.123998756573066693e+00,7.239838969082005526e+00,8.845012771364553217e+00,1.044499567464229273e+01,1.014473038938777094e+01,1.057722865771893161e+01,1.067137140980140053e+01,8.826713368017975014e+00,9.128294546929399900e+00,8.031576144452046151e+00,7.338793138505390168e+00,1.218266616627160959e+00,5.156589598772343130e-01
2.600040000000000000e+05,2.753077592059105516e-02,9.525228813197594846e-02,3.213021089834364741e-01,7.524712594454148196e-01,1.112819757754502259e+00,1.766742646688671758e+00,3.080912732048434854e+00,4.587325325126566433e+00,5.313961801541287500e+00,5.907918610612565402e+00,1.060138883311259761e+01,8.825878454260614348e+00,7.845178950071998614e+00,6.414854835814917777e+00,6.550510809959032343e+00,5.004454996043872228e+00,4.794809589269842576e+00,2.365071741167112940e+00,2.309170424007747524e+00,1.406904307430598688e+00
2.600050000000000000e+05,2.517591713034929013e-01,6.351537455170510604e-01,1.059405590279028919e+00,1.588007432995493406e+00,2.301012604000955530e+00,2.763044598285260278e+00,4.261775044697246884e+00,5.156729542124913301e+00,7.072360250160341977e+00,8.604316715941868310e+00,1.054797381432956449e+01,1.089315987319098511e+01,1.157131171612049769e+01,1.235903463434598848e+01,1.118453020497985229e+01,1.112262767213692527e+01,2.323623219225543490e+00,2.348151451533307288e+00,2.244778523977270623e+00,5.136989259051794043e-01
2.600060000000000000e+05,1.640121937521051843e-01,3.535503841439071593e-01,9.952409954130402303e-01,1.422071908526064021e+00,2.793265667673570096e+00,3.499219709527814359e+00,4.251767317088533282e+00,5.480799074188499986e+00,6.613594040049662226e+00,8.557534930952789054e+00,1.036378025181632445e+01,8.162275397447485759e+00,7.849686045595497319e+00,8.425912422948780289e+00,8.416867519973372680e+00,7.184457684116779319e+00,6.861094214424470650e+00,6.295822239819694133e+00,5.533133048953405186e+00,2.242031802176520650e+00
2.600070000000000000e+05,8.978662203508180895e-03,2.452529452974598900e-01,9.181850018150071735e-01,1.621600990800482922e+00,2.145269055428065119e+00,2.731738773312877733e+00,3.736466265381784169e+00,5.267970848053644239e+00,6.812534581294496405e+00,9.076464322632141091e+00,1.013205848548187582e+01,1.027095846286571046e+01,1.092727551674335018e+01,9.055238930518466844e+00,7.913737313562910103e+00,7.687874568493141325e+00,6.245575056570151773e+00,5.806117466268238658e+00,4.074390463645955585e+00,1.688412649252168940e+00
2.600080000000000000e+05,9.353317510031911031e-02,2.891687841414496418e-01,6.487255529543083377e-01,1.034436679967667860e+00,1.698009697605442181e+00,2.280466500263912177e+00,3.054344333803246769e+00,4.438082405182244727e+00,6.477153446203947951e+00,8.253057927791404680e+00,1.057702520648607170e+01,8.971413355441761439e+00,8.684131957301906013e+00,8.773677887015834287e+00,7.302925531037060658e+00,7.394277068677533649e+00,6.230143521777311122e+00,1.509772712042125598e+00,4.400213558201085950e-01,3.750618862225407746e-01
2.600090000000000000e+05,1.462990512216888472e-02,6.569476513150829255e-02,5.686578938103746816e-01,8.464890136172429358e-01,1.286340663911322846e+00,1.632771864026261843e+00,2.011936504634991074e+00,4.706220428202078310e+00,5.927401935370708586e+00,6.916582790252581603e+00,1.043125573336802603e+01,1.101744108300811575e+01,1.191189701283956204e+01,1.276196045747938612e+01,1.258179863316185276e+01,1.338016765108142003e+01,1.413008642068148113e+01,1.204299486107082728e+01,1.248849375395802852e+01,1.305140856253878212e+01
2.600100000000000000e+05,3.304218793122704056e-02,4.471606384076798335e-01,1.060451623398146470e+00,1.801952298575844935e+00,2.327470824947120320e+00,3.182060531912969559e+00,4.533496518452142077e+00,6.224591938415287018e+00,8.585697162158217211e+00,9.766152824123139453e+00,1.077760910063832966e+01,1.058581809572543619e+01,1.104395924143688745e+01,1.074369859495650381e+01,9.197309005707486662e+00,7.765629225171451822e+00,6.516971053469244879e+00,3.578053533094640137e+00,3.010662528733077714e+00,1.584558139624441253e+00
2.600110000000000000e+05,4.863910157639739218e-01,1.134490971607324594e+00,1.748970755642544228e+00,2.364208313496590552e+00,3.197864731951107320e+00,4.318258627408267714e+00,5.149508795755421531e+00,6.718485563654586379e+00,8.284515141550896189e+00,9.376009964536478947e+00,1.065883027482087186e+01,9.848186266231302000e+00,8.286210951681832526e+00,8.564168250707105301e+00,6.769167746377004136e+00,6.681973591440735660e+00,6.575130620571802531e+00,6.673995408805723173e+00,9.252805960975152288e-01,2.149234428235891059e-02
2.600120000000000000e+05,9.751291617309698623e-03,1.451198729538492049e-01,3.193147990280248427e-01,6.489300886486426556e-01,1.410613174770483091e+00,1.783375071230937747e+00,2.241147836883022215e+00,2.662893872786622040e+00,4.263107348362738414e+00,9.182462401016950437e+00,1.074156708520641423e+01,1.126549170610518047e+01,1.161699544118127925e+01,1.116355411259188735e+01,1.022219909229550261e+01,1.049025760894096848e+01,1.060023278872425578e+01,1.057249084863349253e+01,7.907522126618047764e+00,7.866319263299823561e+00
2.600130000000000000e+05,7.196434254706185474e-02,2.437458339372542415e-01,7.558246479052701527e-01,1.215043437133136450e+00,1.672333580393871033e+00,2.491347334730857010e+00,3.807425941344113163e+00,6.787471637882497077e+00,7.899728054981505210e+00,9.405534316558055608e+00,1.087773044599725836e+01,1.159446717981910879e+01,1.137751923375251906e+01,1.198983874787355752e+01,1.059948949962027953e+01,1.036481203327653589e+01,9.476417266154808061e+00,8.763923040906325568e+00,7.123713167645878919e+00,6.406104661895472674e+00
2.600140000000000000e+05,1.025733243621504975e-01,2.763511783940695299e-01,4.170827756384526408e-01,8.512356119695319023e-01,1.928666142499688707e+00,2.748229916459249633e+00,3.988753475547958338e+00,4.819154617734194623e+00,6.052772882774998031e+00,8.472835730304602464e+00,1.070437118686989564e+01,1.150366458270029035e+01,9.504282550383495121e+00,8.615851791302313600e+00,8.942517943994495511e+00,8.765447488581200375e+00,7.723367180200054527e+00,5.926922036769298963e+00,4.861154102244110042e+00,1.971072804904163700e+00
2.600150000000000000e+05,2.198000692672006373e-01,6.804572405300699511e-01,1.156527265349523770e+00,2.093871406818994085e+00,3.215020336159789771e+00,4.052308351383675067e+00,4.928605205151123769e+00,5.844765470391992679e+00,7.866731618250243585e+00,8.916755351427150700e+00,1.099974284551155712e+01,1.135773620761788116e+01,1.145098297287460198e+01,1.138215125954284801e+01,6.596371145403989722e+00,6.215746788866871597e+00,6.448144018083913132e+00,3.669449742912419321e+00,1.945843054527233829e+00,1.782561171486514162e+00
2.600160000000000000e+05,3.334652244015917644e-01,7.015327365855643649e-01,1.407099690865321051e+00,2.004172246175913497e+00,3.082048000875572846e+00,3.715931311263026338e+00,5.117104362223436453e+00,6.446542405929146291e+00,7.649931003906905502e+00,8.761179472890701092e+00,1.047101466515429635e+01,1.087238401229253526e+01,1.144081371424714355e+01,8.954692345530503417e+00,9.511427681642922849e+00,8.220294583828524182e+00,6.683167026145949485e+00,5.397272916311247393e+00,4.736671369097983586e+00,4.457869655560160460e+00
2.600170000000000000e+05,9.830715596555583691e-02,2.185482149642403726e-01,5.857327691130574943e-01,1.986864391914446415e+00,2.561930636458655375e+00,3.269252795939803669e+00,3.856864822779975999e+00,5.315321787328537440e+00,6.018918832164157351e+00,7.340430651550278185e+00,9.847687446922076759e+00,1.073432164214831985e+01,1.026250535729325897e+01,5.522108512287919879e+00,3.518488777737148077e+00,3.510040709958861527e+00,3.096627916295878080e+00,2.643278361287926259e+00,1.117569725489342414e+00,3.162872514456327444e-01
2.600180000000000000e+05,1.893977680113324569e-01,4.624680858930139138e-01,1.306833114448358923e+00,1.888841771096083644e+00,3.037744611317870103e+00,4.851119406915609389e+00,5.986157489952598887e+00,7.325079452241417322e+00,8.330972798634144638e+00,9.711004958879600579e+00,1.073288043335402264e+01,8.618314742806735040e+00,7.590738262388320834e+00,8.141451965017829195e+00,7.112905606988293883e+00,3.850231682215103035e+00,3.804709444207425850e+00,2.576523474530845625e+00,2.023622546877893225e+00,2.029759855857888873e+00
2.600190000000000000e+05,7.787125288034602022e-04,2.681403689541541624e-01,8.893889634561021884e-01,1.200442374110945565e+00,2.437893980872849919e+00,3.248195058300351157e+00,5.595038417124463592e+00,6.581419327176206480e+00,7.798529129066394283e+00,9.303951185980068317e+00,1.024329089053736830e+01,9.866919258957668859e+00,1.026376897398547605e+01,1.043289509732159814e+01,1.112191131824724799e+01,1.171001145011447164e+01,8.891995424060823439e+00,8.838966176867625535e+00,7.841251284551391976e+00,1.901755857056603993e+00
2.600200000000000000e+05,1.375505747456527983e-01,4.788828881236750767e-01,7.859853511716383689e-01,1.302792199947091500e+00,1.639476727566143044e+00,2.411478904617581520e+00,4.323317750477857935e+00,7.051847216719524525e+00,8.035316104515612068e+00,9.355227277260345531e+00,1.077829168890717959e+01,1.155034906833428998e+01,1.057137733203434315e+01,1.020012917594362989e+01,9.315609598132359892e+00,9.427605248075181521e+00,8.484484968332774102e+00,8.207270783458934460e+00,4.868362539477620210e+00,8.452460164237729501e-02
2.600210000000000000e+05,8.322840289187394269e-03,7.319500688994207138e-02,2.316319929460401994e-01,7.159765978523973118e-01,1.052867682597847132e+00,1.557522499620584977e+00,3.133871875511595295e+00,3.970168586329478444e+00,4.590687808247124302e+00,9.078834861424509128e+00,1.053091951363851919e+01,1.106139361330567894e+01,1.188349783931313297e+01,1.261749612766449680e+01,1.250269014914463561e+01,1.201178559931438805e+01,1.263114367346711298e+01,1.217986842104081191e+01,1.160705612873702286e+01,1.070578461326296349e+01
2.600220000000000000e+05,1.136723388257359080e-01,2.340908227652669371e-01,4.054990295613049023e-01,6.699275054170406030e-01,1.444735434220852932e+00,2.847107633949398142e+00,4.273629900809479132e+00,5.163431928278876981e+00,6.283236840566127412e+00,7.430089770845391683e+00,1.097514438671935899e+01,1.128664196895796579e+01,1.145691326529485288e+01,1.008604327995375805e+01,1.047118404752442267e+01,9.938536204822266740e+00,8.486275657339751533e+00,5.836084352209462978e+00,5.825040971169396897e+00,4.004344810365278562e+00
2.600230000000000000e+05,2.422374521401344794e-01,5.261127823095577138e-01,9.550417369211912089e-01,1.601972981831481846e+00,3.430028177060420624e+00,4.762202570150927627e+00,6.064927226139043448e+00,7.103953246266381250e+00,8.230462065119697357e+00,9.302394527709237693e+00,1.036479452488402231e+01,7.211261759354117729e+00,4.538920293395478645e+00,4.169790789709350243e+00,3.151858140117553386e+00,2.365066166817170412e+00,2.395126984840985074e+00,1.637466912926804907e+00,1.244573031680492381e+00,8.367486785721967024e-01
2.600240000000000000e+05,1.563629090730044302e-01,3.999206049921983919e-01,6.477049182483605172e-01,1.278420821446150324e+00,2.756236276727399570e+00,3.535412639873499518e+00,5.443413070117250285e+00,6.692522260459474737e+00,7.898965242312424806e+00,9.295947138562162593e+00,1.071899530112298038e+01,1.038469500573763860e+01,1.106881439247821319e+01,1.113538130470688436e+01,9.404426743963927748e+00,7.173639833265893273e+00,7.389966276333555406e+00,6.954245397621226843e+00,6.998317795551632692e+00,5.468970735089571100e+00
2.600250000000000000e+05,5.303113558741467948e-02,2.151243551438817292e-01,1.075618222151659253e+00,1.729555461775480030e+00,2.274247497681173957e+00,3.374257238848556995e+00,4.516603557038488148e+00,5.412128073742268342e+00,6.536924692292236827e+00,8.860124893964625770e+00,1.039961420787814639e+01,1.030933946501144582e+01,1.023739969967154018e+01,1.018544818435419508e+01,9.968480270362041651e+00,9.839476683007426061e+00,9.404989828169245669e+00,9.053295502611176104e+00,6.567094296117595320e+00,4.785553735037795242e+00
2.600260000000000000e+05,1.761496723700495259e-01,5.289140429191876436e-01,1.074844132877361691e+00,1.715538700695373286e+00,2.259495108809709052e+00,2.782754143998228180e+00,4.081531179604204418e+00,4.892342830355949523e+00,6.482989293409832321e+00,8.190722511428269570e+00,1.060439848190373091e+01,1.111945375092880361e+01,1.180922177696235487e+01,1.152525223442291136e+01,1.174335647161958995e+01,1.024907848495053209e+01,5.636197329548679136e+00,3.965996240044457721e+00,3.680197123699734618e+00,9.377715409980069694e-01
2.600270000000000000e+05,4.710550867089813298e-02,2.022328104373805058e-01,4.314559748535437000e-01,6.351753451436370490e-01,1.520806045575671561e+00,2.603867166644005415e+00,3.081384455478045403e+00,3.992385391259359650e+00,7.640737103528704388e+00,9.521153088788858909e+00,1.092751668075795202e+01,1.139564119922182961e+01,9.891322127854627055e+00,1.023675258844905400e+01,7.695169397473799577e+00,7.766493962605695245e+00,7.415169786957372722e+00,6.143252049708033624e+00,4.415834218127461241e+00,2.300662033967970643e-01
2.600280000000000000e+05,5.717223637633717104e-03,9.061250373467166774e-02,4.845986211823848366e-01,7.681804625971939693e-01,1.223045927556047463e+00,3.645007404889752944e+00,4.711738212032233086e+00,6.114631418329366852e+00,7.137083670384515521e+00,9.104041603091063806e+00,1.082330847777559768e+01,8.152889309855318345e+00,8.724202895843152561e+00,8.713120937132414312e+00,8.406085874757390997e+00,8.376666780141674096e+00,8.370617985857391474e+00,7.187202973645446136e+00,5.085572084347385058e+00,4.618351731896797041e+00
2.600290000000000000e+05,6.262610685830261037e-02,2.590165439631348931e-01,5.265815541990416238e-01,9.452720086685761913e-01,1.304304269820161899e+00,1.664955808537666337e+00,2.225986360305721945e+00,2.584865186884551136e+00,6.735673802661219511e+00,9.804971134660034338e+00,1.093474806042528336e+01,1.133417026803038574e+01,1.148764769503538474e+01,1.111450094069055794e+01,1.001734407217273315e+01,8.391873526181759857e+00,8.525460626296197830e+00,8.177989620120882819e+00,7.859303955688693222e+00,8.067040064255541765e+00
2.600300000000000000e+05,2.552816867733354034e-02,1.974364018595207160e-01,8.006263548592950086e-01,1.223420068227929480e+00,1.659016162313875942e+00,2.964681166123595446e+00,5.097139638767473002e+00,6.134489083780597873e+00,7.018277151103233358e+00,7.838548514521049171e+00,1.000293583871091485e+01,8.962809200810353261e+00,8.793707467855533366e+00,8.279251557498966463e+00,8.762668321706303942e+00,8.274819565057111248e+00,8.360527462966235390e+00,7.456340922457529885e+00,6.042273756479507263e+00,2.137887665841486928e+00
2.600310000000000000e+05,1.048660081910920416e-01,6.393723260681183351e-01,1.114400520819086360e+00,1.541245067466391561e+00,2.725729845334705193e+00,3.314969357040481235e+00,4.236543963809982216e+00,4.931135070813656540e+00,5.824224758242025679e+00,9.021875683296421755e+00,1.097536629444380729e+01,1.149994616323886731e+01,9.663712174581645442e+00,7.286358614228634067e+00,6.684971977739962767e+00,6.622865941277371604e+00,4.640954630389655833e+00,2.474831380671465020e+00,2.517510551678556308e+00,2.311995623666898148e+00
2.600320000000000000e+05,2.370552915225516699e-01,5.412106067041131396e-01,9.604348612756740122e-01,1.831680810930572445e+00,2.360381509014831014e+00,3.549070152527527888e+00,4.753026158887401209e+00,5.652370220512819010e+00,7.370973052874764342e+00,9.232411798558372240e+00,1.081301786562267075e+01,1.038712348271645425e+01,1.077960043816751856e+01,8.548294299142149555e+00,8.758108163711424865e+00,8.422488290067285277e+00,8.373920872063452592e+00,3.361906087048095682e+00,2.227706283791830444e+00,1.366676371186670291e+00
2.600330000000000000e+05,3.884148922294228257e-02,1.679957180341082879e-01,9.445221402415943102e-01,1.345928855263319512e+00,1.756690347659665141e+00,2.993604113685741197e+00,4.163736200370132146e+00,5.915421659543493860e+00,6.762603830923755055e+00,8.417701198823912989e+00,1.094764668308708977e+01,1.084736488708951185e+01,1.100830593082844366e+01,9.890250899355791603e+00,8.341063107691564227e+00,8.503544937525303382e+00,8.928161471613202949e+00,8.448043115153817340e+00,3.636865118660341345e+00,1.727114488359697830e+00
2.600340000000000000e+05,2.890692410391659806e-02,3.509498745128081243e-01,6.473908010816272762e-01,9.857241283149451583e-01,2.574196467481510986e+00,3.241042204710313790e+00,4.158730801005106059e+00,4.753424441600754946e+00,5.563466545475555414e+00,7.510156166847995252e+00,1.040652913949668346e+01,1.120639784524619564e+01,1.156771263471999411e+01,1.085995420595664385e+01,9.402724101581194205e+00,8.794402325059817116e+00,8.565577371711398769e+00,6.114700467404911244e+00,5.835660069483552981e+00,5.652683839281074540e+00
2.600350000000000000e+05,6.679260344268389549e-02,2.087642315887050515e-01,4.629322122721829524e-01,1.269114266536275348e+00,1.676380697986290080e+00,2.464354860245745016e+00,2.878351300752084452e+00,4.029070384561728169e+00,5.365968157977006214e+00,8.346391197567463394e+00,1.084673953794393952e+01,1.107660852380195493e+01,1.126314400658949388e+01,1.170448765257548018e+01,1.253671142522197712e+01,1.083370451989725147e+01,1.081319758905059736e+01,8.790574952003350262e+00,7.129103042959675562e+00,6.264224724557538870e+00
2.600360000000000000e+05,1.268499942304253114e-01,3.756337001123444264e-01,5.774560904115371152e-01,7.743261460619899061e-01,1.435518738282868689e+00,2.113739213959784369e+00,3.645422716021776033e+00,5.351593425730341913e+00,6.979169661301974692e+00,8.697138062312012252e+00,1.079120583377532405e+01,1.113644590816744184e+01,8.111566526106011921e+00,8.471849284127429769e+00,7.965149916129507623e+00,8.421035502798266847e+00,8.119939900633632135e+00,7.562241290909256897e+00,3.243274466370754006e+00,1.422041548238770492e+00
2.600370000000000000e+05,8.532328406151368227e-03,2.351441482505145508e-02,3.331381980857933689e-01,9.937192768612468363e-01,2.041980334718058288e+00,2.683050477918696330e+00,4.185094000596940589e+00,5.279325905141717179e+00,6.335803108186809141e+00,8.674011642918898701e+00,1.062203252565753431e+01,1.148286677768148500e+01,1.239677032199176665e+01,1.171149187907726130e+01,1.080615432069861548e+01,1.110878978601716049e+01,1.039055488243263703e+01,8.900233707331764776e+00,8.539470920386929009e+00,2.238209273359788032e+00
2.600380000000000000e+05,2.210978366621429991e-03,9.371886508931104309e-02,2.281940313030248468e-01,3.767143075560741572e-01,6.711990083144114827e-01,1.473012246703664152e+00,3.805591402723544903e+00,5.592285269671426029e+00,7.247142041900428211e+00,8.127649170739468687e+00,9.689206636810757445e+00,9.894755734621202947e+00,1.059433269339794670e+01,1.119064788234511987e+01,9.478100418115452896e+00,9.050807136897129013e+00,5.820853859835382949e+00,6.083864472993740335e+00,4.699303855053481804e+00,2.318546020795324569e+00
2.600390000000000000e+05,9.505538910025113086e-02,3.768887654431640755e-01,6.915782931571475833e-01,9.693440387825997817e-01,1.656575010490559219e+00,2.976659464187526360e+00,4.294970979850157633e+00,5.752363683746928302e+00,6.810171710248980048e+00,9.344710009732738243e+00,1.056701843784025385e+01,1.099086388455621588e+01,1.080386916666781083e+01,8.834845011137478110e+00,8.726575059682673441e+00,8.728552982960458451e+00,8.259105288636721554e+00,7.665579770676506755e+00,5.557681719802777032e+00,5.625232797111077154e+00
2.600400000000000000e+05,2.716592335504364186e-02,4.095164836778288908e-01,6.937124384811006461e-01,1.335081110341497457e+00,2.341359852436260880e+00,3.921703016035756661e+00,5.705026338993254065e+00,7.293971755137256707e+00,8.307921069832772787e+00,9.340266207363107753e+00,1.092136416514424901e+01,1.156653574433990883e+01,1.091468698581227414e+01,1.093151961573302700e+01,1.074836305399412240e+01,1.011627813498741268e+01,1.008487149852600773e+01,5.429359614930289624e+00,9.053596573502249445e-01,7.167242650790073277e-01
2.600410000000000000e+05,2.601961456611501244e-02,1.351322301374091595e-01,2.191204990032936673e-01,4.242287744066843835e-01,7.834778134302405883e-01,1.702353731862932040e+00,3.010000590761884531e+00,3.560550429503403613e+00,4.171378983298623666e+00,7.161263387205502262e+00,1.053598248613623056e+01,1.054482043769916899e+01,9.596360848039438451e+00,9.766468213443356916e+00,9.598556327694989676e+00,9.986479695441474291e+00,8.259075211989664211e+00,8.251292458293152166e+00,7.520175985041155364e+00,3.379431552183813636e+00
2.600420000000000000e+05,4.005259841791641851e-02,1.947930289032655526e-01,3.803457250884696439e-01,8.478755072608006316e-01,1.192486340153056545e+00,1.465338041660957158e+00,1.867633790737911248e+00,2.482686156962643942e+00,6.429084884998934157e+00,7.758622560349907715e+00,1.038420759931281445e+01,1.087341598961966582e+01,1.163154109721485341e+01,1.147148563198851257e+01,1.077916688599556139e+01,1.021520463467966700e+01,1.052584587353343437e+01,8.938648171322176594e+00,7.781922883185024453e+00,7.958870388728840339e+00
2.600430000000000000e+05,2.401388075064292416e-03,3.073472825770358074e-01,5.382342255830343536e-01,7.710863122412621173e-01,2.182244918996486760e+00,3.077836900104243156e+00,5.145732154486386989e+00,5.981867920999485833e+00,7.026128585340389421e+00,9.142344268024789500e+00,1.041331790139724411e+01,1.017428553910647793e+01,1.098091106350367774e+01,1.171597763658565405e+01,1.112913709766536385e+01,1.127949279471098798e+01,1.191823112704635079e+01,9.299618591125504707e+00,7.660151497865275161e+00,5.123327048807128747e+00
2.600440000000000000e+05,1.777816831769141181e-01,5.674770420258816728e-01,9.949489109719059643e-01,1.613256218418790411e+00,2.132716103798213858e+00,3.656051758211656288e+00,4.340245667819157660e+00,5.603527354588525355e+00,7.583356207931411852e+00,9.086856270360911481e+00,1.033981664942751877e+01,8.958553284293413910e+00,9.528039730957406306e+00,1.004569738546332935e+01,9.347962884321486143e+00,8.218345889655486403e+00,7.902096694217480177e+00,6.898715434798791790e+00,6.727249716945587821e+00,6.701135637644917153e+00
2.600450000000000000e+05,1.340366991804271546e-01,6.665688619545682148e-01,1.075284734451528390e+00,1.759436383735129450e+00,2.567886153368003299e+00,3.240741138425941692e+00,4.337810683923208899e+00,5.428081645776625663e+00,6.500009095200161902e+00,7.296493255872379180e+00,1.055619102493285943e+01,1.150576772219985244e+01,1.194519168406610987e+01,1.090565683183159607e+01,5.024722853609596918e+00,3.015918086361113026e+00,2.167339585366867105e+00,1.048674759093398912e+00,1.007903066036961448e+00,9.790812388264558130e-01
2.600460000000000000e+05,4.564527534627934591e-01,1.083788957967955158e+00,1.918289402513557729e+00,2.670108765184489030e+00,3.364549226652542302e+00,4.387412122054715979e+00,5.150256382271881428e+00,6.431016065529858494e+00,8.073008992011903473e+00,9.024506881618970411e+00,9.981649013476719290e+00,7.567618098820797279e+00,5.742164704066211378e+00,5.479103358009220770e+00,4.968395255207964212e+00,5.189386617338382024e+00,4.006960707854151593e+00,3.698291201926282135e+00,2.830363401986785821e+00,1.817954436009816543e+00
2.600470000000000000e+05,4.296447729066767973e-01,9.229296739293000318e-01,1.472224033999266268e+00,2.090388024969410896e+00,3.156643769822587764e+00,4.225123062213964609e+00,4.943944081751145525e+00,5.982128268533827509e+00,7.292054338759308862e+00,8.751168061923822350e+00,1.030154888413764702e+01,1.041266783867945023e+01,1.125955871153385601e+01,1.160650801172313074e+01,1.225327838368557742e+01,1.200743340353180244e+01,1.217689599661905220e+01,8.581864437160952264e+00,6.428838182217740282e+00,3.270150275358627567e+00
2.600480000000000000e+05,3.054597058464654236e-01,7.923296186554722453e-01,1.208904169474277701e+00,1.678609228321480185e+00,2.307245018708243389e+00,3.262506230209236247e+00,4.640504032085360997e+00,5.636496430703270555e+00,7.662932279680564562e+00,9.945737107263653343e+00,1.095209992795946441e+01,7.733504965718653423e+00,4.904804606307295423e+00,5.075631172790885159e+00,5.410575327714173710e+00,4.128902679990614999e+00,4.308746182274727055e+00,4.439547627120321138e+00,4.401456651339346493e+00,1.176186717438836293e+00
2.600490000000000000e+05,2.433413312042942422e-03,2.014353458313862255e-01,3.715272065355581521e-01,1.530505351535723424e+00,2.269590384752549372e+00,4.174115469244909171e+00,5.474187517308009454e+00,6.386344731909609607e+00,7.722881211797552936e+00,8.975958174549779400e+00,1.081813471949932470e+01,1.145955014782740200e+01,1.178964112327200553e+01,1.238189714164172983e+01,1.174419925775765172e+01,1.002474266772912870e+01,1.051343264253664245e+01,1.088832532703140465e+01,8.316643886697043797e+00,1.518211447778230472e+00
2.600500000000000000e+05,7.711572984298808997e-03,4.971759190740687728e-02,2.292425835060407646e-01,9.100296336748825432e-01,1.280409933697558289e+00,1.950630088158139985e+00,3.480589385087568211e+00,5.186553599573905160e+00,7.776122607825329602e+00,8.903398092933393571e+00,1.080048701427966407e+01,8.737264936287928663e+00,8.151655964604659133e+00,7.660880180708518949e+00,7.650773736579055573e+00,7.611589389219000523e+00,5.728856359648935914e+00,4.399936681133276295e+00,3.005246834363176411e+00,6.318371787438858966e-01
2.600510000000000000e+05,3.432629534020170681e-02,9.720122519400153926e-02,1.703671884516112511e-01,4.807209516802153360e-01,6.318511476382671077e-01,2.419172787883955067e+00,3.681859549603239135e+00,5.275441353538468547e+00,6.713522201799246858e+00,7.619383383200027282e+00,9.610375422232975140e+00,1.020730412170482815e+01,1.097982763391807914e+01,1.142346374458124814e+01,1.209666920948765778e+01,1.173020511191681337e+01,1.146634842536705179e+01,1.122428930986613871e+01,1.111459956307958308e+01,4.964743714276682596e+00
2.600520000000000000e+05,4.595587769397813105e-02,2.898857989750387443e-01,6.626052016248924481e-01,1.948880842367406441e+00,2.436439773149160715e+00,3.062450565999689012e+00,5.081016914772157556e+00,7.164506438185535231e+00,8.479533094386134451e+00,9.582633672692228544e+00,1.065877646181446181e+01,1.161325426603692179e+01,1.018182234076018489e+01,1.034604517437404425e+01,8.032128873223967958e+00,6.662418042361586856e+00,4.672801062242746717e+00,2.823326208612043420e+00,2.097482843854478141e+00,1.384971452156031901e+00
2.600530000000000000e+05,5.437316540245773488e-02,1.688660850716166006e-01,2.635473314485548002e-01,5.274831973300502241e-01,8.959476678702810171e-01,1.583024202664399471e+00,3.995686165856964234e+00,5.155641115047028933e+00,7.863672269048494812e+00,8.845574077223334442e+00,1.080653220294722594e+01,1.102531965024793692e+01,1.098368034091007672e+01,1.039511469867256999e+01,9.794616630798662626e+00,9.463370396993372680e+00,8.414964995080520538e+00,7.999973686939736872e+00,7.866914593990893323e+00,6.742280859495155099e+00
2.600540000000000000e+05,2.630386992263888946e-02,1.512646969233808480e-01,3.371584328696131116e-01,5.185876164722529325e-01,1.275980368831407530e+00,1.723709951428849640e+00,3.026155893928369256e+00,3.870868436996652839e+00,6.364569354726834938e+00,8.619296863836057199e+00,1.021185151623769372e+01,8.777059196116145046e+00,7.871664519619747225e+00,8.309289676052681983e+00,7.770101506971172078e+00,7.883666491341820404e+00,7.588182247439638317e+00,6.918178191551681344e+00,6.325781713142994533e+00,6.372020502224568617e+00
2.600550000000000000e+05,7.925625254102208750e-02,3.030784864820816882e-01,5.075617155220968346e-01,7.630711751839927004e-01,1.010210607579345332e+00,1.325028442791845729e+00,3.941487009548894527e+00,5.975466220176969934e+00,7.544615596938963442e+00,8.461200271627578928e+00,1.093048811904157525e+01,8.211862818784730678e+00,8.864223722222368096e+00,9.411479580880145690e+00,8.916151180328961701e+00,9.311671705064460625e+00,5.691441808870567165e+00,5.474915690718108685e+00,5.609353018051023376e+00,5.610495166059051186e+00
2.600560000000000000e+05,3.111152329103428205e-01,6.496016706775857852e-01,1.254653153241071184e+00,2.299274881891502531e+00,3.188492039272311729e+00,3.905698180490977389e+00,5.223433884210781031e+00,5.982997874529628390e+00,7.495618543294209957e+00,8.896308493278347385e+00,9.951037721243176648e+00,1.015366099419936141e+01,1.041578306110829821e+01,8.361461855829846357e+00,4.809469521865979758e+00,4.169794421404397156e+00,3.747353847386780679e+00,2.531320207908514863e+00,2.438540434313310357e+00,2.109651008853439258e+00
2.600570000000000000e+05,1.089457668033899651e-02,1.240910041256795271e-01,2.213549038429230009e-01,3.948675479448926495e-01,7.516926840274767985e-01,1.733203062056450028e+00,3.448345285669204507e+00,6.436519020968218818e+00,7.565790283291839557e+00,8.686839038836394522e+00,1.039206243017258302e+01,1.062037025766009357e+01,1.134293035181035592e+01,1.163597051956357831e+01,1.068449432542913691e+01,9.577102143167428139e+00,1.003151643609218802e+01,8.641034287876358633e+00,7.711608937674713893e+00,5.919444851042745981e+00
2.600580000000000000e+05,4.096186347636265879e-02,2.091946555780959116e-01,3.505885014707073033e-01,5.303518517168104296e-01,1.090965069442880075e+00,1.914952756311713467e+00,2.459277531322176191e+00,3.541474543593414737e+00,5.502316955714460001e+00,8.400762696585895029e+00,1.043074179481474495e+01,1.065176274731056871e+01,1.034068507098000822e+01,9.544848672367955089e+00,1.005483627751067033e+01,1.019491055895779930e+01,9.002916022828410192e+00,8.835029315296131003e+00,9.079606452629468194e+00,2.729237354144933292e+00
2.600590000000000000e+05,8.062522530593330128e-02,4.055628911348634347e-01,6.931130841701123035e-01,9.856673223554452967e-01,1.256653360541453601e+00,1.983444469738401050e+00,2.378802354857585843e+00,3.880641192369397530e+00,6.103427349306949523e+00,8.290309793672683725e+00,1.035747053680727703e+01,9.759477607973781943e+00,1.004799634729038438e+01,1.037826266534340114e+01,1.041117329651535606e+01,1.109164860246355211e+01,1.026918081680258865e+01,9.176140519835135123e+00,9.645256285840666521e+00,7.570776877373399216e+00
2.600600000000000000e+05,3.103019689970802908e-01,8.309877492326707138e-01,1.525021213129023501e+00,2.146310251499395250e+00,2.953453098434570379e+00,3.732245697604314572e+00,4.356208020603319575e+00,5.016796043427420138e+00,7.895078726949113168e+00,9.471611356809788163e+00,1.045160827011897631e+01,9.370656345413662436e+00,8.574948027893597668e+00,7.654889145689753427e+00,6.678988172729968475e+00,6.349784038162344046e+00,2.167532934967015379e+00,1.772397562038308116e+00,1.412994607940413871e+00,7.098694628537849383e-03
2.600610000000000000e+05,3.883481498638818863e-04,9.737884594014678541e-02,3.500123879133338889e-01,8.451416286320942994e-01,1.826662862505863849e+00,3.501887708542304800e+00,5.253591613565486540e+00,6.072090867056300745e+00,6.867940474985146260e+00,9.498638006027414704e+00,1.048693571690244930e+01,1.072775545013670140e+01,9.710282914524222875e+00,7.930088132228050313e+00,8.333213945931026601e+00,6.275881013659212471e+00,6.355011241108470266e+00,5.109206146142189375e+00,4.693928515640069854e+00,4.546902020980072123e+00
2.600620000000000000e+05,4.141214808072790632e-02,2.036569058754329475e-01,1.082001014003411976e+00,1.582756197543116805e+00,2.153787563283964257e+00,3.090692755580249695e+00,3.934704101396008902e+00,5.310884565723244854e+00,7.036353017883941519e+00,9.050765747201888090e+00,1.054625568918822331e+01,1.058062497449087758e+01,1.098646804663858134e+01,1.156160458011082426e+01,1.102808630251377231e+01,1.063490362490366259e+01,1.064427499541569411e+01,9.063185476948063979e+00,7.935462549125591458e+00,8.152566683218378074e+00
2.600630000000000000e+05,1.053401976811196850e-01,2.168546398992667879e-01,6.311406757942775725e-01,9.477333768775264566e-01,1.336267753766913202e+00,2.137446006163451262e+00,3.920186274764265288e+00,5.816885441786699751e+00,8.086302777417223808e+00,9.177539821642897166e+00,1.023108390731787232e+01,1.088601730214045027e+01,1.026982655249960708e+01,7.034687904412039394e+00,5.481905421317033955e+00,4.196633406867904981e+00,3.827449152908257268e+00,3.166928392870206554e+00,3.089101628682155543e+00,2.676967350325270001e+00
2.600640000000000000e+05,1.969459055117261936e-02,1.746199504470584696e-01,9.106192977446995185e-01,1.250509346025657553e+00,1.610401057962074667e+00,3.499967978284909798e+00,4.871219966954882352e+00,7.045852129843710010e+00,8.211700602270362026e+00,9.354922851413837392e+00,1.061028223632846057e+01,1.071605871405143340e+01,1.040411277180504435e+01,1.098210664623569954e+01,1.156424689259963579e+01,1.165024490907019050e+01,1.091865754822142520e+01,1.116280880320063140e+01,9.224530167983681750e+00,8.449116387368725611e+00
2.600650000000000000e+05,1.325852237195357386e-02,5.428039939728490637e-02,2.711711788289310476e-01,4.414280159732815179e-01,1.165174134827664076e+00,1.964909549670840860e+00,3.049374962906261644e+00,4.864084504307648160e+00,6.151750438542880950e+00,7.867044640171753755e+00,1.066102838941702124e+01,1.142448267696109099e+01,1.112456310834637740e+01,9.181365782136541753e+00,9.404590193958339839e+00,7.881538382009164678e+00,8.346963280923283435e+00,6.078086068074611603e+00,4.787899122836846821e+00,2.575606897320932287e+00
2.600660000000000000e+05,2.276465733916044343e-03,3.338451201603498397e-02,1.753560075763280768e-01,4.030635384676721777e-01,7.757085355256626569e-01,1.122562190899697665e+00,1.637422648408707992e+00,2.683794102570397300e+00,3.122388317232198673e+00,8.975260342465189112e+00,1.079395620369334452e+01,1.073257061503679033e+01,1.050009776188012012e+01,1.061782849385813421e+01,1.109846598543681750e+01,1.180086856032524700e+01,8.235937550467804513e+00,5.692892648488561136e+00,1.892059000447598338e+00,9.464619276807217929e-01
2.600670000000000000e+05,4.924189491711805644e-04,1.065063020483720813e-01,1.190026115673046281e+00,1.799234849308142259e+00,2.630718667474610140e+00,4.424863022443801697e+00,5.468990403486190921e+00,6.989656206644185410e+00,7.916604622922087664e+00,9.747644653002236481e+00,1.094235829612200561e+01,9.561558155208148335e+00,9.803190804158880667e+00,9.079328656856933577e+00,9.641231992145483431e+00,1.004463095026734365e+01,9.479973922456714774e+00,7.016714041951853886e+00,6.138955503024365434e+00,3.755432145243340347e+00
2.600680000000000000e+05,5.640069462449659454e-03,1.560095926352518259e-01,4.454353984955423673e-01,7.413326719582613578e-01,1.136209199238106926e+00,1.835442386055446518e+00,2.370602855807222742e+00,4.166701261087545127e+00,5.314148861468299678e+00,8.664058737500321072e+00,1.063504162574106360e+01,1.053270512430753314e+01,1.051412885879668657e+01,1.010995905795769900e+01,1.046663556879657087e+01,1.077489187323744524e+01,1.126686262795158733e+01,1.151375504799645988e+01,9.684984405326481749e+00,6.999801224839976577e+00
2.600690000000000000e+05,3.124197351790336530e-02,1.395484645781936983e-01,3.397575323588258867e-01,8.870993580386250521e-01,1.583153535040869864e+00,3.041304533281206535e+00,5.107484715260434349e+00,6.900976419910719528e+00,7.899264737545943937e+00,9.391864745444296503e+00,1.062446269453954528e+01,1.092239218175130588e+01,8.187397597276104833e+00,8.494455182398667148e+00,9.009460782099584009e+00,6.869589145557963406e+00,6.099379092036701699e+00,4.590806924824231139e+00,4.559077082863311148e+00,4.672794542630997583e+00
2.600700000000000000e+05,1.010885898262359195e-02,9.469467119800634158e-02,1.956606184888606270e-01,1.397710820345690497e+00,1.769623425182786480e+00,3.905154437660750766e+00,6.114236642515693987e+00,7.344198056121286733e+00,8.352361335988373270e+00,9.877625291175730737e+00,1.099772072020721048e+01,1.006087709662051743e+01,9.513882176225166631e+00,9.572357289671256098e+00,8.797495940727459995e+00,6.550883412084255397e+00,6.116620317915200111e+00,5.509130687607261656e+00,3.649529521055206338e+00,3.701652723466997141e+00
2.600710000000000000e+05,8.118491569551467002e-02,2.925293344537611695e-01,1.157792701679175362e+00,1.809876689401261007e+00,2.542694209027050789e+00,3.628214309784538738e+00,5.296099805828871965e+00,6.139699656419113971e+00,7.676887673930616884e+00,9.360334895168241687e+00,1.034851970059830961e+01,1.106291960895405957e+01,1.113038710503364470e+01,1.060623453505641400e+01,1.065724018827179620e+01,8.775388974121657526e+00,8.868321858650142886e+00,3.648104900888403890e+00,3.654808348642429205e+00,3.701180179205567633e+00
2.600720000000000000e+05,8.267424680978818774e-02,3.015099991849656824e-01,5.612945537742760616e-01,1.099963491128778337e+00,1.623681537575330402e+00,2.933934513113691800e+00,3.915857662474974799e+00,4.987900367658961720e+00,6.178720477372707798e+00,7.281125000129887503e+00,1.035076305079685532e+01,1.022832016374533382e+01,1.102154060672825686e+01,1.162939796156329209e+01,1.238710019341429458e+01,1.250327305436933045e+01,1.320316481567755318e+01,7.560932304542969717e+00,5.603675681766532968e+00,3.817613671789525931e+00
2.600730000000000000e+05,8.925041322258697729e-02,3.144188516627579588e-01,6.825001295693363668e-01,1.045215237835009692e+00,1.762623839075134757e+00,2.338325304709886865e+00,4.528755038045719772e+00,5.289055824681629048e+00,6.086718841154673321e+00,8.679439713143100477e+00,1.094738627786647100e+01,1.147576101911640123e+01,1.039284976330031185e+01,1.085738876691609889e+01,9.729132311137499656e+00,7.758577563795864052e+00,7.894619388719807951e+00,7.914483568309217176e+00,5.087645452784522071e+00,2.549399663256766146e+00
2.600740000000000000e+05,2.936695368148358742e-01,7.423181301351446937e-01,1.302033324721130425e+00,1.982481376523621552e+00,2.914751316249299951e+00,3.519979300761066021e+00,4.149603604046627758e+00,5.960082257951827778e+00,7.970150667075659889e+00,8.947367021145595345e+00,1.080293570596396435e+01,1.124500790644735204e+01,1.201449677460402832e+01,1.076922360984662319e+01,4.153692445618276885e+00,3.030639630128151296e+00,2.160567616685042935e+00,1.438597943733544993e+00,6.835954146420532007e-01,6.478499338075738301e-01
2.600750000000000000e+05,1.471278163671541073e-01,3.465542484545425239e-01,8.741568322543132874e-01,2.336474667794290472e+00,3.177021132963504080e+00,4.231322348878771678e+00,5.393787835023486466e+00,6.334596734459910117e+00,8.509716039100876372e+00,9.676442659475190666e+00,1.079959853804363235e+01,1.120453080340293539e+01,1.029986148332161910e+01,1.014253260374541199e+01,1.025105950979892278e+01,8.618713566026128703e+00,5.194768914812043725e+00,5.448951093870621598e+00,3.400039402793517240e+00,3.237270689312525818e+00
2.600760000000000000e+05,1.900617556135875130e-02,6.622985290008642778e-01,1.011239798081684960e+00,1.388231203080660947e+00,2.636854013534378538e+00,3.385120365612888094e+00,4.061322314209776962e+00,5.183043901044395163e+00,7.458344839943926274e+00,8.497050546087232092e+00,1.056824283514884577e+01,8.684542641651219697e+00,8.697275740433081381e+00,8.193741214269332218e+00,8.036018063392386779e+00,7.172796424017752415e+00,5.903619624625686235e+00,6.047611241481794409e+00,4.785360451467403742e+00,2.482103115005700467e+00
2.600770000000000000e+05,1.311179960823971591e-03,4.972462406188382644e-02,4.961746869284827666e-01,7.786806941660855408e-01,1.312351546121215407e+00,1.762633528504278679e+00,2.512543852183164006e+00,2.934976232906026716e+00,4.719638130611395255e+00,8.543181744603723260e+00,1.012052167068641495e+01,1.005157834413052420e+01,1.084811722798490941e+01,1.035145013313395879e+01,1.107343990142874368e+01,8.314446120534094931e+00,7.949144237663221979e+00,5.544240019629015137e+00,4.684993749594120516e+00,2.453752042046541959e+00
2.600780000000000000e+05,2.084874052660157240e-02,4.784171240558725557e-01,7.709179476469003589e-01,1.906717621686194963e+00,2.459057958914336872e+00,3.157966730113700660e+00,3.903809652571530009e+00,5.303727374046060206e+00,7.253549221672519032e+00,8.129750138765226453e+00,1.012032361448610374e+01,1.044563377567720508e+01,1.008463256158850285e+01,1.047452269950412962e+01,1.096028458573173481e+01,1.131572053645273890e+01,1.091129483179128812e+01,9.872657620090226516e+00,1.012439360481187833e+01,1.053107529878542614e+01
2.600790000000000000e+05,7.087184002484325784e-02,1.793056374394983443e-01,3.582275124964525714e-01,1.222835688312991387e+00,1.941084183969239430e+00,2.431890629205525123e+00,3.105887028885024215e+00,4.295802106978926282e+00,6.638653367924900905e+00,8.759051058900157116e+00,1.082111157524868794e+01,1.166500563073579499e+01,1.223563547297091780e+01,1.106503486413754800e+01,9.918053225412993612e+00,7.300565218289660763e+00,7.710387398598760100e+00,4.320939379935445857e+00,3.175281030397021365e+00,1.054290194579121653e+00
2.600800000000000000e+05,2.568493349301670392e-02,7.077420410344115176e-02,5.869962504768923006e-01,8.741624911613437021e-01,1.381043781849679020e+00,2.856829553365825447e+00,5.092245647986341162e+00,6.648041666251968351e+00,8.248412017069464142e+00,9.169904714933336365e+00,1.056959549196282389e+01,1.149384279173268197e+01,1.052072788647400436e+01,9.503285967046918969e+00,9.053792141701833884e+00,9.397056663475140681e+00,9.229363029262408702e+00,6.944623863677965581e+00,4.903320265239040410e+00,2.355129933812147858e+00
2.600810000000000000e+05,3.660777186048613796e-02,1.469246306958476023e-01,3.790199386729992126e-01,8.450925028835070130e-01,1.323799260782600573e+00,1.953905337238008189e+00,2.500105511446644613e+00,3.166554497262126233e+00,5.311020317277060698e+00,8.027787316466707068e+00,1.091871573640449533e+01,1.156948076437106643e+01,1.208850580384117279e+01,1.203338543046390008e+01,1.201101622063553798e+01,9.499854058942226231e+00,9.417083622946211818e+00,9.064548673932005585e+00,9.551644566241785483e+00,9.732556881994199216e+00
2.600820000000000000e+05,8.982210609596619211e-02,6.189159564028479110e-01,1.032780945454496724e+00,1.847737409961546895e+00,2.832046894355536359e+00,3.448745996544368531e+00,4.455569358547295522e+00,5.190683033134276592e+00,6.355860159238276630e+00,8.703749057362591302e+00,1.085393291037034125e+01,1.175680436099153603e+01,1.208656926481283556e+01,1.296611540816015484e+01,1.040519427846953526e+01,1.094879836198901657e+01,9.525216565897869359e+00,7.884469736263313600e+00,4.227726883357394883e+00,3.901187159703445317e-02
2.600830000000000000e+05,6.166802083053035677e-02,1.718572098241966106e-01,2.962522658825965660e-01,4.604446812415377011e-01,7.709456309567114252e-01,2.069789713305092427e+00,4.869557292910744906e+00,5.928540491313506244e+00,6.842352847865739385e+00,7.840737669142976429e+00,1.039273392985893096e+01,1.128723602621509059e+01,1.044752209651312214e+01,1.123665310841394493e+01,1.062767729652111903e+01,9.723765192342513686e+00,9.746034750289407356e+00,8.287488882468522888e+00,7.300629472181986657e+00,4.457961085303918658e+00
2.600840000000000000e+05,3.581871759377996955e-02,1.039561695174202605e-01,2.947048696161844727e-01,7.451012630422844119e-01,1.347705758169639001e+00,2.021006711829638647e+00,3.550977703680314956e+00,4.161686451466512615e+00,5.816352544526169233e+00,6.480064507218566305e+00,9.817963893202069414e+00,8.948207862075346242e+00,7.675432134616384516e+00,8.165533895966836653e+00,4.436738887635362616e+00,4.653785402879940136e+00,4.295129186772419061e+00,3.488901739027416848e+00,1.189960870924657854e+00,6.509655353100152197e-01
2.600850000000000000e+05,1.733223337070665115e-01,7.097922064191568570e-01,1.144919398822238366e+00,1.819861234905367553e+00,3.373447142882400662e+00,4.202837803383819626e+00,5.325202210434945904e+00,6.844961197178386136e+00,8.386614737576863376e+00,9.639062650898893025e+00,1.095553263788805332e+01,1.154703442013508763e+01,1.138307348309306555e+01,8.556116989879278378e+00,5.862584956813644332e+00,4.541621111649744691e+00,3.162646868985317994e+00,1.582449627910530010e+00,1.513154910051584867e+00,9.342604996665193617e-01
2.600860000000000000e+05,2.625323542450241909e-02,5.559812704377340431e-01,8.651219086129624536e-01,1.786529118857994369e+00,2.744428051533367885e+00,3.324681565606075750e+00,4.518143941832841293e+00,5.187378669654676422e+00,6.368395840661695395e+00,8.068211080146317826e+00,1.093792792726582519e+01,9.635420353808930471e+00,1.037219059484749017e+01,8.422824071825102621e+00,7.976175711108488997e+00,7.993221130884842651e+00,3.550740960494513487e+00,1.363485944340189659e+00,1.389870167606613638e+00,1.219240257970402030e+00
2.600870000000000000e+05,4.587405526200560857e-02,1.965206548558831035e-01,3.278000126977297368e-01,1.675090179235046772e+00,2.500379965077051292e+00,3.738500163124695685e+00,4.462690750665783135e+00,5.617385202805825983e+00,6.878264430561990217e+00,7.704991375523136732e+00,1.003155061237860934e+01,1.048602223312649429e+01,1.089044382438005520e+01,1.021039218332424880e+01,1.049704829237564851e+01,9.326278102687270533e+00,8.741947133449922802e+00,8.736344914566947395e+00,8.921832072894535060e+00,4.917441778861116219e+00
2.600880000000000000e+05,1.682014455071645376e-01,3.471208626154200783e-01,6.509644075152604126e-01,1.175889643921678385e+00,1.524849802157309808e+00,1.984114270188251039e+00,2.922208858403589904e+00,3.692274617208745724e+00,5.478219437569510575e+00,6.102515746829565657e+00,1.004586423820793684e+01,1.080653172535231299e+01,1.167188722085526997e+01,1.244695731344378409e+01,1.135228229040448156e+01,1.208668945909113290e+01,1.136723171647931174e+01,1.165638426730136246e+01,1.187661422931203958e+01,1.025772947876050445e+01
2.600890000000000000e+05,7.790896170474825855e-02,8.175658787281279150e-01,1.296166031824115050e+00,1.865869995320970531e+00,2.441866143985046200e+00,3.355431063432007477e+00,4.117517555411779107e+00,5.209270896611878143e+00,7.601249405143627236e+00,8.617089440179130477e+00,1.079552671193535041e+01,8.257083657788090392e+00,8.694024665495259541e+00,8.592557733246449558e+00,4.354796164007686876e+00,4.608445561372722210e+00,4.312612528168823012e+00,1.629056303505558301e+00,8.147716838166866316e-01,1.086132403296757865e-01
2.600900000000000000e+05,8.674228047465393221e-02,3.763106023905988806e-01,6.270497661635596742e-01,1.225803539111295581e+00,2.633986925357652886e+00,3.241903254422587644e+00,5.374331665823079085e+00,6.193382633677697591e+00,6.989676744449502266e+00,9.176188747511524468e+00,1.087422946029071547e+01,1.108048925129927831e+01,6.696340074270276332e+00,6.488882826262539538e+00,6.396376422696881114e+00,4.354875852995883534e+00,3.158682708353720336e+00,1.920495846308047261e+00,1.755850673814117080e+00,9.097095541164534893e-01
2.600910000000000000e+05,1.033630179919131642e-02,1.535680590515176025e-01,3.339897922486759763e-01,1.191246054052859993e+00,1.682028146818652203e+00,2.569132429106645077e+00,3.403671657538030360e+00,7.038774780054599667e+00,8.369161228075004288e+00,9.309969863090540088e+00,1.071975734104730016e+01,1.127144456223395608e+01,1.152892127800377331e+01,1.235285499385650709e+01,1.288861392550938412e+01,1.236141671303075107e+01,1.013611982417121560e+01,8.508056630306629842e+00,2.925809183546333792e+00,3.005215089117980742e+00
2.600920000000000000e+05,7.662424471043649543e-02,3.106484193088094869e-01,6.005586578015335020e-01,8.316817625479093756e-01,1.157703079228476373e+00,2.359497194299386091e+00,4.754529341729316627e+00,5.558614366080864677e+00,7.029893680411889001e+00,8.413520031007436728e+00,1.099563740541123380e+01,9.953969448878940085e+00,9.331163802548449127e+00,8.780231981106284778e+00,9.021530034430128353e+00,8.671591150323816777e+00,9.151750766598413023e+00,9.428453798846073042e+00,5.464505476738911405e+00,1.775059658314948052e-01
2.600930000000000000e+05,1.928880715497094389e-01,4.543500479201079134e-01,7.079297291947869164e-01,1.016572632410503996e+00,1.902440632842059109e+00,3.214969805694193994e+00,3.836764904565174383e+00,6.041716463405077953e+00,7.934300509653404276e+00,8.870386625909079115e+00,1.086237162782638954e+01,1.152989762883170854e+01,9.813666220982154798e+00,7.589229247282176516e+00,7.059034555798790578e+00,6.218657812873248147e+00,2.437478008481003489e+00,2.498930621949096320e+00,1.815964051461481876e+00,1.868942063687957233e+00
2.600940000000000000e+05,2.574271223211610504e-02,6.627922592127633017e-02,3.332789494931786001e-01,1.097189480221770985e+00,1.479756156364199882e+00,2.069027086374089386e+00,3.264980616130026103e+00,3.919243466527049691e+00,6.105686189970664479e+00,7.910107702585614575e+00,1.092180924332876302e+01,1.063395889326437960e+01,1.146913433250125181e+01,1.197930847588728476e+01,1.260088879561682695e+01,1.305241321507441477e+01,1.386406578764603559e+01,1.279930882285634475e+01,1.075655120707882340e+01,9.815058709181878172e+00
2.600950000000000000e+05,2.691058445717486869e-03,1.079977592703966760e-01,4.038078357731711421e-01,7.566277061538602133e-01,1.218150986440942329e+00,1.494197844202136416e+00,2.376205301258181635e+00,4.285040439871479201e+00,6.275447215605590934e+00,7.040505409799894032e+00,1.073137113008156440e+01,1.147692859854078051e+01,1.099691095770523219e+01,1.113521129682696653e+01,1.035125597448306145e+01,9.569917668699300606e+00,8.785099063937300556e+00,9.084355187541248711e+00,7.551178680153492806e+00,7.049497668031063924e+00
2.600960000000000000e+05,1.083391623122410552e-01,2.720201219369737800e-01,4.961664425284870727e-01,1.451653044699035000e+00,2.147519034374338887e+00,3.322194240119439979e+00,4.103199253291194282e+00,6.049839850289323806e+00,7.347073162537166802e+00,8.683619617354846554e+00,1.098704933049286936e+01,1.169421990854711879e+01,1.258591926807389427e+01,1.167976015734106099e+01,1.099873370322005606e+01,4.843300930031048779e+00,2.215191479177739176e+00,1.348512597337886199e+00,1.170813548229538981e+00,7.241274078919102131e-01
2.600970000000000000e+05,1.264688696180117367e-01,3.752513167497117941e-01,5.940456528476337761e-01,8.483388645976956965e-01,1.217746347858479350e+00,1.718289199425367286e+00,4.086362479570348150e+00,4.809788297424170800e+00,6.728398775638590124e+00,9.125829252447640982e+00,1.017158308836253156e+01,1.047423784851898709e+01,1.000175157748219590e+01,8.051204515150729435e+00,7.942825386112536634e+00,6.487575131762822522e+00,6.647798998840558582e+00,6.656838148603001493e+00,6.780838392316862695e+00,6.402508955276429603e+00
2.600980000000000000e+05,9.300111695352830665e-03,1.394172713604768798e-01,5.258272898226623582e-01,7.390867051642584507e-01,2.079460241855461078e+00,3.070220313735072981e+00,4.433817546948645827e+00,6.298042879142495387e+00,7.906996553698438568e+00,8.930134790371313969e+00,1.082257444881510366e+01,1.093272143321983947e+01,1.097412203907434680e+01,7.597957983583418340e+00,7.441777269836940434e+00,7.858492628695207927e+00,8.043942921128964585e+00,8.410619213700206487e+00,7.639364560037993357e+00,4.618544483386804345e+00
2.600990000000000000e+05,8.012899515681837226e-02,1.833825105538722244e-01,6.671704566193162877e-01,1.486279771454597221e+00,2.434744030156636541e+00,3.578281996129116127e+00,6.085079826298240846e+00,7.316906403156859362e+00,8.580603181566308635e+00,9.692211274425915235e+00,1.090750791376569140e+01,1.051089448976888363e+01,1.018233776481023511e+01,1.020708052539619004e+01,9.870900774695201108e+00,1.001734483610632687e+01,7.812254354073572493e+00,7.183767846613243080e+00,6.288718008679946792e+00,2.102477009480419046e+00
