8.400000000000000000e+05,6.016777966217556894e-02,1.337491459300228502e-01,2.843254373195807094e-01,8.475145853435259724e-01,2.091528565040391641e+00,2.568444142265425167e+00,4.030752301026410578e+00,4.878348061464256702e+00,6.200910689650075192e+00,7.517522029072524425e+00,1.097552809592800571e+01,1.152584206063479400e+01,1.204149970674146175e+01,1.225435458039919645e+01,1.296913563281186477e+01,1.275760362913337964e+01,1.154602641796245521e+01,8.752300493930102121e+00,6.179522571030577005e+00,2.119881438507948967e+00
8.400010000000000000e+05,1.456338202396545434e-03,2.374805096577703445e-01,6.766261869373186855e-01,1.726323195593850723e+00,3.201240475157993259e+00,3.941815684606482684e+00,4.809223900055775935e+00,5.673792933929505899e+00,8.003230968918433774e+00,9.401131838469337865e+00,1.088232307050531666e+01,7.691138078621333918e+00,7.582659175780898764e+00,7.982895669021356611e+00,7.541445006880192814e+00,7.143973152013009198e+00,7.233498903659152823e+00,4.970526072503812287e+00,5.159536825963249029e+00,4.582230730662988805e+00
8.400020000000000000e+05,4.894706227357809025e-01,1.085174978773996823e+00,1.672254304199302988e+00,2.441257046025052890e+00,3.607425381037403955e+00,4.401477414940807797e+00,5.885545875151925621e+00,6.835060111311368480e+00,7.723236723810041227e+00,8.994522343297148836e+00,1.076082550296165152e+01,1.146079692890040924e+01,1.234315591722665673e+01,1.122291045281140320e+01,4.906744004426623285e+00,3.837070610697834283e+00,3.594715543846705330e+00,1.302002903324741112e+00,1.173015435360662329e+00,9.696751425458516316e-01
8.400030000000000000e+05,4.086898176404596406e-02,1.047632709070502877e-01,2.176420303663380018e-01,4.789307780066729414e-01,9.467197447490632856e-01,1.209540827833800458e+00,2.435548361104856063e+00,3.690146170627089717e+00,4.506857518794298301e+00,6.847741639740392294e+00,1.000511035766717427e+01,1.038375205656407729e+01,1.110194623478828646e+01,1.180702754981731317e+01,1.098470913400780802e+01,9.679565968285643862e+00,7.264353316002207350e+00,5.974505942693230764e+00,3.573126177681053672e+00,1.240609098726579429e+00
8.400040000000000000e+05,8.524997934908828956e-02,2.220315060550133168e-01,7.358619519647418006e-01,1.144047241425117711e+00,1.530639794475781468e+00,2.071235899798522517e+00,3.075243082311670761e+00,3.700402861700204049e+00,7.486788113039583692e+00,8.951634026897137275e+00,1.021463583986266599e+01,1.065672075776595129e+01,1.105900111146458542e+01,1.037999254988986131e+01,1.013881607351660996e+01,1.078479634698993550e+01,1.106508568837539386e+01,3.334709768717526668e+00,2.816478217099017467e+00,3.577962922143962388e-02
8.400050000000000000e+05,3.558523357614618021e-02,2.551472308722511073e-01,6.637336413848183847e-01,1.372667775716847949e+00,1.870884122533821303e+00,2.513888418446640571e+00,3.199815280804258144e+00,5.675929408639788676e+00,6.673624140978972719e+00,8.411569351963695595e+00,1.077289177888521010e+01,9.209756992984488022e+00,8.577243217864472413e+00,8.010274586318075762e+00,8.579677616399424167e+00,8.478567241625817985e+00,5.796250604019959951e+00,4.581938445080590228e+00,2.459348511424275685e+00,1.771140778982118746e+00
8.400060000000000000e+05,1.348534792375638558e-01,2.839767778006521137e-01,6.213210660152290732e-01,9.378049597562170270e-01,1.458474594046761386e+00,3.183713815442123618e+00,4.089103790975646469e+00,5.134629448708661670e+00,6.950074855168988819e+00,8.588335555437291546e+00,1.065657851523078570e+01,1.100183344672292662e+01,1.170843473278332425e+01,1.139618064453543411e+01,1.076465744316071316e+01,1.073690016026847793e+01,8.901659853211745244e+00,9.378056890580435123e+00,7.678978711518801958e+00,5.216584848181089029e+00
8.400070000000000000e+05,2.048435431375807969e-01,5.554440024152820232e-01,9.947829074620110346e-01,2.460263054135349403e+00,3.242833979586517312e+00,4.023996821323895468e+00,4.766714337200507856e+00,5.770149436447692182e+00,6.565704978905644751e+00,8.927108243408421018e+00,1.048530822873271084e+01,8.984740467791265672e+00,8.951673546379307567e+00,9.271387125848400856e+00,6.104443405310603588e+00,5.837030443492976062e+00,4.677053964415507359e+00,2.895950961809579116e+00,2.120753247381234718e+00,1.645278447172984215e+00
8.400080000000000000e+05,2.623252759906249398e-01,6.235649917733063763e-01,9.363334035588530835e-01,1.315075711332772457e+00,1.699025234307591781e+00,2.083391274616706923e+00,2.918529044299353004e+00,4.392546970818949070e+00,5.398945417509041889e+00,9.191784483202402711e+00,1.044897083083693801e+01,9.792885599243497552e+00,5.913291418199968064e+00,3.081793490413874181e+00,3.264116371862886279e+00,1.374180566186328889e+00,1.032816766107693240e+00,5.594961226827610545e-02,3.143974419065687087e-02,2.050483222327814659e-02
8.400090000000000000e+05,8.223166856463803853e-02,2.747538293553115629e-01,1.354827960982331714e+00,2.013267054477589912e+00,2.665882183956455709e+00,3.281859124606563149e+00,4.737443406929849665e+00,5.544400191403544120e+00,6.357674194181042182e+00,9.521878404024917586e+00,1.086787758513432856e+01,1.007931235148254423e+01,8.533673173624936936e+00,8.370393279732549985e+00,8.616353410666443224e+00,8.184395245339301184e+00,7.581881751424284666e+00,6.100142508135126818e+00,5.681611450980224021e+00,3.644971468308741969e+00
8.400100000000000000e+05,9.204863542102259544e-02,4.047941965147858756e-01,1.085451586382754519e+00,2.214588533275819504e+00,2.939332171738645805e+00,3.548875226616304168e+00,4.179596900950087068e+00,5.427737636652425479e+00,6.172630974133510584e+00,7.662532008614841850e+00,9.906640324004662546e+00,8.492471761555831833e+00,6.373709212544079961e+00,6.834997213976705233e+00,5.896895424096789462e+00,6.229332280686989520e+00,6.443084430769909332e+00,5.227095098541646223e+00,3.208185332322724292e+00,2.079679067038864293e+00
8.400110000000000000e+05,3.610204178612871351e-01,9.032982252624304209e-01,1.939297968574179798e+00,3.047713391447088860e+00,4.113156314560485249e+00,4.974722157166124425e+00,5.976770636248017965e+00,6.925513239019985612e+00,8.159740488003260239e+00,9.074210302371545467e+00,1.078890859691159321e+01,1.172296503555286229e+01,1.031658940080280651e+01,1.076807424257979129e+01,9.557530669510276411e+00,8.650435038776953078e+00,5.094568685527099738e+00,4.869013077277434043e+00,2.967253064267977525e+00,1.950037386559291264e+00
8.400120000000000000e+05,1.040239471115067538e-02,1.428518276984600543e-01,6.970061283614847891e-01,9.341801096835222751e-01,2.264439791100729238e+00,3.289074175265747968e+00,3.876138472905739984e+00,5.014705024357120955e+00,6.621921728537886409e+00,8.496751513734409400e+00,1.061389792059869563e+01,9.405414969151237869e+00,8.222479772984621960e+00,8.532481067190749613e+00,7.371030575392748752e+00,7.594892738935634213e+00,6.249251327703747805e+00,4.438984031356510762e+00,4.432248322848057143e+00,3.666476657164789987e+00
8.400130000000000000e+05,2.904004801446791184e-02,6.833560627418038269e-01,1.167224973438636404e+00,1.754594543059894374e+00,2.453859002596707750e+00,3.045528606075584399e+00,4.124827509280587279e+00,6.541357785225260457e+00,8.394872818984509877e+00,9.397488491299487379e+00,1.094300930351426615e+01,7.679837112228144136e+00,7.138339138423329899e+00,6.475674552467143741e+00,6.762336131843263765e+00,6.886546706695261477e+00,6.880317026950370618e+00,3.410364514728017049e+00,3.274557630012020937e+00,6.434927529021106096e-01
8.400140000000000000e+05,2.293679086157168756e-01,4.796049578699508320e-01,8.349343798478698897e-01,1.322725469487466832e+00,2.126909764889032939e+00,2.922088292747952121e+00,3.455376544946666684e+00,5.725726004018830473e+00,7.956129747090264992e+00,9.130441906085323467e+00,1.014583567466716651e+01,9.297670279650441572e+00,9.637025501487261891e+00,1.011203653442368910e+01,1.081736462730315296e+01,7.266845997046109673e+00,7.331787192811757059e+00,4.322410849775631725e+00,3.860796170241731495e+00,3.408342534380865985e+00
8.400150000000000000e+05,1.396307248135697510e-02,5.449641945391525688e-02,1.219781330316594969e-01,3.785152114221403963e-01,3.102091091260175570e+00,4.396301322805366674e+00,5.202584478221649711e+00,6.552731066911666957e+00,7.461183582297032935e+00,9.692901005229156652e+00,1.070211411445887428e+01,1.166288985542279200e+01,1.204045384553981179e+01,1.267334689941412051e+01,8.136613593021481350e+00,8.372381901222928136e+00,4.205972184326364882e+00,4.013649417142980624e+00,1.973382866260217749e+00,8.761092430713546264e-01
8.400160000000000000e+05,2.365448614818906892e-01,5.595934841944647520e-01,1.530782893038589165e+00,2.087342891914746534e+00,2.639368889711990906e+00,3.342345333987548184e+00,4.066599155987304925e+00,6.406739434896079999e+00,8.752349540968992869e+00,9.857322263656879358e+00,1.086193580355692490e+01,1.122997787461301300e+01,8.484476351270135552e+00,7.581568380544099206e+00,6.793398252558484174e+00,6.820472865922432959e+00,3.515632688676168183e+00,1.800164316375563622e+00,5.651805531748729239e-01,3.189916513478241455e-01
8.400170000000000000e+05,4.876377938369191867e-02,2.698893458663620404e-01,4.242623924069488517e-01,6.958346664666663628e-01,1.177718231028719309e+00,1.708064760268638071e+00,2.828829596230380439e+00,6.471899865888254055e+00,7.858941993930637082e+00,9.158376942761373485e+00,1.040653243955468277e+01,1.009768961765566786e+01,1.062571599135139166e+01,7.444978529431831582e+00,7.790495023790922957e+00,7.699766202149438854e+00,4.998312495147237300e+00,3.602670011179499809e+00,3.544719356130704657e+00,3.283530880931619933e+00
8.400180000000000000e+05,1.029736564907637320e-01,2.758250098352081903e-01,1.144694527486310287e+00,1.539296048585196974e+00,2.205046172846867325e+00,3.035778382525418984e+00,3.978884862486864460e+00,5.390220232657912725e+00,8.069536875369157869e+00,9.274097470508319674e+00,1.066215640890450977e+01,1.050588119623606609e+01,1.095244360016917895e+01,1.104974936832570442e+01,1.180562890482767102e+01,1.100103351856687794e+01,1.163992775347898778e+01,1.197265597253587188e+01,1.009629061196404898e+01,1.023288628988966664e+01
8.400190000000000000e+05,5.451768322107897191e-02,1.732706774109724623e-01,4.701519754303215004e-01,6.357618546035306295e-01,8.264579589542148108e-01,1.111118975165130696e+00,2.195676742942457516e+00,2.924329408409190201e+00,4.565607807495661419e+00,9.095069887522956975e+00,1.097654086036363452e+01,1.147365899390430855e+01,1.238686951614756993e+01,1.189690269629121211e+01,1.103187037992607600e+01,1.048950060273525509e+01,9.283204015486401062e+00,8.241620379609768676e+00,4.315698817040179769e+00,4.118401338697356806e+00
8.400200000000000000e+05,1.224877552919951818e-01,3.540807657629163607e-01,8.242999712525204137e-01,1.114580308152704813e+00,2.006034056482240757e+00,3.750688652436912740e+00,4.922268848676575104e+00,5.983304672001658275e+00,6.813408509800041202e+00,7.625472980203296558e+00,1.080089612986399139e+01,1.173919124517180279e+01,1.259788405977183245e+01,1.343830444473065278e+01,1.260025625664154880e+01,1.197884542382294804e+01,1.131365400467462301e+01,8.776756425140352036e+00,8.978761873234081037e+00,6.763560784662292491e+00
8.400210000000000000e+05,2.426098047748737052e-03,5.795827213952287060e-02,5.173008210849366906e-01,9.748425675151519698e-01,1.548484599515260740e+00,2.479745802009424516e+00,3.270722106249805083e+00,4.189628054406385083e+00,5.231541477153355935e+00,7.746513028428948289e+00,1.097966867407265212e+01,1.077912559324629527e+01,1.115192735413778102e+01,1.192200903955468583e+01,1.091020167673382169e+01,1.139952653089709855e+01,1.095564485569898139e+01,8.267251733420447835e+00,8.265123523401594952e+00,8.195759758121035077e+00
8.400220000000000000e+05,9.930590819960594118e-02,3.660001875971741203e-01,8.384602913018113224e-01,1.243615550896851385e+00,1.576563719794316087e+00,2.249772267054753527e+00,3.209687767031558003e+00,4.261122300230605120e+00,5.504990629546394842e+00,9.276786538647131763e+00,1.075647194075119017e+01,1.042362315025633634e+01,1.093296002124649036e+01,1.148041237622319954e+01,1.111208790692065662e+01,1.049850780609470924e+01,1.063514867127143937e+01,1.036340677055891391e+01,5.868997904761770634e+00,3.147733301718604881e+00
8.400230000000000000e+05,1.527579833145085164e-01,4.422876101665325077e-01,7.228988943633291031e-01,1.206211779782758065e+00,1.747158166656523903e+00,3.368871609911301412e+00,4.331924820727135028e+00,5.004953786722969866e+00,5.922903212868972922e+00,7.870733364221473849e+00,9.793499913620111741e+00,1.037565585913418076e+01,6.737643601679859096e+00,6.890405127639569471e+00,6.308184734354844281e+00,6.619157272100512301e+00,5.532795707572809363e+00,3.799234771211233763e+00,1.348019963400058696e+00,2.174210804663023744e-01
8.400240000000000000e+05,7.241389483234861313e-02,3.650905064556604351e-01,6.578833090325273414e-01,1.259544647641611004e+00,1.879572911912715139e+00,2.879774859187281599e+00,3.630632204729872914e+00,4.319709411140443933e+00,7.038901919120140960e+00,8.117292791315234624e+00,1.061439164615017994e+01,1.107208066441057603e+01,1.041974838798984138e+01,1.030618861894325811e+01,1.031137620244253483e+01,1.017655426932802243e+01,1.045744060279407428e+01,1.011384863320833816e+01,1.043054788626389495e+01,8.606125776877549427e+00
8.400250000000000000e+05,5.033777097712270887e-01,1.082111441086563541e+00,1.629967529248518954e+00,2.227371560744825008e+00,2.869612771582137789e+00,4.049182713975287840e+00,5.163205916913905291e+00,6.687997362786253674e+00,7.724260214713130956e+00,9.691011682094575974e+00,1.076567740787841032e+01,9.961885329232179842e+00,5.894016806383743479e+00,6.194300507540387635e+00,4.425245341015272338e+00,4.294564146119871140e+00,3.502175782594226572e+00,3.446661494709965634e+00,1.837586242372881928e+00,1.890159586214954501e+00
8.400260000000000000e+05,2.074989269936200476e-01,6.438250388753350428e-01,1.173886226005479205e+00,2.127255530354315471e+00,2.766008349412636402e+00,3.333180552906044980e+00,4.837013986935438048e+00,7.283646958115310710e+00,8.637270834570450972e+00,9.756634262821107129e+00,1.080719181855063660e+01,9.354330174962978361e+00,6.698773128453689552e+00,4.953708798112859135e+00,4.182310664270215916e+00,1.744742934675024060e+00,1.780387019999005949e+00,1.685060521779851328e+00,1.630253259081543060e+00,6.532719367194306237e-01
8.400270000000000000e+05,1.634898816651131348e-02,2.850209587099938879e-01,7.719679291930178211e-01,1.862109124138564997e+00,3.160149656503394855e+00,4.069486310104963422e+00,5.064419076703963185e+00,6.101039609149547793e+00,7.522366962522998080e+00,9.364880655662799924e+00,1.075880938992225211e+01,1.166939629446413029e+01,9.103152383304584205e+00,8.573425005883008154e+00,7.790471808693316902e+00,7.852398497882226991e+00,7.352591285044693947e+00,6.648109749412543401e+00,5.372319758135033041e+00,3.875080928780245682e+00
8.400280000000000000e+05,4.704288764852604388e-02,2.324127500323991402e-01,3.996108688238032558e-01,6.184525787038075428e-01,1.249112691090213278e+00,2.992898826234499321e+00,4.712448049003618245e+00,5.795382594871346882e+00,6.995488276320021903e+00,8.149806514672503610e+00,9.058765730407349892e+00,9.356565160550648130e+00,9.724746450777264073e+00,9.369776903293605130e+00,9.191385380890960022e+00,4.974008864274757968e+00,5.076869871468217887e+00,5.136907082365482324e+00,3.431155241280968049e+00,3.345972921678708190e+00
8.400290000000000000e+05,4.201340349912785488e-02,1.655308675022792997e-01,2.725060504388872040e-01,9.947019440446056571e-01,1.383301236740013707e+00,3.545818800961884509e+00,5.021657938919939390e+00,5.763336750674179498e+00,6.735279756552290387e+00,8.294780397319112097e+00,9.814539905677266418e+00,1.046186973039790402e+01,8.783021980451781729e+00,8.430632199083904155e+00,8.003796452266556116e+00,6.045332144874565827e+00,5.686259928269225661e+00,4.883323530653958855e+00,4.987844518498590674e+00,5.230106871628148468e+00
8.400300000000000000e+05,1.121141342462339541e-02,6.202837841576225308e-02,1.787915172100458250e-01,1.456695918812968671e+00,2.570538013327726468e+00,3.247592419450043622e+00,4.069453129750177922e+00,4.700112151760392543e+00,7.157294788589974921e+00,9.869142077031387572e+00,1.099366574391141960e+01,1.188543546311736421e+01,1.224747496660587842e+01,1.058096713110815301e+01,1.084560696300205329e+01,8.452884612712667334e+00,6.291802134462975538e+00,3.878900249652614374e+00,2.888991993340125131e+00,1.236125825149259061e+00
8.400310000000000000e+05,5.375606495002562824e-01,1.096979436973102295e+00,1.840357218635833902e+00,2.809869140048862235e+00,3.666477166275396549e+00,4.668333994340921222e+00,5.642232956865154136e+00,6.634363604083510779e+00,8.149504746140031841e+00,9.498591814113787279e+00,1.048218848169484119e+01,8.698795846497722195e+00,9.407619443551750393e+00,6.191180831524612849e+00,4.810982940786937334e+00,4.523806624605132498e+00,3.144273858104591923e+00,2.894336946338083472e+00,1.723482114027185208e+00,2.633545397431280577e-01
8.400320000000000000e+05,3.760202021014458218e-03,6.574313724880909149e-02,2.082486730621817550e-01,4.210230715835971971e-01,6.072112491549103153e-01,9.289973711346062313e-01,2.205981936772721141e+00,2.627334132435049874e+00,4.437500763488936961e+00,6.542116410183576924e+00,1.082786795660919665e+01,1.036663369346564245e+01,1.002393588666761559e+01,1.029273065657089958e+01,1.098438443279738053e+01,1.089836863523553134e+01,1.035437131086927565e+01,1.038498706129642102e+01,7.803215059979453194e+00,3.253822483249935171e+00
8.400330000000000000e+05,2.351580178785840358e-01,5.022655852013206967e-01,8.131705565353499754e-01,1.185182892364537999e+00,1.587917827622745692e+00,2.186903018808792787e+00,3.924920256974222532e+00,4.615308433000740784e+00,5.270774184452827527e+00,6.766056626431263155e+00,1.028659140686099960e+01,9.208436621836796121e+00,7.278955080718484183e+00,7.001709468128678893e+00,4.978703978693308940e+00,4.168720496407154030e+00,1.222332594998142508e+00,9.039199195549039167e-01,8.309003742047151864e-01,8.163539454116675032e-01
8.400340000000000000e+05,1.556155182476338661e-01,3.815040931016937531e-01,6.149450055972331963e-01,1.172924190989666826e+00,2.188603063802849302e+00,3.168394496682609862e+00,4.734574320391029545e+00,6.203112545395577548e+00,7.091475070003550485e+00,8.939508200544407757e+00,9.949292064945273850e+00,1.004612747199532841e+01,9.198484549449737813e+00,8.360317080331048700e+00,8.820515435179746788e+00,7.915036082204309764e+00,8.088361901962745293e+00,5.606268338742471435e+00,4.750621907700347535e-01,2.647847888981003095e-01
8.400350000000000000e+05,2.241782493393740250e-02,1.143391259375541313e-01,3.095606881235754004e-01,6.173346698933719345e-01,8.399976050208696199e-01,1.129836926932955565e+00,1.391121188669386388e+00,2.921545704039313129e+00,4.870515073719678512e+00,9.612208905310620111e+00,1.076083246928164527e+01,1.081432130183606155e+01,1.146753982886238177e+01,1.183251363751354113e+01,1.202953529877862415e+01,1.267284173940590719e+01,1.059070677234271507e+01,7.837324078544133599e+00,7.932055047965796746e+00,5.880324133847536494e+00
8.400360000000000000e+05,4.672935991098237096e-02,2.087336782407613889e-01,3.422771689221409952e-01,6.116336416691061650e-01,1.048599059899768537e+00,1.274950366260585000e+00,1.869567591501076542e+00,2.535482348727756019e+00,7.142001560802556881e+00,9.308306988538920024e+00,1.048215311090931223e+01,1.124996006579042174e+01,1.155407421305980975e+01,1.050630708070580610e+01,1.125651790351215986e+01,1.045896098674758079e+01,1.091951604230334993e+01,1.068400792359766349e+01,1.117311733834895549e+01,6.569588847445593238e+00
8.400370000000000000e+05,2.525809657505554418e-01,8.173372307825914618e-01,1.367814626259866495e+00,2.034136479583970925e+00,2.548385878965540474e+00,3.966526194884383294e+00,4.802944932588577132e+00,6.260360097719203765e+00,7.046641695151172335e+00,9.305361538232636676e+00,1.025374220310830609e+01,1.091159722685791955e+01,1.055374139023835767e+01,9.455792996440965936e+00,8.268921313105920490e+00,8.162552290741013294e+00,8.161417924150903502e+00,3.460591938440371607e+00,1.551389395850884423e+00,1.484355963630883402e+00
8.400380000000000000e+05,1.061124516956801767e-01,4.276028942110539077e-01,1.224913165420245420e+00,1.797576069403873156e+00,3.265891996643015549e+00,4.314975288154027311e+00,5.580924656039389475e+00,6.545927498408036449e+00,7.785686027928795383e+00,9.723729775163356237e+00,1.085328816026085974e+01,1.130973998240422773e+01,1.058322547781344092e+01,1.014123521199979194e+01,1.083616752526925886e+01,8.947187222005947405e+00,9.130246484370802662e+00,9.084730051356158853e+00,1.447701675517991671e+00,9.022205072771716239e-01
8.400390000000000000e+05,5.760753845861499300e-03,3.617185896913663878e-01,5.828649575554316620e-01,1.133274462575556640e+00,1.443888947335318473e+00,1.758913778496224101e+00,2.321658400651984699e+00,3.615156999451410336e+00,5.718958376819655243e+00,6.772748208869074915e+00,1.052685159471809762e+01,1.083721691706232626e+01,1.001852550545360110e+01,1.025166764820927767e+01,8.304251786469578178e+00,8.544670333914824667e+00,9.015371838640160007e+00,9.238892297012649024e+00,9.618562172029353263e+00,9.487766471592376405e+00
8.400400000000000000e+05,2.984527066273409135e-01,6.448810218574243525e-01,1.165335244540702142e+00,1.628669351623600825e+00,2.141860594532012829e+00,2.687824274159350324e+00,5.218100796954879605e+00,6.643659070532748068e+00,7.828552472042602517e+00,9.199813787657060260e+00,1.064352445716334117e+01,1.151913753703247956e+01,1.221760143912874064e+01,1.282548987161346687e+01,1.153872670872438633e+01,1.191072855934942609e+01,1.259909766502538453e+01,1.263678031916053968e+01,1.121862462166166985e+01,1.024580295631132287e+01
8.400410000000000000e+05,9.529485107877277983e-02,3.752568902798758543e-01,5.918084032755861479e-01,9.736513109039908187e-01,1.270826194741813131e+00,1.945334742934140548e+00,3.012342342142133589e+00,4.557398810119125621e+00,6.059519477771901030e+00,7.918517645060675569e+00,1.031608805533292461e+01,9.887549495091285223e+00,9.934883565991066590e+00,1.034552026078042175e+01,8.532736795269538987e+00,8.826472609485561449e+00,5.687098066650325023e+00,5.801305604631161295e+00,5.834183016121503584e+00,5.321552266895075434e+00
8.400420000000000000e+05,2.326179059229149804e-02,5.651930094737056542e-02,2.638929952529072143e-01,9.811665480936992978e-01,1.668404572099520422e+00,2.210963899202706529e+00,3.144077752005390636e+00,4.626120654900732099e+00,5.594437382621324062e+00,6.311629313545260800e+00,1.010479527318012138e+01,1.059049709099828007e+01,8.636867303988728040e+00,6.623081844181058386e+00,7.028588217458226595e+00,6.082369289460485717e+00,5.723534225817834553e+00,3.510602196979545120e+00,2.641451360458236586e+00,1.899725604338988738e+00
8.400430000000000000e+05,1.618462596804252085e-01,3.628918746520268801e-01,6.846386805795662278e-01,1.578678739872913628e+00,2.088169445094869126e+00,3.166947966720256691e+00,4.670889788483803429e+00,6.446164481938960300e+00,7.513490681085665202e+00,9.367359646746486135e+00,1.087830581945157071e+01,1.173918671246317302e+01,1.095232364692535043e+01,8.851450959763013770e+00,7.569172059837395494e+00,6.881818714134054105e+00,2.074877988052720390e+00,2.155343644826320126e+00,9.029249565844688075e-01,7.915366589002781339e-01
8.400440000000000000e+05,4.249083464589353820e-02,9.834710294827297972e-02,1.972621613945313435e-01,6.875064453677470766e-01,1.643113111412630278e+00,2.452515438213565879e+00,4.282135388113710306e+00,5.071583227731554899e+00,5.779061230823455020e+00,6.755772717057135779e+00,8.741436545696286586e+00,8.634510439503937818e+00,8.471285800408498545e+00,8.126766733083776728e+00,8.517007075533390648e+00,4.997850129182513257e+00,4.195085467783888689e+00,3.356343535552466228e+00,3.334756847329331197e+00,3.066926131995639793e+00
8.400450000000000000e+05,1.012207218962430932e-01,2.267436899630084213e-01,5.871529419365539848e-01,8.804772172743922098e-01,1.339819942152147725e+00,1.663689534034144657e+00,2.870298001744080008e+00,3.304152132891045923e+00,4.171556783664881252e+00,8.276263164940196759e+00,9.467193235268920759e+00,6.140436126565171904e+00,5.055300608307343069e+00,5.144401866078982977e+00,5.368439922465765513e+00,5.432275457499338600e+00,3.961728412519573972e+00,3.471599518235627180e+00,2.137499934267148571e+00,1.902802402973868823e+00
8.400460000000000000e+05,7.112569392996981321e-02,3.263593578208694446e-01,6.278979475116748254e-01,1.001721255172886682e+00,2.380214530153725860e+00,4.206404840261025235e+00,5.105688434467101189e+00,6.338389976621683353e+00,7.319568353242808634e+00,8.377138429510019080e+00,1.052618009842591640e+01,1.124726306053261560e+01,1.181002366950148286e+01,1.208735656022184202e+01,1.272100751377309535e+01,9.088376933719732875e+00,8.662752754379361875e+00,7.562722473012881252e+00,7.326811383490026586e+00,2.833345792504937677e+00
8.400470000000000000e+05,1.113573115621447895e-01,6.117369894186717172e-01,9.821404903355182014e-01,1.986203062657954099e+00,2.817482050242325897e+00,4.561613153763733663e+00,5.323606859875900987e+00,6.332730522156275299e+00,7.912251465747874413e+00,8.933586953970149125e+00,1.018711127931379856e+01,1.084053114548842522e+01,1.041154513435016149e+01,1.105993428540719314e+01,1.047820227236225676e+01,1.091552155234161425e+01,1.144571960936292143e+01,1.154689356987145743e+01,1.047413666912872898e+01,1.012734986607222432e+01
8.400480000000000000e+05,1.138013705991716140e-01,2.682497400547061428e-01,5.099995928961078562e-01,8.136518498447666836e-01,1.619099945987720890e+00,2.505650275725400888e+00,3.053898903099542039e+00,5.542530168289714787e+00,7.577235778569987090e+00,9.620189476096985715e+00,1.074339066384633590e+01,8.847268021196235566e+00,8.188167110373740343e+00,7.129692032206355279e+00,6.227576813103224751e+00,6.331360338269449883e+00,6.399578997361121679e+00,5.079023345525523148e+00,4.471581009726727451e+00,3.359002129180217455e+00
8.400490000000000000e+05,4.307822583902587432e-01,8.761854663235675300e-01,1.518781651387281606e+00,2.185669732021310541e+00,2.739751266275169961e+00,3.687691286086084652e+00,4.335951332376719591e+00,5.024259971042142503e+00,5.969277357548208762e+00,6.873513372626676166e+00,1.074688042903673768e+01,9.820347001007048604e+00,9.655567261447455252e+00,7.726061263033386695e+00,7.792460651226273072e+00,8.027551079581593640e+00,4.290456150986057260e+00,4.219878837200800703e+00,4.181544277972508716e+00,4.521994880962720842e-01
8.400500000000000000e+05,1.434745800922442305e-01,2.956493798853883082e-01,4.813035528005240593e-01,8.114106437449488674e-01,1.793865249020625718e+00,2.179865161162918952e+00,3.026544006263619302e+00,4.439661195570310248e+00,6.877855331179922871e+00,8.660841719592315968e+00,1.093215199070555954e+01,1.145974547856499548e+01,1.156249730333698089e+01,1.185067189361114615e+01,1.257328976896097217e+01,1.332093298371101753e+01,1.291703372418491291e+01,1.027492777123785395e+01,1.068066041683634637e+01,9.439462413410751651e+00
8.400510000000000000e+05,8.639261868590975002e-02,2.479174874682172902e-01,5.120557935707280572e-01,9.142265670276263911e-01,2.210427633636133926e+00,3.203295148791110325e+00,4.114167007832254974e+00,5.595602069380681165e+00,8.422660063488038418e+00,9.646899747890206100e+00,1.099311322072684760e+01,1.171773592500719374e+01,1.150056374495783196e+01,9.427422662304948631e+00,9.994510544412445796e+00,1.039176483263979556e+01,9.614869556110644311e+00,8.636962459012028859e+00,8.002465843933871170e+00,5.262821123672425827e+00
8.400520000000000000e+05,3.431033175850864980e-01,9.190350097624007120e-01,1.398868999200441054e+00,2.240542369628234720e+00,3.194098047507012428e+00,4.222540429214136637e+00,5.868865529946652337e+00,6.884467456536643049e+00,7.907814117346313232e+00,9.734746363140059700e+00,1.074850333381703216e+01,3.612437563648764005e+00,3.620037668378064399e+00,3.175248811367934465e+00,3.080791260854047309e+00,3.221016411877275942e+00,2.698217270324945627e+00,1.539764668220959143e+00,1.229157669038134948e+00,1.210663535042326711e+00
8.400530000000000000e+05,5.684806259677543938e-02,1.708855013639063447e-01,4.711857345729018043e-01,7.922413922575026746e-01,1.199672399281915824e+00,1.761817818806927782e+00,2.234277704147308530e+00,3.118881609288240320e+00,3.599905657957701788e+00,4.932175943433198206e+00,1.052937199472998664e+01,1.036275896565440746e+01,1.093029973157034362e+01,1.137211066024122985e+01,9.761351524686764591e+00,1.040300899306148530e+01,8.969474355317668568e+00,9.389561629622019012e+00,8.679151193843566148e+00,9.116175141004912774e+00
8.400540000000000000e+05,5.287632481912517557e-01,1.211803981631181415e+00,1.840061301735753219e+00,2.918539548885782153e+00,3.844334114056694673e+00,5.283625418659266160e+00,6.234530226685728316e+00,7.498786972825397079e+00,8.499898606708288895e+00,9.531874951802709717e+00,1.062131250789235715e+01,7.824743049035750353e+00,8.441605919286795157e+00,8.302825076305929031e+00,7.861869116784271583e+00,6.649807558248705064e+00,6.023309034511290960e+00,5.966495427405092755e+00,5.501850962880354245e+00,4.722470664701756249e+00
8.400550000000000000e+05,7.579140338944001520e-02,2.509699266515956761e-01,4.165651343405555318e-01,5.639213995066740814e-01,8.464217094585729795e-01,2.124212655211378031e+00,2.998484154220504294e+00,3.486995943717611013e+00,7.060055187277524347e+00,8.427355423772576515e+00,1.041073897930790260e+01,1.114575382000362680e+01,1.163784559493431026e+01,1.038704783784401187e+01,9.120419281482126550e+00,7.674403278810290274e+00,7.827154775740605253e+00,5.322204772844430387e+00,3.591794832848765218e+00,3.461224544671490655e+00
8.400560000000000000e+05,3.468764064948548498e-02,1.639177483747822350e-01,3.918924020433935951e-01,1.112761357429899789e+00,1.862528959518428007e+00,2.585859588998762337e+00,5.273039147009362715e+00,6.082052778577128116e+00,7.026305629710396516e+00,8.690235707867206116e+00,1.044979383107783377e+01,1.120187006017930287e+01,1.121609875727048156e+01,9.878395648519092020e+00,1.036252004673076854e+01,9.353919864949338248e+00,9.293983787439371369e+00,8.743881872616173112e+00,7.044288426370314049e+00,2.446464994917025848e+00
8.400570000000000000e+05,5.638521422411846284e-02,2.581785318362477266e-01,6.221851392114030599e-01,9.444296569656112084e-01,1.647555725205689825e+00,3.129988625947003555e+00,5.223764429878643867e+00,6.381087336485948391e+00,7.797152961990629905e+00,8.967125451042946338e+00,1.071023042614354104e+01,1.124610216244782990e+01,1.102716847187310378e+01,7.664260446416636618e+00,6.714147322354459213e+00,7.005732415571014116e+00,6.497478601410755061e+00,6.289185543581137239e+00,5.818655834542107108e+00,5.306060775111092198e+00
8.400580000000000000e+05,2.960012736531697497e-01,6.017010813039629369e-01,1.486898259486604035e+00,1.992929926226488124e+00,2.734564158341121320e+00,3.290586898290701168e+00,4.273954316864912784e+00,5.141751857376875456e+00,6.766411128696696586e+00,9.402967152123066441e+00,1.083115107225951412e+01,1.056930313486028084e+01,1.124121923062152462e+01,1.210190630465451989e+01,9.656172699499933287e+00,6.147004404407939049e+00,3.715564584637612189e+00,2.393177885606784017e+00,2.160944627956343123e+00,1.402405537212629838e+00
8.400590000000000000e+05,1.730966820285346763e-01,3.885162464738025623e-01,1.135252856410647659e+00,1.908952026827413828e+00,2.507760457052840231e+00,4.260275018618175480e+00,5.289130735796249816e+00,6.418740634574882087e+00,7.270399768715475552e+00,8.820758680687905695e+00,1.098007388349380165e+01,1.049263341637007230e+01,1.038790876339740166e+01,8.985854267430264386e+00,8.392203473055563023e+00,8.157919276235613637e+00,5.770930229405584200e+00,2.363404825381961505e+00,1.412196600013777559e+00,7.629434016885716652e-01
8.400600000000000000e+05,3.187917774947623961e-02,7.553626523492584788e-02,2.331790862510866313e-01,5.386183292844912707e-01,7.790768866876307541e-01,1.290681779561304587e+00,2.609772249079080009e+00,4.853127491080909017e+00,6.236567999444393884e+00,7.806819333611871414e+00,9.333746321466175999e+00,9.881045558105189031e+00,1.037618943235685975e+01,9.662080337003549957e+00,9.786781251443684937e+00,1.036450421213868367e+01,8.342060566834025082e+00,7.858318136758805750e+00,7.570691987520920208e+00,7.345594701805575610e+00
8.400610000000000000e+05,1.564175217936115692e-01,3.377531896625847185e-01,8.827298748820788798e-01,1.628958011569580755e+00,2.341433764591973166e+00,3.326916211569825421e+00,4.068386986977836628e+00,5.000455228674043795e+00,5.713505874664980944e+00,6.857768021459983210e+00,9.426744362182802206e+00,8.684115624953868462e+00,9.272077279493725399e+00,8.978609839016591820e+00,8.561367826522580771e+00,9.084694762561566606e+00,6.696352615756430815e+00,4.490133815784957072e+00,2.129292051243810491e+00,8.789500949891593251e-01
8.400620000000000000e+05,1.840571671810231624e-01,5.803033824979808575e-01,1.349033348873751592e+00,2.114869038352977793e+00,2.711471267349822689e+00,4.268499484137614708e+00,5.973718084087051849e+00,7.283354894305633209e+00,8.440665368664467039e+00,9.428853486049145971e+00,1.071885347712182401e+01,4.027274577996582394e+00,4.341821773472123169e+00,4.493668159269780915e+00,4.197641806149052357e+00,4.467511057711710976e+00,4.509242680449551344e+00,4.773187677805260876e+00,4.282166120589065095e+00,5.259379919576678830e-01
8.400630000000000000e+05,3.033491182007875819e-01,8.210657754602315173e-01,1.502262233420533999e+00,2.053824693460919448e+00,3.059532104583611467e+00,3.795001145059578640e+00,4.458356864924839513e+00,5.538725740175991064e+00,6.535861969775284663e+00,7.264114094707611713e+00,1.039772934337118038e+01,1.132499172797341025e+01,8.615108625492885253e+00,7.784345628097193881e+00,6.653902893976779254e+00,2.866103360769177044e+00,2.442804646616841602e+00,2.561074171929523580e+00,2.209793418910728224e+00,1.854170953307749947e+00
8.400640000000000000e+05,4.956042733744503437e-03,9.626393910208963511e-02,2.694239086175393982e-01,6.028796492952559483e-01,1.455279595688281802e+00,2.123422861895763791e+00,3.445748977161689375e+00,5.579986792345549063e+00,6.438194358575062282e+00,7.909734739591742780e+00,9.935953784574232728e+00,7.942989604676369275e+00,7.955458007329787584e+00,7.673564964558829971e+00,4.430677706817646389e+00,4.373522197750574492e+00,4.543414003192783213e+00,3.410434844967741519e+00,1.588201637523090515e+00,1.435279909074476112e+00
8.400650000000000000e+05,2.609670116860862699e-02,1.356961000694703046e-01,2.687614938231456252e-01,5.273027716606266679e-01,6.789452335005380368e-01,9.174124525690847687e-01,1.685778482677741330e+00,2.123698633738752228e+00,4.179002487401431765e+00,4.718580716011731901e+00,9.632438710060529985e+00,8.461571935149665435e+00,8.359223050431904056e+00,6.462715949917702041e+00,6.666999620154583361e+00,6.827392877694210327e+00,7.111659874163759554e+00,7.211573694193553763e+00,7.333855972173523696e+00,5.752748749657659033e+00
8.400660000000000000e+05,2.119730756152016227e-01,5.700077595259847030e-01,1.075261413565590907e+00,1.473981946523442055e+00,2.087949516788862425e+00,2.744054326974260327e+00,3.850338384477169917e+00,5.666305287533492496e+00,8.295940278868437545e+00,9.299559516175676777e+00,1.078033402709469257e+01,1.094075720217977477e+01,1.088711227587702801e+01,1.118608506814921633e+01,1.026332211375659220e+01,3.449108539737006041e+00,3.070117145659351454e+00,3.042663297499078823e+00,1.256373401683456681e+00,1.043218041625444403e+00
8.400670000000000000e+05,2.129768116556248758e-01,4.283077378855888462e-01,9.694539410472906571e-01,1.398963927076147140e+00,2.141727187912151997e+00,3.371573282118602854e+00,5.429816637549182978e+00,6.418446814704979353e+00,8.079812224469758775e+00,9.113669278944797725e+00,1.061455629688908964e+01,1.156445014937774296e+01,1.173982553333834211e+01,1.216124641923609140e+01,1.235846090133113151e+01,1.257161358708354726e+01,1.288225972237785832e+01,1.334057588840321706e+01,8.993641643354184367e+00,2.210187036404782646e+00
8.400680000000000000e+05,7.759875485003708828e-02,2.591042957614066999e-01,9.473446412881653123e-01,1.468621079509375260e+00,2.028483973200306156e+00,2.927382578514059475e+00,3.433489122706667729e+00,4.441560203232719495e+00,5.506917384580408026e+00,6.370870150232448736e+00,1.004369374369335688e+01,1.006986980993593228e+01,1.035886854541958790e+01,9.668263731521202331e+00,7.215320272061143569e+00,6.445632565677906101e+00,5.796998582391085009e+00,2.475420494892968559e+00,1.759662917648963543e+00,1.304717484968125341e+00
8.400690000000000000e+05,5.768721245961683231e-02,2.727843781419478919e-01,6.312652645451086730e-01,8.440792434911985609e-01,1.159873417440493437e+00,1.724812404812627653e+00,2.085294258789260891e+00,3.969320981182266728e+00,6.203235502323649619e+00,7.461990934828469868e+00,1.091932082399794979e+01,1.169501179594093898e+01,1.146525190955581763e+01,1.076730668906619215e+01,1.137392351288778158e+01,7.848673533588401696e+00,7.261436401719038258e+00,6.234674799547344826e+00,6.562176862921213605e+00,6.496536215994810348e+00
8.400700000000000000e+05,1.596143991198399892e-01,3.327815871385606528e-01,7.756159883078251882e-01,1.313867700784430603e+00,1.995823673188379388e+00,3.217058257846794334e+00,4.026615049370527721e+00,4.771318146408115801e+00,6.105524655645842458e+00,7.577750209794201552e+00,1.046342242220471164e+01,7.470045534933330345e+00,8.032670698639901019e+00,6.005266332637059890e+00,4.070239387895718153e+00,4.074007570141345624e+00,4.142896432721875577e+00,2.491491616504857287e+00,2.005645957523999989e+00,9.047580604623495226e-01
8.400710000000000000e+05,2.923464958298449545e-02,3.288312331606975114e-01,5.052308173562575222e-01,1.451285450465202853e+00,2.098144578081457823e+00,3.800501537257063411e+00,4.485908135802798569e+00,5.503295594361035548e+00,6.657484215131468375e+00,8.463235725522228137e+00,9.921692464792325694e+00,1.050617643417308855e+01,8.913561723310829521e+00,8.278438324300367412e+00,7.750960784465304343e+00,6.616090682143372703e+00,6.817276204945881268e+00,6.816960198131948090e+00,7.129095807344669744e+00,2.035107413056873593e+00
8.400720000000000000e+05,2.828254748004244146e-01,7.084692071855711593e-01,1.180263263600104029e+00,1.691243078483687157e+00,2.273744321990279538e+00,3.021800442086012062e+00,5.529098589203567116e+00,6.430720260057712245e+00,7.460889202293043532e+00,8.425058573413336305e+00,1.092627618114491028e+01,6.211592118023695264e+00,4.462193804956849696e+00,2.939965169654994881e+00,2.798582152898667186e+00,2.810500143086869684e+00,2.415785879081786547e+00,9.454500028276029422e-01,5.764426126446794418e-01,2.603537202371453141e-01
8.400730000000000000e+05,1.910779830301418958e-01,4.111821451493302693e-01,1.230575652264289221e+00,1.778911314812475997e+00,2.265596472107702208e+00,3.469566241927468209e+00,4.920438318622107232e+00,6.015245930426652343e+00,6.931901208950610460e+00,9.167937824185964146e+00,1.089113237478510499e+01,1.187515176476630252e+01,1.068321374220153430e+01,1.135936760529841649e+01,1.136787587760743889e+01,1.031225942810067409e+01,1.058242506262911675e+01,1.066374611804702965e+01,5.362818911851022108e+00,9.815436520039377832e-01
8.400740000000000000e+05,6.933886342868333941e-02,2.210811085187764924e-01,7.027689197887322381e-01,9.766665634719640110e-01,1.749776562911937283e+00,2.538495860034016172e+00,3.390369641814065638e+00,4.902504142939332787e+00,6.288595967389304597e+00,7.227847650282529735e+00,9.689685549436424239e+00,8.919986823937080089e+00,9.307030185272731515e+00,9.939294877740099565e+00,9.494535238521278231e+00,9.132038999228182519e+00,6.173346518637515601e+00,6.260299119235551935e+00,2.396028895810940362e+00,1.857477686024753272e+00
8.400750000000000000e+05,1.433072499288648993e-01,3.565295344164949309e-01,8.494813904244081781e-01,1.785524422724066529e+00,2.289395631259783404e+00,3.557124353603992262e+00,4.767038366580284681e+00,5.836320885554243887e+00,6.899821530061064578e+00,8.965463645426488881e+00,1.069072635849847863e+01,8.709978556758219526e+00,8.918074035890523277e+00,8.185900148601842119e+00,8.532931536059948030e+00,6.828646171624431105e+00,5.953206931147669856e+00,5.516806787930412348e+00,4.998907248516244906e+00,4.202430930595088654e+00
8.400760000000000000e+05,9.636293301300724590e-02,2.347827242925923930e-01,3.706181904764542789e-01,8.429242816083606371e-01,2.696337603618935930e+00,3.765784098669756830e+00,4.908446154757178270e+00,6.717707060719049217e+00,7.608497633807653315e+00,9.330725220760900385e+00,1.090398160911382419e+01,1.041145085909242951e+01,8.316059400387050715e+00,6.849631697826422894e+00,3.788063845155564824e+00,3.349727575795288459e+00,1.465175717996401783e+00,1.479866158566127687e+00,9.527940852056787646e-01,7.790076469467122067e-01
8.400770000000000000e+05,3.196404674333288565e-01,8.612380128927721312e-01,1.369428454418356367e+00,2.273469966974315692e+00,2.955818093890953513e+00,3.567549954595366835e+00,4.664369949730245324e+00,6.323119790736211776e+00,8.020705269016620065e+00,9.473440671111500677e+00,1.052160447174121671e+01,1.130723872899236149e+01,1.138956380614590458e+01,7.076000446079034667e+00,6.277826678930501281e+00,3.835590534360367343e+00,2.660826238753972728e+00,2.319531375331390421e+00,1.919074988797206061e+00,1.835924404773139340e+00
8.400780000000000000e+05,4.171294771645042143e-01,1.031753947655481118e+00,1.613354419634016157e+00,2.164733886156708476e+00,3.233469632785135772e+00,4.103251863843037306e+00,6.251035793669982965e+00,7.158659532720596630e+00,8.417313055262782839e+00,9.644891257916167859e+00,1.070563880204728413e+01,1.106225693757395945e+01,7.419578351295066376e+00,7.693934970551458363e+00,7.935189332179841237e+00,8.280857880618537337e+00,8.295139267372940495e+00,8.675865801563560353e+00,5.060370260368087791e+00,8.882179551684665775e-01
8.400790000000000000e+05,2.382964604984749712e-02,9.007660482848689476e-02,9.180978163284745364e-01,2.055656364509434120e+00,2.652310645913888543e+00,3.322446105473043865e+00,5.052492067319738211e+00,6.188367596824556394e+00,8.199089983416797622e+00,9.193843682122810890e+00,1.042767349036090962e+01,1.125146137302898097e+01,1.114810161549357836e+01,1.065966926025772565e+01,9.600195341390630688e+00,5.486228818096085647e+00,5.547925445676122891e+00,5.465890012855947333e+00,3.667903102339323596e+00,9.318335148355516573e-01
8.400800000000000000e+05,2.077492191758190110e-02,1.501393644788926451e-01,3.158005168031481347e-01,6.437417305121977407e-01,1.030708711827654334e+00,2.695052680836065750e+00,3.378671039593279524e+00,5.160319730933015769e+00,6.924156054378051373e+00,7.962068983636388708e+00,1.089806224151867475e+01,1.137817843642729621e+01,8.421575958456198663e+00,8.534090209361151480e+00,8.283437415423362538e+00,7.904368721879110993e+00,6.973815862482781291e+00,6.831717925191244767e+00,6.580716613275080284e+00,6.683926766740433401e+00
8.400810000000000000e+05,3.120129192692344677e-02,2.952445794721805239e-01,1.133769049211235558e+00,1.928790223165581352e+00,3.756632135024235541e+00,5.093312630302247790e+00,6.285727898055767149e+00,7.270981959248074666e+00,8.378435478539351777e+00,9.447975072575703237e+00,1.049040257764421824e+01,1.111932456592227858e+01,1.103567125353833944e+01,1.159608870951942095e+01,1.059148107672501560e+01,1.128573792475628679e+01,1.169852784667876833e+01,1.054418970066650729e+01,1.042230992782369547e+01,9.163061125072442081e+00
8.400820000000000000e+05,6.381514185414771667e-02,1.751882884674389462e-01,3.297350952607062124e-01,1.065933708860644202e+00,1.347069482610796953e+00,4.915848987853891572e+00,5.806658813930598129e+00,6.762031536197199877e+00,8.131034234974260144e+00,9.498289547589820359e+00,1.080933710691881089e+01,1.130185906458678602e+01,1.126498271963139786e+01,9.600876183123245866e+00,9.135521698429890591e+00,7.522050550398288848e+00,7.961648520003535623e+00,6.290243671791560409e+00,5.680262728279624973e+00,5.445429362092735204e+00
8.400830000000000000e+05,1.827341472914119080e-01,4.089600242325084345e-01,6.819853246466276442e-01,1.099989896294248926e+00,2.711715120222193853e+00,3.722341247138947651e+00,4.576786267609970871e+00,5.363592907281737432e+00,8.058974976792113054e+00,9.905427307134138104e+00,1.096550171786327965e+01,9.921175164126939450e+00,9.257426880464688423e+00,8.880869070551511868e+00,7.565508072542494133e+00,7.944419028733495480e+00,6.579759281753130296e+00,4.978352960398368943e+00,2.826494533990213220e+00,1.196775869774255874e+00
8.400840000000000000e+05,5.026431909639753615e-01,1.021983483835090079e+00,1.744975611868821774e+00,2.779069286852327458e+00,3.533980067778913714e+00,4.379771468121181677e+00,5.286172918442482604e+00,6.122265554767114537e+00,7.547680550574636271e+00,9.313463655416784448e+00,1.074255782846627660e+01,1.141135469818661186e+01,8.307898272098205084e+00,6.999267436662576003e+00,5.322864561436983166e+00,5.359229440011461065e+00,4.472585026858801882e+00,4.171243822219057762e+00,4.399943172994830176e-01,3.035151556321902255e-01
8.400850000000000000e+05,2.144389465362354086e-01,4.600101736785215945e-01,8.623686165116168922e-01,1.553152348347055955e+00,2.850094574746470766e+00,3.439289511860296855e+00,4.288643546311541321e+00,5.605759152280805679e+00,7.121830539043075170e+00,8.686293048246886528e+00,1.082956154217397682e+01,1.169640568849844264e+01,1.193545931425589401e+01,1.270682352508850244e+01,1.280389480719232864e+01,1.340952666506788127e+01,1.298253866853615435e+01,8.775123142647430541e+00,3.541934625175322537e+00,2.503593400141599368e+00
8.400860000000000000e+05,2.863073657380921233e-01,6.165933880544560708e-01,9.819059539120804647e-01,1.530444373865009311e+00,1.971271014101250607e+00,3.079313458081144539e+00,4.941684878843981110e+00,6.098447946365767258e+00,7.970975673850052345e+00,9.628452630802629031e+00,1.085741470303835676e+01,1.171629340641588435e+01,1.191293034758376734e+01,9.668233382191402825e+00,9.782722578334212216e+00,9.310599080801418737e+00,4.474960713835351100e+00,4.387258978838387335e+00,1.435351318884957372e+00,1.281242720129429635e+00
8.400870000000000000e+05,2.442874811124517986e-02,1.135121760422885817e-01,2.475606386685168525e-01,8.198295345571571247e-01,1.297973990373282316e+00,1.891254018644816126e+00,2.681927604400656584e+00,4.265053036776913054e+00,6.664869754305920324e+00,7.898601134607706520e+00,1.055492906085345695e+01,8.103052887746191146e+00,8.512600011050711402e+00,8.932295100671375110e+00,8.786665375001273759e+00,8.774098238087455925e+00,8.314321148154427021e+00,8.566481225030550206e+00,8.559679104136408867e+00,8.094693699250136376e+00
8.400880000000000000e+05,2.303133412810620673e-02,2.716873638713226402e-01,5.709782669763060481e-01,1.043794665625789708e+00,1.366698290468669086e+00,1.895687414039012308e+00,2.588787962836532675e+00,5.215398107334815236e+00,6.139860458460687731e+00,8.125635786996896925e+00,1.062407702304974144e+01,8.049156204794691405e+00,7.178448085054015770e+00,6.751766763305357522e+00,6.940118100990187777e+00,6.927821507866962492e+00,5.155911094203943001e+00,5.322509891014707506e+00,4.904169334029054639e+00,5.094667346808074981e+00
8.400890000000000000e+05,3.154715072988367730e-02,9.259779403464230008e-02,8.098751252429652325e-01,1.802869480973719352e+00,2.727594681700316492e+00,3.635682241255049796e+00,4.708754720202249722e+00,5.384758824005219324e+00,6.070967721216939950e+00,7.990974651321715250e+00,1.051797182188956548e+01,1.046384995474599577e+01,1.123220329206854018e+01,1.025321233042815194e+01,1.034349331009002881e+01,3.080202305769775606e+00,3.237187208974684260e+00,3.232409738130728627e+00,1.894649941231522750e+00,1.825480596415103296e+00
8.400900000000000000e+05,3.161619806808724231e-02,1.035030454527885446e-01,2.499332429046254855e-01,3.832283370877416218e-01,1.181285687696889131e+00,2.649973791797898492e+00,3.276364157576844516e+00,5.631955420658493416e+00,6.593319877268852380e+00,7.636233156232767882e+00,8.755021215962619507e+00,7.780303746931531705e+00,7.752800174548177381e+00,8.155698607249123100e+00,7.261661043933889559e+00,4.872001341128484597e+00,4.736440044186899456e+00,3.695558853427264978e+00,3.685956249264343398e+00,2.405750696192923144e+00
8.400910000000000000e+05,1.514885868667059654e-02,1.152886774904908762e-01,7.439400520825991681e-01,1.295031015697487575e+00,1.965212685693825012e+00,2.438547801468591292e+00,3.271633005106734160e+00,3.995106776422059802e+00,4.917454408393033383e+00,8.961499082535812732e+00,1.094422963016257278e+01,9.521302247773746785e+00,9.635053344641761441e+00,1.027182827876818649e+01,9.716987960855597350e+00,9.766124204259918784e+00,1.016662400473654237e+01,4.266761704638019737e+00,4.092676912073820006e+00,2.052907675927522213e+00
8.400920000000000000e+05,1.287254711041163624e-02,1.693231610502681228e-01,3.197865444307935734e-01,5.845352709667497315e-01,7.717032564170922537e-01,1.083007030400523041e+00,1.458290410941373683e+00,3.346627346617521148e+00,4.574294330256091889e+00,7.310421867994516987e+00,1.064353253697590596e+01,1.154056325730864607e+01,1.119529518598986328e+01,1.041686411415083668e+01,9.788622552800806176e+00,9.042643546185619385e+00,9.488628159074183444e+00,9.128149377558873567e+00,8.299267286420063172e+00,4.468587689139122965e+00
8.400930000000000000e+05,5.237543041718317749e-02,1.786950749250728609e-01,3.025594568460099332e-01,4.244040796643986369e-01,6.639952643632013318e-01,1.529864280563069778e+00,2.193563140167499093e+00,2.735043339719269717e+00,3.749800923021626708e+00,8.391802825496251117e+00,1.056671298543001747e+01,1.151690693480207095e+01,1.180943494633977942e+01,1.165724386168652416e+01,1.153919355729277996e+01,1.225319664473896886e+01,1.294584080661232939e+01,1.286080317781769722e+01,1.062208667817121466e+01,1.088937045155791949e+01
8.400940000000000000e+05,2.732503004434225780e-01,7.693613252050590656e-01,1.154207591853342096e+00,2.171205539044918087e+00,2.727716012898539155e+00,3.441102870063802222e+00,4.220018781637065786e+00,5.142854184672019713e+00,7.662858596628225882e+00,8.631566566334639035e+00,1.064821333369438605e+01,1.124878219774575072e+01,1.152976532363348383e+01,8.307863784958115616e+00,7.169344357680387247e+00,5.329097613348618978e+00,3.083105266218585605e+00,1.457569207024691060e+00,3.057203769727462328e-01,2.399205796771441968e-01
8.400950000000000000e+05,1.911664428862847043e-02,4.016199611241266787e-02,8.977241218402343126e-02,1.045530615121977203e+00,1.370960424055996940e+00,1.989064965098225723e+00,3.626521372674272214e+00,5.850210222483815059e+00,7.387724666569972953e+00,8.923770492426733369e+00,1.074624796134294158e+01,5.407788261533282181e+00,5.515733342297841624e+00,5.636003230936362129e+00,5.872366425549410351e+00,6.032337388931679811e+00,5.751382649885349529e+00,5.752841637359393800e+00,5.994646786632609192e+00,5.739171999595200191e+00
8.400960000000000000e+05,1.091522792679784359e-01,2.259922010746333587e-01,6.745104498531924175e-01,9.018958082649435326e-01,1.308166811538280516e+00,1.812126572518388601e+00,2.441293011471641794e+00,3.107293829497772997e+00,6.181308163277651424e+00,7.411210784091193382e+00,1.051721655216245033e+01,1.127157790280036842e+01,1.151874687737052838e+01,1.109643655227385572e+01,5.866892436216829765e+00,4.734498166114594397e+00,3.178266678295889047e+00,1.820412367471254456e+00,1.134825220310390348e+00,8.586780863068987912e-01
8.400970000000000000e+05,6.315083903912477314e-02,3.278001634000229370e-01,5.934622128628186388e-01,1.779069255707479424e+00,2.547171384176414755e+00,3.432103426566456505e+00,4.399610263583546121e+00,6.231797260054802834e+00,8.028338549989502582e+00,9.217441091000909026e+00,1.048373060694518877e+01,1.129595967860213079e+01,1.043572371023545386e+01,9.529556077196586372e+00,8.048681306088775855e+00,7.690242112320968104e+00,6.685750014677895869e+00,4.439067563180046250e+00,3.336715332891113661e+00,1.072550206380471494e+00
8.400980000000000000e+05,2.142661492578501470e-01,5.962248470589628369e-01,1.049576495182894309e+00,1.506578973342121319e+00,2.530839248217861659e+00,4.360050423728035085e+00,5.160984320971892636e+00,5.999937951516741030e+00,7.394062201393555078e+00,9.230059865583248424e+00,1.091326561377514004e+01,1.016837563109061904e+01,9.655744532572120065e+00,9.220519545314100895e+00,9.225083690410459170e+00,9.432854129357195916e+00,8.044708493341898858e+00,1.371191805599795810e+00,4.784780816296193562e-01,4.588855529402047218e-01
8.400990000000000000e+05,2.907005228104962979e-01,6.582611334313859253e-01,1.127046943902867859e+00,1.521397108416729704e+00,2.378681900190748877e+00,3.033745691346346973e+00,3.701938768330069074e+00,4.524498824356377291e+00,5.356476804600891484e+00,9.077282854681108404e+00,1.079676387488370892e+01,7.550486202461044627e+00,7.204991157251167344e+00,6.787521641538118544e+00,3.297464450872218400e+00,2.838126215343091729e+00,2.732337791958018069e+00,2.567609774523644806e+00,1.996951557943721145e+00,1.913280430121975240e+00
