8.700000000000000000e+05,3.127874579350059525e-01,6.449908297479138852e-01,1.165494647048447963e+00,2.001003512773303239e+00,2.592741813966799480e+00,3.369019656679202335e+00,5.048121897215311904e+00,5.967421885307921059e+00,6.739344780171667715e+00,8.088154102229376363e+00,9.184925989604337815e+00,9.484746552530708641e+00,9.431628158011777785e+00,1.010165666503126403e+01,8.260124862539052870e+00,8.644155027577761885e+00,7.642790285539097894e+00,5.339090270738898525e+00,3.811497603960775749e+00,3.573074370142841349e+00
8.700010000000000000e+05,8.831639289004400428e-02,3.275826819717848615e-01,8.311104837089173802e-01,1.166746923970195748e+00,1.899018507215454843e+00,3.397006884973770013e+00,5.274842783621299880e+00,6.314038787665269048e+00,7.178117120245172345e+00,8.638487953195868485e+00,1.047117420070266647e+01,1.137046037424115497e+01,1.024630197703378087e+01,8.946387599665012402e+00,8.979366873700984186e+00,6.233816851250294278e+00,5.754765029129651488e+00,4.738776904052361516e+00,3.405216737357388723e+00,1.454883572663265845e+00
8.700020000000000000e+05,1.997348722796299381e-02,2.142140538274299733e-01,4.065541085997619319e-01,1.212477969620187945e+00,1.840726951518018684e+00,2.284997446206947114e+00,2.868741471489193007e+00,5.747480545264935792e+00,7.135190383239420342e+00,8.000951200887925552e+00,1.069937260257795941e+01,1.161819766490240013e+01,1.232728382215675111e+01,1.135570981961868142e+01,1.036107964079262622e+01,1.031577998610374891e+01,7.415609969373290866e+00,3.645438893035852779e+00,3.120944334280630006e+00,1.170914796252535695e+00
8.700030000000000000e+05,8.300458010387723462e-02,2.104297990920749317e-01,4.232527946189239554e-01,5.934113172498123312e-01,7.674727085155491624e-01,1.123901946160953180e+00,3.272519714707887495e+00,4.489933766619359723e+00,6.296525926712337906e+00,7.750916153313919921e+00,1.007727912873892784e+01,1.095789801619718062e+01,1.101754392551886141e+01,1.161116706526871845e+01,9.076023985460341947e+00,9.247797026689548616e+00,6.727182148076610524e+00,4.983463825946954806e+00,3.943645642494371106e+00,4.086086485087959019e+00
8.700040000000000000e+05,8.591013957659265898e-03,1.433717519437094357e-01,6.444254373784132905e-01,1.023702151073794919e+00,1.691672344083678947e+00,2.905863119152353846e+00,3.485459743363970908e+00,5.561716624254294139e+00,6.838227138633572011e+00,7.868684318722794835e+00,1.028439266199540114e+01,1.104191992913195719e+01,1.193276410559549738e+01,1.204110364767128516e+01,1.040055161705932996e+01,1.020742139510277013e+01,1.079574986230994860e+01,8.164876054871170297e+00,7.734349914236991808e+00,2.136154457562653430e+00
8.700050000000000000e+05,4.683311004924484156e-02,1.237724286184489486e-01,6.896808560627148976e-01,1.096440242097151518e+00,1.955552530119299970e+00,2.381074339594055456e+00,2.929783161508227707e+00,4.663019920031025833e+00,7.170667509749442559e+00,9.000715881758740267e+00,1.061874606420836997e+01,9.209670449078069865e+00,9.435931095152117365e+00,6.518720027106314596e+00,5.720316691126459574e+00,4.584844214735545265e+00,4.596027720154268970e+00,4.826700789854125873e+00,4.245444790608979169e+00,3.336523594617151200e+00
8.700060000000000000e+05,8.448375788630591021e-02,2.744187052430828722e-01,5.852037728211110235e-01,1.242384004845694889e+00,2.076594874786490408e+00,3.142549537372423707e+00,4.536060372903187421e+00,5.584524651149290975e+00,6.799564350459423423e+00,8.710095524123708799e+00,1.085143480490818924e+01,1.116330118487154976e+01,1.158936453068329442e+01,1.118814291861515997e+01,9.153593285419075798e+00,9.640600631146016397e+00,9.361810435719222667e+00,8.196575739053015397e+00,6.176542262453422083e+00,2.706504809513599064e+00
8.700070000000000000e+05,2.038762987868469878e-02,5.951869781173324547e-02,1.154668151464771642e-01,6.704096157761427754e-01,1.632278470473365051e+00,3.480888429260193373e+00,4.119561889160593182e+00,5.861313895886759440e+00,6.889390795376595378e+00,9.769388473215522950e+00,1.088315738554769752e+01,1.117364322515681962e+01,1.017279472301121146e+01,1.072824242020041474e+01,1.065110213914399750e+01,9.008492467955877103e+00,8.441168692684881236e+00,7.976806972067760348e+00,6.054067624529956504e+00,6.311949001881247412e+00
8.700080000000000000e+05,4.555428442991626969e-02,2.994953780064235627e-01,7.350026812349120808e-01,1.221977556826325806e+00,1.661138207232022435e+00,2.936066650875911677e+00,5.207033941419645373e+00,6.700760173493733873e+00,7.773621244559439702e+00,8.888867423304462889e+00,1.057883419553298943e+01,1.106599988439348081e+01,8.991182909665196732e+00,8.418381720393867340e+00,8.233168071717660297e+00,8.018253665761315929e+00,5.728120419543245134e+00,2.222722786434584208e+00,2.028282954493538348e+00,1.170925580314818859e+00
8.700090000000000000e+05,4.587474930894461789e-01,1.071620131357920336e+00,1.628406684591360287e+00,2.270655933317982100e+00,3.875495056792215731e+00,4.872475243082647900e+00,5.749871260780989424e+00,6.610924789611613228e+00,7.502967842735622561e+00,8.904337597148725081e+00,9.978151153647916161e+00,9.399908308755714259e+00,9.829969151771493330e+00,1.005277958770153646e+01,1.025716150853573616e+01,6.374940523165573580e+00,4.625153093226814782e+00,2.490102672541774087e+00,1.109884021227330653e+00,7.036158622623589487e-01
8.700100000000000000e+05,2.821658440799368339e-02,7.411785434890094670e-02,4.025593374569109706e-01,7.210706004452163143e-01,1.492383369687364070e+00,2.196393249437138984e+00,3.111711384903179667e+00,3.979259583300298608e+00,5.586256668518248425e+00,8.996865660586069069e+00,1.074421093522298776e+01,1.147038886803094826e+01,1.026415682163209198e+01,1.080922655336630811e+01,1.142562948365604569e+01,1.162408237471420769e+01,1.042582769403333032e+01,1.075661327226509556e+01,9.103994877645874340e+00,9.512198792332736019e+00
8.700110000000000000e+05,1.088740585685408213e-01,4.358041421208340704e-01,8.930692185074883271e-01,1.608339282313125729e+00,3.996771220493642307e+00,5.068030465749521873e+00,6.108897606632499588e+00,7.314700480769952051e+00,8.663878494868070490e+00,9.644164320459939432e+00,1.085578486445968593e+01,5.632416321235435674e+00,4.843339355222612497e+00,4.342069546502781208e+00,4.333195655353670794e+00,3.418842745103615854e+00,2.813652564170232573e+00,8.415176830695618726e-01,7.764218519826218134e-01,3.643974407907246693e-01
8.700120000000000000e+05,3.279750307616580152e-02,2.184132934938887161e-01,1.141233886713490797e+00,1.536957146516034989e+00,2.085002573289884253e+00,2.755067147984213261e+00,4.123095856364389356e+00,5.147224249193524948e+00,7.262849286374970070e+00,8.711775671134962096e+00,1.097511256901412757e+01,1.151704619725993517e+01,1.034402523360676796e+01,8.871146971365622136e+00,7.621174342152924552e+00,7.293306675138349959e+00,6.803959677702065001e+00,3.864044632964898085e+00,4.037489352856423963e+00,1.551810807404001569e+00
8.700130000000000000e+05,3.834185946632472364e-01,9.409033366429968570e-01,2.074495631204364976e+00,2.798697654473798924e+00,3.693459187103009356e+00,4.942091893654112944e+00,5.879528477475615134e+00,6.722797347607757601e+00,8.127861373923586541e+00,9.078830133301449834e+00,1.066846360321048515e+01,6.546627135976768486e+00,6.476530676841512957e+00,6.179775323494374639e+00,5.372547245591356990e+00,5.535658179039007365e+00,3.267643738106329021e+00,3.431189786008092213e+00,3.587560664436166391e+00,9.035972420455395948e-01
8.700140000000000000e+05,2.129463237372325457e-01,4.959263270213676300e-01,8.431009582855799600e-01,1.332227239301238875e+00,2.211620373355395852e+00,2.853586924758931609e+00,3.545079473303907491e+00,4.886062329130028914e+00,6.153194022164989896e+00,7.468398534991020910e+00,1.056979297668260287e+01,1.054309239995303926e+01,9.505046997184852131e+00,8.343191999447594043e+00,8.708361221358440929e+00,4.605966403474093696e+00,1.724057035775431679e+00,1.623283435926064611e+00,1.314693142216094124e+00,1.329917507039077851e+00
8.700150000000000000e+05,1.808857870788704858e-01,9.619042127007102483e-01,1.801668891276259066e+00,2.549318646662193100e+00,3.789537492955914022e+00,4.973210063235251610e+00,6.152718957789923948e+00,7.280487762895891279e+00,8.510080738562393776e+00,9.530071961812328851e+00,1.060622115537432819e+01,9.792310492480361006e+00,9.864493276425925217e+00,9.579060213308508764e+00,9.578769198225211667e+00,8.907712085594861051e+00,7.989403515092297070e+00,2.751931251544948331e+00,7.549205557248697129e-01,4.870856033124026929e-01
8.700160000000000000e+05,1.694445685448500161e-01,6.420711579970450611e-01,1.465282311606746379e+00,2.062658640834256207e+00,2.989014464208882060e+00,4.244666048151138682e+00,5.606033042311418413e+00,6.528206393244208705e+00,7.681023306148821561e+00,9.009490315471451183e+00,1.097513135591565003e+01,1.133287359447797016e+01,1.143333933661826940e+01,1.164313547677697613e+01,1.214035852930081205e+01,8.060442958665923641e+00,8.407127772814824596e+00,3.001815637135259784e+00,2.294867889009696960e+00,2.011906876270754818e+00
8.700170000000000000e+05,1.099052373615313494e-01,2.217476907506448214e-01,4.583001370613740688e-01,6.540920826539298183e-01,8.359528322308285020e-01,1.773065460529380299e+00,2.368972901182245128e+00,3.907529033492795456e+00,4.934310359725070150e+00,7.786369234810223361e+00,1.025300653156221919e+01,1.035464880435396218e+01,1.102479662462896925e+01,1.080685679911522001e+01,1.147238304725519598e+01,1.112356474178224452e+01,8.794101961480432550e+00,8.898350613835818379e+00,8.068263846380720139e+00,7.574137514770646895e+00
8.700180000000000000e+05,2.321587697389319027e-01,6.355353424991443401e-01,9.766780799351267861e-01,1.564087633734390526e+00,2.574880955814976780e+00,3.747142465206350970e+00,4.869766893556420229e+00,5.727243581880758327e+00,7.420337481810311608e+00,9.175496561623036840e+00,1.085043696842353533e+01,1.165175086964579876e+01,1.106041503432630613e+01,8.282616561965960855e+00,8.861144334614182938e+00,9.200591282546893623e+00,8.208836028390685158e+00,4.645457981731793140e+00,2.165801592034092948e+00,4.114348521862254415e-01
8.700190000000000000e+05,2.593071362245480405e-02,7.311992030211622584e-02,2.303865690538530187e-01,6.471330939289687834e-01,1.421513750089951511e+00,1.992483753128087232e+00,2.437046824116626986e+00,6.317996101791687025e+00,7.174354651376968484e+00,9.237965910862449448e+00,1.026690562420229824e+01,9.972426100480934252e+00,9.460978124908665521e+00,7.650039707388265775e+00,7.500226745706405573e+00,6.845805385448956670e+00,6.665468788357175711e+00,5.304338279171654236e+00,4.951801427948265832e+00,2.141875366716081697e+00
8.700200000000000000e+05,4.609282892727617487e-02,1.472324122045984840e-01,2.282911534086810024e-01,4.731487869884558606e-01,1.085452280110836387e+00,1.836584547094766151e+00,2.378234194464880158e+00,3.035147512049113594e+00,6.569474686133756514e+00,8.713248768070707584e+00,1.017741745071543136e+01,8.884133684163387557e+00,9.273282307769559196e+00,8.761545648792672836e+00,8.905942308995397738e+00,7.463714988546433560e+00,7.407391474285230260e+00,6.622212185523138395e+00,6.281096777513968554e+00,5.188534960985928812e+00
8.700210000000000000e+05,1.159363084673649125e-01,2.409432725897353578e-01,7.674960936817661894e-01,1.177744499387666455e+00,2.816305331586411054e+00,3.540776932766794616e+00,4.910296510868230158e+00,6.874090194779371110e+00,8.329901074166444985e+00,9.475686328193120289e+00,1.093838491663883516e+01,9.775860557633539116e+00,1.029083073438954443e+01,1.074925924991986825e+01,7.405815727481837918e+00,3.639681616584436341e+00,3.784879772659466290e+00,3.382965059325844237e+00,2.790381213604457677e+00,6.692673194254639135e-01
8.700220000000000000e+05,1.504401699834589934e-02,2.516706319684118842e-01,8.784958601924161004e-01,2.361008627082315403e+00,3.052764825177082031e+00,4.168561159199676069e+00,5.444147095407883441e+00,6.944835001954309028e+00,7.953549640905246854e+00,9.304852246881843314e+00,1.053428204140864644e+01,1.068134900771078399e+01,9.441266859063430772e+00,8.764543026508276213e+00,9.352655420155929988e+00,8.919142393542919933e+00,9.020179587901218099e+00,7.069491671843210590e+00,5.927243713514763535e+00,3.778538059915073077e+00
8.700230000000000000e+05,8.735122469296308090e-03,4.787602277798708172e-02,1.133734357127925696e-01,2.803401984087416920e-01,1.216801616702387179e+00,2.016712247203054087e+00,3.432595661940069931e+00,5.485358979466782969e+00,6.471772691127195110e+00,7.390699505129624036e+00,1.083595921412839047e+01,1.150685888126931289e+01,1.141613799238054661e+01,1.136013887017014490e+01,8.685061441646784175e+00,8.143473821140469582e+00,7.023504096293223142e+00,4.525104567540264355e+00,1.972259359079096885e+00,1.893371735438809100e+00
8.700240000000000000e+05,3.449616647724473850e-03,2.968571622816829070e-02,1.336591273840828098e-01,9.664747036273637626e-01,1.340058070476408680e+00,2.577148750073845029e+00,3.378859701779281188e+00,5.237180053679202807e+00,6.517776055886479902e+00,8.127370507132351207e+00,1.075938659953718002e+01,1.087194990045008680e+01,9.793924554659017900e+00,9.626152203258920181e+00,9.919463480605591243e+00,9.217300670667532003e+00,8.599689541131761317e+00,7.792374505067779289e+00,6.437226528620261234e+00,5.050077962996413206e+00
8.700250000000000000e+05,4.189577362567725727e-01,9.788709945812250623e-01,1.655313361635801339e+00,2.249689079045054996e+00,3.067756354724342494e+00,3.987344658577299583e+00,4.720706172919912014e+00,6.365129049867798372e+00,8.112170129406186092e+00,9.055514938304842332e+00,1.076906487779996624e+01,1.173413725955866482e+01,9.868506528656975973e+00,8.329758037931501491e+00,2.921760944786535141e+00,3.076466328494968039e+00,2.655828500923265167e+00,1.847972105979780677e+00,1.825104599734864941e+00,4.669220759688408329e-01
8.700260000000000000e+05,1.899878182269598703e-02,2.723783788209968026e-01,5.204665363069437278e-01,1.894821435397879394e+00,2.729827529392234720e+00,3.498595629344376512e+00,4.120584866272015034e+00,5.343050827299196115e+00,7.028523324513969328e+00,8.389690383472187207e+00,9.865465051783356643e+00,1.014551558807118781e+01,7.786377305069404287e+00,6.421581253159430958e+00,4.529649104900435930e+00,4.456883681283754228e+00,4.670103019195281924e+00,3.102865504586550305e+00,1.333180105220908684e+00,1.195247680864310880e+00
8.700270000000000000e+05,2.300056306580767762e-01,6.475016092089582731e-01,1.000324908769643528e+00,1.704276972378611976e+00,2.453201712971035509e+00,3.012016776839161025e+00,4.300714287826033377e+00,5.109862283233410629e+00,6.692002589191702988e+00,7.563134240838961020e+00,9.247666793477581137e+00,8.886253300624574081e+00,7.095535687683800496e+00,6.861170745892726686e+00,7.043093717181107216e+00,4.517274167639133253e+00,2.712925981256977703e+00,2.660738211038512269e+00,2.076802508219472543e+00,1.994953988779428755e+00
8.700280000000000000e+05,1.074981467478242081e-02,1.258506576707503211e-01,9.432184981417227609e-01,1.403235597393386325e+00,2.251085637781640614e+00,3.273650134907812870e+00,4.520364142782830719e+00,5.472982891744685219e+00,6.161615905455032127e+00,9.304888022915164925e+00,1.066130222843190012e+01,1.038293279037002748e+01,1.007327225662659842e+01,1.067492336512400186e+01,1.085754380725209067e+01,9.706317512098916467e+00,1.006818283709459472e+01,8.821361684179668927e+00,7.223826138397512864e+00,3.638030554215188062e+00
8.700290000000000000e+05,1.022794824555707249e-01,2.678960143423263496e-01,4.557650134314588097e-01,6.948991915758750970e-01,1.256470453512763097e+00,2.256043270889709795e+00,2.711590841797274720e+00,3.342883142937573382e+00,5.015172206444598046e+00,9.480448832155079941e+00,1.090978526066316689e+01,1.125745905403171498e+01,1.209637804856287957e+01,1.112323864051386302e+01,9.942186299003150651e+00,9.557122317694426883e+00,9.381253078939202794e+00,8.552753099649137880e+00,8.911601797861377960e+00,6.052331244450737557e+00
8.700300000000000000e+05,5.492613150828429269e-02,1.153116159825700038e-01,5.757190518330560502e-01,8.129255840318725390e-01,1.021254080016687382e+00,2.400428575074668558e+00,2.826392484462270982e+00,4.719249042584779730e+00,5.327175887192162840e+00,9.404274964285834315e+00,1.098619300118472530e+01,1.023645811493421220e+01,1.086775496344032810e+01,9.274479887899740760e+00,9.669237062237375113e+00,6.696005202560217029e+00,5.701101813459596990e+00,4.607853757705857589e+00,3.724295153060615426e+00,8.195361938983047878e-01
8.700310000000000000e+05,1.095693914007143110e-01,4.315060866197382161e-01,9.867969106134273360e-01,1.564815178491904657e+00,1.966832199879578358e+00,2.451593601381759857e+00,4.476994469755759098e+00,6.261578943923050922e+00,7.553510129573969500e+00,9.020849883323329266e+00,1.046859316728634326e+01,1.082466512483420829e+01,1.015131534906819155e+01,8.697656922165670323e+00,8.425545372555767187e+00,7.344104045866032493e+00,4.933963085976790452e+00,2.603690090888737707e+00,2.431413304865478686e+00,7.284857385036125343e-01
8.700320000000000000e+05,1.304306980836330565e-01,1.014760308626224017e+00,1.617210958393404230e+00,2.381988406844104400e+00,3.023608497032038933e+00,3.732132468919343360e+00,4.854084432367528734e+00,7.138088100718786855e+00,8.234257462418593576e+00,9.255560722035848897e+00,1.047850458734516010e+01,9.827512443572308243e+00,8.499675296076773634e+00,7.414179087413865332e+00,7.917415626647036575e+00,6.462421992812728888e+00,6.764710186768552624e+00,6.409946187691817343e+00,1.236373083833956388e+00,8.092280354516390162e-01
8.700330000000000000e+05,2.425740878211389839e-01,5.329526207707240282e-01,1.042566729244173818e+00,2.498016858392766437e+00,3.487120381478178821e+00,4.475416566177024436e+00,5.316735577336443086e+00,6.624276653848213847e+00,7.533451099033318776e+00,8.632743946081252062e+00,1.005763395197301513e+01,8.414155983951621565e+00,8.365994089285349489e+00,8.990686513437402994e+00,6.968847596358636487e+00,3.835549209420076266e+00,3.937993583137765707e+00,3.096802027209220487e+00,2.741245910431971744e+00,9.959188031486387871e-01
8.700340000000000000e+05,1.931896009709666018e-03,3.498946729562124602e-02,2.621455380703759941e-01,1.205852091626583356e+00,1.845631776705010552e+00,2.722993860521484955e+00,3.192056132076513730e+00,4.898777108892956811e+00,6.491237689745323003e+00,7.954187835198470502e+00,1.074420717116359469e+01,1.150499024945117021e+01,1.184592023214040069e+01,1.099367234872068266e+01,1.037576250632621999e+01,1.106192641676337374e+01,1.032069222142463261e+01,7.996140395698038361e+00,8.372283461977104935e+00,5.964415623163034752e+00
8.700350000000000000e+05,3.850547781012791937e-03,1.335489390455280034e-01,3.214812573968847120e-01,6.042335196134205333e-01,1.059876716237902361e+00,1.822837968788734830e+00,3.472847154655845703e+00,4.121649970761768422e+00,5.842373118233326501e+00,6.966968172637837853e+00,9.382290457993580191e+00,1.015112461358561191e+01,1.079724160051399728e+01,1.159483425487685260e+01,9.592182565805792649e+00,8.159136779073246970e+00,7.625408860582052029e+00,7.377561253854011625e+00,2.639560813047116650e+00,1.103834783447654733e+00
8.700360000000000000e+05,1.424105515743475658e-01,3.987874099774137981e-01,9.142267162177739603e-01,1.223186361407328171e+00,2.413835057969711428e+00,3.410851273965344266e+00,4.331509169732475684e+00,5.585955504168303776e+00,6.521517663032417644e+00,8.942794991487652112e+00,1.055756550636358959e+01,1.121736452074983603e+01,1.154284452967919172e+01,1.237333548396812333e+01,1.261560207091955199e+01,9.624915509385170154e+00,7.418163104440878008e+00,5.104368048090534238e+00,5.268036486121902229e+00,2.626962837747193191e-01
8.700370000000000000e+05,1.910680385297984785e-01,5.564350164222504613e-01,8.557764421983905523e-01,1.190755877267007268e+00,3.379970572700401910e+00,4.080753248351180140e+00,5.057291578732638904e+00,6.576610301860035257e+00,7.443003918546489572e+00,9.194213529652783379e+00,1.022902904255759893e+01,8.970900749480870573e+00,9.323325364528953330e+00,7.537334304360291171e+00,6.957667133531404424e+00,4.859323589756526118e+00,3.198277717374403473e+00,1.917220485878417646e+00,1.677492372075231941e+00,3.430076232362488931e-01
8.700380000000000000e+05,2.064116148517104454e-01,6.102177052716664107e-01,1.052118309285170472e+00,1.762426222328107972e+00,2.583767557485479927e+00,3.129819975467828641e+00,3.676886486596534276e+00,5.965616521124619709e+00,7.243433295586481968e+00,8.832196406769151409e+00,1.054150046130625995e+01,1.118715998203964723e+01,9.514507511264215012e+00,7.100574265801975038e+00,5.117630501981553337e+00,2.901329354336963817e+00,1.833687080782644863e+00,1.161393733983834720e+00,7.210848361049445598e-01,3.223517285679533551e-01
8.700390000000000000e+05,4.148960849817051599e-02,1.718064837914730081e-01,3.990021210750406278e-01,7.083874712225051162e-01,1.499976941807650288e+00,4.310250173773908067e+00,5.823715650442837344e+00,6.892791640190844227e+00,8.616368247283386239e+00,9.729505851566695895e+00,1.080702435323354216e+01,9.450015851581616388e+00,9.800543746013453017e+00,5.031327385764256199e+00,4.568346645819515217e+00,4.270543094552776253e+00,2.488731781137623056e+00,2.592911587609378010e+00,1.755515881266672906e+00,7.799192000078347675e-01
8.700400000000000000e+05,1.350160772685105037e-02,1.741190670184136202e-01,2.818531308472620456e-01,6.297838692978232622e-01,1.499921323500927883e+00,2.341626490031349483e+00,3.621957934544509872e+00,5.140943773145985496e+00,6.416535884215916141e+00,9.358079656309069350e+00,1.085134297672914805e+01,1.180307353645104484e+01,1.210568880798605917e+01,1.296109258743284087e+01,1.080111674918013875e+01,1.119269858759457570e+01,6.344284516628051485e+00,5.597737669579179176e+00,5.594415947583196491e+00,5.112109565253819099e+00
8.700410000000000000e+05,3.600642860200509165e-02,1.572996104823589647e-01,3.070580062870514881e-01,4.249429350049749310e-01,7.819600467417231471e-01,3.073858264783187799e+00,4.732402021088473631e+00,6.284122006601484678e+00,8.184479794662854246e+00,9.406739239859202684e+00,1.067192770985170647e+01,1.146777209748746884e+01,1.094154666522136132e+01,8.848247021045354543e+00,9.278778184174559129e+00,9.041578990462696197e+00,6.707435026201735262e+00,6.717996763194326704e+00,7.006748304045842701e+00,4.888111869947993071e+00
8.700420000000000000e+05,4.652308236489649529e-01,9.644777287617585237e-01,1.501205942314374431e+00,2.276258582224579552e+00,2.883688040412557108e+00,3.822512058729494733e+00,4.480563500097514584e+00,5.245942264162751556e+00,5.991714638279969307e+00,7.724493727783599439e+00,1.056329852007628212e+01,1.015291535181787808e+01,1.008489264027371668e+01,7.550274427384817244e+00,4.858953097315048097e+00,4.446693999175659329e+00,4.459216723868857812e+00,3.306643776838583904e+00,1.837521367954711105e+00,8.193710626633388117e-01
8.700430000000000000e+05,5.272985375271299624e-02,1.654285905710100035e-01,3.613212544214779998e-01,7.547397929867343258e-01,1.195945051135196557e+00,1.458870463330387723e+00,2.098203829506095186e+00,6.616254814076230950e+00,7.561081343073313477e+00,9.319569335538995247e+00,1.069985323798321986e+01,1.036037806371947489e+01,1.100913927463357034e+01,1.077665026880751675e+01,1.128421901847377384e+01,1.010246363552696458e+01,7.978580053116661297e+00,6.405371192873894337e+00,8.309528088458906225e-01,2.466353295730527861e-02
8.700440000000000000e+05,7.431493699366487071e-02,3.434625280792766855e-01,6.623152893992999557e-01,8.898959101492027735e-01,1.454479745789454714e+00,2.016243924933345699e+00,2.719041648226093510e+00,3.466411466857700852e+00,5.204678533901562432e+00,6.728086376552955272e+00,1.061549714898075081e+01,1.042262089629999444e+01,1.080609106918067042e+01,1.127985137906654600e+01,1.072770401509104765e+01,1.086609121092241637e+01,9.221567711317153027e+00,9.102023914354759881e+00,8.954271807357597979e+00,7.388724487982747391e+00
8.700450000000000000e+05,1.552277599440633482e-01,4.363405777118523066e-01,1.215728272289219092e+00,1.713778195560509587e+00,2.226508960130573200e+00,3.149881127906249745e+00,3.676423923328989041e+00,4.383592910573828050e+00,6.027953534279745007e+00,7.220847461571149317e+00,1.094673567455190089e+01,9.259106967022756152e+00,3.740550503782357428e+00,3.688844693594192314e+00,3.774842774432090486e+00,2.402174667443730982e+00,2.433607657664694557e+00,1.890946050788080424e+00,1.446195115683432286e+00,9.017175551138456591e-01
8.700460000000000000e+05,3.793264338556437965e-01,8.039354119019683775e-01,1.281079864461884821e+00,1.708270379167258213e+00,2.508383016397812693e+00,3.201470889043578794e+00,3.763323783893261165e+00,4.611494546421101681e+00,5.693972842043065086e+00,7.671353121047172152e+00,1.020330058417121144e+01,1.097808574772442292e+01,1.078578127971594824e+01,9.159135055168254880e+00,7.469025539130852209e+00,4.658649850589545949e+00,3.052652252678361045e+00,2.932719364311294541e+00,2.121916262937629583e+00,5.905685296099028037e-02
8.700470000000000000e+05,9.015837339935528494e-02,2.106693033778190838e-01,7.842759098021413466e-01,1.754075561667648220e+00,2.199098668167351445e+00,2.955199412127842429e+00,3.551813856587164864e+00,4.425493892399068763e+00,6.242221576761695978e+00,9.417518138951875173e+00,1.079034675416831313e+01,1.115595688209963399e+01,1.159235680745784691e+01,1.241774316003628797e+01,1.127650571926677792e+01,1.035002660742093283e+01,1.075734933892243639e+01,1.018723193789563020e+01,9.495850259369065682e+00,9.672174642513102327e+00
8.700480000000000000e+05,2.077698087558667028e-01,4.452841689703681549e-01,7.104785868741195776e-01,1.485299930364558652e+00,2.882391186385202531e+00,3.863713541176056587e+00,4.749775680167037883e+00,6.706196335229307692e+00,7.904005431342689292e+00,9.209900136518943015e+00,1.048153689062046467e+01,1.129765727784602269e+01,1.140893536258435503e+01,1.025759616211259129e+01,9.228651437687581449e+00,4.436570101531104982e+00,2.419014460914200804e+00,2.344284929348563473e+00,2.414903397764539328e+00,1.445796348652366170e+00
8.700490000000000000e+05,2.593096397691513344e-01,8.103878593806723707e-01,1.367101449972954352e+00,1.836131980415582898e+00,2.536129370398889638e+00,3.417941034982180160e+00,4.240146938007409716e+00,6.131739541830167006e+00,7.134741424343479466e+00,9.434518427531724427e+00,1.098898173293488867e+01,1.182483343330156700e+01,1.237616148290015161e+01,1.214428412450072159e+01,1.201269674923200625e+01,1.233262472505901286e+01,1.026123323545889043e+01,5.975414168176567564e+00,2.999132869282047587e+00,8.524775650810245686e-01
8.700500000000000000e+05,9.258110083981141436e-03,4.550056062187819439e-01,1.143655494565676722e+00,1.776568423055934876e+00,2.605527841611245510e+00,3.886439063446895048e+00,5.041570058729487158e+00,6.335735281163850985e+00,7.179454100500544556e+00,8.998550278731057617e+00,1.051350703472374626e+01,1.101215201012206180e+01,1.094414346724661868e+01,1.026249615325795972e+01,8.873690148293322366e+00,7.745034786851354269e+00,5.906095756496014815e+00,3.763812373171973924e+00,3.552745214293733245e+00,1.016741402834377972e+00
8.700510000000000000e+05,1.337391862281992472e-01,3.002908103045720534e-01,9.559471415333375965e-01,1.845973812401644487e+00,2.358224564820881497e+00,2.878690614619661581e+00,3.824187270659169524e+00,4.748470837224763486e+00,5.386335253732783102e+00,8.524118213468449667e+00,9.380555955164595616e+00,1.020627307325352007e+01,1.021734494247394665e+01,8.948359355572106821e+00,9.499462714809897790e+00,9.289754567523822004e+00,7.581119066701478282e+00,7.429849402770729583e+00,6.082679933618216239e+00,3.304563370899478159e+00
8.700520000000000000e+05,1.029764166687185956e-02,1.839640343499351349e-01,4.126679237653967380e-01,1.075290193393119598e+00,1.382366559805960904e+00,2.092038479938411299e+00,4.028547112089941429e+00,6.432705049385396556e+00,7.300593270205977703e+00,9.080671700483197384e+00,1.033769062370331682e+01,8.662837180154255634e+00,9.205708081896723627e+00,9.009750566471327105e+00,9.331848572726576307e+00,9.204563778468493496e+00,8.772940210177454290e+00,8.991492712434006052e+00,9.355812339586814019e+00,8.585045085829449363e+00
8.700530000000000000e+05,6.993476835620882071e-02,4.244626053579330094e-01,8.420108852936186716e-01,1.209791506100278635e+00,1.530474074076977775e+00,1.858372623080812858e+00,2.423702688939990857e+00,6.550839583094827390e+00,8.214802849889830227e+00,9.835060748253757978e+00,1.083303189063040328e+01,9.080035640739733793e+00,9.173333135554429418e+00,9.297634727347638517e+00,9.542677681352127905e+00,9.619374656931249490e+00,9.313629847798761574e+00,9.548061196566228759e+00,7.178254608051446439e+00,4.527691471042363247e+00
8.700540000000000000e+05,6.771539378281477006e-02,1.427153092748889573e-01,3.523059509215260565e-01,4.792630314478683040e-01,1.138799575332849923e+00,1.417919262427823845e+00,2.087083520970732131e+00,2.479444309562063076e+00,3.203461123395442200e+00,4.537684751532699678e+00,8.676408563086448922e+00,8.865643453025850107e+00,9.106070815495275639e+00,9.492730133252845093e+00,8.994218288241651038e+00,7.713730345040840319e+00,8.023664459609205934e+00,6.954971019658676923e+00,3.892179749321209137e+00,3.087040831306842037e+00
8.700550000000000000e+05,2.179303684093158999e-02,8.131326076654921131e-02,3.460297345995581031e-01,2.698194707306907691e+00,3.699119646197701172e+00,4.567069177630977528e+00,5.551115894363535475e+00,7.116941962937620936e+00,8.325976830400565021e+00,9.538559998192454259e+00,1.096308699441099144e+01,1.010311821169181812e+01,1.046997097195198556e+01,9.160081144327575586e+00,6.588590893058958287e+00,5.452692199367925596e+00,4.954539392552621990e+00,4.198061403930088531e+00,2.037493571175154283e+00,1.139460383391543985e-01
8.700560000000000000e+05,4.544571337422644852e-01,1.144177165813694108e+00,1.749411810925221022e+00,2.492965414917066358e+00,3.368940917003559576e+00,4.160030362917201074e+00,4.989756727901752065e+00,5.774258582709678400e+00,6.567526989359225631e+00,7.568984524032609684e+00,1.049429845672303507e+01,1.126668465467870028e+01,7.460892548281540471e+00,5.726488613469263633e+00,4.829772813890044425e+00,2.523067230795446036e+00,2.677956462627976375e+00,2.239852719033797790e+00,6.995533271049015900e-01,4.175210262839557096e-01
8.700570000000000000e+05,4.588189853019297715e-02,1.396162099766400377e-01,4.300245770129480505e-01,7.963327954573724554e-01,1.516306240717178344e+00,2.914184383498266584e+00,3.823331134904895290e+00,5.002609324386582124e+00,6.093909926877912220e+00,8.539317933428545615e+00,1.075180703693276563e+01,1.130939657412366728e+01,1.197551172810270792e+01,1.063046441510379658e+01,1.109793064454093248e+01,1.000808800316421099e+01,1.013402056252289540e+01,8.185306796796904649e+00,5.406364310243068516e+00,4.760241661887523179e+00
8.700580000000000000e+05,4.940804500107243147e-02,1.290827801608462888e-01,4.988427587982657840e-01,1.211467053227380575e+00,1.519494185636927508e+00,1.929384322288263176e+00,2.516621516044547313e+00,4.388801826542295892e+00,7.911113834645804310e+00,9.470570702657724382e+00,1.070079705504526224e+01,9.252333735149477434e+00,9.510370448990348891e+00,9.278689540071939135e+00,9.818746084807202124e+00,9.887082172826517024e+00,8.380503306359834426e+00,8.490443840650909735e+00,5.521313603712553864e+00,4.437591355077341149e+00
8.700590000000000000e+05,1.692782145871289945e-01,4.120504814016929807e-01,1.407820827515017026e+00,2.029359891688615303e+00,2.610914909935484030e+00,3.975901200378491929e+00,5.223889316481662881e+00,6.642458954156015949e+00,7.503441695151733981e+00,8.912736311559827485e+00,1.074637036875359186e+01,1.162208907807186975e+01,9.486185563959692146e+00,9.240047314278719170e+00,8.470950739699178555e+00,2.169913837259690226e+00,1.830997568142695098e+00,1.707893999133356155e+00,9.073717551333997378e-01,6.405194256973589795e-01
8.700600000000000000e+05,1.144878057973978125e-01,2.617904654414739962e-01,7.131444934860332596e-01,2.388819010319989111e+00,3.592379802324536797e+00,4.499916349622983702e+00,5.564182011828961549e+00,6.429597904158005583e+00,8.193566193055774605e+00,9.611466586638606202e+00,1.094064398337739163e+01,1.024821977082052094e+01,8.777108487250551150e+00,7.971411026151105972e+00,8.388614636703232819e+00,5.070438728396394978e+00,4.854228663013441469e+00,4.996432452585882977e+00,3.229055532967596953e+00,2.753606761120799273e+00
8.700610000000000000e+05,1.020520242833891089e-01,2.517685206553190724e-01,5.134415070110059931e-01,9.343230012810739282e-01,2.413850642942075186e+00,2.940590808808657197e+00,3.981507681440519697e+00,5.851027614171038671e+00,6.596557470003086010e+00,8.468013100271171822e+00,9.454723602268934712e+00,9.933583958017326410e+00,1.061912032877075163e+01,8.844848647157739663e+00,5.970415107542736521e+00,6.139873882080383538e+00,6.307177335722159661e+00,4.722533377356591622e+00,4.924927660763894544e+00,2.722885470131128915e+00
8.700620000000000000e+05,2.575954534031138499e-01,6.497762977894949721e-01,1.175293229714522436e+00,1.685310833258916841e+00,2.155524246297917834e+00,3.354973582540468513e+00,4.096316604260429983e+00,5.299314303587213892e+00,6.450848994600572262e+00,8.031315185893022957e+00,1.048404137419602833e+01,9.726980074111720498e+00,9.548858733474084204e+00,1.026174882429286406e+01,4.788835339343883390e+00,5.043258353818588446e+00,3.260624010079984370e+00,2.195193264510600706e+00,1.704221289381552040e+00,1.177745063684512150e+00
8.700630000000000000e+05,1.084997808785681528e-04,3.450805323092545063e-01,6.022638324817496391e-01,9.675511070393980617e-01,1.294129780938579444e+00,2.134335240484515062e+00,2.847965510406430312e+00,3.779279923150929754e+00,4.384467071702179197e+00,9.103132722705055357e+00,1.059641724349882352e+01,1.100631755924027466e+01,1.114077225393912762e+01,1.132681864678538908e+01,1.186818419375125089e+01,1.055034029345005742e+01,1.059243314058865515e+01,1.041965574557461771e+01,9.683116869481244393e+00,9.117550524299002035e+00
8.700640000000000000e+05,4.343458004951293860e-01,1.021543668183944265e+00,1.588728612884354074e+00,2.144919258429781816e+00,2.776453661308819765e+00,4.078014044367744617e+00,4.885899435782466327e+00,6.154644461255733390e+00,7.049151046321430414e+00,7.951732272230290555e+00,8.991473872551352997e+00,9.683824997645073651e+00,9.091302686527624743e+00,8.223855968667791672e+00,6.394615766203628482e+00,5.683748988111194222e+00,4.109081538977198633e+00,3.230645395856459157e+00,2.399586628170558900e+00,7.991511613204038689e-01
8.700650000000000000e+05,2.036457532467705889e-02,8.139584306616631793e-02,2.551533789021772636e-01,4.156855025182921715e-01,6.878397079030201811e-01,1.735066493881195937e+00,4.053029848030472948e+00,5.001878142214088996e+00,6.200290858403742611e+00,8.751092301331212298e+00,9.740017990565881689e+00,8.180472863181385890e+00,7.095725924447078725e+00,6.884546520239075207e+00,5.916589323026789415e+00,5.946769222467130689e+00,6.308086683149471519e+00,6.167845323206071484e+00,5.806598668784933359e+00,5.127560621089153337e+00
8.700660000000000000e+05,9.405459389794434966e-02,1.969008702622065954e-01,6.714269687035869794e-01,1.266044884863955833e+00,1.607953585543848707e+00,2.624299010259879772e+00,3.375586879435635623e+00,4.119510647274354120e+00,6.567325193722175491e+00,8.509243623653334865e+00,1.094184579331562013e+01,7.066465382800267037e+00,4.954680836971749436e+00,4.870216734939500469e+00,5.171035313381097787e+00,5.366373230613799450e+00,2.357369840697992824e+00,1.947035245626682620e+00,1.136449734069924444e+00,1.076062733877496402e+00
8.700670000000000000e+05,3.507429947554963068e-02,9.136116133961280639e-02,1.680935238592178305e-01,9.443940120383635950e-01,1.878487018547040366e+00,2.467432527505355466e+00,3.784394854422920673e+00,5.560320655804273926e+00,8.604282676996575674e+00,9.823876842697353950e+00,1.091837065707922605e+01,1.167413516800601592e+01,1.219520426763004117e+01,1.306203704777688479e+01,1.361491148822329222e+01,1.141402921787823210e+01,1.145829159284536125e+01,9.810392573011494477e+00,8.714362300216315305e+00,7.745112050845781582e+00
8.700680000000000000e+05,2.325779259492837259e-01,5.221175797021930798e-01,9.277559039057796664e-01,2.468521221650052944e+00,3.174290614061402671e+00,4.584649326010900694e+00,5.386277287943034509e+00,6.803209965869714715e+00,8.488674446450902522e+00,9.899467065625856321e+00,1.092053990447267608e+01,1.156363671693975448e+01,1.108051375427669782e+01,8.661959395246459081e+00,9.099774861729416742e+00,5.781921480189692986e+00,3.938242268443329586e+00,4.030398598831389734e+00,2.947955092961078272e+00,2.397841567496314941e+00
8.700690000000000000e+05,3.213986273183577769e-02,1.401754634250775844e-01,3.576975289865863550e-01,6.521919542942642423e-01,9.628100041642129181e-01,3.110806618678828350e+00,3.778146641756520818e+00,4.936797982901143023e+00,6.572125227400827718e+00,8.531654661574407328e+00,1.046677837682552692e+01,1.045361114408574466e+01,1.108510916007680969e+01,1.192677776015847613e+01,1.105160962239338929e+01,9.312226154663466815e+00,9.315998592251606425e+00,8.959198751796844107e+00,7.078638649578149256e+00,6.297730852502483323e+00
8.700700000000000000e+05,3.344898131555118503e-02,1.152967409357592565e-01,3.534626605400017496e-01,5.057676886498514435e-01,8.417846394771272278e-01,1.279542988542599291e+00,1.788550172099923952e+00,2.429923278543013154e+00,3.626315222842038555e+00,7.539690161671666502e+00,1.092051885488443830e+01,1.074737282838957064e+01,1.097594809016307948e+01,1.096440395281544333e+01,1.036864029959645173e+01,1.049405009455847626e+01,9.821542552489685107e+00,8.305317273478877382e+00,8.379785989425171167e+00,8.498165542268665718e+00
8.700710000000000000e+05,2.437976639914574140e-02,3.614102751072163500e-01,6.907109922614299569e-01,2.902752678877365877e+00,3.734126368635324322e+00,4.756587810994241217e+00,6.142949996774917487e+00,7.193353597553587164e+00,8.222597264444212684e+00,9.449193007780372966e+00,1.057645806561119883e+01,1.143136357271268366e+01,9.714404011567619790e+00,1.016508742214745986e+01,8.067498754114952320e+00,6.797598334865680769e+00,3.595957176325026872e+00,1.488834774883995626e+00,1.326065467631019068e+00,1.136363627279055599e+00
8.700720000000000000e+05,3.353973250293740271e-02,1.583368242349667554e-01,6.151314290597073020e-01,1.051686651487865998e+00,2.930604159342022452e+00,3.523207339755153100e+00,4.545998631788338962e+00,5.855458994227739744e+00,7.434049100781375152e+00,9.743920186794971627e+00,1.086066906436419899e+01,1.129738532276775409e+01,1.166331423195513928e+01,1.172789431862134180e+01,1.231200848579515750e+01,1.286488577688235502e+01,1.330880703227208173e+01,1.231644280391719981e+01,8.630828532635023365e+00,7.004260736265946363e+00
8.700730000000000000e+05,1.840518176347327728e-02,6.097501409950050189e-01,1.080655232587377501e+00,1.963839873717994511e+00,2.832332286081821415e+00,3.571290924406643974e+00,5.235257738882896028e+00,6.079842670698091034e+00,8.084809095693834990e+00,9.660799103915069352e+00,1.091561692583374210e+01,1.060505936369975188e+01,1.030710678069310404e+01,1.028118724460408373e+01,1.025244945920400674e+01,1.019280078065313511e+01,9.664019675831770684e+00,8.587478183140452970e+00,6.452451176082742101e+00,1.992242957883774146e+00
8.700740000000000000e+05,1.236397968910294409e-01,3.424613992662159934e-01,7.344052851978394303e-01,1.265977802363091431e+00,1.637006414468500815e+00,2.686329741203246968e+00,3.763863960571590006e+00,4.538063747259278635e+00,5.962133184798225294e+00,8.386216196095958253e+00,1.059798369893664116e+01,1.155840526200665330e+01,1.145146482493657203e+01,1.223823446634284728e+01,1.203782691915509417e+01,9.790929566752563318e+00,7.929399197990781190e+00,4.391786077765077678e+00,2.652678611154402510e+00,3.590215804408547484e-01
8.700750000000000000e+05,2.251909475608970812e-02,1.299507505614767577e-01,3.321483806540983519e-01,4.647020206494323347e-01,6.779885139360564139e-01,9.177708866234060014e-01,1.096174577488810309e+00,4.993613113664862269e+00,6.120825252255068349e+00,7.814583176831058964e+00,1.040554280194250047e+01,1.021531111666260827e+01,7.428642201574009896e+00,6.010797713980339907e+00,6.358620826229238077e+00,6.507206020984426686e+00,4.935131201890095909e+00,4.830758653423110616e+00,3.944642293961844626e+00,3.981743388459675348e+00
8.700760000000000000e+05,1.173106376686838814e-01,3.720479210142346727e-01,6.357003264056251268e-01,1.141632502419745787e+00,1.457069715714436775e+00,2.762205027197215834e+00,3.808248663946067758e+00,4.467918105839007836e+00,7.175643248520523265e+00,8.393425290111803605e+00,1.010826349393722090e+01,9.401051928407806457e+00,8.748075496939414109e+00,8.234412838734224138e+00,8.251161823620185132e+00,8.344003670628231006e+00,1.961447842672713326e+00,1.502012510076436547e+00,1.356341075966476684e+00,4.256057832460458101e-01
8.700770000000000000e+05,2.110853501494377449e-01,4.710258010227534875e-01,1.135114179925089006e+00,1.545525525251220333e+00,2.075351240781019957e+00,2.537832472420134433e+00,3.888393598121181682e+00,5.623668624474334798e+00,6.431960139703512880e+00,8.311863881557812306e+00,1.046296868631786836e+01,1.060062579775854985e+01,7.038288066161575429e+00,7.189524416639340387e+00,5.957272085217671709e+00,5.976433437588655195e+00,6.207322971163481640e+00,2.527190253325575675e+00,5.978153128578310715e-01,2.102481306829928620e-01
8.700780000000000000e+05,4.598299441733244564e-02,9.496518596188563421e-02,2.548364610568643052e-01,9.046553950257205656e-01,1.150100524983440620e+00,1.545582511020726857e+00,1.928817770797341957e+00,4.733551100496995012e+00,8.391902523464167984e+00,9.608684440025708540e+00,1.091948761720665928e+01,1.166295728954422017e+01,8.880965328965917394e+00,9.326726571722399939e+00,9.082365623603614324e+00,8.727905688013839480e+00,5.781439762938019200e+00,4.353139340084142717e+00,4.181444425355321570e+00,3.401168738130528890e+00
8.700790000000000000e+05,2.297607460226117615e-01,5.923407241760978437e-01,1.004512521164647065e+00,1.692897338328374524e+00,2.603857594312700030e+00,3.345609176906032989e+00,3.973749524777096198e+00,4.760489322606913376e+00,5.694818373834218406e+00,8.366557664777539927e+00,1.070507666390660262e+01,9.089609002315071962e+00,9.636570140741554269e+00,1.017334717842638803e+01,1.055299991509653168e+01,3.650530412532297930e+00,1.981281938895563144e+00,1.731133464105292674e+00,9.475943721127015884e-01,4.304021193521889721e-01
8.700800000000000000e+05,2.786011710044797862e-01,5.737208638548132456e-01,9.541956429760488634e-01,1.321329654235668283e+00,2.459246181531960396e+00,3.289542795184996038e+00,5.582158752370461663e+00,6.525305372351730249e+00,7.396303495110486459e+00,9.010150021302505863e+00,1.050128868235292146e+01,1.023822643860949810e+01,1.093674553458043697e+01,1.171075429313774663e+01,1.197681149992430250e+01,1.260984769990931831e+01,1.306370631945428684e+01,1.136277666694610211e+01,8.797923219420399121e+00,8.499956652332119944e+00
8.700810000000000000e+05,1.368423398167425420e-01,6.404535248381413304e-01,1.425453330178996225e+00,1.963082656841835139e+00,2.778391502365881394e+00,3.950623919072388190e+00,5.013234442480086095e+00,6.402938818942593535e+00,8.276671559673449252e+00,9.214434557349921562e+00,1.077404984142950717e+01,8.760606699542691445e+00,9.130419147541541491e+00,5.953427521693640756e+00,5.472876176379396718e+00,5.512368891023664119e+00,4.848023219194944389e+00,3.308751022807428388e+00,3.115196367206664263e+00,2.225172526247807259e+00
8.700820000000000000e+05,3.495006728764560311e-02,2.548375054371461168e-01,1.053135918950573124e+00,1.439363336352287082e+00,1.909337545374103495e+00,3.438087125292627277e+00,5.256852661376496094e+00,7.179204581189738477e+00,8.230442340369032550e+00,9.436312135420024561e+00,1.094304637760807530e+01,1.144708970530935233e+01,1.230871107210822224e+01,1.257803867505313455e+01,1.253088648721468523e+01,1.229030693676619457e+01,9.472646999894758224e+00,9.320207883103019952e+00,3.809561027654355669e+00,1.014534914552234213e+00
8.700830000000000000e+05,5.753264627043597201e-02,3.976442506658084408e-01,6.720928679916793325e-01,1.038294201503286107e+00,1.801337579786429499e+00,2.777844105422574650e+00,4.267818322144693255e+00,4.880683238062400342e+00,5.896866244550061253e+00,7.085819740873974482e+00,1.012505312901296506e+01,1.102157610145235545e+01,1.100495837535700794e+01,1.171919436217334720e+01,1.205737742126797762e+01,1.251040860765892582e+01,1.105875166841960500e+01,1.084526020091911924e+01,1.057440365635080681e+01,9.713512453035974659e+00
8.700840000000000000e+05,4.482691724186949056e-02,1.159688780233436578e-01,2.378506955027664960e-01,3.337458340824315250e-01,7.120490965830444940e-01,8.764024497874189912e-01,3.408945826617250763e+00,5.306431336496872042e+00,6.812917554230374151e+00,7.719573322856051689e+00,1.068422922054165980e+01,1.164305031581536731e+01,1.244004467290915450e+01,1.112136898501294269e+01,1.008442041267308653e+01,9.365115843030515919e+00,7.089781401619951851e+00,6.024479778803351948e+00,5.655900157802379091e+00,2.930793011715426832e+00
8.700850000000000000e+05,8.697372486638932365e-03,1.472479921961076244e-01,2.654802552859166775e-01,4.025388426463019087e-01,9.637323518291857072e-01,3.085152262385602029e+00,4.403193250826690885e+00,6.324449695658270976e+00,7.374077620210986339e+00,8.985738575807323159e+00,1.098930188990255807e+01,1.158638714180729679e+01,1.061239037567074384e+01,1.000928964509010477e+01,1.005301383714866148e+01,1.047990215541295811e+01,8.229006983060813241e+00,6.426196368074430509e+00,6.346786283478989432e+00,4.805099627017273001e-01
8.700860000000000000e+05,1.932190971687186565e-02,1.262383910315469926e-01,3.935620543585069964e-01,7.931189876033966080e-01,1.158253727897742280e+00,1.627584102998608007e+00,2.683029524980131697e+00,3.154454376681010253e+00,6.450941604905683135e+00,7.743614801577272111e+00,1.046884830540963662e+01,1.133001436198882317e+01,1.043532071163111574e+01,9.770663316220465688e+00,7.999913115529102114e+00,7.783343742412967003e+00,8.087072181377092051e+00,7.680590179195407430e+00,7.880041873252103812e+00,7.862340375179934782e+00
8.700870000000000000e+05,5.129055154268313821e-02,2.884083109236725839e-01,8.235218530857785213e-01,1.257337369921445180e+00,1.676875770596775617e+00,3.009429300384955042e+00,4.044632885713414616e+00,4.926851422299364458e+00,6.715061525737056947e+00,7.956018464735508999e+00,1.091754550807668878e+01,1.165176176107226347e+01,1.250549778586501048e+01,1.342630594146045198e+01,1.394707604133835765e+01,1.465047735306010068e+01,1.549904077939475044e+01,1.555928839177845546e+01,1.329251480652583872e+01,1.347465357460203172e+01
8.700880000000000000e+05,5.666230794001347881e-02,1.681196967471703108e-01,3.592373386031457727e-01,8.855309708312275596e-01,1.627735014130340385e+00,2.419880334559914026e+00,3.571913563262415270e+00,5.504149712869045530e+00,6.643488687675878523e+00,7.955729745454327428e+00,8.819665006672721574e+00,9.390498535966816718e+00,7.674231672846046237e+00,7.279232979215461086e+00,7.567229544632587235e+00,7.531329585683669947e+00,7.415346842547243078e+00,4.922464395848459517e+00,5.014478623136105817e+00,3.945048997140769842e+00
8.700890000000000000e+05,2.538605032767751180e-01,6.333016490945828636e-01,1.017296079706327516e+00,1.922820931911854991e+00,2.646506178500819040e+00,3.220994232718397576e+00,3.958614256296919098e+00,5.739490145687998535e+00,6.916828132683247254e+00,8.150101434394652955e+00,1.036888961936148235e+01,1.124259243100535421e+01,1.017515955412143036e+01,9.797126147813468577e+00,9.509142040616641367e+00,8.659055447070011624e+00,7.072218952079087018e+00,3.115402886757468792e+00,1.752590844294559247e+00,5.462036641603251752e-01
8.700900000000000000e+05,5.975497887775504946e-02,4.358911462808054971e-01,7.043030742274859479e-01,1.086999857510325018e+00,2.125736935303698338e+00,2.576891760895175132e+00,4.431061328913850517e+00,6.777494423278997537e+00,7.774446000200235574e+00,9.082108152378065569e+00,1.082254338862322918e+01,1.024592308217638426e+01,8.554406154103347149e+00,6.949267428567539540e+00,6.242894236365453153e+00,5.097584157882499412e+00,4.771113579010259897e+00,3.664645392610960783e+00,2.877102141622122744e+00,9.691577801081696641e-01
8.700910000000000000e+05,1.541911960656421332e-01,3.523286256654278858e-01,1.271669287319968644e+00,1.810855513718592213e+00,3.199305891240157074e+00,4.226908718683057842e+00,4.988654907260739790e+00,5.766819307244524850e+00,6.506626043183028507e+00,7.960842193383829368e+00,1.006828787760393595e+01,8.809888177333466075e+00,8.255749655933001918e+00,8.161542508484519232e+00,8.299149539091658312e+00,8.587732559461873194e+00,6.219293420253489302e+00,2.281187239676027101e+00,1.568778910283289640e+00,6.892020992378800059e-01
8.700920000000000000e+05,2.031206325538904567e-01,4.712290468249749065e-01,9.002273798547681949e-01,1.565612502410445028e+00,2.226100043396158412e+00,2.994985859015864449e+00,3.494682268669452085e+00,4.444312030599008700e+00,6.384447830094501342e+00,7.121903790025621461e+00,1.027698064533574396e+01,1.017225612256479650e+01,7.204825658717070702e+00,3.136134991672475447e+00,2.393916471865102480e+00,2.433450695910194028e+00,1.718936653569234529e+00,1.629097450150025939e+00,1.284939973072992458e+00,3.235567628050572964e-01
8.700930000000000000e+05,4.174764755066839861e-03,2.243230140672691775e-02,1.059751303296558866e-01,1.760612156122576266e-01,5.127728549313576023e-01,7.867988017468878770e-01,9.808665935352495202e-01,1.700670444991061458e+00,5.418173464313418286e+00,7.808226865804346772e+00,9.410391300746912435e+00,8.706278641108026406e+00,7.953918939491115836e+00,8.335937597613023442e+00,8.774199241875153987e+00,8.212343703510232018e+00,7.536729406485100036e+00,7.144812097516958893e+00,5.913874212224499161e+00,1.885242506371604954e+00
8.700940000000000000e+05,1.922036459302109979e-01,4.075171792163039264e-01,1.309535057826424431e+00,2.158182989336596691e+00,3.040074211010996397e+00,3.869532031357788782e+00,4.872608914741609176e+00,5.799661546506605703e+00,7.099654557701479796e+00,8.459047258241282563e+00,9.759993434203002138e+00,9.171714630647628042e+00,9.223856379611634182e+00,7.265558864603164579e+00,7.507630775094815689e+00,4.356815926241809578e+00,2.727762298054343226e+00,2.418370136120101321e+00,1.598396815406444293e+00,5.700052630073004778e-01
8.700950000000000000e+05,2.674317791579532422e-01,7.160563239544894820e-01,1.169264546118519155e+00,1.773972386909687948e+00,2.227414893508571581e+00,2.851406628541105270e+00,3.637666887533920423e+00,4.521047770099148266e+00,5.363790892146821143e+00,7.158708022450637642e+00,9.330612909312977266e+00,9.993431220168570661e+00,5.657890193930133371e+00,5.592662507247567305e+00,3.584560351158696978e+00,3.102781230932649237e+00,2.400315553592999862e+00,2.428999822348550275e+00,7.062531327900239964e-01,7.260980174021458566e-01
8.700960000000000000e+05,3.641041165157277160e-01,9.079787532716991905e-01,1.380026197438239954e+00,1.965641770215169615e+00,3.520197136624636958e+00,4.532526881009678377e+00,5.312588813234584428e+00,6.999462363725252878e+00,8.319460754992128670e+00,9.334978748425976747e+00,1.074775568890393274e+01,1.142759741529506634e+01,8.045005111300801204e+00,5.198247992864341249e+00,5.334700243450654966e+00,5.177745409280937849e+00,3.883342953541154330e+00,3.380196511710762408e+00,1.642201173372017431e+00,1.529461680399843981e+00
8.700970000000000000e+05,2.451977334181321133e-02,1.777586900057703811e-01,3.893843359983949481e-01,9.804150016747144036e-01,1.691717067872188895e+00,2.358780519569758205e+00,3.380547901525428500e+00,4.525675038803258055e+00,5.681053296839470690e+00,8.247560749279621461e+00,1.072785590480923901e+01,1.162650004442178542e+01,1.159891886499305613e+01,1.245151082612315641e+01,1.284988514224333755e+01,1.184424835984917657e+01,1.138103961724740287e+01,9.797479315519996845e+00,7.664539398067156561e+00,8.008463834641673884e+00
8.700980000000000000e+05,1.740852958118932481e-02,7.335520935607409143e-02,1.616716111734326500e-01,2.303075584066607284e-01,8.542021501672020234e-01,2.860119349450244819e+00,3.898574250855922685e+00,4.885549401656128055e+00,6.483329633232040479e+00,7.444160185740901881e+00,9.563875639100848147e+00,8.728164334276860004e+00,8.859956158521761438e+00,9.474350496708821012e+00,7.566667173361791399e+00,7.125805842726016692e+00,6.997430518895548346e+00,7.179780370694277103e+00,4.553544570750565512e+00,2.575873288479570977e+00
8.700990000000000000e+05,3.272820839597867515e-01,8.235264492188119068e-01,1.448394956950050272e+00,2.273976556488155776e+00,2.934661188742850868e+00,3.559186563989459540e+00,4.373967519910291202e+00,5.331019657932571043e+00,8.777119578174852776e+00,9.845419466899681282e+00,1.087927418456646755e+01,1.044040471597663533e+01,8.443331890447252519e+00,9.006750259867789765e+00,5.351988458731324450e+00,5.106582720129930308e+00,3.277549378903508170e+00,1.759543556742576786e+00,1.840552820698571512e+00,8.475915117706023238e-01
