4.400000000000000000e+05,2.773638273410683475e-02,8.080167850551345232e-02,2.441212760663634684e-01,7.597099505004214492e-01,1.073035966345028402e+00,1.635569131423949107e+00,4.074471379022030604e+00,4.956078253457374849e+00,5.897691379600928485e+00,9.601597695466985272e+00,1.087041429878048504e+01,1.171319912085516002e+01,1.148633703823124641e+01,9.809105074645890099e+00,8.481996134697089573e+00,7.568070902922512388e+00,7.549745051048711630e+00,7.399441834782623850e+00,6.139550821973632111e+00,5.678341313980879157e+00
4.400010000000000000e+05,1.667264106666213053e-01,4.792118516359880065e-01,7.498190902187611417e-01,1.596985667524856378e+00,2.343729370097416442e+00,3.977956878185515688e+00,4.795439907822765413e+00,7.577350824265715268e+00,8.893502713505993640e+00,9.948599242512598195e+00,1.097865013298744508e+01,1.090865274404550611e+01,1.178510310404386274e+01,7.636506655324018844e+00,7.535571914607563038e+00,7.585719469524315528e+00,6.347594993704534616e+00,5.121807499283685061e+00,2.775752132337749423e+00,4.953899346710466389e-01
4.400020000000000000e+05,2.577941830705532400e-02,5.315377333994653064e-02,1.278195502774238657e-01,1.811080768837496358e-01,1.293367256989191860e+00,1.690171425797214466e+00,3.055737913219506385e+00,3.905246207212366372e+00,6.706187893167103731e+00,7.598649082661288467e+00,8.969229763304348069e+00,8.840693329985548132e+00,8.763648275484433370e+00,6.330701707630277397e+00,6.637377114164947578e+00,7.049646841213597526e+00,5.340074304624335966e+00,3.988147970563923117e+00,3.120682643588217786e+00,1.846129129600113661e+00
4.400030000000000000e+05,1.313189562660006526e-01,3.161310000927202157e-01,5.582676160778056174e-01,1.349759812243538804e+00,2.499362273871926110e+00,3.683169406983538785e+00,5.178163125148993018e+00,6.252420073493855313e+00,7.327258791694826634e+00,8.341246860180547174e+00,1.090243061325300644e+01,1.051681154306591637e+01,1.106583085659373111e+01,1.014325931299445926e+01,1.060747348411195290e+01,9.949602808006408949e+00,8.688402877556441695e+00,8.527963163244139722e+00,8.265219953645811302e+00,3.472870201772093601e-01
4.400040000000000000e+05,2.853925923032574197e-03,3.285320223418353169e-01,5.995541308933513003e-01,1.249483505814003692e+00,1.593311201583939019e+00,3.855470542136408607e+00,4.666705322915045251e+00,5.431080640465388853e+00,6.129511732220429998e+00,7.639009734133910712e+00,1.056508862833249829e+01,1.097602656073850724e+01,9.895888955799293285e+00,6.179183640619815066e+00,5.997040923294211012e+00,5.601692635660288744e+00,5.892412221594278243e+00,3.501422779696325982e+00,3.408473829791661913e+00,2.395442754050043366e+00
4.400050000000000000e+05,2.127136763470760528e-02,4.275225187720077535e-02,2.179500785498386106e-01,4.468629665147325625e-01,6.827844182611114698e-01,1.900314880250442373e+00,5.449133488861711783e+00,6.544473415201621513e+00,8.066615352948312889e+00,9.725507465485753400e+00,1.075760124407610085e+01,1.163977412281438362e+01,1.224712717299927789e+01,1.157300697599396599e+01,1.205442030585297708e+01,6.742428309878228276e+00,5.079329533300043664e+00,4.548881824626207049e+00,3.276294685817153329e+00,2.475052183533190675e+00
4.400060000000000000e+05,2.724822085203670863e-02,9.129325032645163596e-02,1.839919301410196661e-01,3.595393407765397065e-01,8.805730226738572863e-01,1.950702928215950704e+00,2.740511468723500599e+00,5.384653555002929970e+00,7.246895301861250971e+00,8.961794590759721402e+00,1.080427698475104137e+01,1.165417793586742690e+01,1.140912992632354417e+01,1.182267526231512633e+01,1.014551073923076174e+01,1.076631972225658096e+01,1.021697876843790453e+01,1.063635490045698084e+01,7.582154108165968687e+00,1.795534994035110632e+00
4.400070000000000000e+05,6.620606190362976484e-03,1.050967951196819516e-01,1.895190334366672058e-01,2.598734300032634614e-01,1.930801192592191295e+00,2.860183260937431804e+00,3.691514025837102864e+00,4.308851841236362112e+00,7.273616434773526152e+00,8.103899501773554448e+00,9.957891058884907665e+00,7.669636092628176804e+00,6.922336534643688033e+00,5.342512448533422997e+00,4.887229638779976071e+00,5.049054459834009023e+00,5.315190505396676812e+00,3.665723227535305107e+00,3.299665396174735310e+00,1.144307653252352175e-01
4.400080000000000000e+05,1.140824076319690850e-01,3.121804291275180887e-01,8.189463294947030292e-01,1.230938105860538645e+00,1.604123151867364871e+00,2.473106943418665438e+00,4.702673992351892984e+00,5.478205227074733230e+00,7.750652382295005971e+00,9.143178358710775555e+00,1.032681002407893800e+01,9.061093785411328483e+00,9.643473931747077899e+00,1.028839320222806464e+01,1.003139839755047369e+01,9.355226635778860711e+00,4.190681328269516115e+00,3.657310325772158421e+00,3.087104289852878214e+00,2.144168786856051057e+00
4.400090000000000000e+05,2.102189540855659011e-02,5.566854176097557616e-01,9.616041288512782170e-01,1.588400316775379295e+00,2.048034147518094095e+00,3.055831347454960323e+00,3.899553339954306086e+00,6.476126302903970178e+00,7.676774890441977028e+00,8.609499518833743537e+00,1.070676170160616891e+01,9.348446312571041972e+00,9.543396714591574792e+00,1.012102456047140109e+01,1.062279159871733825e+01,1.006352840747373634e+01,1.036499215570588284e+01,9.687763345744219379e+00,9.316651517082892298e+00,8.307168530675259177e+00
4.400100000000000000e+05,1.825212898183197208e-01,4.223083679600470042e-01,1.074523947693035497e+00,1.678543756516254426e+00,2.743512035809149818e+00,3.605340858715369912e+00,4.299112990420110414e+00,6.012643056824416021e+00,7.254149214876477458e+00,8.110235882915032946e+00,1.094397722921094029e+01,1.178644967162847479e+01,1.250183268116185431e+01,1.146179405973587251e+01,1.125165849094815052e+01,1.116913251928047224e+01,8.487531657988538925e+00,5.782297789358716855e+00,6.085867071473143319e+00,1.049096244729859073e+00
4.400110000000000000e+05,1.858016632158560055e-01,4.013121394395418040e-01,1.266291954878910442e+00,2.011939951091395340e+00,2.918083298116942448e+00,3.740865424052836730e+00,4.567743341490901443e+00,6.576614372580421808e+00,7.448375131995580212e+00,8.853449740763009501e+00,1.000881983562462096e+01,1.078093418810561488e+01,1.155331963729915046e+01,1.219560914858191403e+01,1.010665927758092586e+01,1.017088679312901434e+01,7.518424905484673459e+00,7.476455934658387648e+00,5.685314276139324718e+00,2.840980932308991846e+00
4.400120000000000000e+05,2.078867401645111412e-01,5.164293831138004887e-01,9.254047167168018007e-01,1.294425698978966199e+00,2.159268164097011944e+00,3.856366784625499200e+00,5.259663721005117587e+00,6.710585884334076212e+00,8.364698161632478701e+00,9.497935531446980661e+00,1.093276543870674189e+01,1.045570555183129891e+01,1.084279610816056838e+01,8.823718204594875658e+00,6.874087019956625966e+00,6.307396899597383921e+00,4.422561110198211409e+00,1.796493050203126662e+00,1.620756388612972776e+00,1.436527263907159124e+00
4.400130000000000000e+05,9.956518552886861606e-02,2.998369783724348370e-01,7.689776424814337430e-01,1.126510002294687673e+00,1.476638594980082431e+00,1.963351657561373420e+00,3.226691611396105053e+00,3.753090811818190708e+00,6.442222600600311821e+00,8.847710257562543035e+00,1.051556785805400906e+01,1.122154833869425516e+01,1.168795176044881856e+01,1.210744139720740264e+01,9.880765838867825224e+00,8.174214313645233432e+00,6.428505428013518319e+00,6.454654041421575172e+00,5.374273710754082778e+00,4.878741574301715289e+00
4.400140000000000000e+05,2.760583171677322145e-02,1.444091205045332504e-01,2.248648445991884293e-01,1.164638497705635878e+00,2.372309150714640325e+00,3.924543950337806564e+00,6.122125785024536526e+00,7.013414117093545563e+00,8.147034745616776874e+00,9.633819291383897365e+00,1.082265724591844247e+01,7.912150661789237205e+00,7.603578859916520827e+00,6.408549053937613316e+00,5.130921302252017924e+00,5.460271896612873377e+00,5.333376024335810150e+00,4.357274017675065281e+00,4.499997481492661322e+00,2.498572944378651961e+00
4.400150000000000000e+05,3.726072513802403119e-02,1.353615980717435274e-01,3.235144016440436587e-01,5.370955562991457377e-01,9.085138701612377465e-01,3.313580767882652545e+00,4.070648049371055954e+00,6.305500329550986827e+00,7.230681595753306823e+00,8.131011764770478933e+00,9.198680250456357399e+00,9.042645799275563334e+00,9.323327960722675556e+00,9.492066050808386279e+00,1.008846176048947996e+01,1.066358127620521934e+01,1.075024552733132133e+01,8.919600510039938257e+00,6.199373209564631004e+00,5.146774804383936086e+00
4.400160000000000000e+05,2.088225193878499031e-01,6.369087107821924665e-01,1.188847221317783642e+00,2.014597784721298801e+00,2.856993995040888912e+00,3.551530816995044582e+00,4.982879818787014692e+00,5.813802731706190663e+00,6.859848482881526266e+00,7.784235404244265411e+00,1.055482307323750568e+01,1.027979507760074895e+01,1.090619417958331283e+01,1.078292330443155578e+01,8.121944803654066902e+00,8.635522835568144373e+00,9.128117696489816524e+00,7.546228555069736998e+00,7.414503568470276917e+00,7.742387065252158251e+00
4.400170000000000000e+05,3.269733114576887090e-01,6.818289908226173868e-01,1.922143162921494675e+00,2.662776787692938907e+00,3.479910419667080035e+00,4.180974568877113384e+00,4.943806142760665878e+00,5.699889618474135666e+00,6.832519298436290356e+00,8.375417292501884603e+00,1.040000877125065060e+01,5.076419527478462257e+00,5.066986180856126509e+00,4.569328164512863388e+00,4.837846023596389600e+00,4.136128088344543485e+00,3.961684232041826181e+00,3.824918671947648008e+00,3.384551903785818716e+00,2.100140430213881526e+00
4.400180000000000000e+05,1.332801236350311669e-01,3.804059696735229146e-01,6.364395666268177765e-01,8.949491007117562624e-01,1.243120458423175201e+00,1.813877795197587295e+00,2.229448619413905153e+00,5.167513254480217810e+00,6.050343129883836824e+00,9.609177683745945941e+00,1.095891401182568359e+01,1.148382151720849897e+01,1.121934105306610086e+01,1.173524734073478726e+01,9.346812644414578486e+00,7.735557968040485122e+00,2.213329404780645326e+00,1.698507803658965143e+00,1.436228093534764882e+00,8.891059064476736218e-01
4.400190000000000000e+05,1.440967923734037814e-02,1.135928344500742870e-01,6.191763382060289089e-01,1.812614785928513772e+00,2.726922114929282603e+00,4.043247787201517340e+00,4.875592577085225088e+00,5.701248870788507617e+00,6.444057689368332120e+00,7.355151646973334678e+00,9.787245838212983884e+00,8.305469173473863265e+00,8.972960435176002392e+00,9.287197863995418246e+00,7.904765220083189270e+00,6.763634869749621359e+00,4.701643116385644028e+00,3.367337869160181185e+00,2.302142951692013551e+00,8.018218189361969728e-01
4.400200000000000000e+05,7.133351504098994766e-03,7.761796968261920338e-01,1.458150662453224111e+00,1.980120799812412180e+00,3.053069201690772339e+00,3.695435010876812143e+00,4.385782078015735053e+00,5.066721025358117636e+00,6.346729128888739524e+00,8.957202034006364499e+00,1.008433282525454366e+01,1.095036567799921556e+01,9.924022418430830328e+00,8.710590555439422289e+00,8.615114827259077401e+00,5.648734190484109519e+00,5.116539437868050655e+00,5.400789279926081932e+00,2.833375565571869981e+00,1.632046257655808130e+00
4.400210000000000000e+05,1.077288235792606130e-02,6.076705089167599994e-02,1.003609379320230532e-01,7.956613694026168915e-01,2.071581390341916684e+00,2.891518077422185140e+00,4.517115626087937486e+00,5.273119327525745526e+00,6.229231068036363617e+00,7.432553037232681348e+00,9.960282728095183558e+00,1.066145403385851154e+01,1.036260706386016928e+01,9.325257656744483370e+00,9.574888387795537525e+00,8.446859897004740603e+00,8.868531345651170739e+00,8.222859491866049808e+00,8.147546007687839875e+00,4.334117158508689727e+00
4.400220000000000000e+05,6.065048589623556197e-02,1.224169806355142054e-01,2.908385918411173776e-01,9.603876252092029553e-01,2.168020412551241893e+00,2.985445372459458291e+00,3.597640816031102862e+00,5.627860592658098682e+00,7.583357817192463379e+00,8.810135194616373511e+00,1.028141951027940948e+01,6.835525153601543558e+00,6.884763158610692990e+00,7.315623520987523776e+00,7.631220925216400275e+00,7.773546940725347909e+00,4.810776820145942878e+00,3.868818963588103621e+00,3.363769486293144872e+00,2.491981587973914891e+00
4.400230000000000000e+05,1.008554774365111317e-02,4.457358765088903496e-02,9.766336197804795782e-01,1.912007366685473553e+00,2.924072697841875623e+00,3.709176050635821120e+00,4.928822672003333238e+00,5.639443995881520344e+00,7.016798416924568293e+00,8.041146059431236282e+00,1.027992256743438304e+01,1.051600426811621070e+01,1.120612217786314346e+01,1.187348944429357012e+01,1.240694179503922712e+01,1.300565784372526323e+01,1.228963955246112150e+01,1.228363424631281120e+01,6.061404999418881445e+00,1.251415721005271209e+00
4.400240000000000000e+05,1.845755641149338100e-02,7.112434057143479649e-02,2.491568731340820797e-01,7.503129218610040674e-01,1.981483951060553750e+00,2.980443630488248452e+00,3.919884787144882310e+00,4.556106058495584143e+00,5.327991842462701300e+00,9.042288184345492752e+00,1.098400078688718473e+01,1.137313036369513952e+01,7.172308280545132142e+00,6.339457089489886954e+00,5.520610738559298625e+00,5.320370996179747181e+00,3.077743976888959399e+00,3.219305032110601594e+00,2.160920532267209815e+00,4.517642761833529086e-01
4.400250000000000000e+05,1.048710218734560939e-01,2.558521069163319783e-01,5.181718850443826074e-01,8.380983341038823475e-01,1.129084038778894072e+00,2.137578646020966922e+00,2.891759835926638544e+00,6.805793047882618296e+00,7.684909300741277427e+00,9.447004227792362485e+00,1.047847137957674946e+01,1.064518864432523770e+01,1.078508967789374218e+01,1.106421718633242612e+01,1.029618670369336186e+01,8.344935210455069807e+00,7.532278474641134203e+00,5.429806921204757941e+00,5.652240235634597987e+00,5.300132399042065678e+00
4.400260000000000000e+05,2.311444229268142525e-01,5.590974555561267767e-01,1.308292545759813130e+00,1.746051238533076422e+00,2.379210214491240816e+00,2.938486052881128074e+00,3.809705881646062497e+00,5.140507382447369267e+00,6.905831104420586897e+00,9.104846581276866857e+00,1.095071501845405315e+01,1.078531769878482294e+01,1.135776103873096865e+01,9.480722950990745801e+00,4.090171133047866725e+00,2.136111112549603064e+00,2.150218000165108112e+00,1.098336692422161587e+00,9.422005343178596615e-01,8.688570536707929115e-01
4.400270000000000000e+05,1.472647620129707846e-02,8.186709675941905573e-02,4.127907347294507145e-01,1.585078832068747889e+00,2.005210426931007373e+00,2.656432621641332759e+00,3.192608297427340869e+00,4.379481374960429108e+00,7.568031573834915093e+00,8.959173886130610498e+00,1.010980851596444907e+01,1.030654017837795067e+01,1.071984732810707541e+01,1.131686643099289746e+01,1.144879333479218708e+01,9.762485682801699483e+00,8.894400491495781935e+00,8.096484251171728985e+00,3.525890891257681403e+00,1.015890045346332649e+00
4.400280000000000000e+05,1.791668559127205240e-01,4.591951155444369270e-01,7.459128507164793920e-01,1.454684811930373467e+00,1.948582493716641828e+00,2.560426871147161165e+00,3.737574250895908001e+00,5.172827612268389608e+00,6.488336394259341056e+00,8.544176147966757284e+00,1.044825581386147384e+01,1.127890321104806226e+01,1.203524421459757399e+01,1.226571041238306314e+01,1.055955926623227015e+01,1.100957639896700258e+01,1.167934888668010984e+01,1.034916214470661266e+01,9.958609686722381227e+00,6.806152866493544451e+00
4.400290000000000000e+05,4.332199101264599950e-02,2.246013136132185561e-01,3.787596669666670746e-01,7.588377547655649202e-01,9.591914186058697611e-01,1.241861363619425562e+00,3.431110287635799949e+00,4.310004700493013097e+00,5.682860493740990115e+00,7.904882984266469848e+00,1.099203405781841880e+01,1.157073004424558071e+01,1.130462463021310526e+01,9.536100678214834758e+00,9.876909372530688458e+00,9.898767963587872032e+00,7.613343023411434984e+00,7.237220497495896687e+00,6.271028993821357922e+00,4.854157313861122702e+00
4.400300000000000000e+05,3.005237200775078277e-01,6.799518905638228805e-01,1.130311131738765962e+00,1.846676636331674892e+00,2.389678217822798878e+00,2.918878738444056431e+00,5.362540410659126344e+00,6.323910896965815098e+00,7.500079927265151269e+00,9.034108095902674052e+00,1.059765256917396670e+01,1.029440820153077496e+01,1.083097411315078418e+01,1.164622888197364148e+01,1.174138331450624051e+01,4.958262773196661755e+00,4.786856264045185050e+00,4.888551626898325786e+00,2.827587330606496696e+00,8.732192766498569902e-01
4.400310000000000000e+05,1.827804981939906703e-02,3.210102108928618581e-01,1.058913108953105198e+00,1.431658361219546816e+00,2.306693167907582165e+00,3.653817042082101452e+00,4.332702840587995041e+00,5.121964325767809356e+00,6.161388042469759796e+00,8.136607837396921283e+00,1.040031899210470279e+01,1.080217135987617816e+01,1.111835300652300695e+01,9.640800214689715375e+00,1.031747127662210772e+01,9.692049436715336697e+00,9.674879533419627364e+00,8.795709878311409824e+00,7.487821230728889610e+00,4.217873158073466300e+00
4.400320000000000000e+05,7.211078195832421045e-02,2.871475731344115268e-01,5.951080376761130886e-01,1.544589844767001008e+00,2.107271301497804394e+00,3.066408427083608945e+00,3.910003226047532809e+00,4.563138739987610215e+00,8.049825192307496380e+00,9.143482847278733061e+00,1.050135562347324303e+01,9.636386744793227876e+00,9.048378218250965332e+00,7.999918909843485082e+00,6.997925338832300390e+00,7.380234204286827193e+00,5.561219452803011443e+00,3.530482625231899263e+00,9.855274915155906035e-01,1.474098151167924087e-01
4.400330000000000000e+05,1.550490548031997484e-01,3.344020453392253511e-01,7.115816370811997027e-01,1.649822197385666822e+00,2.477348532688252281e+00,3.688471529244846003e+00,4.796034784587160260e+00,5.826844388745104908e+00,8.164121206556583132e+00,9.236943932593463913e+00,1.041441407500499849e+01,8.801117647264913302e+00,7.447026312946313453e+00,7.072967463601261606e+00,7.356480918123390111e+00,7.787308984276343438e+00,6.339602442762526380e+00,1.012645086397602423e+00,7.853028692149423007e-01,5.279901412010579165e-01
4.400340000000000000e+05,1.534551886840453960e-01,4.490922664374175088e-01,9.832983547643199262e-01,1.714078401552555420e+00,2.252850000305264278e+00,3.409403519580728403e+00,4.027093420297167548e+00,4.973696152686216010e+00,5.638214194351149011e+00,8.359600793296552368e+00,1.076858319658905927e+01,1.059991925524171918e+01,1.048275402937955114e+01,1.057031648851826588e+01,8.001187404765369493e+00,8.306560461535285711e+00,7.606888381721429226e+00,4.283181978977390614e+00,1.847718499512081003e+00,1.450269233298784322e-01
4.400350000000000000e+05,3.947762401922294551e-02,8.662022758328311589e-01,1.338362420861084257e+00,2.017872543627642568e+00,2.690148422184073684e+00,3.487232060895237851e+00,4.803379922497385657e+00,5.541068142736352620e+00,7.756189475541525269e+00,8.798597641050950102e+00,1.061747002720779598e+01,1.139915321429186434e+01,1.131431689241579797e+01,9.920264177790327764e+00,1.022151216000452756e+01,1.086992246165558740e+01,1.139720310584816687e+01,6.256744186746411529e+00,1.606912740703658304e+00,7.852345510437008791e-01
4.400360000000000000e+05,3.044875799481220335e-01,7.116475583420773798e-01,1.075440235128561461e+00,1.600225621944638910e+00,2.184835164624714388e+00,3.053309617004700716e+00,4.052593448324769199e+00,5.227828616667340889e+00,6.435515338940257735e+00,7.197589867751932324e+00,9.199515850949135043e+00,9.749309129789860862e+00,9.257975842170138137e+00,9.750728488555884255e+00,1.006757725174644591e+01,1.059879767946414653e+01,9.947516352446076127e+00,9.459135503314181292e+00,8.531064235435939835e+00,8.923530518968309622e+00
4.400370000000000000e+05,9.006668668532635813e-02,3.093708540767898807e-01,5.277593003617515599e-01,7.529139702448950366e-01,1.042531292158757505e+00,1.607246503700232143e+00,1.901574897818225640e+00,3.286513558579124528e+00,3.714514187962323799e+00,8.663891004052459266e+00,1.070904252118387845e+01,1.164623307029182087e+01,1.252237301109931877e+01,1.248263451862994522e+01,1.053121216845714514e+01,8.675002897759526377e+00,9.120016872327367352e+00,9.441789282482604406e+00,7.386720577672732269e+00,6.997139244760008481e+00
4.400380000000000000e+05,1.049713440912362072e-01,2.474010542107147881e-01,6.413279936960951666e-01,8.790437894566993648e-01,1.221543146851750139e+00,1.480061729837494511e+00,2.434466025410302770e+00,3.466585487273029287e+00,7.921281674872021838e+00,9.065186503185305611e+00,1.074144417338258073e+01,1.150649485095450331e+01,1.012720467889627329e+01,1.088812828299720081e+01,9.474643770235875451e+00,9.569115553474608404e+00,8.432042134301390490e+00,8.767053086743956669e+00,8.735415202014127800e+00,5.777029518765870009e+00
4.400390000000000000e+05,1.153424712338280145e-02,1.011823183479974020e-01,5.860552656219741863e-01,1.020727049664463149e+00,2.201909721294112998e+00,3.146926682780239126e+00,4.966076340931206090e+00,5.875393426138734831e+00,6.731898548503707502e+00,9.974184234957434114e+00,1.097816692146207807e+01,9.681947629309414438e+00,1.022840580933474897e+01,9.040107054690791344e+00,9.655329239114628592e+00,1.007455808058887037e+01,1.048586996740603006e+01,1.104624550197947208e+01,4.924168849462764896e+00,1.368371566776478421e+00
4.400400000000000000e+05,5.533179117733655339e-03,1.069012184218203210e-01,3.086781414055301820e-01,8.854329297900234153e-01,1.149160571467479741e+00,1.885575248063064091e+00,2.217054435277248103e+00,4.140373197954895446e+00,5.868615520888461390e+00,6.562844265988534431e+00,1.039795337959837340e+01,1.026811547591065832e+01,1.100306929305061843e+01,1.146677301005827943e+01,1.042770992249497830e+01,1.077125425464300967e+01,9.938334120763967050e+00,1.009712085050203711e+01,8.402415684539567664e+00,7.017058213070946238e+00
4.400410000000000000e+05,1.086052752989542514e-01,3.296719565138983565e-01,5.733852895953540640e-01,1.265641856456008352e+00,2.645765480250135138e+00,3.215922927831158518e+00,4.620342040499950897e+00,6.394000362195693121e+00,7.813776854392039617e+00,8.857794374164665641e+00,1.017011882188161209e+01,1.081031733516477189e+01,1.161703281237124408e+01,1.107516146880846719e+01,7.366376241664771563e+00,6.225805037966569699e+00,4.584383963434206066e+00,4.123008657132762877e+00,2.238324960753608650e+00,7.387063898338586121e-01
4.400420000000000000e+05,6.031015007420859053e-02,2.102649947591201940e-01,3.280076542899573733e-01,5.906187719744280251e-01,1.443961024427739659e+00,1.882331010290024365e+00,2.572153519731844806e+00,3.566207923340924069e+00,7.534012055806577735e+00,8.409103283857724875e+00,1.013805938520520478e+01,1.022551211416351258e+01,1.095203209922127741e+01,1.036990673856119116e+01,1.072213389933772909e+01,1.046477374387833770e+01,1.047793720106326276e+01,8.228346196125162493e+00,5.018128899629347828e+00,3.078486615908986312e+00
4.400430000000000000e+05,3.061384623138776462e-01,6.214777582171857606e-01,1.139377869739512938e+00,1.800106063519119282e+00,2.377867657044552274e+00,3.051335390690968374e+00,3.577754387896111332e+00,4.721737757826642401e+00,7.466477458536559197e+00,8.352481478596892828e+00,1.030480999551269861e+01,1.119687734082632602e+01,1.054654156875527171e+01,9.956251355993604335e+00,7.102791543846968203e+00,6.073809338117211354e+00,5.487488942837807748e+00,3.981431976432325825e+00,3.805931232972165734e+00,6.477054871404996916e-01
4.400440000000000000e+05,3.472018335785975740e-02,7.210239277805441382e-02,5.405171670410984230e-01,1.107248355032565801e+00,1.721507017331620926e+00,2.782073972278878315e+00,4.259210186769929685e+00,5.385728205268398128e+00,6.169701348417369502e+00,9.317492962188239858e+00,1.038066726799952022e+01,8.831248488078113468e+00,7.220620854515040321e+00,6.916874604389454895e+00,7.174871832278840955e+00,3.957196711200385408e+00,1.933705622128441881e+00,1.920093219704607890e+00,9.796444369030823385e-01,5.161095671723359146e-01
4.400450000000000000e+05,9.052167850208248101e-02,2.428475740150819462e-01,5.775735708012541547e-01,1.198204230181143970e+00,1.601270028230977083e+00,2.227221501733564146e+00,3.133718018363206959e+00,4.162948202553747201e+00,5.961632285931984576e+00,6.718091446503173358e+00,9.924426974737404095e+00,1.040370977563262755e+01,8.976827204756615330e+00,8.981036669827204832e+00,9.617638195289051950e+00,6.955900777767688226e+00,4.984753582339246591e+00,3.510213646458315573e+00,3.147285791223650264e+00,1.304680366273847092e-01
4.400460000000000000e+05,2.568971584508283890e-01,6.707589005211265221e-01,1.095908195007277319e+00,1.671435148719210506e+00,2.364751066633774546e+00,2.967420785843086328e+00,3.499843226014194286e+00,4.954114120319133896e+00,6.130521719545734882e+00,8.476544916212059633e+00,1.056237367553105955e+01,9.141425000583392801e+00,8.371951975392509127e+00,7.495492904407419665e+00,5.860006564331103007e+00,5.556043616948819874e+00,3.383654294579830690e+00,3.562362444699952668e+00,2.243422666048905612e+00,1.377904309024513552e-01
4.400470000000000000e+05,2.809610124485584226e-02,7.664235660838047970e-02,1.546038113756520449e-01,2.256623104129342750e-01,3.704050648440682103e-01,1.052492664324838678e+00,2.049722706484781387e+00,2.488638723099832362e+00,3.816256186527358540e+00,6.799932921146690568e+00,1.035580555944566328e+01,1.038887093608694556e+01,1.047231918755080393e+01,7.050107147580106925e+00,7.314347611065284305e+00,7.757172668169342700e+00,7.970045968919535539e+00,8.304090460867726620e+00,8.170538650829428207e+00,7.225749769581543802e+00
4.400480000000000000e+05,1.817659186242056579e-01,4.996753288496933454e-01,1.083918369106080082e+00,2.255451720928697501e+00,3.423257413214724210e+00,4.669980141626455250e+00,5.550720240792057503e+00,6.383757914177365933e+00,7.625879914589265951e+00,9.244680820093210016e+00,1.041667236347272940e+01,1.082829188616971372e+01,1.171427696741675994e+01,1.129303443524575101e+01,9.845419876293860284e+00,1.047579043831128409e+01,5.490417738649142620e+00,2.167581357297781786e+00,1.950722085996969835e+00,1.160981326923833379e+00
4.400490000000000000e+05,4.081851113740426751e-01,9.294332017053756889e-01,1.786137285567112265e+00,2.620026102094750176e+00,3.402520835072278427e+00,4.086238761589171098e+00,4.823552016266066111e+00,6.091947113407499614e+00,7.588494483840050542e+00,8.542534470155420223e+00,1.039302439581109105e+01,1.043820715035872304e+01,1.124976099256845607e+01,1.050572143454138718e+01,8.566769552436243274e+00,8.544932021987174053e+00,3.122387289532970289e+00,3.275147979585073976e+00,2.495398309870369147e+00,2.136339259614816743e+00
4.400500000000000000e+05,3.297353666107227799e-02,8.690269403300132645e-02,4.091956791675430694e-01,6.621428320601601136e-01,9.882283242730244277e-01,1.797160548210383402e+00,3.342847584333264788e+00,4.463340293553605953e+00,5.280982306471571519e+00,7.456889540862224663e+00,1.084416943637467234e+01,1.172199786833582458e+01,8.153308571891862755e+00,8.439038597955697441e+00,8.728073058252986627e+00,8.051717258791255105e+00,8.441922158180696911e+00,8.304985805630961337e+00,6.996041629329562639e+00,5.128430627112443574e+00
4.400510000000000000e+05,4.038163183270926382e-02,2.795951388325581544e-01,4.421374577707890552e-01,8.257200131991067060e-01,2.391069856016601491e+00,2.889761149716809641e+00,3.541273822913566072e+00,5.532244477974277430e+00,7.816566613868943136e+00,8.725653667116635148e+00,1.003543332002098687e+01,1.056367170459745353e+01,1.118035108455435456e+01,5.745476225126695979e+00,5.728376130305878000e+00,5.763069224305107596e+00,5.396678990764680606e+00,5.428796809990351413e+00,4.505472110938162356e-01,1.629480033043506637e-01
4.400520000000000000e+05,2.097314551133926397e-01,4.859761994271956098e-01,1.133867907811622944e+00,1.560348158015987696e+00,2.042977410661328097e+00,2.928390713375446097e+00,4.684105798412701915e+00,5.809198013046912301e+00,6.801045373327776034e+00,8.308839310714761339e+00,1.040724202894305783e+01,1.124056479731103941e+01,1.204875508006695561e+01,1.166536773188623499e+01,1.189909217326674451e+01,1.114954184369822521e+01,1.130130039857070479e+01,1.195602058135195378e+01,1.120422738508528404e+01,1.112936220083542338e+01
4.400530000000000000e+05,1.325091370902272692e-01,3.089821232296696696e-01,7.079926216976472064e-01,1.368131891676746648e+00,3.458152086793558233e+00,4.185454878005339552e+00,5.283203186309438415e+00,6.707531849954150083e+00,8.558853192940246046e+00,9.529649337506317153e+00,1.085384957923316840e+01,1.103984739204816101e+01,1.099020545976538088e+01,1.113954671458147239e+01,5.380772108246322460e+00,3.832071740189251230e+00,3.068168664423337688e+00,2.604001725445683313e+00,1.488423402086511249e+00,1.250870593789714658e+00
4.400540000000000000e+05,1.517463784290101758e-01,3.590391533467660601e-01,9.297745933953767139e-01,1.764550467133587208e+00,2.306139597302125033e+00,3.183791958313074044e+00,5.200873688425573960e+00,6.781704861422331199e+00,8.278268285495343548e+00,9.328700016332717837e+00,1.034537953875839733e+01,8.970264637711327538e+00,8.923960998165291869e+00,8.340097163643877209e+00,5.495082890184915136e+00,1.600404589278420886e+00,1.688068213376073601e+00,7.391498196421255606e-01,3.983318227389928134e-01,3.942936737197388908e-01
4.400550000000000000e+05,2.608222951282350710e-01,5.449317066031968970e-01,8.394034349690756569e-01,1.168133220402828520e+00,1.546878889249136968e+00,1.923469870381546487e+00,2.584321978552377885e+00,3.717788805392630458e+00,5.538721131648583373e+00,9.363186301793373190e+00,1.033538103793504348e+01,9.202541255762389127e+00,7.993780885847002970e+00,6.543165168073647564e+00,6.391445186346013330e+00,4.122557614077594579e+00,4.301280314142299943e+00,3.822403630985433676e+00,3.021311035904697295e+00,6.011123645373084301e-01
4.400560000000000000e+05,1.640823652027445512e-03,6.547534637409333502e-01,1.568100733343507081e+00,2.314393582985198705e+00,3.783611878562496145e+00,5.348102920250601855e+00,6.273482409915939861e+00,7.295855939432173365e+00,8.262659887062140385e+00,9.492475895534260744e+00,1.098893066242699845e+01,1.051605712475973498e+01,1.134429392617038346e+01,1.173965169075889925e+01,1.157599781693942731e+01,8.291107831658418803e+00,8.373937746516224578e+00,8.283661902062927851e+00,5.904255578616735889e+00,5.106341186213112948e+00
4.400570000000000000e+05,5.019063284053970619e-02,1.571899347340450781e-01,6.293812358755600522e-01,9.610849304373192403e-01,1.587012416271580406e+00,2.153765249634920664e+00,2.622177483433307366e+00,3.116246089117384876e+00,5.510564345254864271e+00,9.417192147780950151e+00,1.065243377365769462e+01,1.150545100657332576e+01,1.243686013033025084e+01,8.675340677537702661e+00,6.021311871621147560e+00,5.289065419105607901e+00,3.955389249272736496e+00,4.115202031320221110e+00,4.239348095166134200e+00,4.421774062871421940e+00
4.400580000000000000e+05,3.409959976035603635e-02,1.060766159020596344e-01,4.354643410041628693e-01,1.977780278552317750e+00,2.620233215825981787e+00,3.583981395941448600e+00,4.457010906430965314e+00,5.622858900702722984e+00,7.537383943725302515e+00,8.823225807290288714e+00,1.093713238657993259e+01,1.112410200638876212e+01,8.620015616659818747e+00,7.916151517533103643e+00,8.281541409940555099e+00,8.212060003876878511e+00,5.701401009139661191e+00,5.604924403071890993e+00,3.943374311782197772e+00,2.994442797182335081e+00
4.400590000000000000e+05,8.870516868384370479e-02,1.963024654569889282e-01,3.127143063176061055e-01,7.380630235725247346e-01,1.378389577822772827e+00,1.923007480702745298e+00,2.662489058220904870e+00,4.543782027975009186e+00,5.162877755490654863e+00,6.762640970815954944e+00,1.034701257804972485e+01,9.553765934552442829e+00,1.021051084770426876e+01,1.085908875217316272e+01,1.069297198787667291e+01,1.104503408923031849e+01,1.078346786494470422e+01,1.004575309116178872e+01,9.875908480675445134e+00,4.996000767054615821e+00
4.400600000000000000e+05,5.527251194172122517e-02,5.945203184102738625e-01,1.029867686550941963e+00,1.703484860903348608e+00,2.274953217923430415e+00,3.334321691498520757e+00,4.102740798722095406e+00,5.503833729232400884e+00,7.155117594059608344e+00,8.607016064254166210e+00,1.090234705598954257e+01,1.181914937429466050e+01,1.235422291322535315e+01,1.208153548007072686e+01,1.207224034462623230e+01,1.262624271047322466e+01,1.216448085781061650e+01,1.287206291961801874e+01,1.112292808645258368e+01,1.111617051836026882e+01
4.400610000000000000e+05,1.274138395021215953e-01,5.421540954842201110e-01,1.203940724234729087e+00,1.851891154120363758e+00,2.914182292961035259e+00,4.439040469094823749e+00,5.586832637879521002e+00,6.849977722021029614e+00,7.816549231557530675e+00,8.792335919005811462e+00,1.058497459561301923e+01,1.019073335776380418e+01,1.074588334671811474e+01,1.066400014134071483e+01,1.105017764745216269e+01,9.564728487185830019e+00,8.663034667932194566e+00,6.411137351418673802e+00,4.005171878126327023e+00,2.512296260142108384e+00
4.400620000000000000e+05,9.904482334204856020e-02,3.734341987717892941e-01,6.206432736731334332e-01,1.095960145186249068e+00,1.801328826239039671e+00,3.553643237805575339e+00,4.268362041516458483e+00,5.936537324775560620e+00,8.416495955138804774e+00,9.526352799775233748e+00,1.099981215974598925e+01,1.039333427880062999e+01,1.061633083265418342e+01,8.112960117525997106e+00,8.636435160638759712e+00,7.102306600217989541e+00,5.302347358855356241e+00,4.754644017868924877e+00,4.789527871482962773e+00,4.725369657830760239e+00
4.400630000000000000e+05,2.807312454876288443e-01,5.632791990053360731e-01,8.614778184720323084e-01,1.322983195639871656e+00,2.202806179852256463e+00,2.701100375985977742e+00,3.427262525470028187e+00,4.061891479584866183e+00,6.610711438150957520e+00,8.173058764119776498e+00,1.053180936170558013e+01,1.103234769195876019e+01,9.686671586143425827e+00,8.861910001595607156e+00,4.961823250960933684e+00,4.002797182412491495e+00,3.730969398146327887e+00,1.990379110067194368e+00,1.509137372635320329e+00,1.296276234281215078e+00
4.400640000000000000e+05,1.355219865645473920e-02,5.794783362897537593e-02,1.984345566035891073e-01,3.780481391568817351e-01,6.399924721139788053e-01,2.622021516721450674e+00,3.636649657537927016e+00,6.235001385076517799e+00,7.939231028541762214e+00,8.897281181194461652e+00,1.041135324134488371e+01,1.084227368660121016e+01,8.928519456360811901e+00,6.781787394580222283e+00,4.415524879663934144e+00,3.023078534195560607e+00,3.064078380399431811e+00,3.235244336111415819e+00,3.343209140858557138e+00,2.965715609412145071e+00
4.400650000000000000e+05,4.432585486483398007e-03,1.682027433679731399e-01,2.594820446615133669e-01,1.065407385713178279e+00,1.344482636097220629e+00,1.811983051779964882e+00,2.522265388353756244e+00,3.991698194963545276e+00,7.273001339116732744e+00,8.228430357760682767e+00,1.041955441762162948e+01,1.102935102883609986e+01,1.183747500921089824e+01,1.150938891683198229e+01,1.186212717822031060e+01,1.136986211345609377e+01,1.093920158677057053e+01,1.006198639399701733e+01,1.050056842261358803e+01,7.566560896771495237e+00
4.400660000000000000e+05,3.478394893077796368e-02,1.256603294968736684e-01,3.107449745203280100e-01,1.078095178852291447e+00,2.421340998294644109e+00,3.620967150010312885e+00,4.566927921044146466e+00,5.922765850298268298e+00,7.140756479243345112e+00,9.082924617113937060e+00,1.088588888347819683e+01,1.031546733670466054e+01,8.594434840972011713e+00,9.015529126812012350e+00,8.728376903630504557e+00,9.049402333568124845e+00,8.137197820961047157e+00,8.037546759323854317e+00,6.504688654956609639e+00,3.559237360157185837e+00
4.400670000000000000e+05,3.751261055449472970e-02,2.878710664109473960e-01,5.431054849609582291e-01,1.250038730550991684e+00,1.851246781688808518e+00,2.470110250853671197e+00,3.266025924720587170e+00,4.460179256694556393e+00,5.727662283516312236e+00,9.440298611674863949e+00,1.094457325692824767e+01,1.181978826879645084e+01,1.237535099328014176e+01,9.359138165728772663e+00,8.507012478299985858e+00,6.581621043134546767e+00,6.587411118258801324e+00,5.900774657169884030e+00,6.094345298285193557e+00,3.132347156845629588e+00
4.400680000000000000e+05,5.377646659723855915e-02,2.034017171778101929e-01,8.138489674818176756e-01,1.733758959661432897e+00,2.413806783387925314e+00,3.441338136654374047e+00,4.249764801200426767e+00,5.163856215671134287e+00,6.004576271415025701e+00,9.233897106400268839e+00,1.057723749963118465e+01,1.022107516238340885e+01,1.012790519973118109e+01,9.891922132774116250e+00,1.050048632372565471e+01,1.020521634422341961e+01,9.021945278021263448e+00,5.566045884717886416e+00,5.166891192059165583e+00,3.465355974700712327e+00
4.400690000000000000e+05,1.582308730747501446e-01,4.010945668404728437e-01,8.712766389273796097e-01,1.453210491459969500e+00,2.115758806457622931e+00,2.678554981898003895e+00,4.513509753288355242e+00,5.593186411566163585e+00,6.967767004859303448e+00,9.532174462063526477e+00,1.057411114245704020e+01,8.478384175252360322e+00,5.665807003417429044e+00,5.424452820733849379e+00,2.344342939011636595e+00,1.817575819650269153e+00,1.813675513563670627e+00,1.667157162163295014e+00,1.651167887054937111e+00,8.616597787555702048e-01
4.400700000000000000e+05,4.979986062259567081e-02,1.240533175281131051e-01,4.438559869238550837e-01,1.179003584902013735e+00,2.324321823907315121e+00,2.886857454581869042e+00,3.423589652682339057e+00,5.825259942995708151e+00,7.291168055571587203e+00,8.534962935186031885e+00,9.674176768530060144e+00,9.693110125867548277e+00,9.552957987691867103e+00,7.940524638889085551e+00,6.686297393613230611e+00,4.725122972706166991e+00,4.842171253710477075e+00,3.858717576693817541e+00,3.883690519200678537e+00,1.896701178424882173e+00
4.400710000000000000e+05,1.353569114661767880e-01,3.416508804597533366e-01,8.117589528310420466e-01,1.168437617091140801e+00,2.100272969297831249e+00,3.305614478627435737e+00,5.227350542249498133e+00,6.448336836227388069e+00,7.322003423241314479e+00,8.670968392564775584e+00,1.063955354875306192e+01,1.135138037235051556e+01,1.172229497380875962e+01,1.061819648468246058e+01,1.123182080403500116e+01,9.793932192307837070e+00,8.256753559932572983e+00,5.168810336469231714e+00,4.902051662845512858e+00,2.751575042034328789e+00
4.400720000000000000e+05,3.272611063005059773e-02,6.710065594012992740e-02,2.077283594272919531e-01,7.150240229276580983e-01,1.794449864196677069e+00,2.692574033683568846e+00,3.475985669452509974e+00,5.176487486277208561e+00,7.158800364411635364e+00,9.365459566989935425e+00,1.088021444159221041e+01,1.067527107589998536e+01,1.151475446954350623e+01,1.162829903981727853e+01,1.051202314837448881e+01,9.254738466614016446e+00,9.309990232836216961e+00,7.452215989824748199e+00,6.234240763589722789e+00,6.351795189325057933e+00
4.400730000000000000e+05,6.656188799805784484e-03,2.554465913840320290e-02,1.719516673074951152e-01,4.234795686518380009e-01,5.383345954343088380e-01,7.520145485750564518e-01,2.028756803958881694e+00,2.831229566738347359e+00,5.019757288422189490e+00,7.203470167997824802e+00,9.509604335324238988e+00,9.536248799088273387e+00,1.025920245744701020e+01,8.162359534428889063e+00,7.455503305818875326e+00,6.335520355403833292e+00,5.076412569049526979e+00,5.074733568629472558e+00,4.778086670905695499e+00,3.867961820674565843e+00
4.400740000000000000e+05,2.156861605626431144e-01,6.885281701248484598e-01,1.483690210256348507e+00,2.058874668525982443e+00,3.005563473843188227e+00,4.089093369475452100e+00,4.930176170586759277e+00,6.176613373912855920e+00,6.967701290279958215e+00,9.640039679445829179e+00,1.060983797743771717e+01,1.043653539786057749e+01,1.096934508667386332e+01,1.116735587335633539e+01,1.185201557737452305e+01,3.384843670330599963e+00,3.301985686725509517e+00,2.601900033387324118e+00,1.921127613628998088e+00,1.410065309202228612e+00
4.400750000000000000e+05,3.885412112393571427e-02,3.413413861073288924e-01,8.132022354636668782e-01,1.491527403216934999e+00,2.059428286472414271e+00,2.517495575508744476e+00,4.733018463147704580e+00,5.487274104525293517e+00,7.310154131558017632e+00,9.125927897241775000e+00,1.033861775290697160e+01,8.263189873664234852e+00,6.852589148980952061e+00,6.365434499007913693e+00,6.797486788537783653e+00,4.018062987857142332e+00,4.061652281386137986e+00,4.143233363601442676e+00,3.970351551673004131e+00,3.261826650159895813e+00
4.400760000000000000e+05,3.165504531934968391e-01,7.015045373563983944e-01,1.337562248276483512e+00,2.185078425638452337e+00,3.535940809857975431e+00,4.329016448414978235e+00,5.131279384722150283e+00,6.405944650228240000e+00,7.688490785350818868e+00,9.194456214914971781e+00,1.090389504584013558e+01,1.123300357507536873e+01,1.130794218581586286e+01,9.437162808554026228e+00,6.993788779826472179e+00,3.793864690482429580e+00,4.024499849491327552e+00,2.645765130055115488e+00,1.848152653997714001e+00,1.806875856110923273e-01
4.400770000000000000e+05,8.875826700296585159e-02,2.028209301622043714e-01,6.435119546074600239e-01,1.063720382244663476e+00,1.857607132221158475e+00,3.397244789114051144e+00,4.204350373444909472e+00,5.453901844597059956e+00,6.213891343966032821e+00,8.060900086693157718e+00,9.790228479770615166e+00,9.026871796396164882e+00,9.183303446782980828e+00,9.040838850850587249e+00,7.151318982518038325e+00,6.742788064492504674e+00,7.005763415253884574e+00,4.331122152576190487e+00,3.693069386441091950e+00,2.051282701474101966e+00
4.400780000000000000e+05,1.186139017131593310e-02,1.297403751609020883e-01,7.023044343367360609e-01,9.376426882337818292e-01,2.888768373775025378e+00,3.596628189831936329e+00,4.353653540039170267e+00,6.925279477716240528e+00,8.541295242243128527e+00,9.758132339799491461e+00,1.079937398277035676e+01,1.006574011183569084e+01,8.649180375367903295e+00,9.119464433556577987e+00,9.124956241687963043e+00,5.957369519422320181e+00,5.026048210605493338e+00,4.238800715892557136e+00,1.467561234383240709e+00,2.887707339023259934e-01
4.400790000000000000e+05,2.418050286925486070e-01,5.217351716826945651e-01,9.772399715013967425e-01,1.593874896930962848e+00,2.158566439512337620e+00,3.155750494928588612e+00,4.403125139399154619e+00,5.694962305342243347e+00,6.888669266012146686e+00,9.165759760271827261e+00,1.097045891407023710e+01,1.133017464190795209e+01,9.035845948048235599e+00,7.227666129913373538e+00,6.912512934103952844e+00,5.990374196173082311e+00,5.955754429071193456e+00,2.917837815296990378e+00,2.684621097144859192e+00,3.411823128184776621e-02
4.400800000000000000e+05,8.248680663247132117e-02,1.965671180014536557e-01,5.131756525336983454e-01,7.484405771846085464e-01,2.345948817461029456e+00,3.213813314532487198e+00,4.034816710312905563e+00,4.980806068372520379e+00,7.343736260212645917e+00,8.462383803513169767e+00,9.906469323273622507e+00,9.989898109162929529e+00,9.344895624716162530e+00,1.004901124896121978e+01,8.585538966606023337e+00,7.048168623052227133e+00,6.571454879251337644e+00,5.817399957120189313e+00,6.094583194698315332e+00,5.014905792170390342e+00
4.400810000000000000e+05,4.692967282985704980e-02,5.684174662467122996e-01,1.152390998827830693e+00,1.945853923309419642e+00,3.241864011961216541e+00,3.890569777639601767e+00,5.074603488018752273e+00,6.104095487762291938e+00,7.297519925832709475e+00,8.304521658880588575e+00,1.074005757515165627e+01,1.012147417969705643e+01,7.113373895152614423e+00,6.628964586740739406e+00,3.972891358546851492e+00,4.119047441252861930e+00,3.735145060511175341e+00,3.137478333442784262e+00,3.253014723140998044e+00,2.080748939468444192e+00
4.400820000000000000e+05,2.359315197889033655e-02,5.215886428502436445e-02,1.307632024670944970e-01,5.063232485119164572e-01,6.339608472732405353e-01,1.127925934390193730e+00,3.577133105223416987e+00,4.810645398261002015e+00,5.423636768377999573e+00,6.719865168689576507e+00,1.081437808351470586e+01,1.131331859063330825e+01,9.090046683330335497e+00,9.182456901164870899e+00,9.706692628625189556e+00,9.490299191218014130e+00,6.846817240278086025e+00,6.430816026855159961e+00,5.017590567659035550e+00,3.991346866642337954e+00
4.400830000000000000e+05,1.583514700558404931e-01,4.279319832422605607e-01,7.545672378582506390e-01,1.960662748013592971e+00,3.083653308060548159e+00,3.728476399035451472e+00,4.403539818163308084e+00,5.281134816289209333e+00,6.372125305724064326e+00,8.273517930063491121e+00,9.445121866571955849e+00,8.635535164308778988e+00,8.988956509688028618e+00,9.591609978921390223e+00,1.005024807534678999e+01,8.617216179681783217e+00,8.962477656493508249e+00,1.857758025083859676e+00,4.811420545919403713e-01,8.215868065090781158e-02
4.400840000000000000e+05,6.882380170545498999e-02,5.556127944205668800e-01,1.069471026932138802e+00,1.847764956692563576e+00,2.371531467538681159e+00,3.868700955785172368e+00,5.047616498772084626e+00,6.294763726247233571e+00,8.187425217439697533e+00,9.723066897006443554e+00,1.071035662428886504e+01,1.121799167160402888e+01,1.082404033553039646e+01,9.622639704447971454e+00,9.864149910099762053e+00,9.722202069964012594e+00,5.395546722141198792e+00,2.868187725424387047e+00,2.633208500497549842e+00,1.523950602605330662e+00
4.400850000000000000e+05,6.369546877366139004e-02,2.232035925317430447e-01,4.290192890458073283e-01,5.802106939910829375e-01,9.557668393135948515e-01,1.330320457038551840e+00,1.934309813501226882e+00,3.656986067597253864e+00,4.964104152465359299e+00,7.714305298039580983e+00,1.098047296962158903e+01,1.071105108028041997e+01,1.150337319336792774e+01,1.218415346801506871e+01,8.958786498706260204e+00,8.511665194127896683e+00,8.817023091421670955e+00,7.168601455390750665e+00,5.934025447980281420e+00,3.400587379977486613e+00
4.400860000000000000e+05,1.215532180625107372e-01,2.639820886801136357e-01,4.122818301964734644e-01,7.562850311944524506e-01,1.394550197518776846e+00,2.659461268605731732e+00,4.029087675686024106e+00,4.921556403766479626e+00,6.379195206531752760e+00,8.174245931066469240e+00,1.066743652419058108e+01,1.068317383394541231e+01,8.383155793697351754e+00,5.662878897717249060e+00,5.969321360851131963e+00,2.221510657287328883e+00,1.925938823205278538e+00,1.703781420291661020e+00,1.792113458079460209e+00,4.138835275088204035e-01
4.400870000000000000e+05,1.044971984545989274e-01,3.922361716191928860e-01,6.862514812591873348e-01,1.512148666512149298e+00,2.245710625815320771e+00,3.149504996103297927e+00,4.575983316882079599e+00,5.638885318598787499e+00,6.801390112514846820e+00,8.451464255879482579e+00,1.027286208220604280e+01,9.975495371973522651e+00,7.687003645583196487e+00,4.065083289833811619e+00,3.779421858283813940e+00,3.922380261992696404e+00,2.551174252882215221e+00,1.401670300857694729e+00,1.317085275263027100e+00,2.141496448540913811e-01
4.400880000000000000e+05,1.181728366584808843e-01,3.724548183813221058e-01,7.845920151845117152e-01,1.107164537433566132e+00,1.448646189870915091e+00,1.863267969773113819e+00,2.562086733420680495e+00,5.770307175053560833e+00,7.719948984605631281e+00,9.097768903668473683e+00,1.026973019216590544e+01,9.362223524220294024e+00,9.833084360792632594e+00,9.145631395944722186e+00,8.388792728286814437e+00,7.477013161906361560e+00,6.387870625157438198e+00,2.771702514809069484e+00,8.196972755518044940e-01,3.196462433917068857e-01
4.400890000000000000e+05,4.008328785930914684e-02,2.046536180959530604e-01,3.196284653583368884e-01,5.848771121881828350e-01,8.146250763256829286e-01,9.913794925554781923e-01,3.296240157439915386e+00,6.811602304665581364e+00,7.839858527138839683e+00,9.137904923002389879e+00,1.066060877242987814e+01,1.026774232316833135e+01,9.657319898265441793e+00,9.277656902579469289e+00,7.827308012443696228e+00,7.758180034710395745e+00,7.006511937633131737e+00,4.334107363914582400e+00,4.119027543858121199e+00,2.962476330637100475e+00
4.400900000000000000e+05,2.356282087352427057e-01,4.924432702138974438e-01,9.215814364901111500e-01,1.258921438227464940e+00,1.586477983124534141e+00,2.043644435794534697e+00,3.410362382285487826e+00,4.263343670921267758e+00,5.153037149190135224e+00,7.916981095529054713e+00,1.089763907777254381e+01,1.088774161895548431e+01,6.662218626438402680e+00,6.375022689404246101e+00,6.430609601971023714e+00,5.361367349661925630e+00,5.652320469647992063e+00,3.547492126122571143e+00,3.312664643978497026e+00,9.389159115466672034e-02
4.400910000000000000e+05,1.733096105529771114e-01,7.067622918241216468e-01,1.229212182601759018e+00,1.847846440774858046e+00,2.661783163728874690e+00,3.871762926558278028e+00,4.938621232677816053e+00,5.685765642263318931e+00,8.015528906691848476e+00,9.731040172164236779e+00,1.094632161014605920e+01,1.144908042507990231e+01,9.072275236314442992e+00,6.283557791515067770e+00,3.303344925678128874e+00,3.394712151630725927e+00,2.178549754829536056e+00,1.117951863836245119e+00,5.377880879982818163e-01,2.264125693295215846e-01
4.400920000000000000e+05,1.286119057527511655e-01,2.931330064871402463e-01,5.306152133915886804e-01,8.032077058585400664e-01,1.902921303336821524e+00,2.345678776585715219e+00,3.738647910597841850e+00,4.297636662486935322e+00,6.335652191338500216e+00,7.103707647007066583e+00,1.098190544070482311e+01,1.057856403714830762e+01,1.080526668174391602e+01,1.060981253734174246e+01,1.122413576581062955e+01,1.158798791933851646e+01,1.200100677933719595e+01,7.915524607610756824e+00,6.427014055952316340e+00,3.798026507056517787e+00
4.400930000000000000e+05,2.517373424940035909e-01,7.492332001202002267e-01,1.324212474990329014e+00,1.946448371270234734e+00,3.116682842917994467e+00,4.140183239708312257e+00,5.298896290246951857e+00,6.762399537464755639e+00,8.048449830123788118e+00,9.079761797932723866e+00,1.037675184287896535e+01,1.023462270511727112e+01,9.382996876222776450e+00,9.443618286419400931e+00,1.009104581298554670e+01,1.059631989970376509e+01,8.006888187097885634e+00,4.172495613211318677e+00,2.373441472091102789e+00,2.166318211859583620e+00
4.400940000000000000e+05,1.048168258360501204e-01,3.098354497267858942e-01,5.453675113274916164e-01,1.060498283738861236e+00,2.161775549566631760e+00,2.621291223762347133e+00,4.232109768494576763e+00,6.000360528213719569e+00,7.695867785167664898e+00,8.755869710600887146e+00,1.017118844709757930e+01,1.060908028776592005e+01,1.086293739944750669e+01,1.158123848239526232e+01,1.129142063183410016e+01,9.944353605520511508e+00,9.209987565082531802e+00,7.434530988189276712e+00,5.788989276701505204e+00,2.703533038390792953e+00
4.400950000000000000e+05,1.138513117829169641e-01,2.384033251750081739e-01,3.584195716871151349e-01,6.105615222913862716e-01,1.977890679607182678e+00,2.636739546624743191e+00,3.380159977849733988e+00,5.355132819659104371e+00,7.104833057708409783e+00,8.262809731198828445e+00,9.186221260265000410e+00,9.826452313494019819e+00,9.588691796703763259e+00,7.566871586048332432e+00,7.672685693127245798e+00,6.321508739322565518e+00,5.637061195612665720e+00,4.996040388721849190e+00,4.346229182844441041e+00,4.137314922638086756e+00
4.400960000000000000e+05,1.151633122104942508e-01,3.405336551259703359e-01,5.784626492852824597e-01,7.863455694047924993e-01,1.093768790121752987e+00,1.320072562924490267e+00,2.894855397339085812e+00,3.673425885196044405e+00,4.575831804187712848e+00,8.773828465404756471e+00,1.022682551161730657e+01,9.073473481066832491e+00,9.455658429798399212e+00,9.850537566981904192e+00,8.790402999213405622e+00,5.204743341205372076e+00,3.107775889586173346e+00,3.206998413886355870e+00,1.866193810685290444e+00,8.439880928235243829e-01
4.400970000000000000e+05,1.175212170367978537e-03,1.942116059382970050e-02,2.515187698873510014e-01,5.278055729469710577e-01,7.570423473969473127e-01,1.039464809651933885e+00,1.213268742404587819e+00,2.974766603201261184e+00,6.328084714171328784e+00,8.584792307757261653e+00,9.444696234620046482e+00,9.194912018103400086e+00,7.339025020338926453e+00,6.970668685775149420e+00,5.463245253723193251e+00,5.270284896269808783e+00,3.918994700388304331e+00,3.284409014262602344e+00,3.233363069677531954e+00,3.325065944703178289e+00
4.400980000000000000e+05,1.825178623078416162e-02,1.804008258839289169e-01,4.185802364608263160e-01,7.417793701631678616e-01,1.244198457443174144e+00,2.613220626666384661e+00,3.052967085567205530e+00,4.573036930933930932e+00,6.004754738237815914e+00,8.131387950235449580e+00,9.309338155793962954e+00,1.004921092715488662e+01,9.795185900302653792e+00,7.919374354021242013e+00,8.268733430627381864e+00,4.811102142539590787e+00,4.324405458137560387e+00,4.082326750835665763e+00,4.163903125164666319e-01,3.648408210604903168e-01
4.400990000000000000e+05,6.466388764744535056e-02,5.478776230929462976e-01,9.723417370014491024e-01,1.390063737268626642e+00,2.106354653528152987e+00,3.025188532209307724e+00,3.913260925104165455e+00,5.423808848287535511e+00,6.866230817823771204e+00,8.823502293638158633e+00,1.050562515361882454e+01,1.018744276960851280e+01,7.867069037100177020e+00,6.568022132905467103e+00,6.624433984033363032e+00,5.964810267761270879e+00,5.960400206761709896e+00,3.014002409123324178e+00,1.530276272329060605e+00,5.156240567998970903e-01
