6.600000000000000000e+05,9.599527740292004285e-01,9.264048968003294471e-01,8.924524651979826029e-01,8.862205720940665721e-01,8.566544284762200867e-01,5.689423460946403388e-01,4.416300426397694601e-01,2.206953387091866725e-01,1.850025185120919291e-01,5.512138029711111109e-02,1.535636700731146664e-02,7.779352437254538621e-02,1.170627083600858098e-01,1.386501677639776497e-01,2.793148329118426698e-01,3.343717684979728988e-01,4.349325590261331476e-01,6.064967753961192365e-01,7.367001796137925274e-01,7.778538225365739800e-01
6.600010000000000000e+05,8.892347242010215647e-01,8.766842160681191931e-01,8.739236160255230423e-01,8.582944451038335698e-01,8.141984771696082479e-01,7.366919619705116773e-01,7.118615414420432774e-01,6.463920532431720600e-01,6.360154209469668363e-01,8.902768063766075546e-02,2.558664027683033027e-02,2.926228958765760835e-01,5.182376159235504431e-01,6.204730807835918682e-01,6.350511390460705785e-01,6.457603450812809953e-01,6.811560557203516497e-01,7.744568102821827171e-01,8.494679361731123368e-01,8.999473437585381319e-01
6.600020000000000000e+05,7.683505970049592237e-01,7.251083047181632324e-01,6.982468621870984160e-01,6.321091054923660968e-01,5.988945413474231483e-01,5.941064147892041181e-01,3.097887830693929478e-01,2.801084201248469352e-01,1.114550286398087175e-01,8.037360466213516741e-02,3.814786972331019044e-02,4.774345371027499674e-02,1.089902071870589850e-01,4.358754867651740694e-01,5.042850865210204425e-01,5.434965874419487308e-01,7.162063672156541161e-01,7.309783139369929739e-01,7.647385672809091650e-01,9.602796253696596063e-01
6.600030000000000000e+05,9.486761152969099831e-01,9.336572466568716644e-01,6.365594806836919473e-01,6.348765423251484519e-01,5.590183948237396061e-01,4.891810662503326412e-01,3.638281255716937501e-01,3.063258649680499213e-01,2.719498471911453441e-01,1.454837580825906196e-01,3.414558721249816298e-02,1.975572955900950500e-01,2.078177072879108245e-01,2.409807543653341710e-01,3.155626021688282545e-01,5.081008662906297824e-01,5.372468006862930467e-01,5.879971616289975112e-01,9.470457460421637386e-01,9.593677269068093816e-01
6.600040000000000000e+05,9.300097392658192019e-01,8.431357278337868744e-01,8.340280977395987394e-01,7.237633442086146562e-01,7.182716339634558356e-01,6.666126987961694672e-01,6.361214765206392174e-01,2.992724336490518722e-01,1.569602333005377659e-01,1.269818952519072841e-01,9.092044476936012032e-02,1.144136771247373785e-01,1.987750138838313418e-01,2.746234645646590256e-01,3.267757098633682356e-01,3.857970445748259980e-01,6.119945741387313731e-01,6.203168133531884454e-01,6.407115030303424108e-01,6.883192594620909377e-01
6.600050000000000000e+05,9.983348182008560112e-01,9.587218858458544934e-01,9.415394333244445635e-01,8.610266993846011907e-01,8.093312808238628531e-01,7.387656803345089562e-01,3.918027998544517665e-01,3.060381958862282703e-01,2.374453842373578372e-01,9.460009709264460831e-02,7.268696425283871498e-02,1.546884796305585397e-01,2.073353158834471133e-01,2.105197049647024032e-01,3.600002532081623130e-01,4.183992125446184263e-01,4.849847879926072469e-01,5.492944403720495528e-01,5.797028120122226236e-01,6.824035706561168979e-01
6.600060000000000000e+05,8.015308557804889933e-01,7.384283887809685032e-01,7.077713888255834362e-01,6.503247385050393570e-01,6.065456989035313828e-01,5.748577891034369891e-01,4.627020141770286088e-01,3.748716971641512519e-01,2.494268494139024739e-01,2.338502386387371068e-01,2.237229462844531058e-01,2.984004252675684921e-01,4.052738029895894822e-01,5.844557105672755215e-01,5.947787846465256711e-01,6.055634121964901251e-01,7.392340839064556191e-01,8.765485768227788688e-01,9.762579757041252027e-01,9.903638199137929643e-01
6.600070000000000000e+05,9.650230700250266302e-01,6.815683182014802277e-01,6.673427735686698892e-01,6.406969453063107167e-01,6.273199312047899046e-01,6.013873165356906636e-01,5.990772269976912812e-01,3.991179898385651681e-01,3.867395480958674137e-01,1.592487983283469299e-01,2.319386964424174913e-02,2.786755580961197687e-02,1.514668829804910466e-01,2.587020969891693500e-01,4.898379678786185520e-01,5.194046502358509176e-01,5.438675102759912283e-01,8.486072014920756912e-01,9.180789578260050154e-01,9.718362246032291596e-01
6.600080000000000000e+05,9.836184579248258286e-01,9.732625606712510535e-01,9.524009480761804758e-01,8.594894711808339638e-01,5.270693283478538049e-01,5.228451699936018660e-01,4.328073761197506197e-01,3.991299644496046906e-01,2.569125796905669112e-01,2.088074785043984027e-01,3.812257557309728373e-02,2.294943445362380707e-01,3.962824382019990432e-01,7.145779227774153863e-01,7.465256728632790884e-01,7.487916234417096861e-01,8.353651758875342281e-01,9.166652925169633814e-01,9.544386404756348696e-01,9.713635080406659572e-01
6.600090000000000000e+05,9.881433427293795368e-01,8.498135671118304257e-01,8.247738179122523494e-01,7.876712104967710237e-01,4.613514581028785866e-01,3.308670464990622895e-01,2.038996380577441370e-01,1.239005459533544240e-01,1.145285108298462751e-01,3.296290322032024989e-02,1.724840385052395231e-02,1.539876657362979628e-01,1.774847000490331617e-01,1.921361823099845267e-01,2.074822844760113583e-01,2.619898819247605815e-01,3.299691538684939029e-01,3.815639640626188323e-01,3.908481870738199637e-01,6.054927064337390918e-01
6.600100000000000000e+05,7.220509566425790116e-01,6.430700038577914501e-01,6.068111902967905369e-01,5.459706764203378082e-01,5.183704160612246925e-01,4.964387776264557184e-01,3.630941180484522635e-01,1.919503773413361314e-01,1.778787429864280289e-01,1.613886263403265797e-01,2.961331440842773777e-02,8.842508325607778552e-02,1.492298319272353790e-01,2.092217155047451094e-01,2.619461368740180207e-01,4.934730367411145346e-01,5.261261602182429886e-01,9.375484090669893300e-01,9.701466261923834544e-01,9.978936304887902065e-01
6.600110000000000000e+05,9.957635965407685141e-01,9.760067516593416981e-01,9.289924107318853208e-01,8.611480346455077095e-01,7.902720579985138549e-01,7.884812456598805364e-01,7.665873651832497693e-01,2.313064998066333144e-01,1.853394213068941809e-01,1.765014309688848204e-01,3.941636366214940068e-02,1.238482561602001208e-01,1.854702652067607982e-01,3.188377659995894620e-01,3.478924546061855638e-01,3.660917951544776505e-01,4.306668395084957135e-01,4.734373855245461726e-01,5.305435869501383683e-01,6.131853436686801606e-01
6.600120000000000000e+05,8.154472115542912292e-01,7.170645396511070579e-01,4.621995354779896426e-01,4.435337578264002545e-01,3.979985535955724574e-01,3.608169235550275911e-01,2.031857411156319237e-01,1.989262731115324367e-01,1.678175417946662362e-01,9.630865055265547259e-02,6.366067266622588150e-02,2.119951133910061847e-01,4.230296186948452331e-01,4.886536671446491953e-01,6.319652039187551029e-01,6.367340418717648554e-01,6.808108732453967971e-01,6.847748044521406730e-01,7.894266828745115649e-01,9.934217982850729323e-01
6.600130000000000000e+05,8.324033725774702130e-01,8.302117502622269329e-01,8.021797067240797885e-01,6.899600937583414417e-01,5.374810992636014362e-01,5.275566440410143221e-01,4.394162544996513819e-01,3.898135527957777846e-01,2.024664662353528044e-01,4.949194949559765355e-02,2.569181003227127835e-02,9.519686946102656755e-02,1.117096014312939367e-01,1.420279430562411127e-01,1.592480182357972618e-01,1.600923406484394684e-01,1.771806663007984284e-01,7.137547183887136271e-01,8.635814581557424985e-01,9.386257967799191970e-01
6.600140000000000000e+05,9.386372884202468514e-01,7.907204670443203076e-01,7.089702376986968257e-01,5.925284810165706295e-01,4.630489498397630799e-01,4.352073125401992870e-01,4.151831592558659079e-01,3.962493075559510025e-01,2.827433798251185459e-01,1.542833776793899325e-01,7.544245604075272560e-02,1.032079423728377021e-01,4.650930871281635515e-01,6.168479331379261854e-01,6.681299429556317726e-01,7.145876506029512631e-01,8.016725492566860733e-01,8.106907926668992515e-01,8.876071302283063957e-01,9.251878538838097521e-01
6.600150000000000000e+05,5.664246137876707277e-01,4.813537235398920311e-01,4.554722867929796859e-01,3.700674440595107528e-01,3.008552891351565783e-01,1.773369555711536982e-01,8.881810340009399507e-02,7.401295302180932456e-02,3.303295425401586716e-02,2.296201170893730215e-02,6.498271812981792905e-03,1.600663336260483849e-01,2.233912905156828499e-01,3.852090557345312360e-01,5.264160946610824121e-01,9.162402504832403149e-01,9.444547108393616108e-01,9.587273269820669741e-01,9.706016611243245551e-01,9.801434595265028360e-01
6.600160000000000000e+05,9.870504270042468331e-01,9.444742301869570866e-01,9.236819823197481849e-01,7.763773874381894036e-01,5.314622380900928533e-01,4.697872818268533646e-01,4.371160865230037107e-01,2.528230103530867412e-01,2.344210158580661840e-01,2.204167542729724705e-01,5.305817975220827876e-02,6.707011087643865999e-02,1.654463135310025867e-01,2.458094115533072666e-01,3.732372493918895140e-01,4.440301814362829225e-01,4.596523103943178645e-01,4.888770003958792243e-01,4.989303978114884019e-01,8.390758067461507874e-01
6.600170000000000000e+05,8.933718080147685647e-01,8.729562820355583064e-01,6.122778082412536627e-01,3.386578737668107797e-01,3.140706055443381883e-01,2.981867395372782559e-01,2.486102270214577414e-01,1.778482635413810575e-01,1.257780717585075259e-01,3.318813718356261599e-02,2.148200378177878012e-02,1.052763480120336714e-01,1.945398135429051711e-01,2.675233755144217351e-01,5.572099230626272881e-01,7.217790237580702373e-01,9.038795164376118851e-01,9.635766403018106718e-01,9.792537868514216148e-01,9.825923762698287600e-01
6.600180000000000000e+05,9.926200019154506338e-01,9.623310171974445160e-01,9.407801361402701179e-01,7.968764110133048639e-01,6.158900883369956558e-01,5.669760316946340639e-01,4.949183429118343414e-01,1.435827805698477455e-01,4.875381770947795346e-02,3.125848622252047626e-02,1.831601563922036213e-02,3.022254587259676217e-02,7.138731940114484420e-02,3.663132538442108732e-01,5.509391876419064138e-01,5.845453202815388272e-01,6.466046544320499523e-01,7.066881120581275377e-01,7.836092469261699556e-01,9.324512897347957407e-01
6.600190000000000000e+05,8.697836358433164161e-01,8.467737280052640703e-01,7.485424526835244841e-01,6.627380340005517567e-01,5.552954031954188130e-01,5.367143150078801384e-01,3.381722126132020723e-01,2.333624117200179260e-01,1.673474610042100519e-01,1.321196369684340954e-02,7.376160527244990384e-03,6.208280018697598379e-02,8.911974826135404815e-02,9.199976891833039350e-02,2.086965010167511902e-01,3.711180626949331929e-01,6.717423722957291954e-01,6.870862299822693142e-01,8.695990933271273704e-01,8.934125543482894782e-01
6.600200000000000000e+05,8.472707451533961764e-01,7.846727833823574638e-01,4.922588838600875372e-01,4.646842334668015440e-01,4.086785335733151836e-01,3.441062542488041442e-01,2.846233638690297552e-01,2.718225963156928326e-01,2.706044348960705559e-01,7.404158386970738359e-02,6.983090447377726662e-02,1.300954811251574528e-01,3.660730183593740028e-01,3.762233079298599181e-01,3.776477106892733859e-01,4.961762868766353973e-01,7.088957584813477819e-01,8.925620293576931319e-01,9.246798542893377437e-01,9.715214494787556276e-01
6.600210000000000000e+05,9.804839294085889723e-01,9.537068622280616692e-01,9.415625438021105742e-01,8.469730111338644729e-01,7.604213999904736454e-01,6.558208120300895727e-01,5.170273038500728946e-01,4.905620287402699953e-01,3.119120194887087250e-01,2.885922762275117126e-01,1.890169534382690752e-02,7.770097819127042005e-02,9.255974215274842543e-02,1.120157499862403094e-01,2.604156316167386409e-01,3.270045176538636245e-01,3.883827237227277518e-01,4.370560935113689816e-01,4.901242318699805534e-01,5.057981099770755273e-01
6.600220000000000000e+05,9.967815173644444249e-01,9.560603116588732853e-01,6.516677576559998242e-01,4.603256762597085494e-01,3.728714420965872911e-01,3.710089833234705425e-01,2.660409785422562789e-01,2.085804206477857026e-01,2.030160373579813493e-01,1.472556572698232591e-01,3.333474835554106619e-02,5.429632169680598253e-02,2.037795940055723287e-01,2.290976858396912563e-01,5.258672078133047600e-01,7.319542693331639871e-01,8.315903659650790702e-01,8.608699451965700078e-01,9.041992101294509254e-01,9.293286757790854002e-01
6.600230000000000000e+05,7.816483057666583356e-01,7.095879813817368431e-01,5.328648527298998072e-01,5.303356330600711432e-01,4.370689888356950048e-01,3.113397898362822991e-01,2.792750164080017861e-01,2.722050451913651248e-01,2.392328773573237921e-01,5.586385631368340210e-02,3.887499479750011755e-02,1.153487428492664391e-01,2.948357489085673411e-01,3.723968462539621882e-01,7.488399887099654872e-01,7.586266627490646508e-01,8.176784837614492485e-01,8.419854228637991822e-01,8.637893262866771504e-01,9.137715183137840036e-01
6.600240000000000000e+05,9.907814824725086345e-01,9.740088813701640591e-01,9.668680511171335867e-01,8.547516434304248678e-01,8.220289044130573153e-01,4.514256074291664866e-01,4.334888280404930461e-01,3.695565195121821578e-01,2.477314590405716999e-01,1.493197008985378549e-01,4.048761280845025734e-02,6.947848432629133431e-02,1.536388384913158767e-01,2.226944191767534775e-01,2.810074785858294177e-01,3.040519255539979593e-01,4.705616435895337846e-01,6.043670058175929505e-01,7.652180208797201288e-01,8.490299784752011192e-01
6.600250000000000000e+05,9.498024646833483908e-01,8.117259941122469957e-01,7.868017656222584533e-01,7.263196824557460740e-01,6.961525460738653415e-01,6.330040342608784787e-01,4.900420321937917212e-01,4.222425124423169196e-01,3.698392962094053660e-01,2.499614588138209248e-01,5.044456802217978098e-02,2.956757161629220976e-01,3.914245346271080228e-01,6.039507375433630365e-01,6.089889072209857535e-01,6.691334858381445816e-01,6.766680829683900944e-01,6.885137852686488147e-01,8.722290931798802882e-01,9.992462999113370659e-01
6.600260000000000000e+05,9.753651573434329869e-01,9.214377239945337195e-01,9.177732436937198202e-01,5.844255029762562836e-01,5.466565678458594757e-01,4.830454795162388848e-01,4.537757697090578635e-01,3.603749105971328914e-01,2.496488406636560020e-01,1.328874772744598198e-01,1.286256191131401883e-01,2.048149682865436638e-01,2.115812760035172824e-01,3.414223532768289049e-01,3.952454615562777107e-01,4.018840691402112419e-01,4.160318889366734219e-01,6.621074615435844635e-01,8.064324980704301593e-01,9.246850730554638798e-01
6.600270000000000000e+05,9.968686818912789738e-01,9.709871934685800898e-01,8.974148925338411020e-01,8.826353999637306380e-01,8.667524038187855995e-01,6.571543080253949842e-01,4.024243738918591440e-01,3.362174481891432309e-01,2.603325808661041130e-01,2.500534764852355707e-01,6.653167542445348470e-02,2.313644591857891841e-01,2.926401087035237492e-01,4.426832019306391475e-01,4.731085253081585007e-01,6.539319967487232654e-01,6.647594891947415929e-01,6.998279784073224707e-01,7.999254056868178031e-01,8.300645223455627164e-01
6.600280000000000000e+05,8.732717935536263854e-01,7.604795895702254338e-01,6.266023468323762557e-01,5.918698324616887829e-01,5.301142603069054493e-01,5.177147688506296141e-01,3.665068306578521673e-01,3.588584993069328100e-01,3.411286527161836446e-01,3.470616282521699070e-02,5.686385922220926759e-03,1.348348441472632109e-01,2.663919022725761421e-01,4.645787283555128377e-01,5.256173923609734899e-01,5.357173822591638768e-01,6.625717500754376710e-01,7.946437965341311971e-01,8.093362231633922654e-01,8.706154574284767911e-01
6.600290000000000000e+05,9.796416075576693805e-01,8.874264831921248042e-01,8.540876988380373680e-01,7.921827132844505570e-01,7.907013430710275737e-01,5.098882753833577919e-01,3.599540733484556387e-01,3.432542397938218581e-01,3.094118344718422842e-01,2.566243258476608169e-02,2.444412451249944329e-02,5.860613027582783907e-02,1.125782932807498637e-01,2.691922589709734304e-01,2.958504403401861493e-01,4.803088071631972378e-01,6.509164200064054828e-01,7.195898682041329542e-01,9.289333829357757644e-01,9.797832852827900174e-01
6.600300000000000000e+05,8.327395687836651739e-01,7.668213478277813300e-01,7.227335803352823440e-01,7.099790110131641852e-01,6.705585924296091349e-01,5.694912953690739466e-01,5.280837295685335553e-01,5.272951479376665196e-01,5.184815124040214052e-01,4.350172096322596493e-01,1.548256394665437075e-01,2.206962560151657371e-01,3.243238797867866730e-01,3.577286820940949186e-01,5.020048643639598573e-01,5.196720279630302475e-01,5.952735317905452073e-01,6.771224457729591029e-01,7.020747142467443913e-01,7.215751494622085760e-01
6.600310000000000000e+05,9.740035917485004857e-01,9.644756563451624132e-01,9.559491217231673721e-01,9.221594735712874691e-01,8.975627626604725240e-01,7.342698550231014920e-01,4.877910288143556539e-01,3.357249978305669735e-01,2.375835179770849903e-01,1.027621693112361623e-01,7.835712515420201196e-02,3.842143666079103070e-01,4.279263071823216080e-01,4.342460126781934049e-01,4.856754490942825075e-01,5.103317825328957946e-01,5.396610337468366048e-01,6.671179144813916828e-01,8.521541538606478561e-01,8.648720907999630780e-01
6.600320000000000000e+05,9.095652159269220771e-01,8.868571776052909250e-01,8.495357648595887046e-01,6.705605308938658027e-01,5.562972014913210028e-01,4.630439115898093982e-01,4.178955608020108459e-01,2.498349445615324349e-01,1.698679349416754025e-01,1.299949672352761487e-01,4.037344887073079924e-03,3.662154505583103958e-02,3.800376920343470077e-01,3.817875216872858024e-01,4.234524348469960175e-01,4.880405150058166885e-01,5.213528485665915868e-01,6.522435221540412442e-01,6.588355942444477087e-01,6.883477806927545961e-01
6.600330000000000000e+05,8.515129749955746563e-01,8.399033615342823555e-01,5.783170935181760619e-01,4.460015880424300638e-01,4.305639405401620046e-01,2.862722307398809507e-01,2.139344989004247077e-01,7.618964661737137600e-02,7.429429636361062350e-02,7.222404833919904288e-02,6.240006607418313589e-02,9.487436637118440430e-02,2.175771581590669745e-01,2.852842640012150932e-01,4.775239314403020296e-01,4.986181700655594184e-01,6.175120216760707770e-01,6.478388873765913436e-01,9.324252602421029268e-01,9.333306006877858385e-01
6.600340000000000000e+05,8.401247097322892543e-01,8.339625914199939594e-01,4.888476927546554496e-01,4.798160436648180038e-01,3.608880200792153881e-01,2.595029319763502151e-01,2.385405305394204811e-01,1.947059075090852298e-01,1.654009795489650436e-01,1.339498685442888082e-01,9.349234271230777438e-02,2.222403627964519846e-01,2.528386730307085051e-01,2.883762931756225223e-01,3.914038395559532590e-01,4.306915711614264231e-01,7.876678935113468061e-01,9.094444680761124555e-01,9.751886243435089474e-01,9.937269870760904178e-01
6.600350000000000000e+05,9.411839855574202218e-01,8.688431792596873482e-01,7.965106625414486441e-01,7.464913849857122141e-01,6.349503545396670834e-01,6.012334164655869229e-01,5.633246397560681684e-01,5.398278518659116454e-01,1.882243116337007915e-01,1.827313489823950698e-01,6.127796415001163233e-03,4.750029191899518555e-02,1.210958592465897210e-01,4.760982133727990062e-01,4.777007686142310527e-01,5.105923045187055198e-01,6.282818543591593974e-01,7.881622238872374453e-01,8.269684737569206190e-01,8.371247098167822198e-01
6.600360000000000000e+05,9.511507107154267837e-01,8.407073815896702884e-01,8.177645057099256487e-01,6.576512585898288688e-01,6.258815286518742971e-01,5.910255066424286996e-01,4.497332133708752400e-01,4.335524155255965351e-01,3.758227209196873808e-01,1.788895090491756656e-01,1.808010220181954786e-03,1.198252820672395247e-01,3.223313528200165701e-01,5.721867248633645264e-01,6.957285340107945970e-01,6.994765442263641830e-01,8.674054731050203637e-01,8.720881741277566324e-01,9.705770022700187516e-01,9.975860358647254955e-01
6.600370000000000000e+05,9.218824993122469724e-01,7.793435458175982378e-01,6.893749281831198505e-01,6.570794102079338117e-01,6.200339164456413199e-01,6.126064919069532655e-01,5.364692367134802353e-01,4.867958746377335499e-01,1.811783011894169126e-01,9.831757396938178850e-02,1.153460113833648659e-02,1.226980776100575765e-01,1.305012074587522664e-01,1.630802572182519228e-01,1.990729911511991412e-01,4.311148112805354149e-01,5.174698565158541985e-01,5.547649630629172268e-01,6.161237516021682570e-01,6.639488613888919755e-01
6.600380000000000000e+05,6.751728304098360001e-01,6.107222042261306605e-01,5.822098896034049176e-01,4.952912025787027384e-01,4.693885814338901730e-01,4.413771722968040656e-01,4.413331967047898763e-01,3.033041170191512759e-01,2.295643609912764171e-01,1.167374358516114485e-01,2.405273776677574471e-02,1.454499539077912518e-01,1.838139675795423811e-01,3.911839707696410651e-01,4.389978068954638601e-01,4.909913263106427950e-01,6.815419719986897107e-01,7.708855491208711497e-01,9.082195927294166582e-01,9.653128326689662808e-01
6.600390000000000000e+05,8.673453419004450993e-01,8.569825611798544962e-01,8.348385668530294845e-01,6.462716780318020771e-01,5.222898444069660195e-01,4.919271752813119125e-01,4.145499241598450402e-01,3.768381427348319601e-01,3.156031508257824969e-01,1.332208341840747101e-01,6.076682112654707701e-02,1.272537493541651132e-01,1.873937947337329657e-01,2.940062779142160743e-01,3.594370232433660162e-01,6.458662873909510882e-01,6.695648159144969025e-01,7.122181623679774143e-01,7.216480288670610310e-01,7.345693833017071794e-01
6.600400000000000000e+05,9.619076301005268226e-01,8.943097617366024821e-01,7.244084192585408255e-01,6.523977218960541613e-01,4.577442096795670823e-01,4.418999396662284251e-01,2.018618343779398083e-01,1.225992117576129026e-01,6.562557896819243286e-02,6.551014785136144436e-02,9.121325781337730199e-03,7.347740255761203709e-02,1.048791621969272780e-01,1.531245211423075681e-01,1.726238146779883742e-01,1.752156681229785073e-01,2.320648371698764700e-01,2.673205120973236593e-01,4.167447585494606921e-01,6.055349979319178955e-01
6.600410000000000000e+05,9.231835286428182741e-01,8.693176529924042661e-01,8.220466219905113725e-01,8.079774780699399139e-01,5.839067776160192791e-01,3.692163299262988252e-01,3.574799197355957858e-01,3.416381947795212870e-01,9.421789060560914475e-02,8.610122274902998196e-02,3.306340151935527327e-02,6.195942653447994442e-02,6.969641541025584086e-02,1.064802521408677594e-01,2.539523747592562497e-01,4.041435605862778724e-01,5.458748680784448748e-01,5.714335990519686659e-01,6.295388683274671937e-01,7.558784049916179582e-01
6.600420000000000000e+05,9.571404056106964653e-01,9.479116094700318351e-01,9.278902069914818362e-01,8.657787587005459917e-01,8.597106207442098968e-01,7.423259067233696218e-01,5.481935366932108034e-01,5.405278426052244622e-01,5.085680424317629011e-01,4.920189388432616440e-02,4.724218573933969267e-02,1.676042152982575306e-01,3.693035020890520492e-01,4.413435867224589915e-01,4.717360307507749706e-01,4.856998192987322938e-01,5.021896943196980656e-01,5.578782440744302074e-01,6.049787251652531950e-01,6.320696469592717026e-01
6.600430000000000000e+05,9.407327020199213186e-01,8.717406070860550527e-01,8.615054146507077348e-01,7.963988462370570343e-01,4.967495507605738103e-01,3.080397703935682241e-01,1.293858136872132469e-01,1.124169830007344384e-01,8.806138147605324651e-02,8.200405445668612625e-02,4.762171394292957771e-02,1.831676819453877947e-01,3.102713622304551500e-01,3.285411431289155804e-01,3.599507285081342545e-01,3.982389747732486551e-01,4.122476805732694372e-01,4.670962353629861674e-01,6.606672351041928959e-01,7.701058292120682713e-01
6.600440000000000000e+05,9.839414952559197847e-01,8.595769303890987700e-01,8.552247324077826285e-01,8.087143013119295620e-01,7.818609800554124911e-01,7.731048038846118908e-01,7.697129757340855916e-01,7.615109380277574891e-01,6.932446453557467025e-01,3.035350317814571319e-01,3.471699803486527625e-02,4.820095702829185758e-02,5.305128788463231437e-02,3.570606842894772370e-01,4.438370965833801085e-01,5.973927982194214836e-01,6.666606313995169231e-01,6.724900092022338960e-01,7.185822576990370525e-01,7.616117179926898961e-01
6.600450000000000000e+05,7.862786349361053917e-01,7.056306486581545023e-01,6.071348909810525551e-01,6.015317118452545575e-01,4.866384523789673011e-01,4.541413039864971024e-01,3.829829179435492170e-01,3.705655410646833126e-01,2.045139231029663440e-01,6.105046474095265907e-02,1.654190933170773814e-02,2.967693566955545981e-01,6.220788565765172917e-01,6.866086011995404803e-01,7.878462199217086681e-01,8.075574739929510804e-01,8.126346814015884545e-01,8.327274602449852292e-01,9.242475437031435481e-01,9.566424473521621952e-01
6.600460000000000000e+05,8.240538437358931878e-01,6.866981872263749898e-01,5.960521080426119944e-01,4.552389088502513115e-01,4.320620056404597120e-01,4.086982469430926468e-01,3.564762449309151204e-01,2.993936384825004460e-01,1.145773402247126649e-01,2.549237806635573644e-02,2.508021730479481626e-02,8.224078558566894070e-02,1.529459624666762441e-01,4.822429307029691969e-01,7.455648385921010979e-01,7.943455374803577440e-01,8.655022736970541253e-01,9.506248868412704445e-01,9.781602165318373787e-01,9.844406094824001974e-01
6.600470000000000000e+05,6.467621771298206479e-01,6.257799404942263610e-01,5.511054888881257163e-01,4.576409611922823695e-01,4.261089995727299629e-01,3.891502356443019561e-01,2.933020175405798291e-01,2.435787544062197885e-01,1.909071404971901531e-01,1.274709078146345487e-01,9.732649991038944126e-02,1.160561386927262406e-01,1.717992077317973543e-01,3.142889569287644624e-01,5.765306348787485602e-01,6.940377822246468487e-01,6.943128334096763110e-01,7.237176683288923940e-01,7.914320777213794678e-01,9.027254759791990546e-01
6.600480000000000000e+05,9.356124789505699813e-01,8.882776151411618804e-01,7.402346332744642599e-01,6.757171578413821988e-01,6.217221854800757397e-01,4.491269964986049912e-01,2.569503318674467574e-01,1.304296636724729952e-01,1.205571428081393393e-01,7.687516504176750143e-02,1.857484910774698239e-02,3.489343249091159116e-02,5.894890233856830974e-02,3.851102799474165339e-01,4.704239286809988041e-01,5.518078423022926282e-01,5.563648297968242229e-01,5.847215378467328639e-01,6.660118395864125240e-01,7.721390049723735327e-01
6.600490000000000000e+05,9.760994144919582505e-01,7.407647608071824541e-01,7.044958783141189729e-01,6.051438652659618667e-01,5.472216383118315708e-01,3.029880436531815491e-01,2.599731594479542940e-01,2.165780354476987135e-01,1.930644047896431514e-01,1.357492974001970332e-01,4.457905920412108536e-02,7.074672477298360462e-02,1.660631418086568889e-01,2.362030876589505946e-01,2.598345026025526971e-01,4.500577800699733233e-01,5.396295101195394128e-01,8.232749777986150264e-01,8.375983642141839880e-01,9.886249735502604663e-01
6.600500000000000000e+05,9.081166630890701308e-01,7.916290294949303030e-01,7.884494014038373466e-01,7.603371749942418045e-01,6.828617234198053332e-01,6.245615784731612941e-01,5.988198491116668576e-01,5.074298323782543418e-01,3.022223005860810163e-01,1.165875497859831800e-01,8.173724812212490587e-02,9.601849209432800070e-02,1.052761570827369653e-01,1.762326844435063711e-01,2.248587341248793336e-01,3.631272702622589943e-01,3.700998787596198047e-01,3.844189396484424259e-01,6.164579553073864515e-01,7.354394060877973427e-01
6.600510000000000000e+05,5.776509579804604000e-01,5.633876520041000147e-01,5.373866380649270358e-01,5.285282012752806624e-01,3.937679358851612355e-01,3.811549897095221073e-01,3.181216542673495074e-01,2.088220692698441461e-01,1.453224588262924666e-01,6.905187143772428815e-02,6.545135903696586155e-02,2.555761419704539739e-01,3.337593023428517824e-01,3.660816846556863569e-01,4.093974752756416313e-01,5.925774349714014733e-01,6.307642799948568468e-01,6.991714785844368452e-01,7.159574709681039151e-01,7.952434246245688731e-01
6.600520000000000000e+05,9.556904406428393672e-01,9.443054545522185927e-01,9.419347173655706618e-01,9.342017987682526003e-01,6.881068544105448659e-01,6.747907941684432309e-01,6.175830915030950941e-01,4.696923398656113191e-01,2.183805432404728464e-01,9.738396664687021254e-02,6.438620022630026085e-02,5.067637273917373619e-01,5.121550521576989645e-01,5.292073388704698900e-01,5.717670788411273186e-01,7.964659411083480078e-01,8.264937155241793842e-01,8.619871783721464453e-01,8.831145345006438108e-01,9.559408310589148083e-01
6.600530000000000000e+05,9.511863781112438465e-01,8.829222408595214233e-01,8.509189641680086069e-01,8.257859445692476985e-01,8.202172398275822118e-01,6.258983529835245863e-01,2.210247898760682173e-01,1.713019921646103949e-01,1.421127533282445787e-01,8.604743024642114158e-02,5.298037098013164137e-02,6.217336232244385918e-02,2.482181862536871897e-01,2.752269211163242968e-01,3.940344347639368472e-01,5.178000338395927216e-01,5.577425200871406474e-01,6.594860711103072148e-01,7.129315099692906665e-01,9.409176059941350978e-01
6.600540000000000000e+05,6.123633750100714312e-01,5.610640275468798954e-01,4.219423825244316140e-01,2.374848510434921511e-01,2.134373564118469124e-01,1.982952157447411823e-01,1.764532937965479498e-01,1.049623337543652557e-01,8.171790587684657492e-02,4.473361455830981992e-02,4.450338773931750147e-03,4.604575137075528346e-02,3.036440147229554354e-01,3.207463762094626691e-01,3.406655369559713487e-01,6.793205576692543657e-01,7.307859789808529571e-01,9.383133941313035464e-01,9.790160306714484895e-01,9.848226170797113044e-01
6.600550000000000000e+05,9.893804827269935265e-01,9.602772006325770437e-01,8.912694103520611977e-01,7.972053093995369322e-01,4.319947929683962684e-01,4.145570301807532942e-01,4.035233136202016624e-01,2.838926227511495703e-01,2.751238886383996496e-01,2.276628691446875852e-01,4.327682304101398980e-02,1.090285787844204046e-01,2.992569589202771496e-01,3.312764505519227853e-01,3.827204493558344911e-01,4.170677476404853756e-01,4.729808315393618789e-01,6.932285302672626104e-01,8.990069400946395506e-01,9.406784201941370549e-01
6.600560000000000000e+05,8.938349826042868429e-01,8.610098442716637157e-01,7.761618565435769446e-01,7.721937055823122620e-01,7.168515897885632260e-01,6.750811965363950895e-01,5.924938295184337678e-01,5.475869887595365970e-01,4.193496137066952123e-01,1.356662783335707001e-01,3.269094576781672590e-02,3.965297180330951132e-02,4.692552855899090325e-02,3.668911161327643722e-01,4.030693788895338692e-01,5.274304638242045540e-01,5.985696450377105959e-01,6.326946408812859080e-01,7.206526440966726232e-01,7.837777779596123429e-01
6.600570000000000000e+05,9.982745669809782729e-01,8.687833013417406436e-01,8.254276352778192605e-01,7.304282273140025872e-01,6.925662467575708359e-01,6.507555408273600905e-01,5.879172005372680365e-01,5.311394783194074432e-01,4.677506898371264210e-01,3.493886146049163255e-01,6.138389002630184610e-02,8.168002928669548801e-02,9.380838620461051658e-02,1.777623891396798994e-01,1.935903965977572305e-01,2.669444403544678490e-01,3.632848295478487977e-01,4.412953184174676080e-01,9.573110785348527552e-01,9.934927187697070172e-01
6.600580000000000000e+05,9.175172672056491896e-01,8.974517476996634047e-01,7.923769877555706387e-01,6.885064022649670656e-01,4.732282258544483478e-01,4.663491171677821567e-01,3.881373201071489643e-01,1.259300573932026213e-01,9.254312095147654293e-02,2.068412779005945890e-02,9.741484011744350191e-03,2.599713134698400374e-01,3.948698760101095884e-01,6.098023117800076554e-01,6.487452621764419058e-01,6.608621371750220685e-01,8.013073395990140124e-01,8.169039086658352877e-01,8.626437521903831396e-01,8.748495228474858498e-01
6.600590000000000000e+05,8.916672404206316127e-01,8.102054901771166273e-01,5.713990784761887598e-01,4.998772684702397218e-01,4.899753911292679120e-01,4.674843669390590373e-01,3.246033294826929927e-01,3.160467321107832683e-01,1.870306125653735663e-01,1.697274094975349534e-01,1.409036256818552157e-02,1.776454715755624303e-01,2.464565491800875252e-01,2.516506628121084610e-01,4.075282379099036678e-01,4.079608438858950414e-01,4.504560866582112411e-01,5.015987152881712374e-01,5.610868785112076429e-01,7.440249035328488914e-01
6.600600000000000000e+05,8.511777452249514875e-01,7.729740409127900946e-01,7.602665075482230028e-01,7.028284487859028928e-01,6.808181859867483698e-01,6.246618183125257628e-01,5.535356113498258734e-01,3.598984705315848576e-01,3.570872595871664723e-01,1.493146233381928978e-01,4.004030876353803503e-02,5.368997625445970368e-02,8.085118894082266028e-02,9.042161637067513968e-02,1.793353047235300979e-01,6.069429559674640595e-01,6.565734690334965595e-01,7.035066160696967774e-01,8.749482385525764183e-01,9.975875661946406181e-01
6.600610000000000000e+05,7.969078928996005118e-01,7.651824142745399238e-01,7.516646334153350706e-01,6.626766117374642828e-01,5.643717346794677736e-01,4.250525809820246970e-01,3.515877046182114274e-01,2.739406027780282304e-01,1.975360105841558189e-01,1.030162934970793032e-01,5.341937900623638935e-02,1.880378478299422618e-01,2.115033645898600767e-01,2.657890713271915395e-01,3.797437842195104940e-01,3.801028520786883247e-01,4.343017492038845351e-01,5.627420628487442844e-01,6.119986453531689463e-01,7.095131018961747804e-01
6.600620000000000000e+05,9.646093869366769713e-01,7.018970591117762448e-01,6.556866850677448566e-01,6.345531580656696979e-01,5.724410706787858016e-01,3.163193786859196388e-01,2.534929446558109589e-01,1.964071816407427784e-01,1.343998808168341830e-01,9.702387859576611095e-02,9.133354249928182789e-02,1.938852310220616770e-01,3.002398317636751912e-01,4.184214137407684664e-01,5.394585586936302413e-01,5.562518850981378327e-01,5.894052185382103737e-01,6.309452748770176811e-01,6.972210172562105512e-01,7.779738654231697081e-01
6.600630000000000000e+05,9.601593895266213874e-01,9.512218180648296384e-01,9.508555699114281667e-01,6.943934719412691026e-01,6.436008300843082397e-01,4.309831115383631062e-01,3.637305167965595443e-01,2.105522305884011125e-01,2.009905566335868921e-01,1.022939032612036891e-01,4.008671698122401317e-02,6.465353166265164209e-02,7.232214899695821320e-02,9.368580407738469340e-02,3.155181992772404520e-01,4.965707646462632630e-01,5.670190930455059064e-01,6.534415747373181205e-01,7.046289031305211781e-01,9.380909475369174633e-01
6.600640000000000000e+05,8.407277319310142438e-01,8.256305689858020047e-01,7.333447751533047620e-01,5.176513551046658668e-01,4.780533679665387448e-01,4.522514273830450238e-01,4.378954008075665039e-01,2.782294861632595984e-01,2.281794549589567511e-01,5.706041409619699856e-02,4.931728521665967868e-02,3.088114340684396941e-01,5.063829606593955868e-01,6.829746685860471622e-01,6.863792193810597242e-01,7.157297967975878583e-01,8.028526246811668043e-01,8.459720144202192982e-01,8.806604334562241343e-01,8.964470195103964034e-01
6.600650000000000000e+05,7.865953269935362924e-01,7.284501761956325705e-01,7.020957005479768753e-01,6.839316710971140578e-01,6.553681034043942200e-01,6.079907260000150249e-01,4.781365324357197411e-01,4.217380996854249720e-01,4.095346406425316443e-01,2.155543390605411114e-01,9.409359375752268662e-03,1.737410026044758915e-01,3.721636972302234669e-01,4.785322994417110509e-01,7.184796909797328546e-01,7.755731504994727299e-01,8.776670705191068622e-01,8.882866457852631736e-01,8.961513739980734305e-01,9.673047536403605040e-01
6.600660000000000000e+05,9.469121465749903432e-01,9.013839004126675825e-01,7.910311351944909752e-01,6.058625109985500412e-01,5.113567935310283641e-01,4.527752086802543374e-01,4.299718827596054060e-01,3.810681245621646562e-01,3.571272316331128849e-01,9.126356730792128946e-02,1.944006362075034744e-03,3.817645210267872624e-02,7.974331824782787681e-02,2.040475182172749591e-01,3.149549283037774705e-01,6.034656982786541501e-01,7.939139763146010331e-01,8.079481447767732361e-01,8.080675420991073610e-01,9.399632356885436746e-01
6.600670000000000000e+05,8.785482097562584691e-01,7.723535469456465075e-01,7.720560080404149650e-01,5.856348377087505774e-01,5.205429763723891101e-01,5.020401370477620695e-01,4.311504421566173528e-01,3.169533941176367886e-01,3.067733397916035942e-01,1.675626751408789694e-01,9.411231742603931583e-02,1.261603351425724107e-01,2.282465117978695890e-01,2.556495260169797668e-01,3.811499201033607953e-01,5.545547979569165342e-01,5.816089620265884053e-01,5.962788725600983719e-01,7.809796054250963682e-01,9.886203129733339701e-01
6.600680000000000000e+05,7.263305831423179093e-01,6.968185761063148131e-01,6.164270670200208135e-01,5.588714449528984218e-01,5.187136438746796641e-01,2.283609645160304957e-01,1.411221774071533819e-01,8.417695803745162131e-02,7.837123643807109019e-02,7.590410932764402041e-02,5.345696797124988020e-02,2.672028602193958768e-01,7.429903671489318517e-01,7.472168826828667898e-01,7.512883423249898662e-01,7.872436685675182622e-01,8.895379133910561453e-01,9.031254607383779609e-01,9.363690641778301682e-01,9.431823699091657076e-01
6.600690000000000000e+05,8.783176397539512736e-01,7.683145733061715887e-01,7.114518262110138824e-01,5.448999059801242772e-01,5.352115442156348823e-01,4.300679576704962148e-01,2.590793915571648620e-01,2.367460134399718141e-01,2.261753615276694829e-01,1.987958091879034050e-01,9.562227630548758572e-02,1.659665409250081769e-01,4.547907318666051246e-01,4.674219518454095779e-01,5.205282420550978451e-01,5.280213048199021708e-01,6.053367980867252474e-01,6.095043439424037146e-01,6.813858523145470691e-01,7.310301784615342857e-01
6.600700000000000000e+05,9.793294109527395097e-01,9.434608919686248152e-01,7.349434545587355538e-01,6.563283920189502130e-01,6.149882979476002376e-01,3.190343542201001803e-01,2.777053712158034093e-01,2.590570391863675770e-01,1.981692127682339599e-01,1.496730902522288575e-01,3.881919407493528151e-02,4.102544407888031319e-02,6.324984124488197690e-02,2.736312576935334695e-01,5.278760922365851593e-01,5.622632992340054203e-01,5.761737521623260250e-01,6.690417824017638182e-01,7.119715694817302376e-01,8.171677780646942058e-01
6.600710000000000000e+05,5.387115132756604696e-01,5.196817189799504133e-01,4.839476487838706431e-01,4.800848471186393018e-01,4.432012346126295022e-01,4.069950768238536076e-01,3.876442803658358693e-01,3.192738289067398316e-01,2.414674622318725428e-01,2.179182556069519938e-01,4.738787460722015954e-02,3.134819314597990791e-01,3.724692396933709793e-01,5.711505960818321626e-01,6.019618591420132780e-01,7.102914179615019696e-01,7.659419704403573892e-01,7.749330971621772868e-01,8.040452694708447590e-01,8.094513943437456893e-01
6.600720000000000000e+05,9.759126209621321602e-01,8.796635798771014203e-01,8.223538092384414799e-01,8.050981227814549834e-01,8.034049011948148911e-01,7.864671552914601627e-01,4.045624131182713468e-01,2.513102060535556959e-01,2.249070197666060977e-01,2.184053385493629484e-01,2.864315292519203915e-02,5.377555153895985374e-02,7.145126861869077750e-02,7.788057611395426960e-02,1.051609747706809816e-01,1.668713715646198414e-01,2.012017642185524036e-01,4.423797834031750753e-01,5.457615223313918573e-01,7.437949305377343778e-01
6.600730000000000000e+05,9.984755538821835641e-01,9.978852640195734480e-01,9.374040932206197940e-01,8.266882728965360139e-01,7.710653737932983143e-01,7.538826642735187988e-01,5.783462616916519305e-01,4.460329075420240708e-01,3.282340750627568138e-01,2.572195673842475605e-01,3.547492446132849420e-02,2.256351505815499259e-01,3.405178171953873179e-01,3.447638528819897408e-01,3.607152260326407234e-01,4.445652713795595901e-01,5.249866343168863025e-01,6.668914921994091305e-01,8.105088133268337769e-01,9.359420595527911946e-01
6.600740000000000000e+05,9.740914819531792945e-01,8.879541747047177136e-01,8.639882872241365641e-01,7.893679718994059957e-01,7.429406870992706358e-01,3.127688091212801336e-01,2.536520331870582012e-01,1.746409636012929978e-01,1.097570979416395698e-01,4.669221457163508227e-02,1.671462199887363553e-02,5.135819856263323935e-02,2.340367530060998291e-01,3.480839667618315092e-01,3.634962946803309558e-01,4.695711115479717090e-01,5.288253415622704567e-01,5.380869697777356242e-01,5.957570212246531272e-01,7.594443704585428501e-01
6.600750000000000000e+05,9.559852515114743987e-01,9.049174157155830400e-01,7.358224475663752706e-01,5.698654580987165819e-01,5.461894843505913366e-01,4.087743607657238210e-01,3.789976062778351862e-01,2.864988012473789203e-01,2.531998987729313644e-01,2.004399897033706246e-01,1.784191008395187295e-01,2.314389974504938996e-01,4.615520597418873994e-01,4.792028114210699075e-01,5.016835524948015657e-01,5.088846561761463105e-01,7.430236208966048972e-01,7.686637304228357559e-01,7.778844645907588840e-01,8.354322634296988959e-01
6.600760000000000000e+05,9.802780321292033916e-01,9.364981685915761966e-01,9.176466678481852712e-01,8.021067492697651069e-01,7.806642378316575037e-01,7.680635890009577249e-01,6.303599429423399902e-01,3.100428577770862892e-01,1.995125236941185376e-01,1.553786801777082838e-01,2.397902052539924167e-02,2.764197328726136771e-02,6.568977790339403100e-02,2.317670005426217816e-01,5.623217465418151040e-01,6.532087872899174918e-01,7.851863554373639253e-01,8.143822377934706314e-01,8.468937793008853854e-01,9.540504737106652033e-01
6.600770000000000000e+05,9.086347265890307723e-01,8.068337489803285578e-01,7.364593357900556247e-01,6.733889307644634892e-01,6.635989627414146108e-01,6.351894063468022100e-01,5.217362719017999417e-01,4.287411134742420415e-01,3.547069277773170493e-01,2.036262813811806627e-01,1.776535561163352650e-01,2.393892537071607984e-01,2.577219640808201540e-01,2.589590602623970117e-01,2.966891763679672112e-01,3.109124798113481747e-01,4.056304388989685483e-01,4.714589717298627303e-01,5.273625695321543239e-01,6.292144720190433471e-01
6.600780000000000000e+05,9.510226829587312691e-01,8.841424258200025754e-01,7.805417365860912726e-01,5.865889438172640080e-01,4.993596242205058378e-01,3.122606180578769708e-01,3.036546508657197441e-01,1.231122442218800517e-01,7.813497603351715615e-02,6.243687571298828232e-02,3.249286935669393195e-03,9.098102514482253600e-02,2.993290886178600063e-01,3.926752289635918602e-01,4.199916058454368217e-01,6.047527578045496233e-01,6.555258900481435447e-01,6.604033727073849169e-01,7.532679575750993450e-01,8.035126471994418207e-01
6.600790000000000000e+05,6.935279807374093997e-01,6.525698211784294323e-01,6.423179289052391994e-01,6.256434439389571001e-01,6.016320440122105984e-01,5.862125213276255797e-01,4.944427858662969744e-01,4.290535682560072672e-01,3.437440287048555421e-01,2.325150810625508102e-01,4.465752686501767155e-02,3.174228097806912618e-01,3.265024226613209013e-01,5.579334504643347348e-01,7.901365900323541469e-01,8.537534292850269546e-01,8.567522317614338911e-01,9.146331980375745907e-01,9.287164375427104934e-01,9.796884716139603322e-01
6.600800000000000000e+05,5.959820276817594520e-01,5.645734947503320278e-01,4.462933736746332869e-01,3.822118945507188004e-01,3.540769565943643338e-01,2.559854623495785297e-01,2.471782776148978567e-01,1.865182248090033745e-01,8.552698087536392269e-02,3.045318629538618094e-02,2.825334809350754650e-02,1.034985487407894533e-01,3.344054786431792659e-01,6.407208818974126086e-01,6.472897639520408530e-01,6.599624740438488901e-01,7.177461191778686800e-01,7.547814241162101867e-01,7.672136688496037360e-01,8.720703072921414112e-01
6.600810000000000000e+05,9.570364821442666203e-01,9.451002392168086352e-01,9.450211076330664595e-01,7.757137941337467479e-01,7.348131984459093102e-01,6.933552335279135059e-01,5.383320220971631320e-01,4.119063590624477689e-01,3.107899508077855977e-01,1.911057441724565154e-01,1.390262399872448373e-01,1.943354024410736125e-01,3.483259091147228315e-01,3.545749931904609298e-01,3.761958965482128381e-01,5.157113386467785388e-01,5.900150946210046543e-01,5.992022437883188779e-01,6.827066920826083685e-01,6.861198241624726357e-01
6.600820000000000000e+05,9.903345158946271765e-01,9.505144316427260875e-01,6.770077764227215855e-01,6.227888523784430586e-01,6.211961323453041306e-01,4.959139474091446287e-01,4.901216495879672230e-01,3.661535041942649560e-01,2.296298416302967604e-01,1.514859882883599074e-01,1.282694703842380823e-01,2.305344208399902062e-01,2.394412622787804867e-01,4.062766608876224872e-01,4.173360523813215428e-01,6.070198342857534568e-01,8.009878683665399013e-01,8.160867131515239237e-01,8.179845948066549743e-01,9.510062432887609329e-01
6.600830000000000000e+05,8.473714342555096479e-01,7.733986484810713158e-01,6.833645090136364342e-01,5.979553838317781533e-01,5.111100930535102949e-01,4.877148361428300660e-01,4.104127494204807824e-01,1.868701360916322773e-01,1.800725173134888335e-01,7.659582261549169324e-02,3.441397843050630900e-02,1.223790438555232285e-01,2.328991797824798704e-01,3.543650574380932117e-01,4.497922148515076657e-01,5.332992536251576210e-01,6.126490926348193700e-01,6.330877358750348627e-01,8.500730004656993355e-01,9.499100535497506659e-01
6.600840000000000000e+05,7.747165465418560659e-01,7.078115026796145681e-01,6.874205956361756353e-01,6.822328933125063610e-01,5.985102828398720654e-01,4.602956447945005802e-01,3.856245990285559477e-01,3.372961302527383021e-01,2.223512894974699616e-01,7.276351872818864752e-02,4.317914420051149893e-02,1.795224438176616921e-01,2.152840787482568352e-01,3.475289937365586557e-01,3.704525725751696141e-01,3.853295440558323071e-01,7.821653463237328019e-01,8.801604809423709819e-01,9.022727963068301049e-01,9.927684458697011438e-01
6.600850000000000000e+05,9.546259459512470569e-01,9.143921640276674312e-01,8.845138577882455388e-01,8.590416346984081075e-01,7.188736238966351166e-01,6.815370593262594090e-01,2.035068939974845614e-01,2.020887750868874955e-01,9.852805429981403851e-02,4.239944690961239271e-02,2.332394711914886898e-02,3.596122001898849341e-02,1.685896910301283302e-01,2.195801179040923756e-01,3.621421620619653670e-01,4.351477940858237137e-01,5.499301640765288379e-01,7.829029138073847482e-01,8.558096090959800284e-01,8.725089325766032244e-01
6.600860000000000000e+05,6.528311912971658248e-01,5.893955147108433934e-01,5.640760862554436983e-01,5.329431459712125063e-01,4.652854618959151312e-01,4.449255618535181700e-01,2.857802917397268549e-01,2.466011151107478927e-01,1.821943708480732171e-01,1.229660347439875956e-01,1.735673379160018737e-02,1.247670890950067779e-01,3.018420804147511349e-01,3.537173931624102430e-01,4.369828567823457188e-01,4.390326552061422083e-01,5.262697449829486507e-01,8.257006793481174167e-01,8.598669110994451303e-01,8.625863704927967390e-01
6.600870000000000000e+05,8.532919822697985213e-01,8.512679190981380373e-01,8.379568890820021654e-01,8.202193078302585372e-01,5.682693471507240801e-01,4.905902703845659296e-01,4.011780542477989542e-01,3.329075579089016967e-01,2.834952198046558625e-01,1.982888529204527295e-01,3.624667478544507659e-04,4.983273719155866255e-01,5.224856272225540943e-01,5.445497667705487821e-01,5.812795025754063927e-01,6.975395477174433090e-01,7.259646618281999642e-01,7.338946932150428593e-01,8.766428670670104450e-01,8.802228156480627064e-01
6.600880000000000000e+05,9.872514009143886771e-01,9.376244765325910668e-01,8.911206663013561124e-01,8.072407045519919278e-01,7.824228279930666163e-01,6.660062669535035118e-01,4.274344256637745421e-01,3.131217141235969059e-01,2.505996978147208010e-01,1.671952309588123908e-01,4.416522398393563087e-02,6.700821810286761160e-02,8.626713730890522847e-02,1.196624847082118359e-01,1.304214621011577924e-01,1.491261341218934611e-01,3.972477035382067090e-01,4.384370801803064710e-01,4.458770659197938135e-01,4.959840787707517906e-01
6.600890000000000000e+05,7.459553572316184322e-01,7.110963069617149968e-01,5.626712995261657912e-01,5.037624649472248750e-01,4.883222222106093913e-01,4.015187100602473080e-01,3.487928577999366286e-01,2.693663768527928548e-01,2.542160836201409202e-01,1.992211238382466387e-01,1.893388570556020500e-02,1.988824685843149087e-02,9.647598456739636674e-02,3.948005901210241975e-01,6.032178943674600946e-01,7.359149700103858605e-01,8.053598539287786240e-01,8.421308819249575528e-01,9.459483181100958316e-01,9.803180805350848459e-01
6.600900000000000000e+05,9.294507474223084875e-01,9.284860465543743890e-01,9.283306078396155181e-01,9.043350974329051883e-01,8.889494792236225518e-01,7.548942356575520929e-01,7.419306788664143948e-01,3.019692925644575920e-01,2.424953048916678178e-01,1.870548740681632349e-02,1.085129786679728259e-02,7.275199488317041219e-02,9.230838877479186078e-02,1.453472046094318459e-01,2.490923940688691829e-01,3.325554304152297247e-01,3.726828802070735192e-01,4.797950128124673919e-01,6.178408349679507250e-01,6.181565323106744669e-01
6.600910000000000000e+05,4.332427523946978942e-01,3.975899122624086957e-01,3.949350042690662477e-01,3.331425040896309753e-01,2.466987491639118790e-01,1.715546426658891566e-01,1.711179247428501471e-01,1.658679769045802166e-01,1.094067844836521530e-01,5.804116167660489101e-02,5.631586203716387740e-02,1.346446314878693151e-01,2.759041829178058292e-01,3.088181272437988678e-01,5.740454082144836878e-01,6.183777492950395249e-01,7.555430485052341272e-01,8.314017936990322211e-01,9.682757946051884224e-01,9.990379995544460545e-01
6.600920000000000000e+05,8.744928694349533016e-01,8.674173424231114149e-01,8.297685320649779150e-01,5.922541153668486880e-01,5.534668401050308884e-01,5.221146951161602656e-01,4.641127833666029989e-01,4.602643651010107639e-01,4.582513757015874711e-01,1.148619206236739521e-01,5.171203268557367227e-02,1.690136401963076018e-01,1.960017440113814846e-01,2.206105407616665293e-01,2.464020066810156395e-01,3.569772832198987444e-01,3.625924047726148958e-01,6.253850407696054381e-01,6.542566524666586503e-01,7.016466924134000527e-01
6.600930000000000000e+05,9.740292270807267005e-01,9.059703707393447214e-01,8.669886400005852867e-01,7.138551162086804736e-01,6.632359732465304969e-01,4.194504959333615890e-01,2.802321050228040455e-01,1.942687084697305444e-01,1.723643447519451755e-01,2.112680081935569554e-02,1.493020269208034101e-02,5.289159179262448163e-02,2.072781422516766225e-01,4.330541557645044559e-01,6.620690646095525045e-01,6.897926886472736108e-01,6.916255209905375345e-01,7.176507709310282479e-01,7.291189564278460766e-01,8.089715476623814405e-01
6.600940000000000000e+05,9.612725234581580569e-01,9.186568377060216894e-01,8.169327296054479381e-01,7.053391354540549107e-01,5.313327787548409731e-01,4.842249539395450109e-01,3.396647036235925787e-01,3.134619359405295125e-01,1.918550440646513700e-01,4.456986549597963254e-02,1.272253241287624181e-02,1.480651901261365033e-02,2.891725041503390159e-02,3.584084129395803675e-02,5.583608310228194149e-02,9.862739840498158106e-02,3.305111237219607867e-01,5.127972520425744252e-01,5.140122466694059256e-01,5.267148027279571210e-01
6.600950000000000000e+05,9.598979904638572647e-01,7.625762682818950644e-01,5.725134391792823241e-01,5.333617929972288563e-01,2.738481506073480176e-01,2.705504090478495494e-01,2.346774119188939078e-01,2.322632714410075572e-01,1.330587871946751211e-01,4.376570979809313311e-02,7.882884771182041561e-04,7.176354366773352034e-02,1.549899042281033257e-01,1.738242383146225700e-01,3.806425540710469679e-01,4.269517613393695177e-01,5.176886510586988788e-01,5.653280042361589208e-01,5.766907976015743786e-01,7.134313898986233138e-01
6.600960000000000000e+05,6.310840383084564964e-01,6.114087098909567475e-01,5.458601804530087698e-01,5.282050991997179201e-01,4.643681220762002626e-01,4.520819316008816147e-01,3.331539907943918966e-01,3.150109807203274048e-01,1.678171673364368122e-01,1.273170257207760780e-01,7.073264829690684152e-02,8.779415131963519414e-02,3.446292034019934336e-01,3.848766764286304376e-01,5.335753117075969776e-01,6.018071193875573766e-01,8.356486362206938523e-01,8.476959923155394927e-01,9.341906775971733357e-01,9.561064080931146458e-01
6.600970000000000000e+05,9.743000904696778042e-01,9.328355539472844571e-01,7.766600988021686858e-01,4.635263138721251730e-01,4.031194471523652512e-01,3.377002393276917758e-01,2.103330013079305338e-01,1.605447093233656197e-01,5.660915525244758495e-02,1.778711240821129191e-02,1.587618501159215878e-02,7.376777405685897016e-02,9.815974320202403014e-02,2.002732581279984547e-01,2.596642987703445815e-01,2.770459166711947141e-01,3.931069598554922662e-01,6.506174884841352535e-01,7.664404962798765375e-01,8.116875874311955119e-01
6.600980000000000000e+05,9.768428219791540634e-01,8.935667043503359164e-01,8.427399943674751537e-01,7.224699078248334461e-01,6.396117037431462427e-01,5.831852901594947181e-01,3.769821602002481065e-01,2.833460545848154322e-01,9.102523548554353194e-02,7.406075137388679064e-02,1.385713250823283893e-02,1.626436049938126960e-01,1.704202124220460801e-01,2.442344842374972735e-01,2.520138458150534833e-01,6.089159316047315640e-01,6.196427027939912513e-01,6.440047809235429632e-01,6.502121979127802875e-01,6.844898565889667719e-01
6.600990000000000000e+05,9.576982909578007908e-01,8.824364693085138267e-01,8.679496801301890274e-01,8.553450225315977207e-01,8.472648526417215775e-01,8.420111660285506394e-01,7.323204917815717696e-01,6.215607047298975507e-01,2.387051386640474115e-01,2.191774120283255245e-01,1.593382278931577689e-01,1.792305497623132293e-01,2.132649152782470914e-01,2.716133324330349819e-01,2.952526071068964919e-01,4.037652036738764716e-01,4.067249976145307366e-01,6.425648200933913312e-01,7.126769539176087687e-01,7.297423971209682225e-01
