2.700000000000000000e+05,9.528342123455391111e-01,9.353065228351310489e-01,8.960227486900461669e-01,6.396490311806045659e-01,5.625549008220821490e-01,5.010345774664608509e-01,4.313891093765886975e-01,3.299717364703955713e-01,3.146749229840306583e-01,6.997994065232115979e-02,3.324080617957858585e-03,6.831425690190373601e-02,9.215918343574491800e-02,2.738018443465222163e-01,3.170178397249463487e-01,4.438940058333546990e-01,5.512396802986467836e-01,5.536078933053628637e-01,8.830150755242393013e-01,9.319360003264054448e-01
2.700010000000000000e+05,7.369097805852229399e-01,5.390387637829654466e-01,4.208272464322093676e-01,3.496268165994355082e-01,3.229682348807941805e-01,1.470702887752962651e-01,1.249685686590403799e-01,8.567022725944339889e-02,5.952520182651865888e-02,3.968594886182175152e-02,2.056876538772889340e-02,1.012170728470273007e-01,1.780825019865042158e-01,4.155174845336332412e-01,6.388191106438754208e-01,6.671979515049304421e-01,7.719583834773504627e-01,9.070242383781136342e-01,9.115619697346838413e-01,9.642551039625942844e-01
2.700020000000000000e+05,9.468218276477933237e-01,8.494112721176547698e-01,7.809497019306285148e-01,6.623391480461090497e-01,6.054887815450642474e-01,6.043894429097921295e-01,5.980386832363369098e-01,4.678658464173764964e-01,2.580532356087171797e-01,1.947829449560003479e-01,1.274221907113615160e-02,4.532483144137755549e-02,1.812956165406329756e-01,2.394171406074997455e-01,4.368686583801801859e-01,4.657026434418801708e-01,5.713238632589486832e-01,6.868219797849105523e-01,8.096241980626861512e-01,9.236351736936424528e-01
2.700030000000000000e+05,9.759586811810933016e-01,9.641703643989496531e-01,9.159035120490244264e-01,7.757369768274654520e-01,6.474344964280273063e-01,6.089271327857640470e-01,4.499232253860981912e-01,2.810693892313740339e-01,1.825413115966124655e-01,1.422309664464520562e-01,7.775044787143248204e-02,2.356529608252915242e-01,2.585777615640052485e-01,4.942080252316588540e-01,5.561246814262159610e-01,5.815778907808719644e-01,6.526021764723702878e-01,7.105263996178526886e-01,8.245009543792887197e-01,8.838907079519433552e-01
2.700040000000000000e+05,9.747841777674923769e-01,9.277162481114838988e-01,8.968670064194016467e-01,8.446891905115905264e-01,6.264934471648233583e-01,5.872262781487269656e-01,3.914816256458385491e-01,3.900306754657987263e-01,3.760306451136602446e-01,2.042514624903444265e-01,1.898185202477786770e-02,8.625554524422851532e-02,1.018889486189663574e-01,1.624522792254469161e-01,3.004301692337130181e-01,3.979821597408537137e-01,5.975040897534767970e-01,6.379362204211437293e-01,8.503215902385259373e-01,8.689774939593639669e-01
2.700050000000000000e+05,9.994862988148941474e-01,9.796811082926121239e-01,9.344375690247318511e-01,8.148839427685754533e-01,7.773857371156366325e-01,7.307988309474328092e-01,6.192686231399929797e-01,6.107911215700361218e-01,2.353983552451265338e-01,1.092173217766535531e-01,1.423565678390004141e-02,1.705294265725687541e-01,5.325082596371875088e-01,5.697555545079487915e-01,5.831050013684849764e-01,6.183509541323658487e-01,6.493960595626002696e-01,7.198276427038702296e-01,7.694012139977759457e-01,8.977544027956108064e-01
2.700060000000000000e+05,8.888647763240743460e-01,8.867826814590575868e-01,7.279574009564503401e-01,6.567646714486945481e-01,6.378644327666399549e-01,5.124040459888702381e-01,3.777147762196265690e-01,2.228040016337546891e-01,1.286653682807582522e-01,1.088841140116758588e-01,3.780126839736130950e-02,1.145449203879703726e-01,3.233471684463401497e-01,5.730505711173307093e-01,6.090187894967566962e-01,7.603475348853007132e-01,8.456966015760687405e-01,9.099648687178946149e-01,9.314388418532252301e-01,9.798659513015270939e-01
2.700070000000000000e+05,9.829853599861959612e-01,9.578781399506521854e-01,9.490508212560334611e-01,8.948514015134398925e-01,7.990445670206595130e-01,5.173115996113571979e-01,5.071122324933955428e-01,3.503848784335561461e-01,2.672532054558732773e-01,1.161757157244236449e-02,4.355100100565834076e-03,1.145403408291146841e-01,1.229456631154276502e-01,1.884867049180819487e-01,2.249182581925505131e-01,2.918293708551573662e-01,8.615221953280157718e-01,8.714623398298768642e-01,9.009663480902770916e-01,9.432646513910558639e-01
2.700080000000000000e+05,9.215726530996906085e-01,9.083037367829436270e-01,9.043156399540815960e-01,9.014473790009461807e-01,8.416994225659790718e-01,8.372627708446968020e-01,7.261735598626468668e-01,5.699269249561441653e-01,3.087984504674857744e-01,2.425288536049150512e-01,2.737617997839125739e-02,2.753911705799783061e-02,2.815877793190662004e-01,3.990112829346443846e-01,4.626654738805763278e-01,5.073120960081372033e-01,5.937926004612176234e-01,6.257425732265997631e-01,7.571536404155804201e-01,8.256672734464439722e-01
2.700090000000000000e+05,9.652558817563537952e-01,8.878280208048092703e-01,8.826513978060204213e-01,8.799933637218034788e-01,7.954313066896149254e-01,6.520140703171356522e-01,5.819208247381945087e-01,3.565262697051543306e-01,2.037022894612785517e-01,1.813649023308701036e-01,9.476642757058062472e-04,1.942250032743693122e-01,4.552971873537884351e-01,4.632678625647287385e-01,6.125554566628182984e-01,7.972882630315411001e-01,7.995877944677831639e-01,8.090379116317722996e-01,8.185795529521392444e-01,9.621994377369468276e-01
2.700100000000000000e+05,9.736691444356518899e-01,9.374421453149084371e-01,8.050001375373925239e-01,7.893519818691711043e-01,7.093912133790267749e-01,6.493658182170730653e-01,3.308981395011552085e-01,2.645037630527883321e-01,1.700220255947139103e-01,6.239610281756635679e-02,2.326163399919278785e-02,4.359853525693468956e-02,6.728778486177933171e-02,2.013486212401788267e-01,2.439791988951072188e-01,2.839422927838337607e-01,4.658630002205258469e-01,4.687889489868717341e-01,5.297084526075572786e-01,6.416092225785177128e-01
2.700110000000000000e+05,9.848480716859944195e-01,9.446942177799616536e-01,9.088624966097716973e-01,8.694963066430778653e-01,8.630964457898241404e-01,8.597713201345033029e-01,8.452604630409114028e-01,8.138291205264500672e-01,1.918033389716425896e-01,9.133680497785867658e-02,4.651751974639617426e-02,7.016739521788173395e-02,1.179795091887405611e-01,1.402156489987023136e-01,1.838624937086148492e-01,3.443531960651066148e-01,3.463701386912101388e-01,5.244523956911428808e-01,5.266230143836111433e-01,8.921906256205485164e-01
2.700120000000000000e+05,9.569844640383716738e-01,8.268601228069660802e-01,7.890005006164441115e-01,7.467141723469826742e-01,7.418850715362325099e-01,7.058384193800657513e-01,5.730575056375755150e-01,5.697892407038283036e-01,3.864496027059589611e-01,1.356485852369163636e-01,4.733878792059220686e-02,1.626188200909892689e-01,3.827953930970279250e-01,4.028649173008329587e-01,5.364412920261868445e-01,5.506763271635194412e-01,5.801541113236214908e-01,5.831365353597172119e-01,6.294181995498738802e-01,7.384451800016742506e-01
2.700130000000000000e+05,6.960960227402313016e-01,5.561610998345005719e-01,5.056558458269660994e-01,4.806336219754745454e-01,4.781064695127779096e-01,4.728419948563631348e-01,2.753074893388423039e-01,1.294221969901818703e-01,3.598456559934837262e-02,1.389105026450720981e-02,1.612059012208288955e-03,3.143126808484508761e-02,1.183825025412681420e-01,1.863435736367001772e-01,2.339339528035625504e-01,3.666937080583483333e-01,7.309993607765392643e-01,8.246061808490493528e-01,8.449749771476670057e-01,9.701485842998014419e-01
2.700140000000000000e+05,9.808410303168866307e-01,9.297905766028066177e-01,6.616472549192243813e-01,5.921592622252291882e-01,4.750128173255426800e-01,3.518911962554877038e-01,3.349745698710935304e-01,3.243181008132347554e-01,2.194941052097969525e-01,4.546229864697548528e-02,1.843869141068266160e-03,8.679013422392112265e-02,1.462687566145985940e-01,2.857512712979435321e-01,3.146054483486717679e-01,3.713289879467220889e-01,4.287971857434620393e-01,7.770120880962202436e-01,7.930791786653431652e-01,8.108092560443939112e-01
2.700150000000000000e+05,9.265492630388683093e-01,8.705859985486261721e-01,7.808684179317043617e-01,5.540085593444662448e-01,3.715526110557575423e-01,3.085436343716317920e-01,2.759779664707558977e-01,2.632576436882212434e-01,1.501776679589320596e-01,8.625007312816046490e-02,3.049257963307561159e-02,6.543529071739229153e-02,1.423392977090878198e-01,2.866093247969105917e-01,4.361400389352950713e-01,5.197443660415005384e-01,7.128890110831015425e-01,7.215861132744428863e-01,9.167458254940866746e-01,9.650308120418648050e-01
2.700160000000000000e+05,9.831288167013672030e-01,9.828822437059510086e-01,8.848028751494619870e-01,8.197730021804179312e-01,7.179840930366405694e-01,5.492376591320174972e-01,4.560102053564433211e-01,3.234517639183915882e-01,2.605896921401955613e-01,2.445892291222264703e-01,2.183775367199003448e-02,5.606796643306766192e-02,1.936763045897008650e-01,2.195188665026591712e-01,2.983873902009147594e-01,3.839975372834754097e-01,6.087192806412966561e-01,6.820891533379553895e-01,7.690744990865355790e-01,7.805742729768853083e-01
2.700170000000000000e+05,9.785866403255245594e-01,9.624490918385564253e-01,9.388226089770935756e-01,7.961973658451033664e-01,4.734561003907735710e-01,4.184520916345206842e-01,4.127296464448143576e-01,3.085293259570239810e-01,2.972734092308098042e-01,2.244790180078822805e-01,7.416800627570363513e-02,3.027938293728125174e-01,3.857835696619186239e-01,4.121934933409516777e-01,4.967095900086291316e-01,6.892627767139435369e-01,7.384242154936883074e-01,7.853472551549729452e-01,8.111614292452948849e-01,8.548543940194792690e-01
2.700180000000000000e+05,7.664547155215113428e-01,7.384164210702992559e-01,7.345033299325983700e-01,6.514648372480270622e-01,6.135497833204086593e-01,5.672821969279551180e-01,3.896091464494296774e-01,3.003266666065326218e-01,2.870586849889752434e-01,2.037565973975927758e-01,1.269580565936829775e-01,1.797435104710232157e-01,3.001655565538110526e-01,4.697498261069495973e-01,5.082361728002763313e-01,6.782453980573003305e-01,7.042790554626588984e-01,7.286163034033272812e-01,7.720849817466394205e-01,8.547808948032116216e-01
2.700190000000000000e+05,9.530447459263458043e-01,8.908516598359789151e-01,8.826614674359177792e-01,8.546485170459682257e-01,7.279519544704803335e-01,6.443061343323441825e-01,5.194183640305801708e-01,3.893224433869808543e-01,3.548899725382980153e-01,5.839527953020018369e-02,1.422725533229451944e-02,1.690582013804866612e-01,1.804267369639731555e-01,2.085444211824497573e-01,3.959562898007705778e-01,4.316498861517426011e-01,5.206241527471293651e-01,5.260793175927042098e-01,8.122003851724324264e-01,8.392819337308005112e-01
2.700200000000000000e+05,7.372601090887456188e-01,5.806575845982799855e-01,5.212310340107041418e-01,4.814638998518183666e-01,4.439015594543940235e-01,3.439749247934212883e-01,3.159484344537696332e-01,2.178804072902669198e-01,2.177765842664020068e-01,1.626923189788098689e-01,1.543673331112702662e-01,2.380955328865055343e-01,4.003758825876151395e-01,4.112398330419053671e-01,7.667542801253148799e-01,7.942843371890158100e-01,8.464021941334410881e-01,9.196564917870276856e-01,9.463668293414152499e-01,9.802187510170170537e-01
2.700210000000000000e+05,9.580524653698166970e-01,9.396919885237545733e-01,9.156418217316337760e-01,8.864593057035931034e-01,8.230908850282141476e-01,7.160428572307276918e-01,5.981090236769208701e-01,5.828579459064742174e-01,1.626309413818242122e-01,9.323655653168017032e-02,3.797909904802332370e-03,4.417695176138367597e-01,4.595690867818388314e-01,4.848516102581568177e-01,5.408365773417141975e-01,5.851763776505793935e-01,6.114143136666805312e-01,7.078166399067895576e-01,7.736224743907562651e-01,7.832806933169874641e-01
2.700220000000000000e+05,9.644600625542727457e-01,9.399286013329458678e-01,8.799451031717475669e-01,6.481081824894785459e-01,6.178393494946057274e-01,6.038184652759172044e-01,4.832624595568723036e-01,3.915096941585797241e-01,2.956473409087067017e-01,2.503348669021380202e-01,4.681298531651245654e-02,7.287238434279597055e-02,1.614118261991924763e-01,3.732278674822591125e-01,4.663945641196149960e-01,6.894227666798948828e-01,6.902035548696405787e-01,7.441457307857428649e-01,9.840249072428540744e-01,9.883845717433460409e-01
2.700230000000000000e+05,9.583617299841361570e-01,7.263083784325005121e-01,7.027149575495761358e-01,6.888487153810313179e-01,5.019168114041832052e-01,4.869375821747752298e-01,4.566546585801108948e-01,3.239682040994732448e-01,1.093967007394355262e-01,6.467531927935532554e-02,4.861709644564704558e-02,2.297515912216339107e-01,2.695181923293115123e-01,4.126319855235253131e-01,5.475661581798938471e-01,7.071298772118110865e-01,7.625497201556700189e-01,7.696893048329823683e-01,9.340442093230143517e-01,9.991739014782188288e-01
2.700240000000000000e+05,9.135409407790598957e-01,8.854364925719580004e-01,7.405735171629768132e-01,7.058493598339925512e-01,5.373701801138066614e-01,4.736208605640718217e-01,3.098896274553055719e-01,9.160251859575729849e-02,9.050218659702513602e-02,6.461686339538141866e-02,4.961049261352767914e-03,5.503033946590873970e-02,2.472210254263031981e-01,2.793673396192255520e-01,3.445879737119701414e-01,4.040691146251700339e-01,5.120724376311497350e-01,5.177700835732536033e-01,5.303668651555216718e-01,7.470491963859048345e-01
2.700250000000000000e+05,8.304707597270258868e-01,8.292390876715718395e-01,7.920185246229519693e-01,7.259744226259539079e-01,6.108092630424308833e-01,5.589041654175321838e-01,5.173588608444730230e-01,5.067194618042450971e-01,1.521084258044544946e-01,1.393396263175432637e-01,9.635828332995055590e-02,1.716893759153762522e-01,2.368629732513531927e-01,3.426751720971226156e-01,4.451513861762340651e-01,5.874600286234752389e-01,7.857063186334535265e-01,7.980933205624769489e-01,8.399014983269497137e-01,8.877798687041055237e-01
2.700260000000000000e+05,8.143553836513828248e-01,8.110881834580854211e-01,6.755964625463417583e-01,6.307367986372176549e-01,5.619897636041565336e-01,4.819493662414136015e-01,2.822454059138412852e-01,1.329894336380083031e-01,1.151740616533798445e-01,9.406523432323132816e-02,1.608723048675164691e-02,4.026815508797324528e-01,5.921112900096734410e-01,7.255286428212535110e-01,7.344535209366943596e-01,7.738294159449030651e-01,8.276835756589671078e-01,8.307243292748459629e-01,8.431390974540335925e-01,8.651823086735134227e-01
2.700270000000000000e+05,9.893080395098943214e-01,8.486206714558193198e-01,8.226181546424897739e-01,7.851276197617211849e-01,7.714526372039413049e-01,7.380137802617184883e-01,6.161437644220859600e-01,4.590364152077156534e-01,1.052286190327152982e-01,1.026472035379529801e-01,8.143197554560344109e-02,9.351024303663713066e-02,1.419665324598012868e-01,1.965238881353966738e-01,2.625329246936750627e-01,5.700729445494857606e-01,6.013144466723563397e-01,6.102947683427307757e-01,6.240762513794055888e-01,6.485827836088884357e-01
2.700280000000000000e+05,9.284976350736438011e-01,9.062086874419981175e-01,8.259524369625690365e-01,8.116104406150344008e-01,7.602968983328391994e-01,7.412100159665395704e-01,5.395015274855932130e-01,4.121669567987314986e-01,1.987737523603415601e-01,1.341662899560395195e-01,9.593860333603443369e-02,1.254419578589266449e-01,1.479157521007355980e-01,1.866106117934710484e-01,3.370252384714499394e-01,4.080034661976688071e-01,4.496700924216116002e-01,5.997135363997971869e-01,7.909476663983443512e-01,8.157878802985224498e-01
2.700290000000000000e+05,9.967176335374866580e-01,9.848746048158935062e-01,8.640111861571152518e-01,8.367785274336285717e-01,8.084266585962210927e-01,7.399745761145806178e-01,5.451491139532785857e-01,3.577597762456851127e-01,2.518178478011425803e-01,1.608584698449255779e-01,7.072742899867268118e-02,1.134630568055309263e-01,1.519366063048235294e-01,1.640315928444302518e-01,3.464478242186292967e-01,4.764659294585218419e-01,6.419275268643743759e-01,8.614698274991465787e-01,9.027966916714291745e-01,9.359849996980931230e-01
2.700300000000000000e+05,5.691288789262235470e-01,5.348788432970729145e-01,5.187207477758680740e-01,5.032261419296286675e-01,4.669262941069363126e-01,4.115403274588498306e-01,3.793757556525441110e-01,3.111145281769084336e-01,3.001862001873485397e-01,2.381752666749045177e-01,4.726909211124341592e-02,2.377522745127447212e-01,3.125303844882590942e-01,4.923266424511840711e-01,5.811279309844593621e-01,8.737051458799772741e-01,8.842986733129187815e-01,9.066428488884950010e-01,9.086465668803946905e-01,9.395618263182099472e-01
2.700310000000000000e+05,9.694947385696042197e-01,8.941930453878502716e-01,8.747527360023436005e-01,7.476078381031288078e-01,4.940406932527826589e-01,3.597740367387832761e-01,2.599286078138764999e-01,2.377882346916017076e-01,6.177440144733092886e-02,2.800048220226925011e-02,4.904217312700964726e-03,4.444052898169270627e-02,1.642154749932412949e-01,2.417284301007308622e-01,4.751950980940331526e-01,5.046783520966918735e-01,5.295768155332944982e-01,7.097530422393133476e-01,7.559257505502475771e-01,8.503635947234563508e-01
2.700320000000000000e+05,8.322894507743465731e-01,7.271040265324169027e-01,7.128385181815322102e-01,6.775685464346763442e-01,5.770820665682651063e-01,5.556014527859416408e-01,4.966106048684267860e-01,4.802423965893372060e-01,2.610659821434343497e-01,1.555631317463270769e-01,4.894535900138030637e-02,1.570330465591247560e-01,2.350306175837710843e-01,2.879294794398882251e-01,3.144656164395722708e-01,4.174371753382152272e-01,6.332403687938544801e-01,7.273489283878715739e-01,8.023484459523787526e-01,8.127754314364844523e-01
2.700330000000000000e+05,7.876243200496851893e-01,7.866891605684922517e-01,7.134332153455797965e-01,6.691961421939374155e-01,5.978645736294343482e-01,5.034053943154257471e-01,4.238018978868675068e-01,2.928637050727774804e-01,2.352606466708624389e-01,1.948012603654573072e-01,1.240435886639639218e-01,4.801484918168162919e-01,5.009410473607428527e-01,6.127921034630394725e-01,6.833210290880072924e-01,7.943772288489212574e-01,8.190734684980663927e-01,8.382446625464951007e-01,8.685728667387342394e-01,9.223171664833732519e-01
2.700340000000000000e+05,9.369573601997653878e-01,9.334396310374213357e-01,8.055169734001930149e-01,6.581026840549049073e-01,6.316926065677748170e-01,5.531445085427832975e-01,3.040447832353365687e-01,2.324071332190443817e-01,2.072997482644133305e-01,4.910863501904383366e-02,3.084927149648353240e-02,9.414955030576022121e-02,1.942297918091748787e-01,3.239945400433185130e-01,3.292728619796746470e-01,3.976804050015642078e-01,5.358439966377509522e-01,5.493971696706576591e-01,8.331860187383499650e-01,9.190412417989718419e-01
2.700350000000000000e+05,9.752515920089104284e-01,8.624763592548798652e-01,8.285034376861115657e-01,8.182286603763596622e-01,8.073540626594433167e-01,5.509853461960689813e-01,2.033437394736136161e-01,1.455156897621273648e-01,1.262189714100639959e-01,5.515663133043946509e-02,5.264581367185383609e-02,1.106064501175487713e-01,2.837504738780035618e-01,4.027820478195940357e-01,7.208154757973894711e-01,7.371505364041656128e-01,7.786336444633924492e-01,8.477564804453132652e-01,9.270780164505760812e-01,9.536258983768822750e-01
2.700360000000000000e+05,9.588065620878574169e-01,9.493152110305003166e-01,8.511610573293922899e-01,7.712668180823489816e-01,7.086569922609634586e-01,2.865143592672105832e-01,2.007263248120871868e-01,1.216749466579045702e-01,7.419400133285214416e-02,4.029039970100123380e-02,1.738742793460290592e-02,9.329647007152408467e-02,2.331537690287499576e-01,2.828217314440677477e-01,3.637307765792004988e-01,5.710003798440017597e-01,6.055128924951262981e-01,6.669903451727884347e-01,7.772851153208345520e-01,9.409930988865284895e-01
2.700370000000000000e+05,9.036949358517574193e-01,8.992056616680557113e-01,8.864326316943085260e-01,8.545389796406631655e-01,3.767094963341733882e-01,3.626414927427537016e-01,2.630099464999028358e-01,1.636468122360319466e-01,1.401967461580073682e-01,3.736734584930523351e-02,3.002658033925298398e-02,2.461105716615764605e-01,4.666429609843965043e-01,6.547942676133116091e-01,7.817955172963209076e-01,7.851616027087202632e-01,8.016338070695090412e-01,8.717328882080473962e-01,9.112650879745276544e-01,9.249230979580826961e-01
2.700380000000000000e+05,7.917034737861182725e-01,7.813886691049773958e-01,4.684167209215113203e-01,4.285965751872738982e-01,4.171255875512895894e-01,3.979851300563456151e-01,3.770625964941540786e-01,8.028505692935161697e-02,5.360559581354251701e-02,5.225563401637778327e-02,2.495771663510037985e-02,2.117890966095746785e-01,3.993887849140047575e-01,4.356704275947838045e-01,4.817151851646900296e-01,5.949896135503038863e-01,7.593252434841697429e-01,8.453240062000167976e-01,8.643856665700464514e-01,9.609339027524752552e-01
2.700390000000000000e+05,9.918915690050318368e-01,9.397675023290690266e-01,8.949130001291064618e-01,8.653671836004428464e-01,8.313035934214039191e-01,7.800489108394391691e-01,5.990631995084905181e-01,5.237314079932553490e-01,4.525901618432136564e-01,2.858773678426838050e-01,9.173762468423529715e-02,1.345760387150713999e-01,2.643329990014262609e-01,3.271585306039078711e-01,3.568044216105201727e-01,4.117658450894118305e-01,4.737817112334750114e-01,4.870085328564461857e-01,5.816951511314097933e-01,7.005940043229219594e-01
2.700400000000000000e+05,8.932570512579643962e-01,8.194046264273544544e-01,7.394329965450509023e-01,5.293145325331062301e-01,5.058706975406822570e-01,4.504257957145978430e-01,3.178818572640308426e-01,2.670108894945524280e-01,1.500583610563510639e-01,9.347899008644122709e-02,7.688335723509676090e-02,1.001571329395102294e-01,2.551353745596757205e-01,2.645011482414411086e-01,2.959348478256139670e-01,4.851170534854206684e-01,6.030365268344167751e-01,6.830537896328807701e-01,7.553398189996078926e-01,9.734818145133158351e-01
2.700410000000000000e+05,9.099520943982047916e-01,8.633463821089807366e-01,7.775467999954154275e-01,7.743642336689471328e-01,7.680756025331887393e-01,5.773648336537255954e-01,4.588826103844934057e-01,3.584498236428207418e-01,2.639298940776844127e-01,2.720676905486596464e-02,1.428354190426694981e-02,4.755475441930390179e-02,2.312177558471135708e-01,2.816586155802214275e-01,4.012092063917590545e-01,4.199202698519474142e-01,4.484326888280406598e-01,4.708485226454363071e-01,5.425373350126597716e-01,5.557425869401863006e-01
2.700420000000000000e+05,9.822467995167846189e-01,9.492123731678004939e-01,9.330231658650451898e-01,9.071074564907858351e-01,5.707767203324836114e-01,4.461164029041835288e-01,3.826849654039353732e-01,2.938184973215588469e-01,2.498323093402305961e-01,9.140602591983548741e-02,7.972679193995424463e-02,1.203465064003981233e-01,3.813321685574194708e-01,4.194379547099853500e-01,4.872611933389737748e-01,5.253130082095270881e-01,6.171379683320072917e-01,7.902360819149503168e-01,9.060494344827678681e-01,9.256857508127025458e-01
2.700430000000000000e+05,9.519997780901493512e-01,9.505947145620310401e-01,8.915964454059687183e-01,7.533060275743299616e-01,7.216685443367248931e-01,6.734461791705295131e-01,5.538559383314115570e-01,4.893318173976420882e-01,4.437690852445738132e-01,3.202875593345170246e-01,3.490970462258069507e-02,2.936644041570577457e-01,3.352654807957688998e-01,3.827157298074513880e-01,4.820969318403414139e-01,5.053839201702733375e-01,5.932291663872349963e-01,7.916643643157768029e-01,9.239577733845938390e-01,9.877977808332703002e-01
2.700440000000000000e+05,6.628457796150943881e-01,6.420209975116477619e-01,6.245422425425245505e-01,6.220250280606192117e-01,5.366998063918695383e-01,5.154171538054101998e-01,4.843912315046907668e-01,3.638654084583092807e-01,1.887126966436027953e-01,1.488087832870540472e-01,5.277345732404459255e-03,2.269996902875558442e-01,3.946689397966730573e-01,5.003895783245534412e-01,5.627055084241432414e-01,7.584507984210558940e-01,7.698881038335544380e-01,7.980037452628486738e-01,8.130242459204127803e-01,9.391738856514104672e-01
2.700450000000000000e+05,9.872600619542029055e-01,9.792159289974995406e-01,9.788915113557545844e-01,7.685009635269021144e-01,5.965158264795674681e-01,5.313532452927905991e-01,4.562852781446274930e-01,4.314818687972914457e-01,3.667704672788867359e-01,2.978696904477946550e-01,1.694996232609953246e-01,2.271579634098362943e-01,2.460457597194539714e-01,2.816241155471421731e-01,2.964266814697178454e-01,4.526119641312996711e-01,6.487849848062710034e-01,6.664343544734596669e-01,6.835060198728356573e-01,7.133594879797056088e-01
2.700460000000000000e+05,8.905735085968733422e-01,8.601077765261280206e-01,5.746257707549118354e-01,4.789233054940997825e-01,2.066457957668049739e-01,1.894417285282721242e-01,1.716869409377120848e-01,1.464577417685027916e-01,1.463822765405006221e-01,4.744458803027185034e-02,2.857226065497586731e-02,1.033581842283223251e-01,2.183145767834282491e-01,3.388286753627072212e-01,4.330534197041336908e-01,4.369609836842891504e-01,5.682836027493917141e-01,6.923961459942664654e-01,9.479801393255030684e-01,9.789607501445326543e-01
2.700470000000000000e+05,9.859000673614470855e-01,9.680676006071302631e-01,8.012537045911738431e-01,6.856361958142971336e-01,6.217630960832051246e-01,4.293724290812445110e-01,2.654454622099463590e-01,2.570151575268472266e-01,1.439021572990936138e-01,7.208402940364733169e-02,5.975484190467639234e-02,9.144359347239472413e-02,1.769674426906306941e-01,4.038249494516369387e-01,4.491210944393020377e-01,4.803157719080545229e-01,5.464588219384712842e-01,5.481142072227411788e-01,5.531896690396663763e-01,7.920706138403813545e-01
2.700480000000000000e+05,9.574877528644629709e-01,9.245358677839776718e-01,9.189121455207409639e-01,7.851530067922972700e-01,5.623937688218861863e-01,3.686130080606881965e-01,3.629509280254681336e-01,3.047465405512039816e-01,2.191839902639560744e-01,1.060817687096216044e-01,5.449293223043605305e-02,1.448390506255877730e-01,1.821790537181138259e-01,3.019052960322102797e-01,4.278302830821478775e-01,4.436641050018529375e-01,4.677794593212925012e-01,5.230490216784658974e-01,8.020934513956110568e-01,9.004417857016325799e-01
2.700490000000000000e+05,9.461587028662332699e-01,9.044171478626593652e-01,7.923439974133571484e-01,6.794195303288170784e-01,4.497557027837173482e-01,4.308791125548390166e-01,4.012504947935612298e-01,3.749447466985338373e-01,3.434357957771484449e-01,1.693820402143394466e-01,1.395258623824525701e-01,1.868278744392279922e-01,2.466111053146273768e-01,2.614156532377163167e-01,3.484209114931646756e-01,4.276637979382605925e-01,7.874498272817438416e-01,8.499357996726448761e-01,9.346421338642593168e-01,9.551685994804743896e-01
2.700500000000000000e+05,8.877881372200951970e-01,7.810291451022808307e-01,7.478687596863997644e-01,6.396565705539071223e-01,5.725937321084201281e-01,5.434185459113040073e-01,5.371331509424774886e-01,1.753476691396658182e-01,1.247196175440365984e-01,1.158643160000544237e-01,2.091458695721815086e-02,3.652801859444765320e-01,4.201276483624407643e-01,4.366011994105040150e-01,5.019421700693773580e-01,5.772481507420720304e-01,6.714418342123850136e-01,7.769342385146172925e-01,8.566760579136589726e-01,9.735120764700624374e-01
2.700510000000000000e+05,8.425623753191018306e-01,7.483604797057969993e-01,7.468771020227208401e-01,6.219244304190704176e-01,6.192229469648682372e-01,4.820574054961435095e-01,4.241974103098400395e-01,3.680839606295326361e-01,9.805898493604725541e-02,7.633234932458299316e-02,3.015234907485953020e-02,1.200173183191547421e-01,1.654123882025070325e-01,2.784698558250727762e-01,4.142473053268747041e-01,4.229626308429873527e-01,4.387171713611851542e-01,6.220292992368627871e-01,6.404655366471558864e-01,8.338409502718289179e-01
2.700520000000000000e+05,7.427436593975027534e-01,6.330243786937322925e-01,4.506201610026431270e-01,3.568376463845109869e-01,3.120913203519357637e-01,2.755968535099249106e-01,2.677526371050060749e-01,1.206291564687452800e-01,4.377900174411208933e-02,4.148465837048775917e-02,4.074835052291947424e-02,6.738373178505596695e-02,5.087811812990884475e-01,6.139379145394783244e-01,6.605173413966132223e-01,7.275885486230775356e-01,8.098600665022972489e-01,8.431623399797441021e-01,8.449674766399061232e-01,8.572255993729358536e-01
2.700530000000000000e+05,9.894871268990953483e-01,9.402009410180893756e-01,9.264016245182934428e-01,8.889204471830379761e-01,8.224231311209904138e-01,7.539196918163019179e-01,6.602463574240839961e-01,5.940873943000385404e-01,2.980564021581793011e-01,1.978677190034475730e-01,7.095713333855213634e-02,9.433758278440318445e-02,2.292967977781904532e-01,3.130980194125881910e-01,3.834232942353653639e-01,3.936414624867463630e-01,5.558996947263792343e-01,7.432674908086890353e-01,7.555725685910317235e-01,7.785584100054203649e-01
2.700540000000000000e+05,5.511380991655934203e-01,5.352870068074961907e-01,5.295836530757940253e-01,5.233499752906313196e-01,4.644817352058949744e-01,3.937191820188962188e-01,3.581958639783757725e-01,1.921742422718458743e-01,1.885910835374642325e-01,7.526648480629405391e-02,5.343863052650010825e-02,8.221190361495267496e-02,1.278462603946337595e-01,1.529714068651558678e-01,2.364098140163837236e-01,2.475099704169468895e-01,5.963902317439127021e-01,6.077445958010512239e-01,6.536732344606198675e-01,8.158254654285587160e-01
2.700550000000000000e+05,8.128595434616079363e-01,8.099590559121523370e-01,7.775300244118267257e-01,5.953585916732622163e-01,5.546848289703385504e-01,5.058899038120939773e-01,4.622707270307665484e-01,3.273033325364683721e-01,3.209194296084977305e-01,2.446197774597290708e-01,8.758281634938946958e-02,2.153581993017583684e-01,5.482001598732286762e-01,5.870139758370226390e-01,6.139487639100189575e-01,6.257210364781501388e-01,7.954147758153919945e-01,9.632596896327262348e-01,9.822050654000342718e-01,9.991373431914694070e-01
2.700560000000000000e+05,9.837931211342616500e-01,8.566056022644543688e-01,6.708199152941605181e-01,4.611562842992085187e-01,3.627779020558444811e-01,3.612771927978756237e-01,3.173364114342114295e-01,2.140132262529680363e-01,1.148716247831530479e-01,2.800102972965246018e-02,1.102209422751010415e-02,8.574124060922616586e-02,1.368983039710862659e-01,1.461967884516548466e-01,1.658379457075206398e-01,4.504614958053221319e-01,5.830765865088596289e-01,6.110726061971774037e-01,6.679985525794308598e-01,7.096480811687314594e-01
2.700570000000000000e+05,9.984884316231700252e-01,8.379314196684103377e-01,7.557187033191347103e-01,4.694324136313937634e-01,3.363376517620644268e-01,2.716602476994836035e-01,2.244653157893360396e-01,2.147041174636339367e-01,1.358079740376044731e-01,9.089405798238525680e-02,1.961196824930011573e-02,1.298678296040129965e-01,1.604629782247206649e-01,5.174597962477850421e-01,6.554926616343670354e-01,7.524220352210798657e-01,7.637041768265347974e-01,8.153691738229124075e-01,8.846882976089581740e-01,9.153562527275097560e-01
2.700580000000000000e+05,9.553494847607508778e-01,9.391383475746143406e-01,9.181610269825269954e-01,9.119008233023626619e-01,8.862028566763913151e-01,8.511713356748499271e-01,5.825453485787561725e-01,3.557333996985774238e-01,3.094845107763404268e-01,1.569805875190081190e-01,1.353319193735462722e-01,1.614360049289204069e-01,2.042543097148163955e-01,2.306197873483504246e-01,3.325012335961398113e-01,4.735894393144813863e-01,4.781005960654590714e-01,6.212505664729600641e-01,7.944216881879179182e-01,8.079681077635028075e-01
2.700590000000000000e+05,9.815404420133924113e-01,9.650550863417999281e-01,9.453963619303213939e-01,7.588477882022965915e-01,7.389377904605290981e-01,6.996225884163996822e-01,3.923021486031273986e-01,2.412224058855999553e-01,2.183801472144535349e-01,8.217959752067371948e-02,6.341614408996909535e-02,3.400155399309193749e-01,4.626160904026533904e-01,5.515527620984705948e-01,5.964301404415720542e-01,6.694538487170501595e-01,7.390787883609439834e-01,8.415577633285145076e-01,9.173274181433833663e-01,9.611221812929762187e-01
2.700600000000000000e+05,9.715830249812481556e-01,8.431124921329903321e-01,7.470171241327671074e-01,6.470065643676450318e-01,5.589973546953246331e-01,3.689123131963805147e-01,3.243783703839027144e-01,3.090131974144505467e-01,2.916796284188204469e-01,2.691683260018229440e-01,6.894047001787573237e-02,1.242502369154736552e-01,3.218562428608543469e-01,4.272694794689352316e-01,5.513560619097130910e-01,5.887456563053582448e-01,6.056320455497768984e-01,6.366611700406923369e-01,9.146244547199171571e-01,9.297585423179830499e-01
2.700610000000000000e+05,9.118894314943789547e-01,7.519042364752257512e-01,5.464605588391654445e-01,5.457857760996980279e-01,5.252070264445288794e-01,4.952599273470137398e-01,2.953943847948924395e-01,1.890909498817120449e-01,1.790360295040716032e-01,7.083500691769828439e-02,2.483613759141189981e-02,2.528733252077434157e-01,5.486290115020722169e-01,5.798179718816297568e-01,5.992394220125869531e-01,6.345258295700422213e-01,7.294197036120655397e-01,8.818913132626079454e-01,8.897045773212680642e-01,9.525635675776924494e-01
2.700620000000000000e+05,8.397910584522780830e-01,6.976176885316734966e-01,6.786312093383012334e-01,4.220856796486395224e-01,3.024842052336862430e-01,2.443942917623199707e-01,2.273363171865625532e-01,2.168125213179352695e-01,1.395991215947807174e-01,4.242740633385788662e-02,7.887552309643885984e-03,3.123530847382911535e-01,3.407804965653333795e-01,4.698330705144316832e-01,6.308759925333319307e-01,6.983637716151982477e-01,8.106511234531693644e-01,9.188825492130147099e-01,9.762865688171578071e-01,9.869373901958332640e-01
2.700630000000000000e+05,9.877868657728348101e-01,9.503241112516502831e-01,7.474052034691370805e-01,7.306152049416594352e-01,6.036336452196890967e-01,5.144094613608631850e-01,4.928122512968705626e-01,4.723133925287772428e-01,4.640868640312483251e-01,2.373670586442641062e-01,5.504468120161987166e-02,3.452442311560663946e-01,3.937627783347021904e-01,6.282379601973214767e-01,6.509418790348731054e-01,6.631691802961815485e-01,6.878516772709656335e-01,7.902275602672624855e-01,8.515869385394168045e-01,8.935804803521966155e-01
2.700640000000000000e+05,9.654588734185708399e-01,8.974106371806805926e-01,7.320926613858473875e-01,6.973849968785219566e-01,6.263525606853729277e-01,4.892554862601877774e-01,4.475380434155205034e-01,3.784465795077129879e-01,1.866587351709070308e-01,1.814566864313627015e-01,1.141497172653063163e-01,2.397755208747146538e-01,2.982683657950049305e-01,3.390046535498488778e-01,6.068440829366478217e-01,6.500928896380092636e-01,6.734782127664187268e-01,7.337731562641838234e-01,7.463687173814261833e-01,8.495954235223922568e-01
2.700650000000000000e+05,9.093267385852715767e-01,9.086486092319944197e-01,8.684597752274060278e-01,5.604592266009564838e-01,4.939096954380973736e-01,4.680004460077982209e-01,3.383207153583145388e-01,3.203465764008360805e-01,2.534730028185705475e-01,1.450875543716207972e-01,3.438968028931443932e-02,7.208411806774472907e-02,1.548755013407432379e-01,1.936785771239967202e-01,2.549009922698088904e-01,3.496543538235180604e-01,3.963315070750530467e-01,5.098253525159764932e-01,7.705988658132409963e-01,8.041647842503482080e-01
2.700660000000000000e+05,9.902091562428619875e-01,9.782555783504328639e-01,9.767352750742599454e-01,8.752788456578917131e-01,7.869195400255459827e-01,3.339123472371363643e-01,3.063169751830523424e-01,2.758959857293111773e-01,2.048024388183018463e-01,8.595652757925198451e-02,2.202834651189733428e-02,5.488705127348936230e-02,9.942545491540033531e-02,2.227041846647503931e-01,2.842897316880619307e-01,3.208116026241819574e-01,4.205487640995652088e-01,4.224675939466938646e-01,5.057094647157286404e-01,7.441467329358724125e-01
2.700670000000000000e+05,8.870002500054218197e-01,8.553214910900804879e-01,7.622469683202258706e-01,7.095261389627625093e-01,6.365417684683337685e-01,3.763521847212725202e-01,3.460321904691064931e-01,2.433854759831278747e-01,2.132160311208703973e-01,2.049253771301007276e-01,2.246135436576635058e-02,6.806126781707755313e-02,2.395947791042681851e-01,2.409339375813789319e-01,5.400948421834729229e-01,5.827610680022257128e-01,7.964246743205726231e-01,8.341371366717766911e-01,8.569741565526354243e-01,8.913232416037171202e-01
2.700680000000000000e+05,6.418957256703667902e-01,5.140700949093758299e-01,4.283635516432431345e-01,3.717505077652115686e-01,3.694531970708486712e-01,3.424596349486387359e-01,3.313260947417232538e-01,2.231056411599926514e-01,1.970703095141402850e-01,1.706829167508535638e-01,9.573859584440735926e-02,1.839139718721897188e-01,2.581553638121967253e-01,3.771250199946938331e-01,6.730931453953706844e-01,8.106476903219859143e-01,8.179918481147012699e-01,8.700944571346170830e-01,9.434775444699859959e-01,9.587872212326566945e-01
2.700690000000000000e+05,9.786878338280339262e-01,9.499451206613218623e-01,8.925928778185800994e-01,5.538518229584478147e-01,5.156021915440835990e-01,4.833630525633914043e-01,4.664911413338456159e-01,2.402825133444618233e-01,1.793850959668616962e-01,8.489151689102025777e-02,3.933259854558557311e-02,4.963340713147534888e-02,1.126118296933612539e-01,3.371607437846561028e-01,3.635037084800653018e-01,4.565801909295157390e-01,6.375187421789578757e-01,7.374994268266475972e-01,7.469089889967623908e-01,7.486143404408165392e-01
2.700700000000000000e+05,8.586512816815756732e-01,7.285603847592849736e-01,6.903553713730229413e-01,6.270644746301108352e-01,5.494321187569862763e-01,4.624097776123173853e-01,2.824394628817087360e-01,2.438862692622595363e-01,1.356696467622195978e-01,8.256564935052856935e-02,3.951032627965478383e-03,8.630080675596607520e-02,1.454569284902333948e-01,2.646449808532342907e-01,3.009636388948581098e-01,5.781771308322125602e-01,7.669023981483172880e-01,7.894092734309789972e-01,9.111986990136983211e-01,9.933197117548201449e-01
2.700710000000000000e+05,9.391980846203598077e-01,9.362385760300220294e-01,7.975000315844611443e-01,7.934813154708474370e-01,7.451147577750326656e-01,6.210165556955365984e-01,2.614331052296824387e-01,1.800492915760630863e-01,1.446014711194382185e-01,1.421880893948692659e-01,2.652130835025612310e-02,5.364663067127140028e-02,2.883598770424491420e-01,3.436932172878309766e-01,3.856659436222440451e-01,4.137585958848973844e-01,5.886578253425368557e-01,6.022451577683038959e-01,7.586823575372082518e-01,8.343493578368624819e-01
2.700720000000000000e+05,8.023473826119701391e-01,7.123708054018657032e-01,5.593859651456609683e-01,4.604847366720989932e-01,4.399704074602540649e-01,4.324940617820515198e-01,2.680861197292894182e-01,5.853150144745244976e-02,2.847043666756987612e-02,2.036630549702422854e-02,1.024194656551002947e-02,3.619922562536981303e-02,3.505325006704450574e-01,3.829376676027375082e-01,5.303677890519676863e-01,5.448369119351755829e-01,5.704603358672475366e-01,6.344803144260149352e-01,7.828898096664779205e-01,9.463332445362144796e-01
2.700730000000000000e+05,9.648763499060509785e-01,6.139954203504224273e-01,5.394639683639743666e-01,5.108678928427103916e-01,3.268318789012421011e-01,3.199837680032893150e-01,2.749159597898878094e-01,1.329703603434735371e-01,1.952091011505929785e-02,1.721649870780439517e-02,8.646417640869485943e-03,4.814449257549002770e-02,1.033635158512882235e-01,1.045729350815820524e-01,1.297269333772812505e-01,1.784253263720867455e-01,2.560811805990504952e-01,3.185569701978654411e-01,3.346404521673391752e-01,5.652683234303594872e-01
2.700740000000000000e+05,9.088432028478676816e-01,7.897359884799425300e-01,6.363490692097639734e-01,5.251173125342771808e-01,4.684936454184319699e-01,4.320344145836729766e-01,3.872334295725078368e-01,3.511211033153944783e-01,2.298679008168087456e-01,1.688604655726958503e-01,1.109010079160417384e-01,1.592431984971293124e-01,2.670522311556172701e-01,2.823658721808480765e-01,3.055536209781831714e-01,4.011454339702288374e-01,7.074029274562233516e-01,7.535875124520908797e-01,8.198889865652548847e-01,9.741718805471891729e-01
2.700750000000000000e+05,9.938034428357328531e-01,9.630020635583198541e-01,9.298024503591857393e-01,9.190039875557030058e-01,5.970890210066619463e-01,3.403247621373672871e-01,2.248280870390757524e-01,1.767846202468073002e-01,9.150064533550694712e-02,2.095954299289748413e-02,2.032458871958875424e-02,7.816674646054500020e-02,1.450751786703039503e-01,1.666302611581332860e-01,1.716807670563469390e-01,2.674797059697794355e-01,3.251517376623029865e-01,4.310891651045396511e-01,4.335431596592557169e-01,6.665100750977731581e-01
2.700760000000000000e+05,9.117667026968052646e-01,7.977796967507256864e-01,7.945529824803013730e-01,7.205930861654232800e-01,4.548725560786345268e-01,4.068866575796969975e-01,3.795422763852805970e-01,1.741857067890659749e-01,1.389874537175626035e-01,9.681769120244987370e-03,8.994540116716409628e-03,1.993055033662505249e-02,3.923457830617582687e-02,3.950836755846472981e-01,5.287071963112094375e-01,6.439167397037853791e-01,7.759450580731853675e-01,8.684785590648852471e-01,9.349016500061109181e-01,9.493799228262211898e-01
2.700770000000000000e+05,9.926656285358694820e-01,9.110901279992011936e-01,9.012212018344050168e-01,8.759937350970680159e-01,8.744548239045694116e-01,6.397006433930357838e-01,6.389982313867127450e-01,5.898766118663422153e-01,3.378803139203195860e-01,8.679953805986906357e-02,4.779722555873766598e-02,5.630189744433555799e-02,1.115756959172653495e-01,1.602938684223800259e-01,2.408052562629293680e-01,2.961120027734295279e-01,2.996500024696859832e-01,3.829066081972871682e-01,4.065884289355197190e-01,4.326377341424870737e-01
2.700780000000000000e+05,9.912853564689940722e-01,9.697815553801093502e-01,9.642459955457109988e-01,9.155694928009202593e-01,9.129046321581111290e-01,4.133515479741357579e-01,3.269954206535060637e-01,3.098506419522263355e-01,3.026163966169365116e-01,1.418122307674140048e-01,7.580199002688481347e-02,2.636118231129167544e-01,2.859877901406180367e-01,2.942599752743624286e-01,3.574871395443192101e-01,3.779974023705948705e-01,5.684075361064639953e-01,7.228766003714351962e-01,7.661648162234653281e-01,9.555496720024524437e-01
2.700790000000000000e+05,6.743695116029932990e-01,6.514373150120299494e-01,5.864453160155082001e-01,4.594172355055403667e-01,4.330084598325716350e-01,4.280098175091580082e-01,4.252152744587861521e-01,3.712057514314995865e-01,2.754456489650203288e-01,2.594872196231368111e-01,4.652052302643294723e-02,1.321763131992439444e-01,2.839324664139467602e-01,6.314027847833826312e-01,7.346732564945509525e-01,7.574303910656885463e-01,7.668095955568107192e-01,8.156268117810023810e-01,8.783398663871938572e-01,9.949378771099868235e-01
2.700800000000000000e+05,7.183019675848113517e-01,6.640870753027834361e-01,5.467858582701466963e-01,4.028244222234802496e-01,3.924455483936452049e-01,3.147503296857108168e-01,3.039336978595401639e-01,2.927837738615701735e-01,8.207285996914504000e-02,7.801349734891638299e-02,6.193193879160463489e-02,8.104316642418984973e-02,2.341574123337683000e-01,2.787352115748350512e-01,3.624196552412025651e-01,7.862244570897403140e-01,7.929030493825788284e-01,8.917332177388656023e-01,9.105375870406052785e-01,9.729180374866582826e-01
2.700810000000000000e+05,9.546035499898489762e-01,8.815860415516983961e-01,8.665667885766344947e-01,7.263804213812801169e-01,5.071702125199608613e-01,4.802722744755472117e-01,2.076596503714950304e-01,1.890184239005170408e-01,5.394947812911665697e-02,2.624316381911906415e-02,5.999786922545879975e-03,2.991301253664602200e-02,1.173340687621593492e-01,2.310824703852429884e-01,5.014753204512597540e-01,6.557855136071446545e-01,7.323096032005749212e-01,7.701982721654285768e-01,7.928952761100257485e-01,9.046605406600807253e-01
2.700820000000000000e+05,9.911591932264075533e-01,9.103805896433236899e-01,7.937922362732620085e-01,7.534696455744973598e-01,7.120577782103680864e-01,5.974170148945875392e-01,5.487343662670565170e-01,4.506675520363327969e-01,1.794405950694818452e-01,1.625942138429777861e-01,1.586296583013024897e-02,5.874215234674218244e-02,3.576844954510525199e-01,4.106302088052766752e-01,5.499958714579661345e-01,5.691625476702352193e-01,6.189750628174742753e-01,6.315961521843739268e-01,7.218290069815628263e-01,7.404035692263325474e-01
2.700830000000000000e+05,7.503825707238451770e-01,6.382423407708652796e-01,6.041696857148493027e-01,5.256836107317270912e-01,3.823921728152305244e-01,3.213561408456711010e-01,2.625214030216085348e-01,2.218388330233214134e-01,2.098161845027701755e-01,9.498628527745622829e-02,3.713117052481029745e-02,3.030666810137695455e-01,4.566775137003249441e-01,5.798222200656848457e-01,6.962234607400479280e-01,7.614063703280236073e-01,7.742111060313123794e-01,8.266933907978435414e-01,8.901541353952028279e-01,9.559418354977394783e-01
2.700840000000000000e+05,7.890287090062998443e-01,7.842128921570545863e-01,6.537884435061758204e-01,6.386495254187541937e-01,5.373261360713379453e-01,4.606395865107074661e-01,2.935852615188926373e-01,2.178335583053538915e-01,1.361976933329805961e-01,1.117222664087307304e-01,1.926882630890902615e-02,1.841967262622811186e-01,2.366973674354883039e-01,3.396987846368708652e-01,3.833967038294257001e-01,4.437027571809051274e-01,7.615195059712933645e-01,8.537401149279310042e-01,9.613980660578758108e-01,9.923289964823608367e-01
2.700850000000000000e+05,9.828588823150770093e-01,6.552694466143111907e-01,6.529052281567437888e-01,6.353272051539674559e-01,5.624521897474543675e-01,4.461079508349014011e-01,2.808067923139829780e-01,1.827914802576995346e-01,1.374791891005013866e-01,6.661398361938775103e-02,2.851182299821108934e-02,7.810622469241257360e-02,1.137807013239073850e-01,2.198314449251900227e-01,3.699046928067488693e-01,5.277230417138248919e-01,8.058736485560413776e-01,8.170797572859086477e-01,9.414178423215302516e-01,9.600170277051812695e-01
2.700860000000000000e+05,8.738814444662276193e-01,7.231058235532576983e-01,5.362799818625174630e-01,4.531066536159636948e-01,3.502046028448705384e-01,2.600888006951211917e-01,2.393702158490600418e-01,2.083573101033818764e-01,1.642350190178152314e-01,5.615177898821821501e-02,2.085582208490688316e-02,2.939905693968540845e-01,4.921884201699010530e-01,5.651224826065487372e-01,5.802096656284995158e-01,5.923336781452985811e-01,5.994360825286142447e-01,7.412010733365808068e-01,7.436595529396411441e-01,8.609356704151797102e-01
2.700870000000000000e+05,6.268205226682279640e-01,6.254152482817790792e-01,5.178070619912070738e-01,5.075999969312056104e-01,3.941630778892155629e-01,3.859732830309799967e-01,3.145981187633768439e-01,1.921161754737001903e-01,1.565943096927424616e-01,1.396795988380650222e-01,1.868935825068807066e-02,2.600816349083423518e-02,1.888680182267957752e-01,5.094229251225471655e-01,7.627541778264517180e-01,8.091306257535026969e-01,8.672279333759613795e-01,9.130925515892548416e-01,9.321912850863051103e-01,9.348364288897070828e-01
2.700880000000000000e+05,9.336726649035653747e-01,8.993383480480280356e-01,8.144434004739268262e-01,5.981191521828597146e-01,5.391491656410372091e-01,5.304355147572777929e-01,4.327953097225950563e-01,3.684479749556248684e-01,2.051437123172223931e-01,5.348982647645761368e-02,3.060469810930799284e-02,3.982992360949504373e-01,4.498785931880974198e-01,5.432582508339139915e-01,6.449389313138416124e-01,6.664731873586030586e-01,7.166385121125579127e-01,7.321858922109030221e-01,7.964941983375308787e-01,8.539350038193144199e-01
2.700890000000000000e+05,5.980618839986684421e-01,5.701507128565618254e-01,5.413031353429808012e-01,4.747291344358146592e-01,4.075996979829021871e-01,3.726126510563374516e-01,3.404208655378990755e-01,2.895123686847631550e-01,1.425742149443384177e-01,1.320252809259274684e-01,1.130327823561262379e-01,1.629923102714689875e-01,2.847422316623899885e-01,5.637674130007063189e-01,6.631878255017543689e-01,8.282096449781902736e-01,9.117246118286826961e-01,9.588998365132446189e-01,9.591479681138324054e-01,9.833522645265878603e-01
2.700900000000000000e+05,9.550621808030623772e-01,9.385695728136046467e-01,8.983618212640710476e-01,8.469629443099339072e-01,7.582710211648242549e-01,6.873669722128901149e-01,3.784479913296023845e-01,2.377176912282906729e-01,2.340723422990924618e-01,6.137124104491442633e-02,5.398160375084370965e-02,5.692078667103228629e-02,9.936685637228204193e-02,1.579648771926829287e-01,1.893748600119381509e-01,2.849584786844273632e-01,2.948114880330173770e-01,4.254022098947477515e-01,4.431772078390311398e-01,6.217505622934003107e-01
2.700910000000000000e+05,9.985848260298971768e-01,9.678697551339489058e-01,9.155905046821263271e-01,8.687858684385147967e-01,8.297969811971811493e-01,8.142362234359802331e-01,8.102821410613625375e-01,6.390154665638116960e-01,3.638383690656354919e-01,1.845421133848935691e-01,1.275242101787905646e-01,1.596190665841664691e-01,2.502996286618717203e-01,4.201667483009061677e-01,4.420262287795569955e-01,4.788425741759129162e-01,5.312458530658366040e-01,6.262698510503021954e-01,7.106071520494834370e-01,7.994500381698599334e-01
2.700920000000000000e+05,9.833320048659847101e-01,9.091111690515433219e-01,8.706546494434275196e-01,8.454980161998898458e-01,8.071276633401877065e-01,7.609138227349627748e-01,6.740007949750004279e-01,6.511242996666066762e-01,3.219328685660201028e-01,8.626561775697738632e-02,3.241343621081149706e-02,4.790741145637955611e-02,2.125779504728483316e-01,2.190287193062144810e-01,2.671858610092292530e-01,3.356231228420603063e-01,4.928467738447726010e-01,5.180856780279705642e-01,5.666802325986484146e-01,6.323147800622078707e-01
2.700930000000000000e+05,6.772949425792998968e-01,6.737508899911787141e-01,5.689450524404890963e-01,5.352155834616443286e-01,5.200067227203087894e-01,4.956203015674790491e-01,4.895737138214619755e-01,4.726734622407522401e-01,3.485796034706870605e-01,3.445089208719399609e-01,8.030231739336524122e-02,1.150626359499546947e-01,3.550980370093993477e-01,4.527780621168707720e-01,5.364033295237390364e-01,7.558516550998963801e-01,7.995400848144447181e-01,8.080611380247340048e-01,8.380007320424234241e-01,9.356286679435833475e-01
2.700940000000000000e+05,8.698574798695045684e-01,7.815031414746728133e-01,3.821458155114316746e-01,2.739013013430942056e-01,2.215507108296993488e-01,1.741682296356756865e-01,1.741428028924152382e-01,1.518406615576759489e-01,1.394578698681221418e-01,1.393566385981395150e-01,4.628187859621835099e-02,1.717426143337431599e-01,2.407958530562687161e-01,2.663148810533315647e-01,3.784305950673462204e-01,4.343370564688409097e-01,4.523400159142275667e-01,4.671654525526149904e-01,8.750237344221091229e-01,9.441371139933423251e-01
2.700950000000000000e+05,8.558244358290565401e-01,8.323489035973823391e-01,8.120079502123571658e-01,7.376861148015012581e-01,6.994983611225552567e-01,6.947642739062612760e-01,5.332064292201025291e-01,5.268750020265334788e-01,2.446728634989203677e-01,2.087884423425957481e-01,1.229648621396397523e-01,1.996932183668219674e-01,2.983973317053081331e-01,5.713564827510561051e-01,5.741468782975495122e-01,6.537100739926805515e-01,7.959767433371880418e-01,9.368007446151843665e-01,9.427243760427290731e-01,9.868127362724479212e-01
2.700960000000000000e+05,8.062708315078488397e-01,7.457188414914176500e-01,6.271007781296665806e-01,6.140721574365931579e-01,5.115604450585818919e-01,4.966478813566779227e-01,2.592570657024574343e-01,1.949318025771371587e-01,4.533787900981323116e-02,3.049350638226577814e-02,2.104770061804650538e-02,3.939230867436306349e-01,5.662419307095029053e-01,5.909222039700718909e-01,6.117104800065288339e-01,6.304567719409560622e-01,7.380178915336157441e-01,7.507937807222595517e-01,9.169959811929560001e-01,9.469786379505188423e-01
2.700970000000000000e+05,7.980903187434740254e-01,7.887863830854046077e-01,7.369740392844157384e-01,6.617980543073781474e-01,6.083783758626657434e-01,6.060765402512019451e-01,3.893060998867058364e-01,3.010828699358268912e-01,2.187334995167092844e-01,3.119874094933727804e-02,1.851629853688518956e-02,3.438265585359412402e-01,4.504449972891583220e-01,4.727493471537808079e-01,6.919588470066793118e-01,8.044636182193883878e-01,8.448904356543575078e-01,8.625880362248448119e-01,8.839156696707245464e-01,9.777230591695446060e-01
2.700980000000000000e+05,8.202650523606707100e-01,7.072749909158732029e-01,4.528809923483902988e-01,4.351924459429985514e-01,3.781196178982531020e-01,2.199940157962375631e-01,2.067860163149400909e-01,1.322724390718512666e-01,8.898176985906358638e-02,3.625175651962753154e-02,1.627017791192342244e-02,1.307389616281569023e-01,1.773337018935821074e-01,3.968192367462257675e-01,4.795816861245969509e-01,6.219365429006031842e-01,7.331604789493668672e-01,8.640189046865409672e-01,8.789951832256449604e-01,9.853420988160119798e-01
2.700990000000000000e+05,9.904058066107940261e-01,9.471971883561465244e-01,9.141593258473236228e-01,8.365393026386119812e-01,7.664818598589768772e-01,6.917766861139031942e-01,3.915417967941596800e-01,2.688153672934565641e-01,1.406388305625957402e-01,7.378435140528583069e-02,4.379150145634758129e-02,4.884866885845751128e-02,5.188574729243278227e-02,1.538513616550868379e-01,3.558840694107572311e-01,3.653987934763881507e-01,4.183023395693086233e-01,5.366125957340824870e-01,5.514259777435823739e-01,6.530919720404567697e-01
