1.900000000000000000e+05,7.275980209281619482e-01,7.269239253381568622e-01,6.873926380687714888e-01,6.776840601513449691e-01,6.443690454793610245e-01,6.318192203581167732e-01,6.303207578066589711e-01,6.104972514146026485e-01,5.662012253274556484e-01,4.986567017157027548e-01,2.282643996322875068e-02,1.711859406271585282e-01,2.135509311483516637e-01,2.408543887444994924e-01,2.470571033608068845e-01,2.614848553020533428e-01,2.815456092477239824e-01,2.843294102889180053e-01,3.185611380603700082e-01,4.020993079520169822e-01
1.900010000000000000e+05,7.326102086352574982e-01,7.172179332366853677e-01,5.874611301947382236e-01,4.599743629251388244e-01,3.009598043333222561e-01,2.895090440098591067e-01,2.100942194981861855e-01,9.587429033633299014e-02,7.968994248505611999e-02,1.673761130490458715e-02,2.821055516346260283e-03,3.581889316941855306e-02,1.110364641823581300e-01,1.292967494372543324e-01,1.549712930213071882e-01,3.594480410537015391e-01,4.588586694517610143e-01,5.301096988729496751e-01,8.942263915909615113e-01,9.559441846025608092e-01
1.900020000000000000e+05,9.699814995628563974e-01,9.568476451722580656e-01,9.104994319833218386e-01,9.047973406484685066e-01,8.300664382405448238e-01,7.104615500916896531e-01,6.895498820004738461e-01,4.813605012662999227e-01,3.674194270383034366e-01,2.455003354204083887e-01,1.141770438862654835e-03,1.078256861454751636e-01,1.290475556587410422e-01,1.430025060266357784e-01,3.380249527314621583e-01,3.731302592069758450e-01,4.901911016619342476e-01,4.940371721114983350e-01,5.229271104786903379e-01,5.508240845753490378e-01
1.900030000000000000e+05,9.207833813675636581e-01,9.044293202047427593e-01,8.846225845549084976e-01,8.764429520808094676e-01,7.636098320822796159e-01,7.608209600443082143e-01,1.945131096418651895e-01,1.096979062650503822e-01,9.917703089070228906e-02,7.789190738042139905e-02,3.536742434909623256e-02,6.099385695217207637e-02,7.009242602217358176e-02,3.297011090321527726e-01,3.707106737647679617e-01,3.834422288803899237e-01,3.862724079136375943e-01,7.274123471599500679e-01,7.478784654844996549e-01,7.555187766395039528e-01
1.900040000000000000e+05,9.669436909208389830e-01,8.836659299233515785e-01,8.591199409703764722e-01,7.709752687614366273e-01,6.274985303179025919e-01,6.227303356157424252e-01,6.148464908466805268e-01,4.928938115975503020e-01,4.107344153443822643e-01,2.315416263479873615e-01,2.299742504724577863e-02,4.628605697063525870e-02,1.160943755121942589e-01,1.181835565527395993e-01,3.052205879263751864e-01,5.802899770091886067e-01,5.985221988204891819e-01,6.080725018736393706e-01,7.058520246384314412e-01,7.357792284903607039e-01
1.900050000000000000e+05,7.970242505107767439e-01,7.774692917680529058e-01,6.681611018392951129e-01,5.673177886971952910e-01,5.088817854581503264e-01,4.600569323282762690e-01,3.730563709946052020e-01,2.205657089741080989e-01,1.730921288064192209e-01,1.452718095752223437e-01,1.197957504088480452e-01,3.432426407731449247e-01,4.974833721668360242e-01,5.922363266996931719e-01,6.343864735270458022e-01,6.361990210450995109e-01,7.505322444071476085e-01,8.532068416750596684e-01,8.772847106329736411e-01,9.599591170172524501e-01
1.900060000000000000e+05,9.644470291157239972e-01,9.504363157280802943e-01,9.468361949597042804e-01,8.297041221547778456e-01,7.684189135083643318e-01,4.316499697415782100e-01,3.816488120667496098e-01,3.678189000552096743e-01,1.829139353411842750e-01,8.012583447436316675e-02,2.617692607867416754e-02,1.955682605151276565e-01,2.254155750381767742e-01,4.145976502773280892e-01,5.069550941768291574e-01,6.130130723511743041e-01,6.464003563006784914e-01,6.994503274805443649e-01,8.456936581228817751e-01,9.348301871442458166e-01
1.900070000000000000e+05,8.355316792940857828e-01,6.496987055419540802e-01,5.831261608867334134e-01,3.952110714367399469e-01,3.329578514562930858e-01,3.266734083793467747e-01,3.004739907275938426e-01,1.664832879676749755e-01,1.483604026789024921e-01,1.340419536578459914e-01,5.403385342789168710e-03,1.444808670126923600e-01,2.185025767757254878e-01,2.421211794962113695e-01,4.404705590554536254e-01,4.410355064475514064e-01,4.645983909608656370e-01,4.800495535012382353e-01,5.269558976507533465e-01,7.992757214357982809e-01
1.900080000000000000e+05,8.888657654842710976e-01,7.094282184695859250e-01,5.308163066516623507e-01,4.178415459922931730e-01,4.168267672128683765e-01,4.072659535583509349e-01,3.838660870822705462e-01,2.847957296795857740e-01,2.282691391198574671e-01,1.189482447004699406e-01,5.621697980703332931e-03,4.323351106822703738e-02,3.674181471114870146e-01,4.153032118678821050e-01,6.872051466229573968e-01,7.618173295265266987e-01,9.318578375159367599e-01,9.510075556124826246e-01,9.529641482152312326e-01,9.898602147342555613e-01
1.900090000000000000e+05,9.944346206220742168e-01,7.423085549401339245e-01,6.086690868623451101e-01,5.590811808318927323e-01,5.440497436338255222e-01,5.209185721834524996e-01,4.023218252560573083e-01,2.543489446369560092e-01,1.757594498232162294e-01,1.642623562465338471e-01,7.451414450400151157e-02,1.981083421534147737e-01,2.137850388089984621e-01,3.056519463566779171e-01,3.278365861823501204e-01,4.510763543231381956e-01,4.670125009671073357e-01,6.279453048305788654e-01,8.013834413030770376e-01,8.689018843002844772e-01
1.900100000000000000e+05,7.959985397102635751e-01,6.346875277258543502e-01,6.135272819480920292e-01,4.336052973101077734e-01,4.146933979751969979e-01,3.934872900513792793e-01,3.518178201480535172e-01,3.268746237397260890e-01,2.321620612333800127e-01,1.737921866905459689e-01,1.250749293475347246e-01,1.968659038379205750e-01,3.353827115351525334e-01,5.402360005118296282e-01,5.845173948178317147e-01,6.546501247411520286e-01,8.304825076767468062e-01,8.537079235773952224e-01,8.811537945456032750e-01,9.845566451844627309e-01
1.900110000000000000e+05,6.477180399280523249e-01,6.113015156968004682e-01,5.931474045534697037e-01,5.387861145177158528e-01,4.028068785307714617e-01,3.494527775152735938e-01,3.068496062767438470e-01,2.591963507884941231e-01,1.557205852752705511e-01,1.023438206775961756e-01,4.115768525637297781e-02,1.866688440699763030e-01,3.249495708443769226e-01,3.875085427660691639e-01,4.689691635226888033e-01,6.513931083210910966e-01,6.606765163289819442e-01,7.321405480204388194e-01,7.801465234257310977e-01,9.659706589658223486e-01
1.900120000000000000e+05,9.990781711953798938e-01,9.801432936607739066e-01,7.988644388263680396e-01,6.525787904269152451e-01,6.361373823838100128e-01,3.343629025560398427e-01,2.839583228639893653e-01,2.359053644170867603e-01,1.448278839376264671e-01,1.421113284479333938e-01,8.112633962774340457e-02,1.851858123961062086e-01,1.868512967918275480e-01,2.833826476528878979e-01,4.005370595725754601e-01,4.101517210506956390e-01,6.311101542783957852e-01,7.242094395085854064e-01,7.690363316475690159e-01,9.417628920493034128e-01
1.900130000000000000e+05,9.811140609110213795e-01,9.148625946356074845e-01,8.654034473726276433e-01,8.305837010601728743e-01,8.289892797727806961e-01,7.758586411268990624e-01,7.157827207177467344e-01,5.879928908374197905e-01,5.025374862241456242e-01,2.878030099866594194e-01,1.616681472346944703e-01,2.190843573810443701e-01,2.540357560882958721e-01,3.253947561493568674e-01,3.301407233624834570e-01,4.408747583611636323e-01,4.438006994131925564e-01,4.643652778186847518e-01,5.749509495752669341e-01,7.027848173701600754e-01
1.900140000000000000e+05,9.964474466569442912e-01,9.751414183152494752e-01,8.690422363357285240e-01,8.389019914431805613e-01,7.876807009119105585e-01,7.537961402619379747e-01,6.920172563032093160e-01,6.104904909553549031e-01,3.618717953094926498e-01,2.670140490447771020e-01,6.233606483697418099e-03,3.161290558401974593e-02,2.648563407858487428e-01,3.302950510351148061e-01,4.470437476124915488e-01,5.488205601351989760e-01,5.493687486422766941e-01,6.246725284871098571e-01,6.784403482998425661e-01,8.864659554324028079e-01
1.900150000000000000e+05,7.404214895355064607e-01,6.905585601536134988e-01,5.219009316674905197e-01,4.441073876446643975e-01,4.293212134658339618e-01,3.012506757235492438e-01,1.722511280450559346e-01,1.450460404837283779e-01,1.318265537524337949e-01,3.538207546214289234e-02,1.433489699679624252e-02,5.904252050525782280e-02,6.879389223114251717e-02,2.387381743952838864e-01,2.884596884129777550e-01,2.949377278787513879e-01,5.733628022767821575e-01,6.399922430632788428e-01,8.625639244118443738e-01,9.319971653576653026e-01
1.900160000000000000e+05,8.604792140066794826e-01,8.010905047531662326e-01,7.032257462918346524e-01,6.188155391039454889e-01,3.500986527573617391e-01,3.316548144950138832e-01,3.250783339654922388e-01,1.183724761539536319e-01,3.813305450253900997e-02,3.310953133532557047e-02,1.060939497046164970e-02,3.970683516164563720e-02,1.894529736728967073e-01,2.883983949257391544e-01,3.020188947458287698e-01,3.027002499376995059e-01,3.655013188080847852e-01,3.866101465776622392e-01,5.514954555194659935e-01,5.805026467390131950e-01
1.900170000000000000e+05,8.154484427687337389e-01,6.992107286975233205e-01,5.778591777296193666e-01,5.447866201166516875e-01,4.250340041077741438e-01,4.210005888658582274e-01,3.573354804689702346e-01,2.430519038058990278e-01,1.915341919777855395e-01,1.519390078452447224e-01,3.887654455782774132e-02,4.241374553353538523e-02,2.150809053112739955e-01,2.953386693346171654e-01,3.407254928017379170e-01,5.293121833652097985e-01,6.263407912643108588e-01,6.474407150725656201e-01,6.963149052991971510e-01,9.148500092665445838e-01
1.900180000000000000e+05,9.235647413280007045e-01,8.943985997773994390e-01,8.669477649353870552e-01,7.139193938197960776e-01,6.495025452556277834e-01,6.336344191257564651e-01,6.063886600000333305e-01,5.892719992690014230e-01,4.597800944006859014e-01,9.803665439875153265e-02,2.843753631082224231e-02,6.227395374881106171e-02,1.498074062614289659e-01,1.727991927908330005e-01,1.993937664744780403e-01,2.824100530507634987e-01,4.474343030183531855e-01,4.842402063242623456e-01,4.858166780393832207e-01,5.113464613326692554e-01
1.900190000000000000e+05,9.530344478691615828e-01,9.515851356582620824e-01,8.113904449704583133e-01,6.478768986402211327e-01,4.502621059774933876e-01,3.540672678850997901e-01,2.344138215112111512e-01,2.328242804224613938e-01,1.922466387022145895e-01,1.207660924392817137e-01,1.167981813070245733e-01,3.604171051459315045e-01,4.203455059639973346e-01,5.613435008219308520e-01,5.671281506958747443e-01,6.532380877066467084e-01,6.957344603724263665e-01,6.986254777518186021e-01,7.047775903822667276e-01,7.137794300414448401e-01
1.900200000000000000e+05,8.931806651594079716e-01,8.446650339210897140e-01,8.163947648957918801e-01,8.121625204075944016e-01,6.317741534334058162e-01,6.281370782646671369e-01,5.165485069036570565e-01,2.592235376850100526e-01,1.332610578960772285e-01,4.293165345866734040e-02,3.585150978565965207e-02,3.761236851065286046e-02,3.861699514554906010e-02,1.554845152896369154e-01,2.052845131743017415e-01,2.125940116513898026e-01,3.339730219059434679e-01,5.556627690810992393e-01,5.651137986828309590e-01,8.154321103762560696e-01
1.900210000000000000e+05,9.949856949306911114e-01,9.635240531026818545e-01,7.592296976266027508e-01,6.195527941784513271e-01,5.951816608703885958e-01,5.083271043531364386e-01,2.994987724076710878e-01,1.676109408197751227e-01,1.123922963329926361e-01,1.015627807072232436e-01,3.603914184959777778e-02,3.812755822570268460e-02,2.288790142259680138e-01,3.137514757888707484e-01,3.248969943877396682e-01,5.330495434980146996e-01,5.733935613367077133e-01,5.979505006145762191e-01,6.563987296729728582e-01,7.049008593342400708e-01
1.900220000000000000e+05,8.794550276402914868e-01,8.612657114153648985e-01,7.802503586984886885e-01,7.792866297866525294e-01,7.628415469462739296e-01,6.036735895442421063e-01,5.529654940832283705e-01,5.486434762713429114e-01,4.152308807248185074e-01,2.490479420666673605e-01,8.249869025997647043e-02,1.197327802157901466e-01,1.850244964612508536e-01,2.641386790681017338e-01,3.325571638430697696e-01,3.675161759768057479e-01,5.774981661808411548e-01,6.001301699293700720e-01,6.805626090405707540e-01,6.895577838902107182e-01
1.900230000000000000e+05,8.181497219237056084e-01,7.903358781354991036e-01,7.343412587276652026e-01,7.063442728878537302e-01,6.774163952690258617e-01,6.254673425252330610e-01,5.713111691834136252e-01,4.403010198416860144e-01,3.524940828060825204e-01,1.646493340295139829e-01,1.171332348919954525e-01,1.578626293132210368e-01,2.015497640197577711e-01,2.460532915279755040e-01,4.093436747643163232e-01,5.133538181039113413e-01,8.130468618428557948e-01,8.250784141238198810e-01,8.437540479352655387e-01,9.571852539525439463e-01
1.900240000000000000e+05,9.448402710672406668e-01,9.281645469911343760e-01,7.867641407719299096e-01,5.758096584353119551e-01,5.481790842959913812e-01,4.972040407392056549e-01,2.586571662706634855e-01,2.047203697400112876e-01,1.242146948264252204e-01,9.012883922729963970e-02,9.326333769705708043e-03,5.153720230480474118e-02,2.173186679579609537e-01,2.698794719726327340e-01,4.337980582655177608e-01,4.990956355926619015e-01,5.298347000007844754e-01,5.529819074603941065e-01,6.802483435844233206e-01,7.983068972997138246e-01
1.900250000000000000e+05,8.923664945792174619e-01,8.118426951841415384e-01,8.117749909635327832e-01,8.021854244050569127e-01,6.944297422422401889e-01,6.677549644217523062e-01,4.455616055342606074e-01,4.239868089541077856e-01,2.325475358927062697e-01,2.294107145721306917e-01,3.210223044081206289e-02,1.127964194093249439e-01,2.694048343768991050e-01,6.193187370879132958e-01,6.397540221291031504e-01,6.408386076040187840e-01,7.413317520931185234e-01,7.810216500191823341e-01,9.389476435810930610e-01,9.512114524292909490e-01
1.900260000000000000e+05,4.585315631207681486e-01,4.033111246949493411e-01,3.189354551310518149e-01,2.905678402191136378e-01,2.862385450509309370e-01,2.794904782042343383e-01,2.420097733436573639e-01,1.883764955826202625e-01,1.330499033940770737e-01,4.684319213019305650e-02,4.895215802011132489e-03,7.990952077389690267e-02,1.245734429166694968e-01,4.850237134378029280e-01,5.651352039937007632e-01,6.768001274529772404e-01,7.696218620765772345e-01,7.748816921014398673e-01,8.398458419817217413e-01,9.019687796263260449e-01
1.900270000000000000e+05,9.949923704237496613e-01,9.902780944094901061e-01,6.733308916361497865e-01,6.452250247323896293e-01,6.265310946829075744e-01,5.581626555710295090e-01,5.323893014211827923e-01,4.902706861614669620e-01,3.459979025541376485e-01,1.988669475645848950e-01,6.872524763676013393e-02,1.784218928395170378e-01,2.348517279600974561e-01,2.413242463448493913e-01,2.606504167862829791e-01,2.834464580042558302e-01,5.884786132116095470e-01,6.517099447329652850e-01,7.091205102875132171e-01,8.885203853302775512e-01
1.900280000000000000e+05,9.863385442714548423e-01,8.693079266482210965e-01,6.604153602914943910e-01,5.260940585774442901e-01,3.796256912909280468e-01,3.174351569191732336e-01,1.505269450935861064e-01,8.097740972510913959e-02,7.149902383942130513e-02,4.558882390945606655e-02,3.435797174334676019e-02,5.726540643564759225e-02,1.522751753592080926e-01,2.196572046935589828e-01,3.463688634318390358e-01,3.833661797438877583e-01,4.133049887079420781e-01,6.680329551029552393e-01,8.361006861027939774e-01,9.928676173354712420e-01
1.900290000000000000e+05,9.167226007473217031e-01,7.294497823194121544e-01,7.048953139147838831e-01,6.655527243984111774e-01,5.589493650272413516e-01,5.510329624519773040e-01,5.285043426878472950e-01,4.782960009359609188e-01,3.306101335876062697e-01,1.495231429980490301e-01,5.563752797254628568e-02,2.039650807381508946e-01,4.411086669094045343e-01,4.883482380100148124e-01,5.279731030636976019e-01,5.362233090902039923e-01,5.597382688804465323e-01,5.631656759766023868e-01,6.589986448099769412e-01,9.191696839695530086e-01
1.900300000000000000e+05,9.888018571357234388e-01,9.247941210809828005e-01,9.084086785717468970e-01,6.793864689474363727e-01,6.474205407702382509e-01,5.870147707485482425e-01,4.622090445285751414e-01,4.302287698007799532e-01,3.322434014271264946e-01,6.724511323372173166e-02,2.972710045862203554e-02,5.314964618203676938e-02,1.356278355898885568e-01,1.521140615887879299e-01,1.727461329143724633e-01,1.961462056659959430e-01,2.020764815244711077e-01,2.359679356225985458e-01,5.603894274811331844e-01,5.608177547405140961e-01
1.900310000000000000e+05,7.957238265285632162e-01,6.192356914560387393e-01,5.706468618651140412e-01,4.054837700544428047e-01,2.903031321420390665e-01,2.509834469375312738e-01,2.031592559945861742e-01,1.454444688723267598e-01,1.058915402479398971e-01,4.450940457757979196e-02,8.183308076650019913e-03,1.172125854179822957e-01,3.414639485711794542e-01,5.960669159860485511e-01,6.373094552337822405e-01,6.517153346356382437e-01,7.264944578524675789e-01,8.693951321467878746e-01,9.761895566137299696e-01,9.843471018050601318e-01
1.900320000000000000e+05,9.981637628906340209e-01,9.918026254947862608e-01,9.758340730238236338e-01,9.734240844604770126e-01,9.157770106276539313e-01,8.696592001976645170e-01,7.402904985569757068e-01,4.183890945234620684e-01,2.937064815689549580e-01,7.918388794659270147e-02,3.933912677469830754e-02,9.380718839501045458e-02,2.790588824931954370e-01,3.304557020692385771e-01,5.255982461587278554e-01,5.635814124085909427e-01,5.637961070410053566e-01,6.963183659091288780e-01,7.563390049414346894e-01,8.535871526468659098e-01
1.900330000000000000e+05,8.972728164573601228e-01,8.441652933844588924e-01,8.031529646121167154e-01,7.654903459296865664e-01,7.445238907557434338e-01,7.295087318262071241e-01,6.598903818019848933e-01,6.472787858881642320e-01,4.569465039388227456e-01,7.767068840068414026e-02,4.546396765811433482e-02,4.604080835757196066e-02,1.315050354283885392e-01,1.623518155133744090e-01,2.652053025967494593e-01,2.760960849561169272e-01,3.300534093755909115e-01,3.370094567377710515e-01,3.930251260694503923e-01,6.597988847186551098e-01
1.900340000000000000e+05,8.766548384890965329e-01,8.510426564708215569e-01,6.742126493701046108e-01,5.970360617312842066e-01,5.925674392157123105e-01,5.362791013081350533e-01,2.304057723662228385e-01,2.272915994560456010e-01,2.067711205565475607e-01,1.016575145632540034e-01,7.578370942335055371e-02,1.597003216010094429e-01,3.771743655355357383e-01,3.855470613313353168e-01,3.890408115644843345e-01,4.561349908576570744e-01,6.339301344466893307e-01,7.517438332119599220e-01,7.962666045501975987e-01,8.301579941431983523e-01
1.900350000000000000e+05,5.725886820621323148e-01,4.009042199325012490e-01,3.352157697507224254e-01,2.730533076900716338e-01,2.319327683997930434e-01,1.878556104598133603e-01,1.511421235940763053e-01,1.304806655135717364e-01,1.105670720089392267e-01,9.173565651567527901e-02,5.849930483227117062e-02,5.970609802728932269e-02,3.449807849581457697e-01,3.967162731450190050e-01,5.222698169125632450e-01,5.400927333857685753e-01,7.904381649469868210e-01,8.478154106158176662e-01,8.550196682624616740e-01,8.739463381554651855e-01
1.900360000000000000e+05,8.783022538800190349e-01,8.722432724977491336e-01,8.707729498982293981e-01,7.968985290660153264e-01,6.181091016850225328e-01,6.045331758394703048e-01,5.762661466210122763e-01,4.611417397475543467e-01,4.024256975945871284e-01,2.490715408497140571e-01,5.444910978242067934e-02,5.550851277678392481e-02,1.201624776882957990e-01,4.469018568736403685e-01,4.538853107380028673e-01,5.223442510066399480e-01,5.382802261843050440e-01,5.416863010858529170e-01,5.522022146458699376e-01,6.145137074499318341e-01
1.900370000000000000e+05,7.960022658709474674e-01,7.875933440442568489e-01,7.781595192860276677e-01,6.302415204090848766e-01,6.186605183548309350e-01,5.979355570405288089e-01,4.744871052541307366e-01,4.324186014954224389e-01,2.648029246036588402e-01,2.762345039804070534e-02,1.214129790547080479e-02,1.926523106811656172e-01,2.437950378353436198e-01,2.622595978488223567e-01,4.250411979816416386e-01,4.640405866567791637e-01,9.637172203619421840e-01,9.802200964491540880e-01,9.947860206713017295e-01,9.990616831244824025e-01
1.900380000000000000e+05,9.853915808767224060e-01,9.401569424743733139e-01,8.996644507106141830e-01,8.982339241225003601e-01,8.877891259870052121e-01,6.094547792705240497e-01,5.586456001517152714e-01,4.933175528999940163e-01,1.284648407278342619e-01,1.219211582583847875e-01,1.046925189137759560e-02,2.274573947968665522e-01,5.239623258209669121e-01,6.553427703137839622e-01,6.845785822806735865e-01,6.912478692675504410e-01,7.750682738814085315e-01,8.921948212265213840e-01,9.033150359607325930e-01,9.115723754235829368e-01
1.900390000000000000e+05,8.222973817858609813e-01,6.426422893070163900e-01,6.192054954017329749e-01,3.004050811189649117e-01,2.657411147345672964e-01,1.655588320087788556e-01,1.502023034845481053e-01,1.477802660298498383e-01,3.947223523580301041e-02,3.034657275245322694e-02,1.484833925651829478e-02,3.582810654014332297e-01,4.408335055927584678e-01,5.085762829819068243e-01,5.821311546203098430e-01,6.416397282261127044e-01,6.597210969771228894e-01,7.180626434582034756e-01,7.198587196395572763e-01,9.241678897590986930e-01
1.900400000000000000e+05,9.837969245204178925e-01,9.175740656107806981e-01,8.598090796343733633e-01,7.389163691932365552e-01,6.866510375599885752e-01,5.972449672910401519e-01,5.598215667243862104e-01,3.534617898151771742e-01,2.586678324150480934e-01,2.254128417098862913e-01,2.918847222640863492e-02,2.314502437523046074e-01,2.527729191848606671e-01,2.560195527459846465e-01,3.179403442707049443e-01,3.267901062126615797e-01,3.484918212680397920e-01,4.991284712716382854e-01,6.014428253338964803e-01,6.106976719547865251e-01
1.900410000000000000e+05,9.369471460080285308e-01,5.545881455341968858e-01,5.214220066329661174e-01,5.184048481202441216e-01,4.960157270651246453e-01,3.813196801357640053e-01,2.637021102966592423e-01,1.911082770837353451e-01,1.851299160261541399e-01,1.123324957052942441e-01,2.081757097141834212e-02,1.660226204326903376e-01,4.292415626585881494e-01,6.206713469715462450e-01,7.236305257472021024e-01,7.520758391998857428e-01,8.414553528852513065e-01,8.522710832575685069e-01,9.655383164253281691e-01,9.833243067198059739e-01
1.900420000000000000e+05,8.951889940693704695e-01,8.308089484980021311e-01,7.885802208941149471e-01,4.767305426856238704e-01,3.824202636854614479e-01,3.564163517383014401e-01,3.502971827490289902e-01,2.031023114980697875e-01,7.637165582673399733e-02,4.826999509852125669e-02,2.612083934743059110e-02,3.503171428395668308e-02,5.059185032616919653e-02,1.243556697048965320e-01,2.628358566833003396e-01,3.694074391178461259e-01,4.080231814008898894e-01,5.932704452271854167e-01,7.550092594334693041e-01,9.309224486092476658e-01
1.900430000000000000e+05,7.000620253555689398e-01,6.775660974444694951e-01,6.275105449291754622e-01,5.574652156053898633e-01,5.405517514917880240e-01,5.160428340215974519e-01,4.494733713066273451e-01,4.362838155679662488e-01,2.316601352494509491e-01,2.089269487149757465e-01,4.448819625732747252e-02,1.349801397746795972e-01,2.522418798914950466e-01,2.994496828879523731e-01,4.598641594838603908e-01,5.785122920540258784e-01,6.204201093945131973e-01,8.151171661557179426e-01,8.467208251233819816e-01,8.639561283602300579e-01
1.900440000000000000e+05,9.584232776825462041e-01,8.758970071647392830e-01,8.746966150143895558e-01,7.289683143492364792e-01,6.751591864823457412e-01,6.558146577220103079e-01,6.498593579079523508e-01,6.036523993953788469e-01,4.996629627792477102e-01,2.945358016436515625e-01,1.957996870214451235e-02,5.260181399954311221e-02,1.646435895564842822e-01,2.360394992908588785e-01,3.940176526463711193e-01,4.807720972397186987e-01,4.842577106569094791e-01,6.230046873839423238e-01,7.867125472969934696e-01,8.228151607549929469e-01
1.900450000000000000e+05,9.594022468007535887e-01,9.349392632584915264e-01,9.128869452705952181e-01,8.882207559977701727e-01,8.243504218339079426e-01,7.705075313303156870e-01,6.811298386047480724e-01,6.701042818447748850e-01,6.475844628610545328e-01,6.121595842698431822e-01,2.163712032165809873e-03,1.963215368383031123e-02,1.969720626605031555e-02,1.317799511334306617e-01,3.093144436005881293e-01,3.367884100634741529e-01,6.914208607705417675e-01,7.513258850091967256e-01,9.283321483173510025e-01,9.375539339022795904e-01
1.900460000000000000e+05,7.360590443411123562e-01,7.358580291679212015e-01,7.310834402881896121e-01,6.347449538214167131e-01,5.282276815412435544e-01,3.340525977769842614e-01,3.124107818439277873e-01,1.428445834603137010e-01,1.200067025762169282e-01,4.013396896802523539e-02,3.146136128024923373e-02,1.440393343957881989e-01,5.643542481847665382e-01,6.933913660006859603e-01,8.399617190583081872e-01,8.581591729561035553e-01,9.124274441989211892e-01,9.657712849818541612e-01,9.741302289232799394e-01,9.899095809505908949e-01
1.900470000000000000e+05,9.934197998836482579e-01,9.784353421480573854e-01,9.237811962418486234e-01,9.088959336559377933e-01,7.993477082642238551e-01,7.797068830533731010e-01,6.686816674758222501e-01,5.414204048354814836e-01,3.599867307642388159e-01,1.626582724972519545e-01,3.954339991814825872e-03,7.522837671108051349e-02,1.245170629979752697e-01,2.728127702860311254e-01,4.327490525949601041e-01,5.731265251416955975e-01,5.743829001792812861e-01,6.094901897332762886e-01,7.622250199567039974e-01,7.817109996869113786e-01
1.900480000000000000e+05,8.773941310045112463e-01,8.668965123028086195e-01,7.590514665177142684e-01,6.948221284141284926e-01,4.477784398050725923e-01,4.292756990428073793e-01,2.759094153019386875e-01,2.158505181879735169e-01,2.129795953129310915e-01,7.231914527003491244e-02,3.201347400064824544e-02,4.061412167901634618e-02,1.774932785235938670e-01,4.045476363763821359e-01,4.237431336719794661e-01,7.676222866742966611e-01,8.472011129001819629e-01,8.874418348816845992e-01,9.227867826395249606e-01,9.899411601841338060e-01
1.900490000000000000e+05,6.870913740330646391e-01,5.926128234031340369e-01,5.401202193212638614e-01,4.917165575819975043e-01,3.805564245167036841e-01,3.025375788970714463e-01,2.816299577818974775e-01,2.583326840481554587e-01,1.201707193326967404e-01,8.752038502918524365e-02,9.391678620459753546e-03,1.026814126564397078e-01,4.493967080034743100e-01,5.479205894552759970e-01,5.780026536873094090e-01,7.033063550342669723e-01,7.545391340088624110e-01,7.577640073034969115e-01,9.067513721180696651e-01,9.988261116884693536e-01
1.900500000000000000e+05,8.902325777107846783e-01,7.331523440251690449e-01,6.761393960041619522e-01,6.385000389964525791e-01,4.544990134092977696e-01,4.458325285743107713e-01,3.193442229981303671e-01,2.145755272517868573e-01,1.294546257978683723e-01,1.038047477826418152e-01,6.307945273348292137e-02,3.254552427732939623e-01,3.697856719516920965e-01,4.699782253164958012e-01,5.603680737560713387e-01,6.034364134244879496e-01,7.995211539393347611e-01,8.307678383209784467e-01,9.237529504080860265e-01,9.684643025924735138e-01
1.900510000000000000e+05,7.983022711286453799e-01,7.306787984889416832e-01,5.421159499859635744e-01,3.065842249373681438e-01,2.941815743759033097e-01,2.682665386597042900e-01,1.750814063757417660e-01,1.626381239834384651e-01,1.526934985674194278e-01,9.545519710849781347e-02,7.572873061776830284e-02,1.153479190637197727e-01,2.177618975688503378e-01,2.775875345031539876e-01,3.136506698648999780e-01,7.669192148897999717e-01,8.101110226679882897e-01,8.921226957075253372e-01,9.181362197449004503e-01,9.645120096689455691e-01
1.900520000000000000e+05,9.823474255002004885e-01,9.713282475608143729e-01,9.254746381174040470e-01,8.533235813383823753e-01,8.455906530212573546e-01,7.273346928046416915e-01,7.153551506701585350e-01,7.011203628998388115e-01,6.186819665471605667e-01,2.586907253744210600e-01,1.306288335570560122e-03,1.173353953524292059e-02,5.027212343090137203e-02,5.380030249888834160e-02,1.895109871384004219e-01,4.217956088813262783e-01,4.627842427935823233e-01,4.687565394941214381e-01,5.882480229018937079e-01,6.103867864770285978e-01
1.900530000000000000e+05,7.968964628554360274e-01,6.966690676884166322e-01,6.793762719122130589e-01,6.177985522593627543e-01,5.579413209139086893e-01,3.482505775862316799e-01,1.914326462695278286e-01,1.552707735250887788e-01,1.046775545942550956e-01,8.621541859584136436e-02,3.876545602104553012e-02,5.154524117474090783e-02,9.006608039086960726e-02,2.324191175900615081e-01,5.751459283568881586e-01,7.473123808593996609e-01,8.120979391933019764e-01,8.949102161319580917e-01,9.111673314641715038e-01,9.656073879669074822e-01
1.900540000000000000e+05,9.237450958465822648e-01,9.224737171402893621e-01,8.621140106930537117e-01,8.163739354339983878e-01,7.776478014074611478e-01,6.437868245803007872e-01,6.146221410935930329e-01,3.148047162239199226e-01,5.835472897293114691e-02,3.822129217482961305e-02,3.067203178857480506e-02,7.921492175638455979e-02,8.134326325933949331e-02,1.576206800215077530e-01,1.721544174191841359e-01,2.095970391060109073e-01,2.851363464900716904e-01,3.203319079293351912e-01,4.373882636090037357e-01,4.539509768304479387e-01
1.900550000000000000e+05,8.768975997084275109e-01,8.180423385688577742e-01,7.991216738129297559e-01,6.899615300867695256e-01,6.240257147424776996e-01,5.238164019727612475e-01,3.806051032978268189e-01,2.867443076989469875e-01,1.487413990472955527e-01,9.550086447319749983e-02,9.413445653360075216e-02,1.298935229684139436e-01,2.637864185230289760e-01,3.612498611734865639e-01,4.016529359182039460e-01,6.576690333198605964e-01,7.934538765788493597e-01,7.967456774914490891e-01,9.054914813300619647e-01,9.735189478193112533e-01
1.900560000000000000e+05,9.896471020196088153e-01,8.737639372266395865e-01,7.973471836296762705e-01,7.082723226033903474e-01,4.569438868708298740e-01,4.451490604802280648e-01,2.906494440397238144e-01,1.760187262865913205e-01,1.279197160972641578e-01,4.804364141342976069e-02,6.452866249197275472e-03,2.282049732089601601e-01,2.290267164993412541e-01,2.715542238190702395e-01,3.309892280935435860e-01,3.320713237112736804e-01,3.337843918657666942e-01,4.425704905719743953e-01,5.892313210326116657e-01,7.134161950923364470e-01
1.900570000000000000e+05,9.520586299581201839e-01,9.398871292972187375e-01,7.210329358524515397e-01,6.194623812734024737e-01,5.161674063405784496e-01,4.805263285644882920e-01,4.259585889031644035e-01,3.155714090822103746e-01,1.736576610036731916e-01,1.135085558800731365e-01,2.180252061215270931e-02,1.723812617437647798e-01,2.668675874269219594e-01,5.069758380976393530e-01,7.054690731448060026e-01,7.545415563849192653e-01,7.576375368605458016e-01,8.501306680611826483e-01,8.555764190745184239e-01,9.827559142992914332e-01
1.900580000000000000e+05,8.846941462885723473e-01,7.731343003842192640e-01,7.635863053769842423e-01,7.137441572646101573e-01,5.056537955743822810e-01,4.940824390834877011e-01,4.220220323069384660e-01,4.117739706483063422e-01,1.311572091826281872e-01,1.133905866018298791e-01,7.739571538112421933e-02,1.947107426008826137e-01,2.414706656137312057e-01,3.366162563030251631e-01,3.536576149497380195e-01,4.587897063954844423e-01,7.244513272431867268e-01,8.032894724480361681e-01,9.304864321070333011e-01,9.957437307599652510e-01
1.900590000000000000e+05,9.703146005688232378e-01,8.897004153278310623e-01,8.413007744734766202e-01,7.914593700931087383e-01,7.913365709903393830e-01,6.047105256766540649e-01,4.123924606607385357e-01,2.646517703713446856e-01,2.352820146429493997e-01,1.263989663624019988e-01,8.450054719224997513e-03,1.839846940861391555e-01,2.741469291688390930e-01,3.212394403298091117e-01,4.712205765775316912e-01,5.142771862394024396e-01,6.656105167293808744e-01,6.892566378051336873e-01,7.889798274419982382e-01,8.519467951610364409e-01
1.900600000000000000e+05,9.239086332733268403e-01,8.963952634210241577e-01,6.906951821329235797e-01,6.355417893792351114e-01,5.160464919722920207e-01,3.286192626562862706e-01,3.110043543596494597e-01,2.339521803960760149e-01,8.511995304988795308e-02,1.577031822327989996e-02,8.451402166165356000e-03,3.123860850261039879e-02,5.426919056623580317e-02,5.967743314081574990e-02,1.830000470628829756e-01,2.452484912515831006e-01,2.924959611395366865e-01,5.886768005049736185e-01,6.488057185657184478e-01,6.895927629585042462e-01
1.900610000000000000e+05,8.462365478953938203e-01,8.345122254926441441e-01,7.870022968032941435e-01,6.984152621755366219e-01,6.520629476184234274e-01,4.654885305295746178e-01,3.530460628358185193e-01,3.213203206095498476e-01,2.393366709909080514e-01,3.481331803103981937e-02,1.291006933604665896e-02,7.841441325011189178e-02,3.443992505366181289e-01,4.438999812701318604e-01,5.066232658215502616e-01,5.411083308447860452e-01,6.115410076708810427e-01,7.052706181765492355e-01,8.154922056217085435e-01,9.821725296189964816e-01
1.900620000000000000e+05,8.248092069026380369e-01,7.980219268787080988e-01,7.606066165508654775e-01,6.550022681672121871e-01,4.487204329144615089e-01,4.424497673036521528e-01,3.745519335464884136e-01,3.454317953211811787e-01,2.588329187023588052e-01,2.416995847596141722e-01,1.445095907805737934e-02,4.223574269660224090e-02,8.103017599771999979e-02,9.497707952537748355e-02,2.263602216349375196e-01,5.422494601784976220e-01,6.880761978643591403e-01,7.226398984604289755e-01,7.602884878396332091e-01,7.629035242934284478e-01
1.900630000000000000e+05,8.963636699142398800e-01,8.338084069310843782e-01,8.328102043564870050e-01,8.251181037155185249e-01,8.222320283366075788e-01,8.180354611744418136e-01,7.460202423283835982e-01,5.218391028886961713e-01,4.915473546139832450e-01,4.005086165628762851e-01,1.905258072551576642e-01,1.923795116118321991e-01,3.238382255054246261e-01,3.299076697266286606e-01,4.602581003946043525e-01,4.836770062548532145e-01,5.672070963621532735e-01,6.372436308307786179e-01,6.606841253876889475e-01,6.914425000747445038e-01
1.900640000000000000e+05,9.149344189524903914e-01,8.827883595893780688e-01,8.820083666997654559e-01,8.546880661066451612e-01,8.217034206711359978e-01,6.105426883147170303e-01,5.659271733368450574e-01,5.328850960544911919e-01,3.489006971558080705e-01,2.981905247899974132e-01,8.849300691062911284e-02,1.020227245022323759e-01,1.266443345281970112e-01,1.530423128453304304e-01,2.475090515669705615e-01,3.817823304120037120e-01,4.245519562298349925e-01,4.478398075690454005e-01,6.708514177971970360e-01,7.959033019407043552e-01
1.900650000000000000e+05,9.805128330795214175e-01,9.315215441225350723e-01,9.239595401073272818e-01,8.829171619976033947e-01,8.190088407208886423e-01,4.810568460958662973e-01,4.013394388913612554e-01,2.349972035236990164e-01,2.128516026626878777e-01,1.877770423138209743e-01,1.398681929194248719e-01,1.669203418857458932e-01,2.078516343619711826e-01,2.733056498793865474e-01,3.930590936830162807e-01,5.470757629065599037e-01,6.904284854059523635e-01,7.715098549433022646e-01,8.066039032309194612e-01,8.761591820888399162e-01
1.900660000000000000e+05,9.489977939182167033e-01,8.340105897779644950e-01,6.763776110902054439e-01,6.717716818980273841e-01,5.145583997538007992e-01,4.104720627815309220e-01,3.088301543489142542e-01,1.824556496902540736e-01,6.239291405346025776e-02,2.342125437818265432e-02,6.132636626285381531e-03,9.128234957015934903e-02,1.548317206529433721e-01,2.593943589229225077e-01,2.813153883783363618e-01,3.362114184247715354e-01,4.793352293017487664e-01,6.579235471520098466e-01,7.580149968408558259e-01,9.066282229868541931e-01
1.900670000000000000e+05,7.979810043316214463e-01,4.923042716688288412e-01,4.601685336587348907e-01,3.929323863662945726e-01,3.719013532672436062e-01,3.492450764627277326e-01,2.746062252708858509e-01,2.021858940227946322e-01,7.675440629492547018e-02,2.097476110561125040e-02,1.609229152282831699e-02,1.211974049542906551e-01,3.094797131723224792e-01,6.375722450538443553e-01,6.964563842544382322e-01,7.152813714448271742e-01,7.320764425153658550e-01,8.594637753471912056e-01,8.957162759544529118e-01,9.204484470963922860e-01
1.900680000000000000e+05,8.671085291503005665e-01,8.121062173362265657e-01,7.727419261179427901e-01,7.123422337700987539e-01,6.683608589856173676e-01,6.451400380471388196e-01,5.450887926166243513e-01,5.152777240051306107e-01,1.204975146219212645e-01,1.179354835917502120e-01,1.161669003259868660e-01,2.885440691589543638e-01,3.715872149620254028e-01,4.165544915600333242e-01,4.513620768572507158e-01,5.286054096273102854e-01,5.966103527268005191e-01,7.644687664967707574e-01,8.805081896924538132e-01,9.202839966713926012e-01
1.900690000000000000e+05,9.122282225725654170e-01,6.543126982488525201e-01,5.350048150594953755e-01,3.941887364202635302e-01,3.104359156031293310e-01,2.428234509312161560e-01,2.160192776888943955e-01,2.070688373276355909e-01,1.467771375725841487e-01,9.632730728078797711e-02,4.160459549621653430e-02,4.324524802255569345e-02,3.979431689732588762e-01,4.523176543116513848e-01,4.525549485360857993e-01,5.001960794853721470e-01,5.124906615721052106e-01,5.432585051743278326e-01,7.121412613347896103e-01,8.115174332922051592e-01
1.900700000000000000e+05,7.446452398894347624e-01,7.000162373569335239e-01,4.610732404966850773e-01,4.050616494230460107e-01,3.595502417626734726e-01,2.758915766251757162e-01,2.699093847992382056e-01,2.468691450528125442e-01,1.911547988431002709e-01,1.291171463656233254e-01,3.011396679950872901e-02,1.271499565801839093e-01,4.767618701936742198e-01,4.767879276165031266e-01,5.055129617344579218e-01,5.359485473784662002e-01,5.825216552963533578e-01,8.126688087566192875e-01,8.271865181092075137e-01,9.359977924941431660e-01
1.900710000000000000e+05,9.624310088298090315e-01,8.576098437658014051e-01,6.831700726204269492e-01,6.233804519947826472e-01,2.997851923677889996e-01,2.038416825930066123e-01,1.994442467670122232e-01,6.745134567100308232e-02,5.464413280557833819e-02,4.190617094814785837e-02,1.726973303244305757e-02,2.549093276955275433e-01,2.645738663406136393e-01,4.005139646108357709e-01,4.396655399855938784e-01,4.559176483568262439e-01,4.664593086773882735e-01,5.429077199018526034e-01,6.190867064277901788e-01,6.300946939559248783e-01
1.900720000000000000e+05,9.114437561310951841e-01,5.197461554543150175e-01,4.771427543235212676e-01,4.741753683617662141e-01,4.705736614806778073e-01,3.368485884204530656e-01,2.822388338122128193e-01,2.421453537832152225e-01,2.075296293989407070e-01,1.853126544335408354e-01,3.294574945692407830e-03,7.977643055427374730e-02,1.061469419780237677e-01,1.308579443179348489e-01,1.669536143083516500e-01,3.045453431423497115e-01,8.160759503185436303e-01,9.433565491410236259e-01,9.793651055947855122e-01,9.932829408640545532e-01
1.900730000000000000e+05,6.663633341358115025e-01,5.974877206963178367e-01,5.529205331923409128e-01,4.148578253201784527e-01,4.054961296648851299e-01,2.176934422341264552e-01,1.880196552940339716e-01,1.488185474581080747e-01,1.172086044620862522e-01,7.746629824238016049e-02,2.042993334181097964e-02,1.901684639597694959e-01,5.231398889835567889e-01,5.482662611821326193e-01,6.502596983618662563e-01,6.768641507221918596e-01,7.145694958402842856e-01,7.186710517328138703e-01,7.508441383351687204e-01,8.364764795479971982e-01
1.900740000000000000e+05,9.258181550895380196e-01,9.028994727986322522e-01,8.893699947967735886e-01,8.178812288963523969e-01,8.038782947049866179e-01,7.580352218266234177e-01,6.390715024179929316e-01,4.838967875043412858e-01,1.904450813441249668e-01,1.645584483826089128e-01,2.460648966539913385e-02,2.489862356756011863e-02,2.049779616018951867e-01,3.283342625433522954e-01,5.347204560006092455e-01,5.602777394279573331e-01,5.906029057488968448e-01,5.909059182644675889e-01,5.919484007144508730e-01,6.070874845282533405e-01
1.900750000000000000e+05,9.482599391469134220e-01,9.062268403826723162e-01,8.833350874399418240e-01,7.899847435308401389e-01,7.237255366957295877e-01,6.190626014980583625e-01,5.262226984243457695e-01,4.639445793675704977e-01,1.452371652680991554e-01,7.219797903828784058e-02,9.025650896706260973e-03,4.293605692495805481e-02,1.682170367825660540e-01,3.095788219383317497e-01,3.376736519320977514e-01,3.843019565511618385e-01,4.787855838788588336e-01,5.097207427192373963e-01,5.507813172857438655e-01,7.477295878879803848e-01
1.900760000000000000e+05,8.312147586440842284e-01,8.267631508764504700e-01,8.087614027498986058e-01,7.301281016001049951e-01,6.557514803959780814e-01,6.004015052188370616e-01,4.088754161843795032e-01,2.633544814640167431e-01,7.080646488490438539e-02,6.313442134556468410e-02,3.054223006545764285e-02,8.322298275126593925e-02,2.115367024702997645e-01,2.476161680260898779e-01,2.856564956925986554e-01,3.981385584621621732e-01,4.206477087166741180e-01,5.346708278706668871e-01,6.733670343931585922e-01,7.951536219659959270e-01
1.900770000000000000e+05,9.082250187123023233e-01,9.031725720515634270e-01,8.759804232277682567e-01,7.828704267663660898e-01,5.235221377498612272e-01,4.183980265115162522e-01,3.212484642902292409e-01,2.532212322396001358e-01,1.929479738420527557e-01,1.767832769815868010e-01,1.298895689525196850e-01,2.951308757858441822e-01,3.142464577728281139e-01,3.729205692309944808e-01,4.022445506822409644e-01,4.260776517716772238e-01,4.376730894287789164e-01,5.231647040765664558e-01,5.293322676735451315e-01,5.784252302169268223e-01
1.900780000000000000e+05,9.207001896658498774e-01,8.901105174653202168e-01,8.424265471815406414e-01,8.238773156612856363e-01,7.405949418499112591e-01,7.224079745497387073e-01,6.190455890540962347e-01,4.590044801657715556e-01,3.744865727370291220e-01,3.440678494778891539e-01,5.142084534646917948e-02,7.333106180838533383e-02,1.322278922725195205e-01,1.638699830698749915e-01,2.347767348019884626e-01,6.163291659274651169e-01,6.957700806477444821e-01,7.175178649932292263e-01,7.427219971674886567e-01,7.945568486819534204e-01
1.900790000000000000e+05,9.636147188812521636e-01,7.910554186671007182e-01,7.506672088899049022e-01,5.857214699455622897e-01,5.686018777815735614e-01,5.580889966953012093e-01,5.424382820047535247e-01,4.262351637217406397e-01,3.801675405850326595e-01,1.636849402760796046e-01,4.437404789915500025e-03,1.113639098902852176e-02,2.756349786593769169e-01,3.150422500970466722e-01,4.192098532396218991e-01,6.344723715520314000e-01,6.410335511950746579e-01,9.539773931235644433e-01,9.814245995843970949e-01,9.855446433485276492e-01
1.900800000000000000e+05,9.948394746982635040e-01,8.268419978412958615e-01,7.801315255054784847e-01,5.500249445940394999e-01,4.424844968407939394e-01,3.703664143915735840e-01,2.409629684029721552e-01,2.394527356784230676e-01,1.366018698920907770e-01,1.042452138765157521e-01,1.537110734345259466e-02,1.701988855479106277e-01,3.115191457467006986e-01,3.495816160110939430e-01,5.645115398050986055e-01,5.757736109202133967e-01,5.994080885237137446e-01,6.425045910279560957e-01,7.349742315952827454e-01,8.168321630891370866e-01
1.900810000000000000e+05,6.674244836789651192e-01,5.307461839988992791e-01,5.276956063562668886e-01,4.563600720371697728e-01,2.788929108816160518e-01,2.602871088113571929e-01,2.429417522468666490e-01,1.723972611293097534e-01,1.410721804560555181e-01,8.936595466905816743e-02,8.826657878512045308e-02,3.089240827310095749e-01,3.705570159290140220e-01,4.571825027359142091e-01,5.869070431345094763e-01,7.053504614485762714e-01,7.701964755175171318e-01,8.262566225493559458e-01,9.168325721871832812e-01,9.914641031476177924e-01
1.900820000000000000e+05,8.827727670053251430e-01,8.145718663448401342e-01,6.674587979219166467e-01,5.936526559578128026e-01,4.243167931164735229e-01,3.140380221942764560e-01,1.246772146276279303e-01,1.149229354661950309e-01,9.512233160616168082e-02,7.894880425526196177e-02,2.970990176287602313e-02,1.195790506244558404e-01,3.653988626267464790e-01,4.020836883668227335e-01,4.089205419595511870e-01,5.865508223261689524e-01,5.911066101608007939e-01,6.285711587790268062e-01,7.472203609124075108e-01,8.092130133752024612e-01
1.900830000000000000e+05,9.800984239343648596e-01,9.379158031818850549e-01,9.255014143105381175e-01,8.341157163140565656e-01,7.914044079982796021e-01,7.121669935211050184e-01,4.994795879230967683e-01,3.270278385676287369e-01,2.484602719616345601e-01,2.129979054346756717e-01,4.989869325029427927e-04,4.311369589967695148e-03,3.175978064938407286e-01,3.870437717781082254e-01,4.466625424425104685e-01,4.593182256518923978e-01,6.690641875610443545e-01,7.131819997638980668e-01,8.589518812312982865e-01,9.767687910368274551e-01
1.900840000000000000e+05,6.942736874689207083e-01,6.512989175222020366e-01,6.058503716040036791e-01,4.526107624569585264e-01,3.529384647794314711e-01,2.893743603428817757e-01,2.758933781193488866e-01,2.195750527966242593e-01,1.169659559476866617e-01,9.135982424244759592e-02,4.550208166723801462e-03,2.036546923725329750e-01,3.797486223572960062e-01,6.167222284911288988e-01,7.369329045929970956e-01,7.570525727139464367e-01,7.630721922669715385e-01,8.276920930915596664e-01,8.771738995771356517e-01,9.896483069528673182e-01
1.900850000000000000e+05,8.831141789592503732e-01,7.911426333848176062e-01,7.733076628362463012e-01,5.474334705210773810e-01,3.597290549784689651e-01,2.475465050798176803e-01,2.295080322076687995e-01,1.942484067485187316e-01,3.948836180122594630e-02,1.061128709844827434e-02,2.020372832242989247e-03,6.455318424395173338e-03,5.471371655999845984e-02,9.178267928376604434e-02,1.080714209518732760e-01,2.123681297028746640e-01,2.405516421711753061e-01,4.761923230692350906e-01,5.558734858210302443e-01,7.324551847772129420e-01
1.900860000000000000e+05,9.429841604412481093e-01,8.516004006752433408e-01,7.395119980828360751e-01,7.296866675239501721e-01,6.436468888899294916e-01,6.391921693369367885e-01,5.210673342912727213e-01,4.430264586482248745e-01,4.259123141503606824e-01,6.838038559993997456e-02,2.680046280430714578e-02,1.160206146617536183e-01,2.092873178323838568e-01,2.874233672423199826e-01,5.803244596067895777e-01,6.547379755598587980e-01,7.604977959852220470e-01,7.859175435574726754e-01,8.069129117526149253e-01,9.482293823841472236e-01
1.900870000000000000e+05,9.790178098757550407e-01,9.443216643368502750e-01,9.154084855390832720e-01,6.749675662108993723e-01,5.258655555839095719e-01,3.833083560047786387e-01,3.764403567719565302e-01,3.461755681900539061e-01,3.406274725539064629e-01,2.063687240294518332e-01,9.923359468210457557e-02,1.138960070404511082e-01,2.817077296717057644e-01,2.913132707088386120e-01,5.100391698534849638e-01,5.107559088890821775e-01,5.402542646223557066e-01,6.273299158262287678e-01,7.125014261522137904e-01,8.854969844419817715e-01
1.900880000000000000e+05,9.243036878114044841e-01,9.159682072854163914e-01,8.887662887616789575e-01,8.051636980220489015e-01,7.355602894667476743e-01,5.208912071831313106e-01,4.824914936821838030e-01,3.787646004634350749e-01,2.559115362346522371e-01,4.150710399044243992e-02,5.701520890256328578e-03,1.085455581594665375e-01,1.296479130625932674e-01,2.920547382316057705e-01,3.316377967565459217e-01,4.332306665825016445e-01,4.436857142199136517e-01,4.497306251121013787e-01,6.444979251484906912e-01,6.916593346553532307e-01
1.900890000000000000e+05,8.809500707385944374e-01,7.334627399306248297e-01,6.291137514539492104e-01,5.933614195957130910e-01,5.873651369876320416e-01,4.693877559789395582e-01,2.787132700684139541e-01,2.218549723563956189e-01,2.010595095496541251e-01,1.446825375739082542e-01,3.643956120733637949e-02,2.947790643162783164e-01,3.928950435806182195e-01,6.166528651770333269e-01,7.621969245763861034e-01,7.774912533988391772e-01,7.814982979349180958e-01,8.073503459101203372e-01,8.212005949396928850e-01,9.270690769982333768e-01
1.900900000000000000e+05,9.252495376173475172e-01,7.149681676574637379e-01,6.353162573860294815e-01,5.964659374739842423e-01,5.396606761396076646e-01,5.031244966832065790e-01,4.971258532514923889e-01,4.428144556347417549e-01,3.046578574481073609e-01,2.703253572794127590e-01,1.136534661852262040e-02,6.984811321316164445e-02,2.086574076542645484e-01,3.027513129543558668e-01,5.249295411979437720e-01,5.800909901378920042e-01,6.575286945355153234e-01,6.626528669390733262e-01,8.038324010308680601e-01,8.897786003303721492e-01
1.900910000000000000e+05,8.284882064487366637e-01,7.567743401021941319e-01,5.582268177026855627e-01,5.452082456495663809e-01,4.031661750016509727e-01,3.813407799643732110e-01,3.448856427598254726e-01,1.618032505948093780e-01,1.542096490319312396e-01,5.520191050749712058e-02,2.052777946012929178e-02,4.568358258801822336e-01,5.988826339693714695e-01,6.061854522085422525e-01,6.278331187370365107e-01,6.759193593603619599e-01,7.133303475602701393e-01,8.442675950171325550e-01,9.688836699974392452e-01,9.914402061119814702e-01
1.900920000000000000e+05,9.347913972608432598e-01,8.828232317788783368e-01,7.726156577920105795e-01,7.067088807366650460e-01,5.972236861313473533e-01,4.596730353824892701e-01,4.498642885116385104e-01,3.836942075733333901e-01,3.337294067756011451e-01,1.235921868411469227e-01,4.755659258804267875e-02,1.831103307635182365e-01,1.911860457227791965e-01,2.492172204888694065e-01,3.131739305780987248e-01,3.501423512525498882e-01,5.940530439904658788e-01,6.412780331640532960e-01,8.468806177816329273e-01,9.521425454643033248e-01
1.900930000000000000e+05,9.904392621034335820e-01,8.234714575963913985e-01,7.308205497341107026e-01,5.659708088092407774e-01,5.271728427998002564e-01,2.602445818350133111e-01,2.461546625434480884e-01,2.447481802751327873e-01,2.028023264478456822e-01,4.602192636936142112e-02,1.723645479294211302e-02,6.701849608348608989e-02,1.485161502586250792e-01,1.952354489716244812e-01,3.063148699759842275e-01,3.357656197109264440e-01,3.427189545986670804e-01,4.873711161119312907e-01,6.883561535824931354e-01,8.869317037261449377e-01
1.900940000000000000e+05,9.430709798864358451e-01,9.257454195964304189e-01,8.890092588665213791e-01,5.679742776305705121e-01,4.821583459464511279e-01,4.636559379512569246e-01,2.447353607698242728e-01,2.189624528504283685e-01,1.036074900726772219e-01,4.093712610988842204e-02,4.063769739810929593e-03,2.898563741197868193e-02,7.756498280005019730e-02,1.807438915512429300e-01,1.979548947062622632e-01,7.092824490184395092e-01,7.533846209821766227e-01,7.648614358534616686e-01,8.202346393978592332e-01,8.765250600472469511e-01
1.900950000000000000e+05,9.765568844150239736e-01,8.704561655613876070e-01,8.531115837632243792e-01,8.020247665569673057e-01,7.756611382582335734e-01,6.100233801168263303e-01,5.387555442440155051e-01,4.260980081694738519e-01,1.675255305872127565e-01,6.733326857328802983e-02,1.280833915413936985e-02,8.311485909329519028e-02,3.566799809947679423e-01,3.959422654999338320e-01,4.368601603956110413e-01,5.240418715528116778e-01,6.172800449202064943e-01,6.337423812343266905e-01,6.994630361103545413e-01,8.026256124042807638e-01
1.900960000000000000e+05,9.592691376900129852e-01,9.561938377732503991e-01,9.124536137269719793e-01,9.117051485849976267e-01,8.021595179939540188e-01,6.684694079034046998e-01,6.541314515518326100e-01,2.365820086436631886e-01,5.454847500839099528e-02,5.347764667852517029e-02,3.648517170819265409e-03,1.650348343964326281e-01,1.714726642030971471e-01,1.838005971001896999e-01,2.363615475490506990e-01,3.715411589104085088e-01,3.799549892055341660e-01,4.306351963121002324e-01,7.746228292863118758e-01,8.775052499257187666e-01
1.900970000000000000e+05,9.356878577684518694e-01,9.005751078320815006e-01,8.477750114567749185e-01,8.022506105404144661e-01,7.999740282179806927e-01,5.296412066522165896e-01,3.219445903888437099e-01,1.794612513099081985e-01,1.407899958863714218e-01,7.880719256050505717e-02,6.136776014197531381e-02,1.436533300008874248e-01,1.526974334247992449e-01,2.312487422422286887e-01,2.588326878091603556e-01,4.342527756455683008e-01,4.647161388843307206e-01,4.892019865366006304e-01,6.294228778652872780e-01,8.104684603321051783e-01
1.900980000000000000e+05,9.769439775037346285e-01,9.262053193873579504e-01,7.950210021404934269e-01,7.945740778488536993e-01,7.797340085187451919e-01,6.672871186322719694e-01,4.927562961132422314e-01,4.747586177865183998e-01,3.144941045093969656e-01,3.092716042690121236e-01,1.757661107282505464e-01,1.955460368987141928e-01,2.946922980772462841e-01,3.390429613788961127e-01,3.405936344021278650e-01,5.567932789276401895e-01,5.652270573954990551e-01,6.346660096890307523e-01,6.866137603143587231e-01,7.715168264546902188e-01
1.900990000000000000e+05,8.693868160427198344e-01,6.984414597174870565e-01,5.994703473368393487e-01,5.020885098132260582e-01,4.699851591478040325e-01,3.721706815484119302e-01,3.347080717906023573e-01,1.664822162634815861e-01,1.117437213966181453e-01,6.427322654621281384e-02,1.819911945605801051e-02,1.496535011455962794e-01,2.080570459484399892e-01,2.463148758384556825e-01,4.063862559928894669e-01,4.318324744593493580e-01,4.828127110692692625e-01,7.300436347379712920e-01,7.639405593284012141e-01,8.451400331169851565e-01
