4.000000000000000000e+04,9.196514490478046033e-01,8.819257800093728283e-01,7.818709685647980967e-01,7.064536222990440706e-01,6.921850143894059393e-01,6.868411997298401461e-01,4.765277220880448361e-01,3.671309506303802594e-01,1.682403445277677045e-01,1.744773057752269096e-02,3.369696297713109523e-03,7.393886793295945115e-02,1.108146873937632115e-01,1.375105427596393648e-01,1.728313966152827952e-01,2.124855582449473035e-01,2.536971913992798200e-01,3.128224734898124026e-01,5.318396125935072050e-01,5.687500211784600745e-01
4.000100000000000000e+04,8.731887153269116686e-01,6.778367367623954198e-01,6.769723250377177592e-01,5.172345297605643877e-01,5.114888176073920656e-01,5.003024214077793630e-01,4.539427968058782348e-01,3.023311697001117571e-01,2.286495613881398548e-01,1.955575705054271030e-01,2.350747046286061348e-02,1.963067187056993790e-01,2.149250836196691106e-01,2.377483318559344694e-01,3.091771873912950719e-01,3.903928264160186901e-01,4.215603542024362049e-01,4.730573456627903406e-01,5.856899844141715272e-01,5.975490931474735090e-01
4.000200000000000000e+04,9.774332868960675658e-01,8.942924056157230961e-01,8.346866381773422328e-01,6.833613654864765241e-01,6.817214955629545825e-01,5.894904304431501929e-01,4.364033741101114305e-01,4.282046685620113369e-01,2.239082461756767284e-01,9.119316108277542021e-02,6.198168993239483449e-02,1.368188739343851879e-01,1.855937441584935010e-01,2.328727650089146284e-01,3.062746245531444700e-01,3.780222854924670806e-01,5.034965043125508855e-01,6.209282431343292608e-01,7.671708721881933535e-01,8.257417419086233723e-01
4.000300000000000000e+04,7.551560155491222615e-01,6.543281903570231650e-01,5.819891044121856538e-01,5.445411940481779123e-01,4.649795745199400976e-01,4.516575640700142280e-01,3.446084896357104466e-01,3.203353688646369823e-01,3.136837932671957541e-01,1.932285629577148445e-01,1.443520656798626955e-01,2.086469604733998118e-01,2.647773267106822148e-01,2.757256365812434939e-01,3.336741198911651329e-01,5.108255831062983310e-01,6.168790088268710781e-01,8.113933009011390363e-01,9.229237853145397796e-01,9.721180895853053228e-01
4.000400000000000000e+04,9.650439558682682994e-01,8.889876967724258394e-01,8.082516701673816417e-01,7.685298993815692370e-01,7.359642107423861601e-01,4.734003455159657703e-01,3.153749024036913706e-01,2.074826734987594845e-01,2.034982853167461858e-01,1.604945825389825220e-01,1.513129282016315580e-01,1.614398259559383098e-01,1.797868931015957905e-01,2.362042060596848403e-01,2.538684629281316996e-01,2.802659924383805734e-01,4.195928555372333557e-01,6.922162405070352298e-01,7.884317819177881770e-01,9.071713169282943356e-01
4.000500000000000000e+04,9.899877285396847526e-01,9.330689100372633327e-01,8.500816672199190682e-01,7.881223707428141045e-01,7.367838120943013269e-01,6.042160875057960290e-01,4.110272518471627112e-01,2.312655104533285488e-01,1.733585738979965818e-01,1.350641274769737166e-01,1.236611195147234721e-01,2.133756864109002116e-01,2.687130556275750815e-01,2.818715004124684453e-01,4.401236340632506128e-01,4.539751016114526028e-01,5.358519937334785821e-01,5.691260979547074772e-01,6.124541193182936327e-01,6.756390128631328817e-01
4.000600000000000000e+04,8.930997839667208504e-01,5.858114613741035592e-01,4.700178659167848494e-01,4.280289379502965064e-01,2.708158658040619171e-01,1.407794385073377619e-01,1.270367733608076533e-01,1.007536087446627704e-01,2.045813048007327772e-02,9.334849095756658777e-03,1.103693760677426638e-03,2.992980828986613329e-02,1.418075843359376531e-01,4.708503057681571180e-01,4.907111719287086116e-01,6.167687113315447611e-01,7.542900770407393596e-01,8.527843292317165425e-01,8.612765821070046401e-01,9.362596345622645755e-01
4.000700000000000000e+04,9.309439502794782939e-01,8.576894354118300701e-01,8.442402667392496785e-01,8.324453329172251115e-01,7.322680194434136869e-01,7.173000489684994152e-01,6.896477395957536505e-01,5.496993680108669400e-01,4.795314360887781291e-01,4.706155748780719295e-01,8.366752877725480708e-02,1.916085025513983853e-01,3.137710585628286086e-01,3.188376000652739517e-01,3.464230294419528011e-01,3.894391573248205951e-01,6.335777510295077519e-01,6.458620620440392868e-01,6.918284078631646850e-01,9.550715119902041250e-01
4.000800000000000000e+04,8.285447627924135139e-01,8.281170784457445588e-01,8.001985900125880846e-01,7.546176937083725056e-01,5.026471946120947276e-01,4.199136054615917324e-01,3.322716755144003997e-01,2.722089507221749916e-01,1.890129534803178801e-01,1.839950056526655775e-01,7.075417608210654574e-02,1.065490246779206007e-01,1.989762460797425137e-01,2.228153035517433933e-01,2.933714083352889634e-01,3.205964622870037806e-01,3.453956063508162311e-01,4.286641638640285024e-01,7.341337186873669873e-01,7.433638141656853104e-01
4.000900000000000000e+04,7.803445188500433005e-01,6.119449710158593181e-01,5.889044761474395706e-01,5.395597924897355124e-01,4.519706273515092798e-01,4.301667870051443243e-01,4.114544599734853980e-01,3.608757033795066960e-01,2.565148796393498243e-01,2.273276588161529110e-01,1.258365980086481040e-01,2.529079616829499333e-01,3.453117804146846881e-01,4.307743938128927308e-01,4.703313448590513701e-01,5.770441611105947555e-01,7.271638198598785463e-01,7.441690158547540346e-01,7.579402825978087677e-01,7.610993214431107656e-01
4.001000000000000000e+04,9.089030060305098857e-01,8.579358511638333074e-01,8.445553138219503708e-01,8.015133388939398307e-01,7.461614402997317486e-01,7.387812919750164076e-01,4.929728805813105019e-01,3.508092071804278511e-01,2.233823081996709758e-01,4.893828037222547334e-02,2.822184557581197684e-02,1.445395093362387140e-01,1.581162574815981881e-01,1.847419071374525323e-01,2.892323281075385166e-01,3.773997843403491537e-01,4.357792618190523548e-01,5.128826805656852006e-01,6.137197271693318745e-01,8.322476133268805754e-01
4.001100000000000000e+04,9.454942294463805075e-01,9.346973862510059572e-01,8.736950039531078405e-01,7.575210583256759556e-01,6.590967089169427195e-01,4.764085817707960357e-01,4.343773093645912908e-01,4.332561437987374475e-01,4.320357081525192378e-01,1.436086105258509438e-01,9.791182741575199522e-03,8.068377428036266341e-02,9.826954483334671142e-02,4.848969513799431530e-01,5.167781896347368731e-01,6.192822499627512745e-01,6.644007267552900498e-01,6.835884344589137074e-01,7.009749252186383561e-01,7.905325401122998974e-01
4.001200000000000000e+04,9.520548107123626425e-01,9.491990315552881752e-01,8.404955773446601830e-01,8.146901959558103812e-01,5.876614889845684919e-01,3.720249653405109935e-01,3.193156794775935392e-01,2.496160713510184870e-01,1.558017530670189332e-01,1.240167083015887295e-01,4.780242142872559441e-02,8.845642884731541589e-02,2.662499021059284710e-01,3.915625950748519157e-01,4.587981089940310619e-01,5.584844881040172959e-01,5.893125280424658108e-01,6.221681998314393391e-01,9.099880949839440625e-01,9.649081444482204839e-01
4.001300000000000000e+04,8.713304879151206883e-01,8.620211844900552700e-01,8.363876129142101545e-01,8.334239005896472152e-01,8.070288198348514186e-01,5.642043030190757591e-01,4.506381569103884432e-01,3.021492809668575585e-01,2.809946798413934799e-01,2.143240656071438988e-01,1.086276372788480549e-01,1.645038174924363661e-01,1.785604849678416040e-01,2.391319238466154129e-01,3.075861941022212109e-01,4.741346120866404279e-01,4.848101572179376317e-01,5.736102838034528029e-01,9.240438547699023619e-01,9.834350134672942279e-01
4.001400000000000000e+04,9.952214181973231266e-01,9.647970877879790130e-01,8.953542833247795096e-01,8.728452286059689147e-01,8.434143564175365926e-01,7.925718809283364141e-01,7.392385432044495941e-01,6.383639642935341474e-01,4.342254598198098670e-01,1.906820541698770466e-01,1.585765546415109917e-01,2.426054928598038174e-01,2.993066369984568320e-01,3.457526693473809143e-01,4.262848087766513139e-01,5.164359384378102158e-01,5.228201553563539550e-01,5.624261597592942197e-01,6.012545303414162934e-01,6.238044259635084909e-01
4.001500000000000000e+04,9.794686200576488977e-01,9.199696420587516466e-01,7.899743079147100167e-01,7.728138822553660692e-01,3.973965055600592322e-01,3.467590321068789727e-01,3.189244272174032169e-01,2.242526840788554576e-01,1.756195327082686886e-01,1.154129673626576036e-01,9.726259403577908191e-02,1.362291469387715281e-01,2.245681855235019952e-01,4.181534015756641631e-01,4.427700803066835222e-01,5.974039122070529118e-01,7.057546217871739636e-01,7.782027712446145662e-01,8.245758304021204577e-01,9.744360296024126011e-01
4.001600000000000000e+04,9.471928891566107067e-01,8.318564490822216717e-01,8.192543398125053944e-01,7.850932761473030652e-01,7.287842278490983539e-01,6.760741061761494919e-01,6.195206539733399964e-01,3.123455598430584512e-01,1.134250926534453585e-01,8.101847176391552274e-02,3.426539161510355758e-02,3.792522840340983858e-02,1.068769527149017184e-01,1.452129758016100780e-01,2.450997844472979637e-01,2.508787165164295674e-01,2.973364135825192767e-01,3.940182115182627731e-01,5.202868889295192423e-01,8.472934736863860783e-01
4.001700000000000000e+04,9.879265159986135858e-01,9.572947801808081580e-01,9.558128024919296806e-01,8.982288692749981207e-01,8.312731969445323887e-01,7.868369661796005277e-01,7.031088324886676233e-01,4.498692018326722053e-01,1.295149765442037415e-01,3.077439927043545964e-02,4.586357233427817981e-03,1.571158227145423858e-01,2.414865315945928792e-01,2.940656924239242187e-01,3.262191947207626619e-01,3.645240497812587410e-01,5.228442401337642931e-01,6.909129651297550856e-01,6.993131969970807216e-01,8.016438496098873268e-01
4.001800000000000000e+04,9.947946406191078283e-01,9.549278523349346015e-01,8.972809791007420044e-01,8.804940651538077923e-01,8.736889642005678525e-01,8.642977997870695539e-01,7.983068780291799893e-01,6.855632124339573474e-01,5.294085276823914388e-01,2.882618885598032810e-01,3.120714814347813615e-02,5.113522908197198902e-02,1.273122310878592733e-01,1.985226392588530508e-01,2.090877900075893692e-01,2.414543464760560143e-01,2.642949058882434477e-01,2.806427035866904118e-01,4.060177225119706579e-01,5.303442993227734936e-01
4.001900000000000000e+04,9.529183757584920311e-01,9.296806024619823638e-01,9.041964669628386186e-01,7.993590689777796410e-01,6.276559345486334429e-01,5.721948534934881980e-01,4.438516882661808216e-01,3.833174464373562129e-01,2.556294504253819877e-01,2.373792220558744726e-01,5.863736476106762296e-02,6.827616279866732807e-02,1.523328425685002152e-01,2.647625601575384069e-01,5.225719767973416863e-01,5.914380169771354945e-01,6.484166910514225224e-01,7.185785458497414568e-01,7.752314880701076660e-01,8.165134999124200599e-01
4.002000000000000000e+04,9.728916277679904301e-01,9.407404503979496235e-01,8.498375999754094190e-01,7.892082692593357374e-01,4.684004808623251082e-01,4.446163476105113865e-01,4.211391177726689916e-01,1.981147029539561677e-01,1.643922883601216522e-01,1.466622032359305994e-01,6.913154297543711024e-02,1.139406389901547190e-01,1.749495040573838534e-01,4.243986338831160499e-01,4.569420275164755019e-01,5.357082053690424006e-01,6.859102800084959650e-01,7.272071460822687738e-01,8.701894342286962125e-01,9.165512863665363774e-01
4.002100000000000000e+04,8.377570288853329883e-01,8.040023493217285377e-01,7.787506721358302686e-01,7.367027005668641548e-01,5.568754456610798265e-01,4.632746451981815117e-01,4.260201381501769191e-01,3.144508159626019372e-01,1.224668090463431058e-01,7.842584111958750270e-02,6.114049803757626300e-03,5.549624271670017261e-02,1.157134646135059564e-01,1.931661753715261387e-01,2.155209880247543897e-01,3.534052350212543159e-01,4.424234782105033181e-01,6.121923909878970171e-01,6.620409359179841857e-01,7.511615059758389723e-01
4.002200000000000000e+04,9.688060130794631242e-01,8.809052832492980656e-01,8.429165667054675515e-01,6.665696586708329541e-01,5.742137002575229410e-01,5.382176433562546602e-01,4.550555669581226592e-01,3.999017087455929431e-01,2.855932962461656954e-01,2.526771269649136231e-01,6.750271236631377736e-02,3.346237614847318298e-01,3.764362383538991663e-01,3.938258292048852915e-01,5.296573841132942162e-01,6.415596367009365197e-01,6.504838702271861228e-01,6.945262747781343338e-01,7.220783048218172295e-01,8.901502522764114245e-01
4.002300000000000000e+04,9.875575654569321848e-01,9.133503780633686064e-01,8.416761556789269516e-01,8.100805140621519795e-01,8.093374450713310964e-01,7.260514675837643761e-01,7.119713957502421531e-01,4.329167038933118272e-01,2.395832461722723350e-01,1.791127262484543126e-01,1.747251266793647950e-02,6.021888488580295906e-02,2.011402330165704688e-01,2.426380856695489197e-01,3.052203669332025360e-01,4.336090098647050750e-01,5.084085846984821577e-01,5.165407210625211354e-01,5.686696156706229077e-01,6.360830327786255456e-01
4.002400000000000000e+04,8.584025291061063712e-01,8.279771965359112862e-01,7.126171400696041935e-01,4.171391598542950607e-01,2.086880664536324703e-01,2.006687014031521832e-01,1.927169230671357258e-01,1.757310423968648783e-01,1.108536786759204418e-01,6.036718071401148134e-02,4.142164596806996446e-02,1.525114609260155296e-01,2.785704989765379613e-01,4.415653266223767970e-01,4.979239345235511038e-01,7.513950663354522774e-01,7.615919391085217427e-01,8.084230134810058699e-01,8.546739875586981672e-01,9.687511109880598825e-01
4.002500000000000000e+04,9.472812578093990910e-01,8.604815484554100280e-01,7.845412782482865666e-01,7.837632147474540290e-01,7.747291711704900052e-01,7.383034687620869674e-01,7.288714027368909942e-01,4.298514462800414604e-01,2.894155462255171285e-01,5.849973921496109952e-02,2.757085005386439303e-02,5.820439242742558861e-02,1.599332233220668309e-01,2.023414718244437305e-01,2.824824400794416768e-01,3.767451349903699898e-01,4.274389623236201086e-01,5.693666915073316570e-01,6.376986657806154035e-01,7.038420528495527018e-01
4.002600000000000000e+04,9.801273873509650514e-01,9.763126313137736600e-01,8.727474263688482781e-01,6.690102077876872722e-01,5.895983236848681974e-01,4.536197624902604808e-01,4.298515800627916716e-01,3.785135550352116685e-01,2.089725240312454435e-01,2.417025088340096772e-02,1.928798115893315401e-02,8.912567583507291502e-02,2.327114932187890339e-01,3.429617598053700256e-01,3.676768041792035646e-01,4.175841075410074987e-01,6.621899381621508818e-01,7.237159087080135000e-01,8.354064259036609874e-01,9.253305153139925743e-01
4.002700000000000000e+04,9.582239428227905531e-01,9.440706351260408358e-01,9.109574702775266042e-01,8.310658586858853392e-01,6.839104122979666744e-01,4.298702939379277499e-01,4.211136846516401189e-01,2.437087218607763006e-01,8.521719412111672387e-02,8.144192225224622383e-02,4.708859196402781500e-02,6.151733893295430189e-02,3.954909044712040522e-01,4.858300870834117990e-01,6.240319680008117320e-01,6.863701579017265075e-01,7.320864700380527168e-01,7.581563347787236840e-01,7.741369085421004881e-01,8.637753002510215605e-01
4.002800000000000000e+04,9.885835170388812543e-01,7.419959390811028399e-01,7.157628596469868265e-01,6.116914844478239521e-01,5.773818059387753054e-01,4.626319822211447663e-01,2.781628258743122917e-01,2.427006150441028964e-01,1.687517855615233708e-01,1.417142897055999606e-01,1.389780682807240098e-01,1.407685113499685947e-01,1.945256724405786120e-01,2.476513142117026112e-01,3.588594912968435802e-01,4.237624248348702549e-01,5.971615251987320017e-01,7.600769103738164167e-01,8.292328861763200720e-01,8.771122351124025496e-01
4.002900000000000000e+04,9.439829779641517593e-01,8.603786551414109862e-01,8.118785886747343916e-01,6.460450187806895395e-01,5.904746845885647799e-01,5.178638857537188889e-01,3.568342517949920634e-01,2.940943739545297531e-01,2.368051490767076883e-01,8.765037366250982842e-02,3.260301827567935185e-02,1.976939923748607386e-01,2.018807555702449852e-01,2.905692392160934556e-01,3.249371612044138491e-01,4.339581619229684328e-01,6.726614174653301470e-01,7.197167816910724492e-01,7.408531202822142836e-01,7.587532963550219778e-01
4.003000000000000000e+04,9.986760602707457357e-01,9.719924978988688791e-01,9.494656966061092440e-01,9.441688732463032752e-01,6.669835457217360153e-01,4.793367441712890198e-01,4.592340868585944591e-01,3.966138811553724386e-01,1.424326748221862449e-01,1.186799729193601660e-01,1.725094196764787036e-02,8.372326839305510582e-02,1.272776436173911341e-01,3.140011131011016809e-01,4.187718255980650284e-01,4.449954309254776641e-01,4.731928633678423868e-01,4.852190316149707083e-01,7.276667476586961003e-01,8.863032972391516884e-01
4.003100000000000000e+04,9.540060357212252207e-01,8.947359387610878123e-01,7.253625895946760327e-01,6.813890559066128061e-01,4.586336777532430409e-01,4.422513722046730322e-01,3.039275025896942539e-01,2.713811584506861108e-01,2.375967412013961777e-01,8.137152500373989739e-02,2.277077641872748970e-02,1.475394398160267961e-01,2.959901765069401502e-01,3.249681214928107353e-01,4.796098898547095368e-01,5.122543965654605680e-01,5.850392135929864956e-01,8.541399307317709688e-01,8.750868138895279147e-01,9.864621467705599889e-01
4.003200000000000000e+04,9.199530854355342235e-01,8.732705208034031719e-01,8.711048237485999879e-01,7.929999666520715085e-01,7.684286419915982158e-01,7.595347511359521464e-01,7.279716755184078014e-01,2.610808956291230665e-01,1.983294713159985401e-01,1.846544064514872296e-01,2.338577489536930454e-02,4.529313505020471364e-02,7.136936628202783517e-02,2.242897324387360669e-01,5.222459861755942567e-01,6.446574854240095798e-01,6.758525771527686965e-01,7.402034856397238238e-01,7.697424801751422407e-01,8.167138045111963507e-01
4.003300000000000000e+04,8.749475332233920266e-01,7.361688075326522362e-01,7.237281903512419179e-01,6.533958627370367589e-01,6.438339464516963373e-01,5.585465092944620347e-01,5.320273614070795132e-01,4.084003537324154554e-01,2.260341701626435995e-01,1.363098629156722641e-01,7.485661497707685186e-02,2.322671467969470438e-01,2.908343372933798188e-01,3.293559558936882681e-01,4.565761119287222725e-01,4.588170808956831825e-01,4.702953497794409854e-01,8.454625991337424429e-01,9.251047584110814181e-01,9.564087215880249238e-01
4.003400000000000000e+04,9.990379633012712590e-01,9.354005543309380499e-01,9.132530297380659912e-01,8.905075697700230997e-01,7.547128369351899790e-01,7.024190572140772693e-01,2.419443630221478347e-01,2.024455104216960066e-01,1.528312484062916976e-01,1.409775994903764706e-01,9.625045867290249468e-02,2.348075976163868095e-01,2.676906722754686108e-01,3.421059576338164598e-01,4.745458218609450718e-01,4.792924099973113750e-01,5.024492014427062170e-01,5.705535634817765489e-01,8.536802169142739816e-01,9.176678147008863196e-01
4.003500000000000000e+04,9.903592189769998555e-01,8.827020734318821171e-01,7.818643248462812112e-01,7.326409990051718779e-01,6.761643509193249191e-01,4.207942747941486594e-01,2.560614131651233194e-01,2.527458398722904898e-01,2.043826572380808004e-01,1.450297127445682177e-01,3.825763238590518256e-03,1.209700875485553162e-02,8.156896467596663758e-02,1.413327488589721792e-01,5.197741478422053252e-01,5.263538417098060362e-01,5.368280690570040870e-01,5.413028443384623190e-01,5.905589729709941338e-01,6.876470587283265434e-01
4.003600000000000000e+04,9.784818175534155671e-01,9.387542947763500845e-01,9.380735739581151922e-01,9.012285238429988965e-01,6.209076918819871338e-01,5.526859335761979963e-01,4.593279529724041410e-01,2.936443804658275258e-01,1.941367729813192611e-01,1.838279069805784927e-01,3.471213167777764674e-03,1.344510137033924080e-01,1.461500225420252486e-01,1.582768003708957538e-01,2.020085794425937609e-01,2.196132348926553846e-01,3.751551892199641580e-01,4.285801378115572380e-01,6.106346349432362208e-01,6.636710150605775738e-01
4.003700000000000000e+04,9.478317493331397392e-01,9.152519024486966970e-01,9.052676139255817489e-01,7.435400148997013403e-01,6.526980380408171634e-01,3.097283383126374634e-01,3.081349361122006636e-01,2.762922394326006170e-01,1.643914131670174417e-01,8.419304154989959432e-02,3.377893352942873406e-02,1.608936482550965552e-01,1.813153591649339091e-01,1.884960876329546675e-01,3.235389438285967145e-01,6.139040787355899420e-01,6.811621675083613381e-01,7.141525987360989314e-01,7.355580461727302399e-01,8.897708884297612641e-01
4.003800000000000000e+04,9.976732797017049403e-01,9.682835880180794552e-01,7.685524374175910500e-01,7.583753715707600707e-01,7.128526880631379514e-01,2.151995410071319004e-01,1.917442519872982754e-01,1.850540663852080492e-01,1.081930604349888858e-01,2.819554996763784516e-02,2.389787990615932500e-02,2.011629578779763339e-01,3.692101847576214624e-01,5.393219520153543778e-01,5.994044049833594512e-01,6.313656715511203332e-01,8.539945624008565828e-01,8.805466315328857041e-01,9.444222520344235372e-01,9.930337317222578397e-01
4.003900000000000000e+04,9.874318941754406387e-01,9.729563312437601308e-01,9.654479862997127348e-01,9.017027034243301209e-01,8.068131920904105803e-01,7.428282569487627551e-01,7.072111274827842520e-01,7.055494718621426742e-01,5.839539763743483158e-01,3.506789585393101927e-01,3.951405451489020670e-02,4.593876366429716640e-02,5.277186764606867087e-02,6.912024636162139579e-02,8.405273162233195539e-02,2.145621441868452717e-01,2.526550708542435464e-01,2.740254391948412360e-01,6.052009409780619853e-01,6.655055818970921910e-01
4.004000000000000000e+04,7.585484245952168747e-01,5.226924672353810974e-01,4.745382930111881059e-01,4.666260835674616025e-01,2.657988814990732696e-01,2.627789521783294724e-01,2.600673214463152805e-01,2.412061921434944800e-01,2.071446392451330443e-01,1.568811244982062370e-01,4.902697472725214833e-02,2.872608405921394104e-01,3.133277935045044593e-01,5.076930514601056821e-01,6.372076035813221129e-01,7.279593562206629898e-01,7.782621166258428813e-01,7.842003155296778383e-01,8.391507814649146191e-01,8.618060882821574342e-01
4.004100000000000000e+04,9.604496047170666406e-01,8.839196550727504986e-01,7.147250987407135492e-01,6.249996074332765383e-01,6.247719928917043752e-01,5.917461529434123735e-01,5.166480463165404879e-01,3.179050259348634722e-01,1.130961804973030782e-01,7.926198835735354109e-02,1.991810026161733305e-02,4.272199963008649348e-02,1.518358515548290377e-01,4.158867510206186724e-01,4.591449049420354145e-01,6.642460883974000696e-01,7.985101670653315109e-01,9.084214549904933156e-01,9.524959202853349183e-01,9.892072958599150700e-01
4.004200000000000000e+04,9.489034741882598212e-01,8.100126588415146323e-01,8.099615997844689108e-01,6.415245106043816481e-01,6.149615655834238526e-01,6.105435949277301377e-01,6.029086194318917791e-01,3.635533142352916913e-01,3.021399153632100543e-01,1.620196551735350043e-01,1.370122089701822921e-01,3.018992357062525445e-01,4.253045262631931500e-01,4.885906620149346180e-01,4.982790743875210593e-01,5.071485729449133339e-01,5.320995150686993469e-01,5.328348026312368368e-01,5.428401694592757121e-01,5.802087451609029278e-01
4.004300000000000000e+04,9.878455747169990753e-01,8.994560160952783656e-01,8.729198687025763181e-01,8.683485465289295657e-01,4.790377761791705380e-01,4.506061461705510585e-01,2.755209667540069463e-01,2.699954522768521770e-01,1.107500874552614922e-01,8.419787608064577267e-02,4.946617809979403368e-03,9.725865164854385903e-02,2.098342904157320943e-01,2.698948175595715648e-01,3.461005722097439952e-01,3.826323023555275871e-01,4.301081437998320878e-01,7.631805512814150427e-01,8.432268344844396912e-01,8.580127835990047913e-01
4.004400000000000000e+04,6.996990918482877131e-01,6.714817676844718752e-01,5.676160934692895399e-01,5.482674260456089632e-01,5.171372500743023348e-01,4.306890325204760783e-01,3.942955811433536129e-01,3.883444808997090769e-01,1.217241493788688844e-01,4.733984112615485795e-02,2.309292063035595088e-02,2.064720874084337021e-01,5.486478014527529368e-01,6.968204967899401803e-01,7.391248728884713959e-01,7.410249375583088938e-01,8.079976961505720423e-01,8.087678189673149776e-01,9.687577787508312444e-01,9.746979297876933179e-01
4.004500000000000000e+04,8.845878475466449897e-01,7.393093907756155270e-01,6.801834141582990823e-01,5.591337435162466729e-01,4.956504475854227598e-01,3.938020612507182605e-01,3.891803017454684710e-01,3.889695447322700783e-01,3.333794101961834455e-01,3.026607494832562750e-01,1.465743228811611232e-01,1.489770084222925561e-01,2.470646153737959816e-01,2.639374233183893192e-01,3.888543544624379900e-01,4.657427072383127920e-01,4.678422778100045365e-01,6.574005286864869069e-01,9.027133837661551752e-01,9.032361361187575266e-01
4.004600000000000000e+04,8.431336472691760564e-01,8.334323956170011094e-01,7.852281558124218908e-01,6.135171878341775242e-01,5.467914912383207149e-01,4.564431511268446373e-01,2.252629015771304699e-01,1.540789932452052424e-01,1.205414104484854310e-01,3.175183450346485969e-02,8.599639887492238621e-03,3.005783181064547449e-02,9.135731787574563612e-02,1.552211112835952811e-01,4.285700549187596575e-01,4.646248287904301000e-01,4.702854019213776882e-01,5.341343385128223265e-01,6.003061714227866386e-01,9.622314475944706569e-01
4.004700000000000000e+04,9.398752407804882303e-01,8.599250943691174598e-01,8.511287871403138139e-01,7.221042860765067850e-01,5.877551673485844619e-01,4.024359510804774720e-01,3.480124268970236079e-01,3.036061614040626022e-01,2.155631296456692603e-01,4.250212020593358009e-02,1.690297247833694172e-02,2.473014949330121226e-02,5.630907893083647586e-02,1.547789621711886943e-01,1.939984847351025055e-01,2.696468795071793600e-01,4.827436561950178007e-01,5.720354277935214560e-01,6.824757391231099923e-01,7.234758285891190743e-01
4.004800000000000000e+04,9.390741258219670318e-01,8.855451271273392377e-01,8.716965278143447016e-01,8.154675349199967949e-01,7.085710717184117158e-01,6.217591733003432486e-01,5.673839246729766028e-01,5.636106215185355817e-01,5.143550488043434621e-01,1.527488825100858927e-01,8.015186779768534997e-02,9.880009719319138295e-02,1.428691626459860364e-01,1.728466171865807866e-01,2.521094205132154986e-01,3.223910694109034525e-01,3.314020345991853800e-01,3.773385569187404087e-01,4.569284263720407857e-01,5.332546846937755713e-01
4.004900000000000000e+04,8.895266066050184772e-01,8.310947922305400581e-01,8.176921702374936318e-01,7.511188900709949712e-01,6.837550589476831808e-01,6.569724626684099178e-01,6.425957855526051032e-01,5.719926148360595652e-01,3.881730199449729968e-01,1.641614952427159491e-01,1.361814328869318524e-01,1.730907921625928214e-01,1.837580898737073420e-01,3.655575256952422469e-01,3.844033530598234272e-01,5.157773981264957008e-01,6.289413044303391320e-01,6.595735448677576551e-01,6.617556147970121705e-01,7.848604865842885303e-01
4.005000000000000000e+04,9.401746447386547523e-01,7.522130872825081305e-01,6.847095778616106854e-01,6.761365636994839390e-01,4.148033334734185784e-01,4.075548667233795941e-01,3.957468474920031731e-01,1.571998861204272346e-01,1.529871517493492927e-01,1.167739294269160011e-01,1.099834383486486544e-03,2.156745920032540065e-01,2.362596894648406609e-01,3.611227786670555551e-01,3.867142175148416960e-01,5.631401537492561893e-01,8.835883670065138862e-01,8.865233539283557951e-01,8.936651568413354063e-01,9.652829560163871392e-01
4.005100000000000000e+04,9.772713091443925304e-01,9.630227397252567600e-01,8.476323610186456969e-01,8.062807172556516466e-01,6.688721376695528908e-01,3.568805245258984682e-01,3.128012778015031303e-01,2.934640705421803775e-01,2.409643573554017815e-01,1.686193738277079746e-01,3.104543733502707070e-02,8.013005245424220657e-02,8.313739666715136423e-02,4.726832609930470275e-01,5.109883071194710746e-01,5.343430088819594026e-01,8.924036912346050565e-01,9.315404829215572224e-01,9.404678374574722000e-01,9.564718173909646515e-01
4.005200000000000000e+04,9.708181355744677221e-01,8.250484213450779425e-01,7.633144447250440612e-01,6.487395728009649476e-01,5.360344333755150403e-01,4.920766300651568947e-01,3.476561649949846400e-01,2.776469916095604118e-01,2.596840424755747501e-01,1.922590463600476474e-01,1.084126081676665132e-01,1.945940207096069630e-01,2.026027117951167966e-01,3.434459789319960210e-01,5.199435207421909677e-01,6.049346314271479841e-01,6.406280789267531084e-01,6.927255305876252045e-01,6.953731702248218127e-01,8.157669948329411280e-01
4.005300000000000000e+04,9.660287357366698080e-01,7.571533904474352372e-01,7.420242465927101572e-01,5.281360440126449118e-01,4.649695478298343509e-01,3.295359723274672303e-01,2.896021361063821908e-01,2.030763598694603767e-01,1.823125121557985784e-01,1.193658784467586109e-01,9.053174443723488451e-02,1.445598228695849086e-01,2.989148841821405167e-01,3.450644600454779720e-01,3.985559917009086073e-01,4.459824118165693907e-01,4.800629020890714305e-01,5.068830338722002393e-01,7.776019318762181776e-01,8.135804234577028726e-01
4.005400000000000000e+04,9.863550066172120934e-01,8.946780082348299024e-01,7.675198260926445748e-01,7.502262899301271881e-01,7.301286261076607165e-01,6.501044520815361105e-01,6.272207335897438396e-01,4.715372725951242350e-01,2.237082927851873349e-01,1.062306185573357320e-01,1.061954179953379374e-01,1.758293500661226583e-01,2.053090019575567471e-01,2.780283594599741726e-01,2.921047074089069273e-01,3.933613185587394590e-01,4.336131676139854951e-01,4.469173394613928929e-01,4.935887293709585455e-01,5.677658876872055949e-01
4.005500000000000000e+04,9.254048670814388755e-01,9.196418051142518646e-01,9.161179462931797746e-01,9.110817361911359713e-01,8.915741700713403217e-01,5.576290200234805816e-01,5.342575676769127924e-01,4.898887037029413527e-01,1.967534790331190164e-01,1.922077608882089006e-01,4.193292584421359770e-03,1.422491330636206364e-01,2.991194861354121715e-01,3.452442704524543160e-01,3.965058679909979622e-01,4.903314377120837619e-01,4.924816618007992197e-01,5.323693807458771410e-01,7.971720655775278441e-01,9.858075061340785261e-01
4.005600000000000000e+04,9.971743464846134497e-01,9.771218092279365663e-01,9.524430882300963797e-01,8.251951850849537085e-01,7.683917311456109900e-01,6.276096297542831381e-01,5.584608147417019497e-01,5.051758236767562860e-01,4.296963332044603234e-01,1.751497850980917592e-01,3.742225231592599677e-02,9.282586305706597152e-02,1.571338901317916870e-01,2.610436179005291013e-01,4.770989481038826474e-01,5.093268383121761778e-01,5.938754130755407035e-01,6.424154223035452027e-01,6.640601821230098789e-01,6.997794779828656608e-01
4.005700000000000000e+04,7.554160891666813482e-01,7.507838729729088278e-01,7.487430330398576750e-01,6.481690850965426964e-01,4.515992687629939439e-01,3.400997129770689797e-01,2.941723253100765323e-01,2.354825946873294606e-01,1.272819767976962613e-01,4.857967163228216201e-02,1.754050166737253225e-02,2.639187500264720265e-01,5.207032339732402537e-01,6.478660350566148862e-01,6.494794635316871734e-01,7.301240246494966613e-01,8.360479218044443162e-01,8.806703356629176360e-01,9.701809155157424813e-01,9.761849517579322955e-01
4.005800000000000000e+04,9.555925211651660200e-01,9.198389923296611537e-01,8.417711793730181524e-01,8.210395887118303593e-01,7.195753717281271333e-01,6.370428780108038369e-01,4.863915660532135421e-01,4.071486315734148542e-01,2.932017676141531748e-01,2.413784200687385528e-01,5.854539147679749256e-02,6.740569463400691852e-02,7.918755045197589659e-02,4.746705978551477578e-01,5.620987779547421681e-01,6.353276573323773935e-01,7.603869293800041840e-01,7.632266704159359483e-01,8.104613891588031693e-01,8.700897227455997029e-01
4.005900000000000000e+04,9.501246129535172447e-01,9.291181482134752700e-01,7.163575438030681530e-01,6.736205893640803133e-01,3.993690940523954014e-01,2.337891271899035228e-01,1.193816126713060921e-01,1.045005383290118495e-01,8.785318897171534580e-02,7.585734502764418519e-02,7.428422464311190687e-03,1.786729218181215550e-02,2.167586889564924180e-01,2.209366928364422389e-01,2.438438441428940617e-01,4.104841670130958686e-01,4.847749645325061252e-01,5.503371757198070036e-01,7.033810584049039472e-01,7.243890122122216280e-01
4.006000000000000000e+04,9.984607012123627445e-01,9.095677437182629888e-01,8.331034063847314597e-01,6.489264796398465096e-01,6.341938723073315964e-01,6.234771441568409678e-01,5.895996721475954550e-01,5.534454446190922861e-01,2.467948683915072161e-01,1.045476793125862391e-01,5.423665705234592682e-02,5.453173234891017795e-02,1.669011838339885534e-01,1.799427693145166929e-01,1.907076739123642062e-01,2.431070365725291893e-01,3.873807421854139621e-01,3.966576765129389281e-01,4.022912464498659135e-01,4.289073642704975819e-01
4.006100000000000000e+04,9.789720816987153018e-01,9.665633107050287665e-01,9.231839428977971496e-01,8.382314581212584326e-01,6.766695590702094254e-01,4.564941381712754875e-01,4.041837818121635229e-01,3.324062612851947929e-01,3.271509365909652800e-01,2.372960569486207705e-01,8.896692540818695871e-02,1.037861286316635878e-01,1.270544393113541837e-01,1.568114448214202872e-01,1.912230276624503622e-01,2.115949894122094443e-01,3.765652517985451642e-01,4.078892729193412947e-01,6.465049479876820993e-01,7.215991004151042221e-01
4.006200000000000000e+04,9.667862982834857233e-01,9.640112377683374145e-01,8.964681757179255861e-01,8.444324356038155344e-01,8.352925572703600032e-01,7.820873828165392228e-01,7.528408762649795305e-01,4.270904442432739145e-01,3.020277187265717478e-01,1.345402917773842466e-01,5.026276042518817988e-03,8.229297527620238473e-02,2.155775385904238339e-01,3.237437279030772608e-01,3.386717776518107792e-01,4.668925292852714737e-01,5.148303347718311551e-01,5.229512958814955814e-01,5.449511978688743596e-01,6.793994516290131624e-01
4.006300000000000000e+04,9.468932077809867343e-01,8.308250757835229372e-01,7.418684032467048883e-01,5.956778722531518300e-01,5.087810828362338000e-01,4.195242181668922266e-01,4.110631536568708500e-01,3.175348624835681033e-01,2.477376446606773808e-01,1.668206854124083538e-01,1.573811058472540658e-03,5.978781241078923170e-02,6.490620999657814583e-02,1.495496766598052307e-01,2.195055450187294310e-01,3.140206011523418717e-01,4.096370465528726967e-01,5.546487499529895171e-01,6.943221613180133867e-01,7.094656444804577911e-01
4.006400000000000000e+04,8.241605550746672337e-01,7.379946724056908325e-01,6.974143475361063160e-01,5.272134260898304614e-01,4.739445340635779491e-01,3.524878293619205794e-01,3.115797502505089911e-01,2.728309895804763574e-01,2.655884903226785054e-01,1.610150721759079362e-01,7.085497370340809731e-03,2.390469292641950183e-02,1.696785750071826415e-01,2.647915012588691885e-01,3.271996967951875668e-01,3.852674783871353759e-01,5.113697378266149896e-01,6.224045627932754954e-01,7.120439449698091616e-01,9.492935245124068944e-01
4.006500000000000000e+04,9.840284449273285494e-01,9.385204575767300827e-01,9.238449192902737916e-01,9.085044503243774328e-01,9.084720881279140237e-01,6.893742866013922166e-01,5.923923998273702418e-01,5.824462806023940065e-01,3.502776823845717979e-01,1.087399952376153500e-01,9.505927061446373116e-03,5.476351982007465757e-02,1.311597671669902931e-01,1.827283126627425869e-01,3.003455120708605763e-01,3.454699219370165331e-01,4.445593970605495882e-01,6.263820305857857873e-01,6.265180566467870582e-01,6.373532017735001887e-01
4.006600000000000000e+04,9.395335105823242605e-01,8.129364847711504360e-01,6.939362359175190731e-01,6.612088955847276184e-01,4.974447658800065231e-01,4.143902512219024281e-01,2.401617471556048988e-01,2.120835479096302434e-01,1.973668641667682966e-01,1.294647037026724901e-01,1.900920986567655735e-02,1.253981253833538201e-01,1.493659692700272101e-01,1.758602841526453187e-01,4.150324124522751790e-01,5.500543448773065336e-01,6.405875853586960877e-01,6.739439785534265814e-01,9.295514381739693466e-01,9.431922018402824071e-01
4.006700000000000000e+04,9.422006781343489346e-01,8.828664406632530381e-01,8.292526471287181566e-01,7.879941850712056661e-01,7.512145149526225918e-01,6.538952585752731972e-01,6.324028962525237718e-01,3.153578292783075776e-01,3.019303440987713971e-01,7.579907085635217978e-02,5.133862806557676350e-02,7.622460664663266439e-02,1.366432529042951316e-01,1.634254793493338243e-01,2.538067672988342238e-01,2.965851068635927401e-01,3.701195230888618681e-01,3.850378339021947038e-01,5.578778599436097219e-01,7.668268048211772658e-01
4.006800000000000000e+04,9.090921865062880913e-01,8.913698910645451168e-01,8.396331628171429529e-01,7.848300174194950962e-01,7.190335682687128971e-01,5.225401653992346462e-01,4.474825970598569347e-01,3.738316681563531585e-01,3.627696647786167183e-01,3.541469199982197891e-01,6.341585397149007708e-02,8.920415533675618569e-02,1.334220857952050920e-01,1.520484729387689971e-01,1.549031823092840154e-01,2.430571839946713553e-01,3.521358242627566915e-01,3.736677469403850704e-01,5.603962818152768977e-01,6.713634611306239508e-01
4.006900000000000000e+04,9.701717900626339874e-01,9.508495059065468213e-01,7.304415585960879476e-01,6.823704087906279359e-01,6.651412372329008615e-01,6.541953081005439374e-01,4.887792715322774040e-01,3.757934949951566850e-01,3.648234233183008657e-01,2.750298562886611675e-01,1.209725245700310481e-01,2.467130659928878922e-01,2.657860865012485752e-01,2.760665286680645814e-01,3.100539877425528834e-01,4.457935135514896619e-01,5.120207190174842493e-01,5.376977408131975444e-01,6.624778321773976408e-01,6.643848786920251159e-01
4.007000000000000000e+04,7.896006728782848372e-01,6.673968070379553419e-01,6.169747088593504625e-01,5.298448055393432110e-01,4.597522124673075750e-01,4.558628304838849843e-01,2.670529518078420539e-01,2.442411365892774855e-01,1.754504051848377877e-01,7.717477523493032621e-02,6.841588884145322069e-03,9.729331953629372087e-02,1.610428389843251429e-01,2.010048979011049841e-01,2.540739254594552854e-01,7.213795011984572847e-01,8.541891325652839484e-01,8.981234594603277888e-01,9.077876142899429235e-01,9.742450968825474567e-01
4.007100000000000000e+04,8.529177009843202928e-01,7.913368711157968693e-01,7.416546179918922510e-01,4.966266429817736139e-01,4.684811898888979753e-01,3.175932363017645033e-01,3.145094978983195011e-01,2.985246282641162985e-01,2.901198227432991716e-01,6.439920848623681415e-02,1.162759608876562378e-02,2.261526211608876347e-01,2.302435718357191963e-01,4.745175198630460223e-01,6.006751118192668049e-01,7.367377795479106428e-01,7.762229179863231465e-01,7.781233560512871295e-01,8.590442639038872175e-01,9.816045126005223942e-01
4.007200000000000000e+04,8.409622758451670288e-01,7.239040164239811670e-01,6.181192762364465798e-01,4.682225214667530278e-01,4.298618835645711123e-01,3.992035878408922711e-01,2.640670760098088321e-01,2.012493426415788988e-01,7.787784831542066133e-02,3.920479365555162854e-02,1.058497454972395779e-02,1.782059453745573618e-01,1.930580004090994839e-01,5.326811972786924532e-01,7.499327817990776301e-01,8.653018070756171021e-01,9.068765087784735890e-01,9.332207794930997835e-01,9.479775112100498058e-01,9.591624284490808394e-01
4.007300000000000000e+04,8.149161942941404169e-01,5.913316182681360722e-01,5.204099621877658066e-01,4.656853060894747820e-01,4.064829976062964700e-01,3.719215045964168187e-01,3.018444858023139332e-01,2.845052953725260014e-01,2.130804878567017502e-01,2.539344978443436318e-02,1.968018296703877290e-02,1.163784968063938940e-01,2.210851626498914202e-01,6.017142580678341846e-01,6.300914475538398341e-01,7.668504969686147366e-01,8.364342191423660422e-01,9.126253945754853047e-01,9.709315209046461836e-01,9.864896264963248784e-01
4.007400000000000000e+04,9.556178325155754161e-01,8.924900372630307777e-01,8.193777782955062872e-01,7.542539582456035951e-01,5.981936497873788783e-01,5.551071950477211026e-01,4.547998818657154052e-01,1.776243485009871836e-01,1.535986517219156688e-01,5.583715409465950241e-02,4.909072691952620637e-03,1.545985542582462013e-02,2.481391414835986131e-01,3.093074413351027951e-01,3.406912791415960262e-01,4.121093259107809770e-01,4.344468598010935434e-01,6.213667441828009119e-01,7.048713123109129342e-01,8.046649704169949180e-01
4.007500000000000000e+04,9.934188144013229582e-01,9.400238673932241884e-01,8.130928062455187177e-01,5.923024489411536919e-01,5.446310174841095808e-01,4.559878345319797743e-01,4.349534688557870066e-01,3.598417092971741837e-01,3.111623204699140999e-01,2.031149120922355333e-01,1.383091510400636936e-01,1.931633456571050234e-01,2.406171950726951891e-01,2.766221466370535342e-01,3.642328069596818541e-01,6.014334442714043272e-01,8.078271243743104790e-01,8.311720747277980825e-01,8.738897666136753450e-01,8.909788621901458816e-01
4.007600000000000000e+04,9.747951820756608488e-01,9.674856698137135336e-01,9.265377188947878651e-01,8.433169580591604042e-01,7.632131116894332878e-01,7.133068621359791583e-01,5.281578042114110083e-01,4.558727538157206771e-01,3.060427570897915617e-01,7.275135297846679894e-02,2.297911071570946095e-02,1.253022703757793455e-01,1.948912782843585934e-01,2.264136886159661133e-01,2.721059370927698673e-01,4.250034378502938193e-01,4.469683068032661577e-01,6.564840513459687665e-01,6.811763536412187570e-01,6.977942059328419155e-01
4.007700000000000000e+04,9.934418266952607102e-01,9.922415659204699701e-01,9.920806268104850334e-01,9.884461440485291517e-01,6.552755741099512976e-01,5.102328167798216851e-01,3.576594295643843457e-01,2.866817816241785666e-01,1.217121636088546177e-01,1.141045491424915737e-01,9.945622218370631096e-02,1.477600317702674193e-01,2.523308793418900242e-01,5.173165020383270196e-01,5.292751577615534275e-01,5.435796655901689034e-01,7.730525533460524956e-01,8.094266257192929137e-01,9.354280015121830827e-01,9.683111841264000486e-01
4.007800000000000000e+04,9.261019324341802639e-01,7.005265123893497092e-01,6.138189210206539403e-01,4.950188730783154911e-01,4.334436201033861069e-01,3.173543124239184277e-01,2.587259424468338898e-01,2.100891535663628185e-01,7.683971793833954678e-02,6.397158898518451320e-02,2.715361350569711618e-03,7.289669352025252014e-02,2.195579566714410680e-01,2.731320842085492862e-01,3.114996907016697181e-01,3.895727873546120934e-01,4.387458459818562861e-01,6.153133580691552140e-01,7.476366504510107980e-01,8.518039839004915015e-01
4.007900000000000000e+04,9.849729698041334025e-01,9.437699198478771700e-01,7.477050826812365880e-01,7.431409556056677301e-01,5.239601024538660390e-01,4.661263353894578021e-01,4.652421752303002034e-01,4.299956723190193619e-01,2.671541367232028730e-01,2.132700430958990312e-01,8.675904306755133355e-02,9.007118262595448233e-02,1.354359310240360603e-01,2.421654847576870662e-01,2.547519579071264584e-01,3.043778714855871481e-01,3.237434653116760819e-01,3.268881230711819796e-01,3.575333804771455570e-01,5.872394871905579627e-01
4.008000000000000000e+04,9.360501437776679312e-01,7.935072081499541241e-01,7.565198750991937171e-01,7.317763907775988175e-01,6.972761485735382569e-01,5.895239049816395349e-01,5.404247404751708617e-01,4.722029690770854771e-01,4.540224056021839871e-01,3.141181878716192699e-02,2.166338896834041350e-03,2.292366778672716432e-02,3.727518552316437805e-01,3.860922332508837096e-01,4.767299919656949880e-01,5.485769815752067347e-01,6.500108644264764868e-01,7.061778755122035678e-01,8.575875098174859934e-01,8.635699132182707016e-01
4.008100000000000000e+04,9.649808689097481018e-01,9.503513629417513764e-01,9.033735962832929456e-01,8.335816392831776334e-01,7.375099493621197766e-01,6.834567903567249081e-01,5.877691490070321434e-01,5.687351958183016754e-01,4.131910373962305316e-01,1.315615667132397082e-01,4.619061384335210185e-02,9.778660507316727646e-02,9.908985826887384274e-02,1.587883709996000814e-01,2.420898929149205570e-01,2.631009690002215073e-01,3.300110971780996216e-01,3.628856066059287233e-01,3.928114568149470021e-01,4.096232139336459799e-01
4.008200000000000000e+04,9.969492398525776622e-01,9.771549350565055247e-01,9.449340823032079673e-01,8.756379948724140050e-01,8.384541986902757094e-01,7.048386960946082525e-01,4.710344794247112166e-01,3.583555957037658501e-01,1.502378548563679805e-01,1.051472137243164573e-01,7.430396741341416256e-02,8.570890057539914952e-02,1.635439373278189112e-01,1.881992471188697058e-01,3.588096368157294158e-01,4.418080396920279762e-01,4.987826589575117264e-01,5.029561966463795830e-01,6.405057697322179555e-01,6.537467847250401087e-01
4.008300000000000000e+04,9.241038682940281301e-01,8.895337465439465685e-01,8.334405803586595329e-01,8.088690122381207992e-01,7.327776099348854988e-01,7.177751313271164557e-01,6.433490508610992809e-01,4.638620703818958635e-01,3.703522420489652189e-01,2.255975978325973630e-01,1.199836417330776284e-01,3.097047682316502737e-01,4.499456269847055268e-01,5.430190112252551993e-01,6.802032279906541357e-01,7.788227259629920685e-01,8.538086772375144129e-01,8.563451376231270284e-01,8.863661953093948664e-01,8.974330224767292918e-01
4.008400000000000000e+04,8.801042561640698425e-01,8.437213397986560448e-01,5.804858342703027585e-01,5.411373955839081651e-01,3.553689417816502383e-01,3.483859309968359019e-01,2.789492969708855519e-01,1.721231023836131691e-01,1.424976070457273369e-01,1.313478556365436090e-01,1.421894935688272632e-02,2.486929311761632011e-02,7.041120603213935070e-02,2.314098882228387000e-01,2.391773114632719244e-01,2.524608495983944323e-01,3.912518316638304849e-01,8.298397416050949937e-01,9.087415387895915186e-01,9.461225781594243545e-01
4.008500000000000000e+04,6.106448908458630420e-01,6.100374996040479614e-01,5.751365900042647583e-01,3.732144463915848531e-01,2.229335905441223176e-01,2.067802705727378454e-01,1.829891078710094154e-01,1.052170847757553096e-01,8.090908550066566729e-02,6.736339671184354838e-02,5.895207364212262657e-02,6.650674777870146936e-02,2.939824232104951696e-01,3.207008453926003533e-01,3.569596432035755385e-01,4.774225014359485542e-01,5.118689222890607793e-01,6.779985407398892994e-01,7.638530627326051148e-01,9.407878186900069384e-01
4.008600000000000000e+04,9.973303171448071325e-01,8.522143111017908002e-01,8.148288374915543253e-01,6.963574751234834492e-01,6.082296058108522807e-01,5.725089847448705527e-01,4.803645329733967628e-01,2.753922325027481355e-01,1.331584548778919075e-01,1.299128974200616238e-01,4.961880894340553461e-02,6.857088782327147580e-02,1.161939334204716845e-01,1.579020948753258047e-01,3.401466408897256821e-01,3.477749485682885000e-01,5.295401718119274737e-01,5.450212745541609394e-01,6.054151323759058290e-01,6.633641390098478086e-01
4.008700000000000000e+04,9.356821661857781525e-01,7.235296720949970783e-01,5.411746679906254132e-01,3.888363106383372347e-01,3.539729891681065999e-01,3.439908540220693034e-01,1.709934275068277776e-01,1.057737127596816151e-01,1.004757609634222559e-01,8.239010108999778037e-02,6.646049586551439070e-02,7.307487320025196631e-02,9.621445785471383072e-02,1.425520226149016301e-01,2.788016736616324431e-01,3.992104623379826300e-01,4.670681006318976314e-01,4.791312400944051086e-01,7.647308640733472274e-01,8.270769164074565083e-01
4.008800000000000000e+04,9.922174329220435629e-01,9.037915283001380917e-01,7.886534633513965220e-01,7.831572558504982240e-01,5.829614068998847376e-01,4.905356663012329088e-01,2.990947230136028478e-01,2.820161152662269410e-01,1.874243254895788802e-01,9.863548003385114171e-02,3.029405674468277354e-02,1.400756565920208141e-01,2.995310698387072534e-01,3.175022061428881548e-01,3.281045597178288142e-01,3.818962018719109786e-01,4.914646080860594068e-01,6.354645707722229586e-01,7.699697090485912998e-01,7.768512438899377592e-01
4.008900000000000000e+04,9.520586187389802335e-01,8.665432946898671274e-01,7.407644508923426629e-01,7.376358505500284490e-01,6.034848398055304708e-01,5.361480888634042596e-01,3.554416291188892130e-01,2.943820043442358925e-01,1.654072033423150678e-01,1.387772358947696461e-01,1.824499529982381851e-02,1.234879005105596894e-01,1.715164606624711707e-01,1.779448309372361203e-01,1.930863087874142847e-01,2.442873323857671641e-01,3.068470719977711703e-01,6.620292382444912249e-01,7.638824696362268574e-01,8.365607247288880943e-01
4.009000000000000000e+04,9.128009553946572208e-01,8.900334145430311983e-01,6.907544211515258548e-01,6.223147417469678810e-01,4.901725440708005754e-01,2.961750387497177339e-01,1.875660714167322052e-01,1.808150940004762397e-01,1.250362168420560138e-01,5.847756369881074168e-02,3.322119214026530987e-02,1.163872349031228604e-01,1.247739724692922270e-01,1.399298111188730376e-01,2.074957054871831019e-01,2.626786284372851776e-01,4.869234745771334749e-01,6.747813703763575477e-01,7.088447604676660907e-01,8.745349825563253354e-01
4.009100000000000000e+04,8.510922349004073073e-01,8.100387587137918288e-01,7.665668012441296808e-01,7.312468760438494142e-01,6.863429933164645336e-01,5.709465310419847839e-01,5.096767628489257129e-01,3.348708616713158559e-01,3.334170269699697764e-01,6.901102035784445476e-02,1.206316291463271906e-02,1.318139838117837748e-02,3.480642038079118095e-02,2.294984600339312619e-01,4.627327725631130706e-01,4.698035030512516252e-01,7.565037926951815317e-01,8.713255890618015753e-01,9.073144338048144686e-01,9.471898170857270260e-01
4.009200000000000000e+04,8.938721430308109728e-01,8.528301227513631622e-01,8.485173259570022442e-01,5.855086830959730371e-01,5.516821163120363414e-01,4.435551979079205287e-01,4.380321926695088797e-01,4.115244361805239226e-01,3.243265153571555093e-01,1.351864420346445828e-01,3.971349636030707675e-02,7.859330875465075916e-02,1.212599700346823628e-01,1.874502782583385985e-01,3.912468176140255771e-01,3.987800880222763800e-01,4.820392666651894809e-01,4.947928960101057871e-01,5.255340523518859941e-01,6.431998315978689762e-01
4.009300000000000000e+04,9.340346819853375671e-01,8.176585603254206136e-01,7.888292462324030252e-01,7.747300665583596313e-01,4.703718640423710795e-01,4.197440419017327562e-01,2.259210453559666876e-01,1.924361651782108273e-01,1.754390382968704643e-01,7.726960925742132336e-02,1.553293625767893094e-02,7.432775063126095816e-02,9.946529871745501961e-02,3.263921491283439114e-01,3.932999611077712121e-01,4.974588318976234103e-01,5.879516242183061570e-01,9.444264738916238189e-01,9.949893427493132769e-01,9.995948337647678761e-01
4.009400000000000000e+04,7.369046994145580509e-01,6.805416594871088742e-01,5.824680641133530568e-01,4.451504757807063228e-01,4.161507725104988120e-01,3.681716807350674525e-01,2.544695081570033102e-01,1.867329654568501418e-01,1.232600130769088143e-01,9.122572691923924726e-02,1.850584187192583219e-02,1.487077706154952272e-01,3.486782245525629209e-01,3.816341577210334846e-01,4.071384361548995301e-01,5.293652459917834729e-01,6.200110594933491148e-01,6.534545655308602319e-01,8.759106847364150905e-01,9.940486752234238832e-01
4.009500000000000000e+04,9.551989614424740704e-01,6.628096253728139597e-01,5.697238646618557611e-01,5.561525793341068891e-01,5.485850247563031079e-01,4.518229747786249861e-01,2.715151516312070967e-01,2.709061681265558796e-01,2.406063935755834438e-01,9.415735802054192582e-02,3.623508569436495463e-02,1.161591805127409893e-01,2.018059571129051655e-01,5.185050387507147418e-01,5.444022789927779327e-01,5.446911819458717385e-01,5.701346755533193145e-01,7.734599440465194098e-01,8.658859471788638018e-01,9.843038732810587277e-01
4.009600000000000000e+04,8.228431059182793605e-01,7.005307098622728379e-01,6.949586830336136334e-01,6.063337938362136637e-01,5.835843173922871108e-01,5.211296451871915147e-01,3.934285787765636755e-01,2.841186518564977614e-01,1.743000759854964610e-01,8.132814051937564681e-02,3.895219145565631536e-02,1.029314387672319864e-01,1.242108538237032267e-01,1.473164300811756755e-01,2.285139843376337021e-01,5.073504968790747416e-01,5.363469034038567118e-01,7.969376491342923252e-01,8.027020886088203078e-01,9.567078988377007986e-01
4.009700000000000000e+04,9.782021232948788780e-01,9.547422577067734561e-01,9.463677973054150927e-01,9.174095035438400991e-01,8.860339264189988073e-01,7.062962212169692222e-01,5.241211052216518951e-01,3.897228418352882695e-01,3.567733419055417743e-01,9.123669596641414969e-02,1.538927506345677543e-02,2.188258920342411873e-02,2.478317310923530137e-01,2.479609577717180047e-01,5.621327486658377337e-01,5.993698048490870844e-01,6.407033257863110620e-01,7.119347832812082943e-01,8.768234969949064705e-01,9.083843411557286363e-01
4.009800000000000000e+04,9.278679163199531343e-01,8.724184196821620496e-01,8.190032490140635169e-01,7.456492636726403944e-01,6.885523431185962551e-01,6.162505303366550002e-01,5.644873010376926237e-01,1.988030255573206562e-01,1.879390575778715489e-01,1.754115648382645887e-01,9.686647932959924212e-03,1.333353119443333457e-01,1.577879030598986487e-01,1.629294968061978377e-01,2.533646911668382407e-01,2.625561725290390669e-01,3.319245661826993876e-01,3.591646556329062268e-01,4.909908317318603110e-01,6.549182758517978487e-01
4.009900000000000000e+04,9.975726367563355623e-01,9.731159496981144352e-01,8.690636606158113064e-01,8.607992701006133007e-01,7.428892143712388929e-01,7.293523405589583675e-01,6.646556319775898114e-01,5.358469477759495447e-01,3.813850382213106460e-01,2.085736322778238838e-01,4.791862651632272652e-02,1.347606323445180720e-01,2.792796176266486574e-01,3.408752143769799847e-01,5.879487805706992143e-01,6.122710905753955268e-01,6.248996396180295232e-01,6.368648763467177343e-01,6.742504096410946168e-01,8.802143816745966465e-01
