8.000000000000000000e+04,8.739682936640957855e-01,7.381108035772684373e-01,7.194198832216958106e-01,6.155918248275683569e-01,5.649936370921614381e-01,5.310630183228820522e-01,3.870468625422383013e-01,3.626718112714100162e-01,2.380630168553256043e-01,2.337044170724705827e-01,2.914568539094108957e-04,1.738146813846086491e-01,2.165483726468565573e-01,2.873526058592702492e-01,6.342811057706805311e-01,8.036356529522539205e-01,9.296879198189093030e-01,9.449641210441688255e-01,9.630856737718433980e-01,9.664597663162163288e-01
8.000100000000000000e+04,6.479309722421536799e-01,6.463981135210968842e-01,6.458424277945987724e-01,6.112821111708153232e-01,5.813136326824799305e-01,3.807308389389761905e-01,3.239186712200633478e-01,1.469424272829975564e-01,1.269841900042937288e-01,1.154769782059364980e-01,6.020214709282989407e-02,4.946725291540625680e-01,6.228956419026769886e-01,6.568767949834537490e-01,6.733406557620746913e-01,7.866552502031346483e-01,7.903320871534106340e-01,8.081172691649938233e-01,8.927396880323205108e-01,9.293855854482016010e-01
8.000200000000000000e+04,9.852779106032381051e-01,8.931654001714854907e-01,8.395436398248868892e-01,6.815751154966200875e-01,6.351147570100206252e-01,6.123590066421826794e-01,5.919639970605237167e-01,5.341820735019860988e-01,2.420716959788684619e-01,1.063320139790412400e-01,4.993590893249488794e-02,2.384243761330857581e-01,4.393345015315441859e-01,4.493572359827154861e-01,5.488338445237292973e-01,5.495925480210210878e-01,7.009871212262169804e-01,7.115260522351493089e-01,7.319609553207431230e-01,7.804892340816176333e-01
8.000300000000000000e+04,9.802902882011835795e-01,7.865480904610583357e-01,7.328369507489338464e-01,7.291429088552268123e-01,6.885438117476500031e-01,6.832342973183783696e-01,6.352993802197831608e-01,4.860448958845750012e-01,4.305535239440664297e-01,3.048597528675988100e-01,8.525782208175414212e-02,1.289604225239103785e-01,1.313944654878504981e-01,2.055139094235529651e-01,6.829733160954997162e-01,6.861033688838700240e-01,8.279334745124411477e-01,8.972209337859972100e-01,8.979602004661916270e-01,9.313241872655515508e-01
8.000400000000000000e+04,6.974426625917398148e-01,6.951223689523071680e-01,6.029838745734664718e-01,5.566299459845360786e-01,5.041102089590706603e-01,3.893260156168552033e-01,3.699719696057190976e-01,3.449340150409777594e-01,3.233417568509079354e-01,5.898196648097264738e-02,2.666128415920587802e-02,5.106162537435543491e-02,2.853793844430810855e-01,3.398986911930135246e-01,5.423506171669421061e-01,6.506437331492013199e-01,8.136414948391635926e-01,9.312173098962550633e-01,9.601541206637377313e-01,9.866880572878532485e-01
8.000500000000000000e+04,8.495111005985825914e-01,8.464683450065079162e-01,8.127790959654349612e-01,6.757754349646931669e-01,6.520518071912700941e-01,6.386594525508519915e-01,5.343888919774920643e-01,3.663153184152677655e-01,3.050793688147908078e-01,1.589934177478741217e-01,1.057568334531411303e-02,6.689232135093281517e-02,3.453158548945451933e-01,3.770674825238203853e-01,3.809850962633211102e-01,4.533614526394711408e-01,4.642690267498432721e-01,5.703610019734144387e-01,7.180827168879992950e-01,7.185911108974976091e-01
8.000600000000000000e+04,9.534742180574876658e-01,9.109857194830320859e-01,8.930025030967163602e-01,7.793884684454549516e-01,7.706431805804493385e-01,7.247477747428393569e-01,5.626645969084982379e-01,1.441456532305503968e-01,8.584060143132943299e-02,8.469602388627028855e-02,1.302061258384812348e-02,2.805377880265569335e-02,1.010500798198559202e-01,3.007228585233286955e-01,3.017779381622909263e-01,3.856106169877318024e-01,4.122015926006717956e-01,5.168725425108121607e-01,5.529122565028665726e-01,6.634819866222653184e-01
8.000700000000000000e+04,7.198875163970320790e-01,5.004831077508015147e-01,3.943680318427394971e-01,3.627500863102088857e-01,2.891161322472693973e-01,2.628901918449406683e-01,2.192513796884225652e-01,1.897172192881830810e-01,1.207576621865323885e-01,7.986463552242084596e-02,3.017633321967838622e-02,2.251037918633777002e-01,3.971484643811121762e-01,4.655902471558347466e-01,6.752939310225746228e-01,7.312703973252540068e-01,7.397101144077220525e-01,8.260145721380486306e-01,8.872024530972352219e-01,9.670061224738824013e-01
8.000800000000000000e+04,9.949353814390586859e-01,8.628988657720578770e-01,8.319715398117708549e-01,8.136265114312004609e-01,7.786580980460764412e-01,7.198240900453731772e-01,7.087050060891146863e-01,6.865193784935015309e-01,2.909517164468776729e-01,9.752062827661167610e-02,3.582740784644977694e-02,2.608533431450145157e-01,3.804968894235876142e-01,4.367280699127398247e-01,4.599660707134547444e-01,5.144279415336091565e-01,5.606693814992835811e-01,6.130289831925603838e-01,6.517983814395541531e-01,7.765136327109414260e-01
8.000900000000000000e+04,9.273327892808085338e-01,8.667300822447477904e-01,8.259035394779918882e-01,6.405164961439050453e-01,5.696414194164983735e-01,5.514213308787210277e-01,3.811860406544056445e-01,3.587779605233721858e-01,2.763240116549960934e-01,1.497554028730107012e-01,1.411472885146536349e-02,1.441159385323098618e-02,8.348406561197452280e-02,2.658282432233327608e-01,2.920350247799154975e-01,3.775508455503593375e-01,5.550112286164551323e-01,5.681916913472470076e-01,8.374822281646951971e-01,8.430492463973299211e-01
8.001000000000000000e+04,9.184301240255374754e-01,8.378642630908313960e-01,8.057349507185236348e-01,6.824131780427110661e-01,6.448515317988853246e-01,5.690251449448209264e-01,5.209108876468304672e-01,4.220061359843648718e-01,3.148917123985537359e-01,2.103506470583114130e-01,7.737245912942503079e-02,1.952379474262775361e-01,3.461556395050398027e-01,5.220152423192780944e-01,5.384139108710526145e-01,5.867860288760892162e-01,5.887402547443828515e-01,6.610760896538747655e-01,6.764350850956039052e-01,7.870538999934627578e-01
8.001100000000000000e+04,6.065648784665547133e-01,5.817828126236216368e-01,4.590798915798854907e-01,3.195797344999524725e-01,2.864412338272158687e-01,2.803583066394110812e-01,2.651420988122760170e-01,2.006801555077535326e-01,1.543601976371391515e-01,3.791955274821301458e-02,3.166654738514740330e-02,3.663729519366180076e-01,6.729273596416218695e-01,6.774616515700094821e-01,6.873896018002033648e-01,6.998038662539939336e-01,7.152009049579827193e-01,7.703353842492243198e-01,9.180399925165770858e-01,9.915696525567796460e-01
8.001200000000000000e+04,6.663628083813430969e-01,6.301901129963529691e-01,5.896945949679380794e-01,5.464692945668799817e-01,5.354121228917237962e-01,5.047635131480887605e-01,4.017264367997700480e-01,3.862852688246074528e-01,2.085318318379978386e-01,1.346521395869458848e-01,1.263245499405672989e-01,2.787993265869799231e-01,3.694009368969782825e-01,6.404081046656929788e-01,6.424078301988340733e-01,6.965198986494770539e-01,7.242625331535860189e-01,8.491413059645057659e-01,9.072835436005262100e-01,9.410954885199070974e-01
8.001300000000000000e+04,9.530769662522983188e-01,9.207777854552803287e-01,8.661409978774265994e-01,7.819152285028020399e-01,7.812557949007656877e-01,7.761375278712738801e-01,6.937473868028406487e-01,6.324095569461504196e-01,5.047741582653456627e-01,4.711737084118524654e-01,6.956172978216512703e-02,2.629560898817755454e-01,3.059525697074461092e-01,4.305149037122475431e-01,4.518113915493124910e-01,5.798449360246036299e-01,6.138710840766846699e-01,6.667134882131213747e-01,6.693937472581970027e-01,7.001879937824574407e-01
8.001400000000000000e+04,9.830424288554778789e-01,9.653991770751575441e-01,9.500342712319207461e-01,4.833094082823401472e-01,4.512118829229140315e-01,3.457912327488085191e-01,2.509334697782052981e-01,2.192067766934675532e-01,1.591810810691585143e-01,7.672896224484737626e-02,1.976635175429353186e-02,2.116060207762585632e-01,2.242199457284214104e-01,2.680751628085581428e-01,3.804920954810251388e-01,7.109221797109119834e-01,7.344099092568816545e-01,7.819592651269433592e-01,9.572180029810147817e-01,9.627240775496158642e-01
8.001500000000000000e+04,8.038006972383525683e-01,7.539676305172327009e-01,6.714688931837349273e-01,5.199715538514937396e-01,3.673143935749618727e-01,2.531050071291754966e-01,1.054856684734334360e-01,9.654404481169143182e-02,9.487244339625466871e-02,3.496277194533081722e-02,8.379949092792715604e-04,1.720637781945199007e-01,2.292709873441560742e-01,3.853521745124415254e-01,5.420894659971369212e-01,5.955954321073484437e-01,8.334259340776711822e-01,9.426040372895347907e-01,9.442729277515637953e-01,9.672294804152591352e-01
8.001600000000000000e+04,9.840087976648800305e-01,9.796975239816237968e-01,9.139424669975753091e-01,5.732081737754142203e-01,5.335432517003808606e-01,4.350875293818512457e-01,4.128874121258937491e-01,4.110194276994056928e-01,3.350392263602995913e-01,7.106508737183081514e-02,6.091744761719564139e-02,1.319475319943981262e-01,1.470181679762051496e-01,1.807141964622496211e-01,2.445500592112450633e-01,3.541850355712763410e-01,4.889765452610002061e-01,7.233135006186595106e-01,7.833192764319109047e-01,9.563787258397203894e-01
8.001700000000000000e+04,9.785036349488106522e-01,9.179756663830023200e-01,8.712484610578304922e-01,8.595336702564448927e-01,8.122189209537955534e-01,7.462496702632610557e-01,6.645878322263656379e-01,5.861019062700152382e-01,5.799184455857155918e-01,1.905903251442112589e-01,8.481724102735732629e-03,2.860271596437713448e-02,2.464262242669394976e-01,3.512554722885909975e-01,3.728426447997001958e-01,3.730107343709682111e-01,3.826125810629362745e-01,3.924186224508311449e-01,6.187337440336734273e-01,6.536878491096750343e-01
8.001800000000000000e+04,9.641596325089970554e-01,9.261039221525523280e-01,9.046194016217424805e-01,8.854759704716658186e-01,8.442360510855605460e-01,7.132208100486865376e-01,4.795460118011919404e-01,3.714575686164038881e-01,2.338826746052131700e-01,2.286075523889444794e-01,2.220010615602174830e-03,7.043997943869528822e-02,1.167603379249430029e-01,1.344153285840745671e-01,1.676622187006365783e-01,2.098631472629298722e-01,2.235974530764558432e-01,3.492798367884786259e-01,5.649310139607836012e-01,7.067810825308041833e-01
8.001900000000000000e+04,8.197024455033570245e-01,5.682413551049164679e-01,5.312655709151594685e-01,5.275981852723753418e-01,4.324899617999390378e-01,3.548015788209379906e-01,2.959211412769569005e-01,2.536192452640162465e-01,1.119979156323157587e-01,6.547693179726188362e-02,5.518271232759053291e-03,1.118442549285101340e-01,1.787093609727158361e-01,2.562131066164142768e-01,3.302334299905003157e-01,6.122356441422254214e-01,6.813429355626908768e-01,7.361600556434584330e-01,8.293700665384698967e-01,8.897993887903995480e-01
8.002000000000000000e+04,9.466798866945906887e-01,8.325192505132934517e-01,7.995887190573482961e-01,7.308873270688761581e-01,6.939522637216718470e-01,6.725251997457679654e-01,5.742580216705273077e-01,5.516432830347449690e-01,1.579829966654268114e-01,1.408282776222594679e-01,8.100505638812371956e-03,5.438584697340442808e-02,6.330381056602774059e-02,8.705920191389260321e-02,9.016566324662966814e-02,1.416675427168253565e-01,8.421720698634613811e-01,9.550018678856118104e-01,9.817246021276673229e-01,9.938839612714168714e-01
8.002100000000000000e+04,9.231313328502382953e-01,9.038514017070528039e-01,8.896561451778413065e-01,8.579823562866728537e-01,7.991753461017887528e-01,3.113844505950426056e-01,2.545022470100271050e-01,2.500364882830347080e-01,1.901220058813515301e-01,6.025599099402700887e-02,1.443330397491837669e-02,7.646988430970902417e-02,1.165680507777944186e-01,1.294737390969126212e-01,2.076481911033440930e-01,3.998622208654583066e-01,4.568330172520286281e-01,7.667932129176190381e-01,8.239639788235701978e-01,8.784760162839895248e-01
8.002200000000000000e+04,9.758458844446817881e-01,8.578271894767229844e-01,7.095485862098441787e-01,3.858241244381342971e-01,3.577818571335201758e-01,2.861621266737024438e-01,2.821689158595287461e-01,2.075511864994048494e-01,1.992659451173806051e-01,9.223036447278198935e-02,4.544736913013647239e-02,7.034929740549766830e-02,8.121389363491127167e-02,1.346815115609899527e-01,1.569984935265080761e-01,2.984165510796175091e-01,3.103364749649357712e-01,4.653189307619440829e-01,6.745816789730129104e-01,7.174972058250889129e-01
8.002300000000000000e+04,9.616950607829743980e-01,9.557519199540114307e-01,9.248821497553260107e-01,8.504929091490202042e-01,7.765063096504130069e-01,6.949510646135670378e-01,5.884158241129526790e-01,4.068968650666100473e-01,3.443733887736109001e-01,6.317447198839232225e-02,5.604605902470038981e-02,1.022213038833761356e-01,1.506650204980107821e-01,2.631625167235307483e-01,5.160343679492795932e-01,5.803033960178729522e-01,6.707167348790787909e-01,6.920525583408397852e-01,7.034602038845588767e-01,7.690669270527619172e-01
8.002400000000000000e+04,7.865903148896392638e-01,6.866511479513554006e-01,5.783270630737362694e-01,5.747904578065770043e-01,5.153943323593483949e-01,4.327252593553772009e-01,3.847677718851848505e-01,3.314807666529371311e-01,2.038611793551341478e-01,1.753315173543742445e-01,1.309795323281437440e-02,1.077433179952949072e-01,2.415755976207839550e-01,3.352653194277041004e-01,3.617028016700124526e-01,6.610655852934395060e-01,6.795424220212359367e-01,7.339353830473109852e-01,8.747319117375329522e-01,9.157157575745203948e-01
8.002500000000000000e+04,7.665088077566510893e-01,7.348783913596946826e-01,6.131957344913914199e-01,5.646826978810449704e-01,4.864597276134973169e-01,4.330137118547263686e-01,3.976664137452434744e-01,2.938386082246297049e-01,1.893621769904083596e-01,1.285953132587771552e-01,1.102083362404464584e-01,1.136010367330291260e-01,2.257093986705090982e-01,5.161748988235684843e-01,7.708292523510175132e-01,7.872614239439424955e-01,7.902150137348006309e-01,8.697243387134540038e-01,9.483622069764997553e-01,9.868374058148215999e-01
8.002600000000000000e+04,9.602508794962304473e-01,9.184994239574182373e-01,9.057499370712971398e-01,9.018981426977726867e-01,8.774673917806774526e-01,8.621218999568571739e-01,8.407381946819506569e-01,7.697547532827954120e-01,6.337690296143143609e-01,3.654744786910831822e-01,1.123353188649423018e-01,1.429512518519415742e-01,2.568149868239599787e-01,2.706092416879289919e-01,2.962709300144799052e-01,3.523501210494078828e-01,4.607589743873149457e-01,6.241238670688643575e-01,7.070373380245857931e-01,8.497766676912120731e-01
8.002700000000000000e+04,9.829162175991040806e-01,9.796023570028783434e-01,8.859451945340480750e-01,7.387565191617677662e-01,3.740690539734372599e-01,3.422231657280413453e-01,3.129810416244818150e-01,2.882777725542737812e-01,2.734290029286748913e-01,2.734000069995787818e-01,3.190941052715490223e-02,6.834615576785962876e-02,9.989777674784283690e-02,1.567126600747673626e-01,3.361092805135544870e-01,6.308216159686429458e-01,6.719415719481237614e-01,7.335847049296548850e-01,9.253698562327045130e-01,9.936995031150486213e-01
8.002800000000000000e+04,9.303009424031098984e-01,7.290392784926755798e-01,6.698669545485682608e-01,6.122001234129449410e-01,4.699350244292442857e-01,3.905059697726371848e-01,2.804647092177000589e-01,2.437673031145197733e-01,1.136081603963434716e-01,6.960078806935288132e-02,2.430762211496206859e-02,1.029762826498424877e-01,2.677471619682546544e-01,3.402863200217477457e-01,6.726076697918050851e-01,6.999291433034325882e-01,7.527302914055766792e-01,8.732387110811231645e-01,8.843011759353154311e-01,8.852813819268980922e-01
8.002900000000000000e+04,9.779386701385704983e-01,9.016220356694008009e-01,7.637422173070141929e-01,6.397058757405729157e-01,5.223871482515339837e-01,5.111421716546235006e-01,4.568540376850726004e-01,4.536834681246186829e-01,4.102152743258710155e-01,6.519116186696205517e-02,5.642152622561957820e-03,9.083046211427636685e-03,5.028610571669034357e-02,9.290305395869480343e-02,1.135963563939186294e-01,3.640911138786449008e-01,4.768842654820391047e-01,4.966490706734627558e-01,8.288876377436870113e-01,9.923987883960244671e-01
8.003000000000000000e+04,6.075133663988218080e-01,4.954161439090978281e-01,4.145110849479433091e-01,3.687804407655790317e-01,3.011125341084844864e-01,2.446014534376522720e-01,2.231141550061627177e-01,2.035400151956985315e-01,1.645551141886273383e-01,8.537980496576291767e-02,5.395041772540098979e-02,1.527157733288280195e-01,2.291327782063971030e-01,2.674882794734894098e-01,5.815759928714444582e-01,7.785516125651316122e-01,8.074200824600541448e-01,8.475528933597877845e-01,8.490990849333500678e-01,8.627711564152283907e-01
8.003100000000000000e+04,9.990330173133011860e-01,8.909145626642296367e-01,8.547474364386433709e-01,8.214504038541184938e-01,7.961386299108328402e-01,7.555450726851721255e-01,6.865356702350048357e-01,3.830911722139577202e-01,1.330971130602778274e-01,7.027489223584260092e-02,4.457148484587891701e-03,1.752429961237623735e-01,2.477272552735336753e-01,3.192990719921395826e-01,3.898307431682920265e-01,5.051370641432976205e-01,5.347367483454603665e-01,5.855092352870269190e-01,6.013096093830465616e-01,6.147597907000419415e-01
8.003200000000000000e+04,9.972720649488776568e-01,9.917002714299241184e-01,9.504010136777478746e-01,9.117141625205532618e-01,8.405013173545331506e-01,8.188163222328654900e-01,5.646864868745573585e-01,4.066717238403040335e-01,3.322968627518501084e-01,2.999257586704369150e-01,8.471113408474062467e-03,2.270735945728500349e-01,2.340763795872868869e-01,2.955504263307997537e-01,3.653550957805321575e-01,4.415551678525183599e-01,6.937562531540691912e-01,7.277653397010314107e-01,8.093284332656986990e-01,8.747258056854058106e-01
8.003300000000000000e+04,7.934942869559716838e-01,7.476375736986442533e-01,7.205434200436990899e-01,6.788189521699141693e-01,6.424683103974445642e-01,6.115909517122736228e-01,5.213232720365987838e-01,3.693600446476975607e-01,2.819911639902719092e-01,1.723412756692426218e-01,1.625526390750055006e-01,2.215199736836324096e-01,3.273353517145414227e-01,6.102191510003746044e-01,8.730709349857214141e-01,9.129177976242662806e-01,9.250322716524944644e-01,9.467539705437640896e-01,9.610196595901000505e-01,9.664726873972135923e-01
8.003400000000000000e+04,9.989173093181412666e-01,9.877818047439314020e-01,8.644784809110703794e-01,8.152576316454549499e-01,8.022161679787123134e-01,6.404765177362293782e-01,5.096855736255402336e-01,4.881469697824658560e-01,3.855591924181184238e-01,1.114821521301370133e-01,6.885590112031159116e-03,1.073828240818830437e-02,9.578556408326344140e-02,2.367721956767289138e-01,2.615672343821945356e-01,4.348022194328376999e-01,6.247039970373480244e-01,7.397340768201338124e-01,7.913481895265491728e-01,8.125508780775889672e-01
8.003500000000000000e+04,8.059496927493261520e-01,6.689086714779611809e-01,6.440633597390824638e-01,5.879952402623511709e-01,5.598877294398486582e-01,5.314920337412445406e-01,3.918838618636564242e-01,3.506026603223697524e-01,1.773438839949288415e-01,2.292015111281797690e-02,3.001218421010309889e-03,1.875076165637978853e-02,1.437570768060375537e-01,1.912017381158072071e-01,2.673448328840538624e-01,4.379912861976767990e-01,7.177108815138718567e-01,7.719714211149196759e-01,8.027692823167533742e-01,8.719640717278462905e-01
8.003600000000000000e+04,7.731805054539350186e-01,7.384618914207385920e-01,6.880612518419465529e-01,6.805483059208189411e-01,5.722216069387867643e-01,4.244325252952009242e-01,1.529803583077741225e-01,6.480089309633585426e-02,3.453563851617924563e-02,2.300250106893886315e-02,8.239291545465099453e-03,5.889159445007247085e-01,6.776797192877966891e-01,8.430558564223492590e-01,9.205312733137542835e-01,9.407655094448108546e-01,9.681034208958110288e-01,9.856818359953720687e-01,9.874842351640810145e-01,9.961619347308483530e-01
8.003700000000000000e+04,7.002598736266881785e-01,5.914428724735397713e-01,5.413408273638001811e-01,5.297797371732366756e-01,2.925021529373079687e-01,2.805784398719513018e-01,2.561317506300994085e-01,2.517392142290810764e-01,2.114268703655822756e-01,9.251857106213168258e-02,1.201906595003832123e-02,1.607660288349284095e-01,4.631733097860026849e-01,6.894783041913780108e-01,7.142209516337612030e-01,8.477728022442547751e-01,8.847862708795453113e-01,9.028785243545973671e-01,9.486437840257705423e-01,9.692581796211647838e-01
8.003800000000000000e+04,9.354220109906149494e-01,9.054992459490385226e-01,6.894460684521163119e-01,6.527192377997109718e-01,5.239798775618582649e-01,4.178325715767121640e-01,3.962616423094452722e-01,2.169455472692358722e-01,2.015187785460977876e-01,1.357678452718641404e-01,1.215602046221081478e-01,3.810073078805833457e-01,4.172860071716480990e-01,4.452990404380824385e-01,4.673333567383634035e-01,5.049063613304827225e-01,5.483105896458519979e-01,5.876293140930897163e-01,5.900254004627389914e-01,7.963597241971867025e-01
8.003900000000000000e+04,8.422563840147185843e-01,7.868823437091867490e-01,6.965537584684318162e-01,6.616109157884878522e-01,6.198974130949547190e-01,5.549091140125121946e-01,5.495180235049464956e-01,3.343637369501868406e-01,2.362691466591521072e-01,1.880560730837504968e-01,1.554931364155313078e-01,3.294386050171452807e-01,4.302919535597685696e-01,4.439215981483214390e-01,5.820657521699952319e-01,6.615558661185759748e-01,8.237396949052372408e-01,9.019718337799391694e-01,9.337764493901552498e-01,9.439639082120832025e-01
8.004000000000000000e+04,6.635725063795389067e-01,6.477506851038978830e-01,6.154589067033297001e-01,5.753195517821658722e-01,5.729813256127441745e-01,5.534261883285866990e-01,4.557361272182264278e-01,4.254808561435825531e-01,3.690796066106429851e-01,2.767371952445037975e-01,1.059734745316784910e-01,1.971909186517433188e-01,3.743464985104575371e-01,4.283769311171373717e-01,6.750995682715461577e-01,6.944912193800910627e-01,7.245775947541984729e-01,8.150689199044830469e-01,9.064120555134752566e-01,9.191701059408953212e-01
8.004100000000000000e+04,9.690072822344688586e-01,9.373341069685985349e-01,8.977175453503526414e-01,8.231943457484182103e-01,7.733509073684610158e-01,7.725672707763590052e-01,6.634981629166724071e-01,1.461788415144289477e-01,1.448838364413885804e-01,9.811759359063898511e-02,1.424804040877969413e-02,2.428022532512608134e-02,9.523371404372049653e-02,9.580664411582640039e-02,1.294510981912970760e-01,1.512566136013464568e-01,1.584044162625579677e-01,3.719520479589918383e-01,4.289445522994838056e-01,5.118333928352829520e-01
8.004200000000000000e+04,9.954136630411322129e-01,9.547706929673140941e-01,8.512923553120889109e-01,6.474927018419108782e-01,4.078767148603829051e-01,3.884680893648000399e-01,2.483104858711667751e-01,2.225642931391571544e-01,1.891037043462878708e-01,1.396565051421748693e-01,5.899965632751635880e-02,4.268416501869503055e-01,4.460884729908531909e-01,5.386877882708048793e-01,5.669625905263998566e-01,6.222308415920729807e-01,7.653300863276415456e-01,7.761547197660425557e-01,7.849763519955642588e-01,8.023814254734022988e-01
8.004300000000000000e+04,9.929854052096105388e-01,9.733521594430654122e-01,9.185362567531862865e-01,5.805110779484862205e-01,5.554207402395862081e-01,4.577291703782671028e-01,3.647349029429468592e-01,3.359591567493379616e-01,1.254553901835328000e-01,1.015210626610618672e-02,3.115639983587770168e-03,1.509296004555230608e-01,2.608704235245490333e-01,4.538198499073984316e-01,6.962128659816350096e-01,7.162819097229080612e-01,7.368743496170453433e-01,9.255127979466093446e-01,9.271096943409042890e-01,9.551575143867196971e-01
8.004400000000000000e+04,6.787307269115515629e-01,5.379198860206438892e-01,5.014910383483395240e-01,4.745295444531765217e-01,4.626231013771058276e-01,4.272846560023815243e-01,3.559327247136258032e-01,3.363318639453978243e-01,1.915073434355278881e-01,5.245157693054791626e-02,3.825360432564683943e-02,4.898398307103738469e-01,5.231197225558122943e-01,6.749014634539883817e-01,7.651162150673892492e-01,8.273955215156050258e-01,8.619889542920279313e-01,8.929051320469558739e-01,9.082829783150936365e-01,9.697701550542192628e-01
8.004500000000000000e+04,9.220454596393908853e-01,6.650580359462965330e-01,6.277786887386131998e-01,4.052426986565629274e-01,2.927764189898726110e-01,2.120303385446500322e-01,2.105092605666588623e-01,2.080196897528031608e-01,1.578739871274079665e-01,1.387042386974621788e-01,7.267203953283951634e-04,6.593302163755809797e-02,8.898791353836754681e-02,1.590482689846730580e-01,1.651972318708683218e-01,4.726816463409795332e-01,6.183586879192850549e-01,7.923600222323138320e-01,8.641981901801907284e-01,9.680280278961647111e-01
8.004600000000000000e+04,9.006692059727805511e-01,8.767596634279486434e-01,6.879259317337270696e-01,6.863394722269460235e-01,4.585853983148890922e-01,4.233722159232414795e-01,3.179230734978346629e-01,2.674266792008778149e-01,1.349733749923048842e-01,1.124870174565686387e-01,1.415760777851271524e-02,1.488073498484583368e-01,3.130440988276308456e-01,3.899723174796144720e-01,5.854330778693790371e-01,6.135912247783273932e-01,7.527274249684304808e-01,8.921484674162247774e-01,9.244473051500139427e-01,9.689701579442870916e-01
8.004700000000000000e+04,9.835993125746740340e-01,8.070702556712727738e-01,7.586516251778667730e-01,7.564914252226346836e-01,7.252257341940507862e-01,7.010394691820217572e-01,3.841043894410439696e-01,3.760994595144386832e-01,3.337977731143155768e-01,2.912667979512345573e-01,1.148860617388448579e-01,1.975692558498488571e-01,2.236900667719983193e-01,2.875601412823601821e-01,3.092645492633429027e-01,3.138403426032293497e-01,4.812621931224579930e-01,5.421124377821381346e-01,6.747833086940030478e-01,9.438732030278661478e-01
8.004800000000000000e+04,9.713975008852568926e-01,9.517645493905250165e-01,8.521842952507258095e-01,7.816328531090941389e-01,7.670053072988847198e-01,7.406422403046041270e-01,5.654486654996174755e-01,3.835334119010130882e-01,3.261012593253859171e-01,2.977144882005690052e-01,1.751644789454243067e-02,9.184972758602560905e-02,1.185443552746645590e-01,1.236829310067814047e-01,3.714498724039542177e-01,4.428746287266965842e-01,4.470916326057954304e-01,5.240077270600081993e-01,5.271226372635701152e-01,5.379435881983177792e-01
8.004900000000000000e+04,7.701578489900220426e-01,7.260384655584303237e-01,6.985735370477665906e-01,6.848978552484976667e-01,5.584783432145559168e-01,2.682005140238484797e-01,2.632549319867614201e-01,2.277292787174108879e-01,2.224055127419030109e-01,1.326456068696698631e-01,1.237237943765016057e-01,3.226750319888399554e-01,3.390124230678545070e-01,4.785442858874472405e-01,5.787392614607806962e-01,8.048050236045402039e-01,8.575541693192746395e-01,9.542581626464605726e-01,9.865839383412825514e-01,9.925751450404532994e-01
8.005000000000000000e+04,9.708374928506063872e-01,9.694628230258027779e-01,9.213646983317660411e-01,8.716226655951450075e-01,7.900852497537034225e-01,7.325763515942436133e-01,6.640123468549796737e-01,4.881454689164553828e-01,3.484411464311775175e-01,1.626765313961264781e-01,6.407961330963651836e-02,1.431758153090724184e-01,1.915531092523933276e-01,2.966811969701000917e-01,3.853979345281928204e-01,4.988422533353593646e-01,5.007843493748388441e-01,5.333328039531920473e-01,7.750241430841213752e-01,8.659361441380319935e-01
8.005100000000000000e+04,6.063498106677578381e-01,5.115521664314858219e-01,4.799471289912441430e-01,4.280005139397555780e-01,2.617842807276369310e-01,1.799760975980473354e-01,1.660982125280258126e-01,1.529537894467650760e-01,8.031092297123187951e-02,6.650252410093338007e-02,5.389949011968719894e-02,2.799351506259113442e-01,5.236810217504392906e-01,6.207032495757941470e-01,7.300734955791955416e-01,7.557572167115164108e-01,9.115739210137994153e-01,9.184756875076626192e-01,9.360763619827102699e-01,9.609333881657937670e-01
8.005200000000000000e+04,6.096334357365388312e-01,5.893269703071858379e-01,5.416077151499548714e-01,5.296040641998686072e-01,5.286963697050889310e-01,5.205569195297200524e-01,4.253819358846541165e-01,2.555956338920529758e-01,1.648574446203211474e-01,1.415181269249616847e-01,2.242523440059696060e-02,4.275251801179513755e-02,1.502784908788918905e-01,4.016479700777615403e-01,4.062128849404745834e-01,5.600238889027325806e-01,6.041255458959874369e-01,7.165632281015672511e-01,7.258828589566626022e-01,9.503542758950699332e-01
8.005300000000000000e+04,9.546930216165157024e-01,8.786476976259035565e-01,8.081878664384322120e-01,7.280611737109289328e-01,6.944558773322528911e-01,6.915530301894131648e-01,4.521554044549732643e-01,3.678531233532003064e-01,2.783950559817121029e-01,3.634614646864930965e-02,1.228446270820504616e-02,3.385624484030214099e-02,6.551774471499194341e-02,6.795104414187025377e-02,2.269531018194861360e-01,2.898617660748142866e-01,2.916382652680922227e-01,3.059700896753053678e-01,3.664528434496349130e-01,6.364246157635972123e-01
8.005400000000000000e+04,9.836184101824082537e-01,9.264785233870950210e-01,9.028583873438640328e-01,8.735113954716693385e-01,8.721058948524099685e-01,4.760976386419509820e-01,2.050532311337981417e-01,1.818937657330274016e-01,1.437825225005291419e-01,7.661078801077048084e-02,2.427208394732205399e-02,3.949207587942549225e-02,6.818485824672171347e-02,3.716022602123647545e-01,4.678684232338969906e-01,4.936658534656102049e-01,6.148897684267421448e-01,6.153471692200247478e-01,7.579276083231869521e-01,7.812996715925729641e-01
8.005500000000000000e+04,9.630014384489581358e-01,9.027962022125399777e-01,8.592151011199137267e-01,3.578614258823339389e-01,2.459802985761859739e-01,2.361236647305891001e-01,2.017832569865406489e-01,1.516203689766159046e-01,1.335768061499784665e-01,1.186585287210458750e-01,5.624499493849588472e-02,1.059838308644079907e-01,1.262868934617602523e-01,1.687515167938639093e-01,2.373578831196847538e-01,2.863410461033305543e-01,2.980996693821366117e-01,4.070137520189519575e-01,4.466645289523050177e-01,6.142951887621826979e-01
8.005600000000000000e+04,9.078117865016089860e-01,8.995460344653596341e-01,8.654810968666487581e-01,8.598718892877880160e-01,6.672858038640178124e-01,6.197174553756247262e-01,5.921888640526324910e-01,5.248910829845089276e-01,1.596335956625135610e-01,1.285515121557384566e-01,5.262520473733989235e-02,1.084099249776024898e-01,1.916413382011675770e-01,2.501120656066393444e-01,3.312218557880187708e-01,4.470976535171334865e-01,4.646938033419397707e-01,5.591274267887923477e-01,6.038830894919082759e-01,8.844610984052515557e-01
8.005700000000000000e+04,8.107198018696442077e-01,7.033776465177123960e-01,6.776664839205766011e-01,5.756510714756016833e-01,5.562968532575573999e-01,5.313066731241226082e-01,3.690897122396664676e-01,3.322270989994059454e-01,3.285589823460497438e-01,1.609618915101063141e-01,1.379376395594948956e-01,2.374441498870712985e-01,2.850656789165313398e-01,3.849437552869934276e-01,5.542316126299895451e-01,8.622588919161037202e-01,8.862524494073815706e-01,9.593853769312368218e-01,9.617100192451798479e-01,9.915878043672594622e-01
8.005800000000000000e+04,8.917638134845694564e-01,8.109796720757087574e-01,7.934469425552552746e-01,6.199655286878775762e-01,6.156577661684977665e-01,5.837732211567026042e-01,4.827865936530874036e-01,4.811872657669099551e-01,2.044685040905697138e-01,1.827226298026107809e-01,7.493733334563634774e-02,1.025995750512010973e-01,4.029583490891012199e-01,5.132411657118320925e-01,7.823438983505621724e-01,9.033990438329490003e-01,9.286366122746575469e-01,9.758782747133450952e-01,9.907562841014561084e-01,9.927673322944334799e-01
8.005900000000000000e+04,6.665258046446698170e-01,6.510133892494147645e-01,4.901460724357655785e-01,3.859664354965732791e-01,3.478039909787621342e-01,3.077735405458384976e-01,2.602423125640468404e-01,1.487245112451336393e-01,1.302519306773541885e-01,3.338476559135483690e-02,1.182809371866611059e-02,6.693192381656609680e-02,1.399526964634726367e-01,4.122055631031206202e-01,4.198973435464428139e-01,4.927298889608205945e-01,8.217196253875401757e-01,8.789290447062959588e-01,8.953649796993604637e-01,9.787862311660516790e-01
8.006000000000000000e+04,8.227606988917443021e-01,7.429149223972305593e-01,6.532793880016867227e-01,4.601675145898180830e-01,4.214776162016516947e-01,3.292979107074784917e-01,2.347690964286429649e-01,2.252400661887387079e-01,1.527817533182997956e-01,1.498079638460083629e-01,8.410271967767557477e-02,1.128900739068193770e-01,4.973337770467022301e-01,5.639334895454293228e-01,5.761630485751095820e-01,6.831950137225129005e-01,6.935496255827557910e-01,7.506682123881287527e-01,8.802978584905923887e-01,9.485352657662066145e-01
8.006100000000000000e+04,9.075596215043464365e-01,8.374878792405250350e-01,8.206757493074053889e-01,7.972426416420158590e-01,4.366705742258538692e-01,2.969287811807349575e-01,2.922591839213926068e-01,2.911065471742159128e-01,2.043492379475003728e-01,1.130848768230486856e-01,1.210931084332833585e-02,8.532498251146836132e-02,2.580809221294432243e-01,3.047384557179538822e-01,3.537595111441786955e-01,4.525641923235639297e-01,5.526529263768101830e-01,5.643224598772726974e-01,5.924547137783161554e-01,9.181400975444373724e-01
8.006200000000000000e+04,8.643214415327439282e-01,8.474899183139764647e-01,6.352447880368877753e-01,5.893536282362662471e-01,5.586896134554689697e-01,4.653046752379517148e-01,4.470350183304452329e-01,3.588197084367449330e-01,1.674332165173351150e-01,1.418684928100493181e-01,6.927093283854790506e-02,2.120050207547079513e-01,2.213640942091417152e-01,2.704759260443829749e-01,3.937465785927346529e-01,4.550560676490058576e-01,5.315489280258774984e-01,8.396965648885128530e-01,9.001624206048656207e-01,9.760497663328195905e-01
8.006300000000000000e+04,7.238186632810952315e-01,6.390569993551084016e-01,5.368778001945466727e-01,5.201958971704226942e-01,3.734729410716816078e-01,2.247036950056282567e-01,2.187407011582850336e-01,1.616174852533677209e-01,8.974485429493728184e-02,4.596683773044440979e-02,1.152377929147396785e-02,1.639886159081705985e-01,3.829336273867762763e-01,5.090454510619234485e-01,7.271209653601142797e-01,8.555325244141611662e-01,8.627375329410957860e-01,8.698297325768805655e-01,9.072591064323615173e-01,9.119040628028766138e-01
8.006400000000000000e+04,9.286881916605508325e-01,8.748349704790613357e-01,8.457562950062351703e-01,7.991662027889689934e-01,7.891151462992430643e-01,5.792960817076946434e-01,5.599478893027411974e-01,1.539766255546581863e-01,1.345327179622274327e-01,4.717786110160848700e-02,3.421263235600024988e-02,9.032404456222353772e-02,1.279388683603893684e-01,2.985094389954149330e-01,4.599432660228648384e-01,4.696643077243985998e-01,5.023924104210563124e-01,6.021638414968525366e-01,7.130963192042092391e-01,7.293144673896404528e-01
8.006500000000000000e+04,9.662855360841038355e-01,9.314848101191999241e-01,8.306305377975470305e-01,7.594874124518105063e-01,4.237379548737550961e-01,3.168370303788080600e-01,2.656275811060609948e-01,1.654037112239525875e-01,1.115921949118059420e-01,6.337896643359419713e-02,3.416828352660561396e-02,1.619931167782501236e-01,2.663721497418586326e-01,4.268079109020084250e-01,5.603184187262251204e-01,6.176533023534553912e-01,6.579051588682394147e-01,7.040156626897763337e-01,7.328961746140812972e-01,8.179794901707337917e-01
8.006600000000000000e+04,9.771515464082274338e-01,8.495598257509460183e-01,8.293036954526470383e-01,7.939823029655440623e-01,5.660019501139158526e-01,5.293098809338391275e-01,3.217546624175693371e-01,3.104820264836498644e-01,2.423009329761922626e-01,2.214812218006703137e-01,6.231823265321601024e-02,1.021830574444209105e-01,3.124854818670588230e-01,3.140519335839944137e-01,4.273137866560182685e-01,4.894569339961780674e-01,5.910872606934504114e-01,6.100151817445615965e-01,7.393036886045517564e-01,7.803209058537137199e-01
8.006700000000000000e+04,9.515366036112424819e-01,9.433208816588611878e-01,9.281166143469113949e-01,9.092627840218775459e-01,9.022674765830215327e-01,7.582497730037915940e-01,7.135694134380606846e-01,6.750552181527506024e-01,5.773779967962364701e-01,4.364019928204833088e-01,2.864471788666100860e-02,4.590892808617297316e-02,9.568689373423855393e-02,3.868402883722752428e-01,4.113253355123005495e-01,5.352265776223136262e-01,7.104609080988407710e-01,7.402002042274112847e-01,7.604582308530725143e-01,8.757356839498883216e-01
8.006800000000000000e+04,8.320733359725481781e-01,8.054229333531631729e-01,6.423617451548196966e-01,5.252359350661606197e-01,3.295753747175276249e-01,3.066556744170098048e-01,2.370023866198672780e-01,1.988484660721802078e-01,1.090183871384940995e-01,6.769715230054351718e-02,1.934327232575339117e-02,1.749779707699320452e-01,2.747920201881965951e-01,4.536401660080039422e-01,6.545074438941130834e-01,6.891577428570070385e-01,8.360974806876775300e-01,9.014565275504654585e-01,9.065336719967683754e-01,9.702535597126826783e-01
8.006900000000000000e+04,8.707528192263972455e-01,8.487321184411502628e-01,7.915642847944628357e-01,6.457401185697694279e-01,6.109970611039663435e-01,5.898458681036362616e-01,1.648730347488007730e-01,1.552757928022873157e-01,1.231907605766623393e-01,6.496374797040249671e-02,1.304623018697281811e-02,1.044049481135382873e-01,1.091364610242355759e-01,2.923643717608733761e-01,3.894015387859425248e-01,5.334437770801803147e-01,6.389222343629065159e-01,7.482802973835808169e-01,8.980143875305116596e-01,9.513205849243976386e-01
8.007000000000000000e+04,7.006782309443300161e-01,6.707236513717674820e-01,6.152482356973411060e-01,5.490209297992894033e-01,3.369923365318698849e-01,2.797633863183408565e-01,2.348208243386187277e-01,2.027376001243991199e-01,6.361281635656346189e-02,5.312439066385910014e-02,1.689794306025316217e-02,1.593978376957648768e-01,5.145195154181180230e-01,6.491242276462738658e-01,6.613731097078896504e-01,7.221608336147162799e-01,7.395083877754725643e-01,7.414784176909857694e-01,7.716380513176392952e-01,9.369104394424768723e-01
8.007100000000000000e+04,9.195711094983168854e-01,9.037740136269448721e-01,5.935294630389195136e-01,5.690022991779969397e-01,4.669970037891135739e-01,4.339705161042186621e-01,3.096140860939319284e-01,3.052388960431420273e-01,2.324600730329278164e-01,1.518954682684113822e-01,1.125058343728810861e-01,2.172727211934786240e-01,2.554330024887345729e-01,3.347660289294496216e-01,3.580904831971156721e-01,4.564021665827612262e-01,5.160567995467653102e-01,5.668120191931432794e-01,6.861405658051342726e-01,9.829312064021067386e-01
8.007200000000000000e+04,9.053247814344629329e-01,8.010310833259548513e-01,7.372525473830150444e-01,6.985139376430046232e-01,6.117770634064152446e-01,5.796617394563744474e-01,4.881961165790099644e-01,2.825232091634292120e-01,2.575352028482912337e-01,1.441320703347183096e-01,4.313798847672378756e-02,4.905601011328575289e-02,1.660929885212116819e-01,2.188770253580991643e-01,2.350240376932162256e-01,2.492893543976836268e-01,2.771289265436839289e-01,4.057110772799488174e-01,4.793338696988295178e-01,5.723233180204752024e-01
8.007300000000000000e+04,9.968336884113279117e-01,9.256414275406217307e-01,9.219026361182646179e-01,8.691474862822525793e-01,8.690547314965448855e-01,8.334118694604543132e-01,3.581158752036460724e-01,1.446197879252743013e-01,1.208375794938220116e-01,6.523103072557001614e-02,9.592194478863613760e-03,1.567618999566436910e-01,3.093579797845702473e-01,3.353147159817833067e-01,3.528116051413260346e-01,4.898066542948057434e-01,5.732942072082685137e-01,5.897002631531332861e-01,7.043424042960552134e-01,7.715738450523882408e-01
8.007400000000000000e+04,9.361617886699257207e-01,9.188773959558964588e-01,9.152264601122663823e-01,9.102122499838976033e-01,8.928067344756682733e-01,7.635888959094014883e-01,7.384979962608664295e-01,6.393759866663927260e-01,1.179311301779889520e-01,4.770810709545170170e-02,2.378342746717665435e-03,1.921587959693360492e-02,2.405850501508839390e-01,4.669198154643299237e-01,4.993617265097961555e-01,5.319977005568172768e-01,5.484545838057556244e-01,6.083753523025110521e-01,6.654196140750473498e-01,6.726523121512394399e-01
8.007500000000000000e+04,8.552317266829946307e-01,7.019586158678379206e-01,5.987287890079204811e-01,5.825266900500172262e-01,5.104100938791440445e-01,4.608886748040312842e-01,4.405477638893421366e-01,3.844627487820764244e-01,3.704446866476445166e-01,3.328990916832416103e-01,1.047397482836192051e-01,3.407684744387050602e-01,5.265332227801758913e-01,6.639198548233002928e-01,7.087211195811233821e-01,7.641426756070189841e-01,7.670325911514089823e-01,8.201293190340253059e-01,8.345838014723079290e-01,9.810691596191046804e-01
8.007600000000000000e+04,7.783842827930628205e-01,7.172424451711247873e-01,6.506946078656908883e-01,6.084828147794321129e-01,5.286215382785028893e-01,3.127527185782663643e-01,2.580991755430138701e-01,1.341550672557956236e-01,1.275179300381443781e-01,7.489293452741518919e-02,1.098797594988898396e-02,3.665352816963837190e-01,4.502234053940467051e-01,6.465697375511956224e-01,6.973721549144629162e-01,7.244164471371931091e-01,7.827033176084311483e-01,8.851987715708442561e-01,9.533247011959865569e-01,9.762872634223968005e-01
8.007700000000000000e+04,7.392713553314386177e-01,7.354656559116800052e-01,5.639419961396491265e-01,5.559120837928822612e-01,3.149059667170196475e-01,2.229211946425464497e-01,2.113725772060852659e-01,2.099199940707038303e-01,1.751350545101836298e-01,9.085679774146271370e-02,3.631933958341004853e-02,1.176838976755748556e-01,1.570212435583258070e-01,1.942879078578355623e-01,2.495140083932285702e-01,2.571774186687777464e-01,3.402028706843347461e-01,4.547375468878448457e-01,7.585281586361980466e-01,9.495505279568147161e-01
8.007800000000000000e+04,9.720007804734049905e-01,9.351369173711965299e-01,9.312731819622032114e-01,8.733715409017172027e-01,8.183901823466559478e-01,7.069360699013391702e-01,6.507639056021705670e-01,4.397188140479862950e-01,3.641578361247433948e-01,5.380284670506774169e-02,1.608177013739731098e-02,1.004359646988154386e-01,1.164218331996758060e-01,1.374311234490153133e-01,2.996436900543931747e-01,5.015149142105592706e-01,6.374536077700273529e-01,7.959556287851198286e-01,8.128211424306184263e-01,8.280538673185987575e-01
8.007900000000000000e+04,9.546953068242660656e-01,9.214820518680333361e-01,8.073759108638708382e-01,7.735133731079317787e-01,7.644266858028824219e-01,7.069599297358557521e-01,4.877577101588543851e-01,4.071560824320850092e-01,3.013436916597554971e-01,1.799172169430808266e-01,4.750682450025489612e-02,7.315773284972681978e-02,1.081032886229388312e-01,1.290866680979944059e-01,1.509021605578478864e-01,3.683663125192171428e-01,3.769995385813088573e-01,3.819720631149569057e-01,4.732662225287760371e-01,5.830438105613028332e-01
8.008000000000000000e+04,9.985194815763837051e-01,9.162422523032192068e-01,8.600456701563771178e-01,7.002071136791832018e-01,6.822503658592580233e-01,6.451635097118223472e-01,3.753116851563303991e-01,3.367755828522374095e-01,1.649350835785454716e-01,5.744582345752002883e-02,4.345886528634745893e-02,1.035386968230260774e-01,1.483489273205782499e-01,1.777954445686743545e-01,1.977223180427092331e-01,3.261710680740880219e-01,4.612195783020652806e-01,4.660713388850072914e-01,5.814778484707917583e-01,6.173617480254438572e-01
8.008100000000000000e+04,9.514429695735432402e-01,9.338441163512046783e-01,8.480918070941598774e-01,7.955734596109199641e-01,7.063354602958783479e-01,6.391311291273827910e-01,6.300010806211290282e-01,4.531837773716900220e-01,4.007521349014870893e-01,9.512265432119915154e-02,2.718920811209213362e-02,7.088601627937241023e-02,1.674240536604031382e-01,3.159683678787909011e-01,3.637246680447061564e-01,4.126790726870896986e-01,4.278470767861700663e-01,6.642764364584733405e-01,9.576334495068052899e-01,9.838701260788178526e-01
8.008200000000000000e+04,7.858600850198619314e-01,6.690191372805405212e-01,4.492952303546368098e-01,3.846038134124201147e-01,3.349870197436715102e-01,3.085618339325497672e-01,2.006382236196477820e-01,1.700892048894241393e-01,1.607933654220482511e-01,4.011187461117782238e-02,3.935766243425209421e-02,1.905753336406209586e-01,2.015167236634635151e-01,2.049735290603706961e-01,3.189206414780604293e-01,5.368346708194003947e-01,7.736909634078198428e-01,8.867204188259091291e-01,9.321479305219976252e-01,9.861791975532497867e-01
8.008300000000000000e+04,8.290832514164357958e-01,8.182214227553512575e-01,6.614255181991848254e-01,5.203006674243827456e-01,5.157754344098356425e-01,3.394243992521128739e-01,2.575678412796268413e-01,2.278895041342768879e-01,1.380361961899905232e-01,1.366523776083193864e-01,8.351555944277500032e-02,1.204489361674984105e-01,2.895427944443178525e-01,3.723779437735154074e-01,7.904866781094032069e-01,7.981167664885077118e-01,8.737593745803731160e-01,9.070719520148102788e-01,9.627038953655969733e-01,9.736300472392157568e-01
8.008400000000000000e+04,9.065438444501092707e-01,6.745810650889706439e-01,6.235916303892259371e-01,6.161025303646739948e-01,5.907425351732956686e-01,5.891984938095943258e-01,5.659349069157458834e-01,4.085008114479532493e-01,1.351056477619103635e-01,1.122741424423735479e-01,8.039481966064043750e-02,9.432684324161666467e-02,2.559323569214907446e-01,3.082656825504432874e-01,3.507557291632379393e-01,5.002018907882985754e-01,5.013018261343583637e-01,5.789077089243458429e-01,6.232847002030478256e-01,7.213512822533735269e-01
8.008500000000000000e+04,9.765717226869414791e-01,9.495013777999586901e-01,9.485538676210600872e-01,8.958845812504996342e-01,8.905228787119902067e-01,8.727273813414330172e-01,7.789343587467288943e-01,5.925108511408813117e-01,2.796336226345845777e-01,2.271180140131282554e-01,5.013210333751905168e-02,1.861205274100427021e-01,2.772766632159573419e-01,3.839609297462701631e-01,4.313330487852873318e-01,4.424272499516993529e-01,4.548322365181662885e-01,5.584060694272188208e-01,6.297874016636847427e-01,7.005561044457272457e-01
8.008600000000000000e+04,9.647572546831753026e-01,9.154490021944218237e-01,8.992563453333517476e-01,8.874469622958386372e-01,8.293916844810603761e-01,5.551030001200951691e-01,4.076369288924708290e-01,2.539766685497667487e-01,2.190145436775493559e-01,9.417051312260926732e-02,3.222522403864502838e-02,4.849836471699764395e-02,1.328611592545240194e-01,1.737016694587980581e-01,2.078413385090982501e-01,2.346972454316148538e-01,2.789257121818069507e-01,3.289051786177173975e-01,4.156199332742198660e-01,5.359613409169998732e-01
8.008700000000000000e+04,9.156315019322366355e-01,8.448920859585142829e-01,8.193426303402244759e-01,6.154383708603125003e-01,4.494239764030848461e-01,2.871947202500820806e-01,2.346556648116230326e-01,2.065651887937243192e-01,1.110179803052422365e-01,5.843630400531463209e-02,3.982168919533179974e-03,9.357957198970456858e-02,2.692358987775778090e-01,3.424318785649597130e-01,3.997921068570747805e-01,4.570463425619704090e-01,5.233758783339159670e-01,5.897444771961829479e-01,6.348225377772880318e-01,7.306771929999320569e-01
8.008800000000000000e+04,8.963242880758817144e-01,8.489407658723211458e-01,7.504290750232633922e-01,6.629988691830331904e-01,5.583191348218320416e-01,4.467931779509929369e-01,3.340230357806597272e-01,1.724916172001681458e-01,3.793571315401056410e-02,3.197166769963832866e-02,1.778871325578645912e-02,3.481232791906418989e-02,4.972173522968670323e-02,5.376612230452593177e-02,3.376242205618604775e-01,4.007207376474170024e-01,9.404697652093336746e-01,9.658091720550893156e-01,9.915084757877372645e-01,9.952102436141861963e-01
8.008900000000000000e+04,8.291632356038677321e-01,7.204555695377408142e-01,7.044675540767785238e-01,4.228020971314673249e-01,3.064796961931369745e-01,2.869912253693788218e-01,2.811584758107331661e-01,2.734961801122391956e-01,2.508857574088665388e-01,4.310759852693735183e-02,1.847887886794641332e-02,3.299997381199996083e-01,7.892346906724438949e-01,8.143786616939148182e-01,8.452534481000197886e-01,8.580702255236332121e-01,8.663417873893100030e-01,8.913072475670961170e-01,9.232597117990748448e-01,9.434494515042862739e-01
8.009000000000000000e+04,9.848320344752954369e-01,9.082505945761364385e-01,7.297336862559968829e-01,6.766871881756444385e-01,5.372786265055218280e-01,4.902574599041037429e-01,3.723283680680531393e-01,3.131489576499203453e-01,2.242225983623160612e-01,1.915694764547751783e-01,2.988096658378558423e-02,5.812372980845581516e-02,7.281992835901140992e-02,1.337012006505743367e-01,4.710939367926429977e-01,5.682762533371634728e-01,6.155024748693359582e-01,8.337678080507513467e-01,8.634113026588365880e-01,8.743785823429053305e-01
8.009100000000000000e+04,9.875727223445528447e-01,9.525524032405632280e-01,9.453431103031411098e-01,9.225407565159321477e-01,8.884812779328485899e-01,7.842167154311594501e-01,4.811396571834880564e-01,4.256822281084444715e-01,4.151229020792778224e-01,2.107303302452597782e-01,1.957567833667314128e-01,3.653037481564301858e-01,3.984841376154851789e-01,4.550537056275413272e-01,4.698322390601250564e-01,5.688614552709123640e-01,5.872171449652501263e-01,6.038030126658826546e-01,7.653067371057694634e-01,7.696694687353526909e-01
8.009200000000000000e+04,9.353804506637933835e-01,9.325337615138795666e-01,8.486783198033259756e-01,6.092542021907092487e-01,6.086780317095472626e-01,3.656811828830638378e-01,3.149050686936724075e-01,2.840916903234915747e-01,1.807199554965225330e-01,1.346266221914425021e-01,6.420316446138529809e-02,1.609137270666505248e-01,2.475529569194538926e-01,4.979602996588382569e-01,5.423073731252636698e-01,6.618826861523534610e-01,7.153551152111817801e-01,9.268983915471333823e-01,9.645597870650349792e-01,9.688423268369561470e-01
8.009300000000000000e+04,9.018002720724838106e-01,7.963308415034275889e-01,7.410195152751485326e-01,7.329240142381482359e-01,7.318363797955622641e-01,3.806540698175737703e-01,1.771614237754697285e-01,1.289386810228825286e-01,1.110135160739912363e-01,1.134113182350648952e-02,1.110280792972229147e-02,1.066067404048246514e-01,1.350106252743542568e-01,1.875052068467353283e-01,3.284228049482612599e-01,4.192575574932728699e-01,4.457142731831077453e-01,5.405289843925147331e-01,5.450729317906687355e-01,8.447026747132729829e-01
8.009400000000000000e+04,9.423791353811008520e-01,9.096050181493710030e-01,7.958124415391010231e-01,6.754573250746965796e-01,6.480781258159673541e-01,6.224469754675412414e-01,5.964590462794042702e-01,5.722461420035888091e-01,5.222074011571296026e-01,1.599412116869995959e-01,1.291680675290296509e-02,5.295473540637096743e-02,1.887363015731505778e-01,2.480443124826144929e-01,3.221601363815578267e-01,3.956524687423405018e-01,4.147534960124810155e-01,4.637744079081914661e-01,4.732010035210230114e-01,6.118560219198944106e-01
8.009500000000000000e+04,6.761465695124466713e-01,6.357494411058340900e-01,5.482977183889934381e-01,5.361537959347963955e-01,4.460821809152586415e-01,3.355591390071381852e-01,3.239754133637602340e-01,2.958196184163910392e-01,2.541173808795598177e-01,1.531664599066355770e-01,3.341280505536614598e-04,1.959293633063652340e-02,2.494923090898840679e-01,3.655436604792527966e-01,4.791867870480461811e-01,6.213859526539877720e-01,6.808389866201730589e-01,7.614416190956833086e-01,8.132438706915384730e-01,8.979238943767665626e-01
8.009600000000000000e+04,7.693974161418890567e-01,6.820014680187873601e-01,5.815227296694509551e-01,5.219258544141227585e-01,4.772491074005476008e-01,4.708157322494246344e-01,4.524037698554805864e-01,3.161846384342649197e-01,2.765135118293068350e-01,2.020041554398595007e-01,2.550687008251750765e-02,2.962251518961944718e-02,2.173892076971615239e-01,2.205688864136637894e-01,2.934225507669753208e-01,5.207600104698938415e-01,5.614749562870493538e-01,7.456626466086270222e-01,7.794684978793191554e-01,9.761849903359439695e-01
8.009700000000000000e+04,9.959064078469278547e-01,9.339143260123322632e-01,9.287024783573203379e-01,7.659031820459671902e-01,6.608940560604843473e-01,2.985954848509735360e-01,2.183809892682136988e-01,1.658508946971326559e-01,1.631553996978658549e-01,1.631376322185227323e-01,8.446235297576754064e-02,1.423040821736245576e-01,2.239520619538576396e-01,4.622612829851761029e-01,4.789470221416081142e-01,5.096617378575877266e-01,6.186022786413145624e-01,8.239615297707233443e-01,8.645631380198891547e-01,8.705149054608901649e-01
8.009800000000000000e+04,4.850560049142453867e-01,4.755370620015726413e-01,4.539689765045258341e-01,1.810268777925904127e-01,1.708963884741071526e-01,1.693495201179692211e-01,1.681426812852719888e-01,1.497326648535174387e-01,1.124582370891340499e-01,3.498961198123828886e-02,3.086075830688606025e-02,3.124190702264340036e-01,3.259432762162558506e-01,4.172355485173491196e-01,4.328097879293123507e-01,4.446531277079753819e-01,4.854919913529159858e-01,5.252281628199326757e-01,8.692002011730195488e-01,9.567815619917736658e-01
8.009900000000000000e+04,9.320241647883542591e-01,8.655738350084731803e-01,7.644251272666955366e-01,7.112807887945112872e-01,6.258967025188577615e-01,5.865043205744765453e-01,5.472930704351687270e-01,4.740932497905566700e-01,4.717042367822010807e-01,3.455531958055783059e-01,1.379713473497941045e-01,2.556563305986355727e-01,3.633183414629630459e-01,4.355041913344077642e-01,5.240670074619478980e-01,5.912224844752258512e-01,6.063161521536417631e-01,7.073951291539106734e-01,7.329487177577268531e-01,8.782942345574530352e-01
