6.500000000000000000e+05,9.830586542789112592e-01,9.794992148406336252e-01,9.747562740056654462e-01,8.406541260529410975e-01,8.056306282556608966e-01,6.715399825992779403e-01,6.603725439971102062e-01,4.978956100832367948e-01,1.784395319562737114e-01,1.220657206238362491e-02,5.447783174941100981e-03,3.207228933577943586e-01,4.822043743016399819e-01,4.883405719180280435e-01,4.971238069333100418e-01,5.337890463033332367e-01,5.962608876179665840e-01,6.122490252136549849e-01,6.397472945708015946e-01,6.521147759625089968e-01
6.500010000000000000e+05,9.660730627781376478e-01,8.886514515084880106e-01,8.211714726720743540e-01,7.236973964673528714e-01,5.891400420684387296e-01,5.507954463310096305e-01,1.641516855219183890e-01,1.236270434627606551e-01,1.005238195058018036e-01,1.518859718257326019e-02,1.192457226413989879e-02,1.602170357988463856e-02,3.471990046548112385e-02,1.210321693758282802e-01,2.893062365328246122e-01,3.106388174656204981e-01,3.504581241058526420e-01,6.163149742139186760e-01,7.379179116630238955e-01,7.695508032160830458e-01
6.500020000000000000e+05,9.991914824448036025e-01,9.763947494857868614e-01,8.390935642981252052e-01,5.868779268909840585e-01,5.025380244244083139e-01,3.978699827866684080e-01,3.780532800942733029e-01,2.588947510892787296e-01,2.522323403905856187e-01,2.296688726226013832e-01,4.791579276807800269e-02,9.927503817466554192e-02,3.774837465239218037e-01,3.883586253946034184e-01,4.172013392750160143e-01,4.425508211778954593e-01,4.603819939272544293e-01,6.449636194488671537e-01,7.828758952234021740e-01,9.168968203403772277e-01
6.500030000000000000e+05,9.740405574047893422e-01,9.368836231815470539e-01,9.120019026872689949e-01,9.053338003139277390e-01,7.380460812924048986e-01,5.886650757880145246e-01,5.080806530891568418e-01,4.657410905389580691e-01,3.295150768522386864e-01,2.697362456082662563e-01,8.689696220613096767e-02,1.607802029872766880e-01,3.000910248843374761e-01,3.671885883618029034e-01,3.744510766863312634e-01,5.357578826652092951e-01,6.163293271771922432e-01,6.485770547703327837e-01,7.744791649320119653e-01,8.406333937423746683e-01
6.500040000000000000e+05,9.308284392846070121e-01,7.668252307341379970e-01,6.323026592578091520e-01,6.148645676643105240e-01,3.001117526426689830e-01,2.709379962175249013e-01,1.663824258886622554e-01,1.623357005122165742e-01,9.079739654226970380e-02,4.815224864265021942e-02,3.792088169000851217e-02,5.622398135089679005e-02,7.907937317680346911e-02,2.466408340119984333e-01,3.772733804632387722e-01,6.497463774901566236e-01,6.553802547649375532e-01,8.080670872439255081e-01,8.753437667507918407e-01,9.788506388732867158e-01
6.500050000000000000e+05,9.526556080288814954e-01,9.025047026787648141e-01,8.844658468936034135e-01,8.601390559257926505e-01,8.570715328880401662e-01,8.563888449899511590e-01,8.539269075973449086e-01,7.910911871875834223e-01,2.825868979559851280e-01,1.724096962666643584e-01,7.352009651869551021e-03,1.755016434406841963e-02,1.028156758280368566e-01,3.787456508011428635e-01,4.377568296216661770e-01,4.925548406662781931e-01,6.390789281999926796e-01,6.905746099732408272e-01,7.152212584390962302e-01,7.554258633615430485e-01
6.500060000000000000e+05,7.172801254851431940e-01,5.516830694392291790e-01,4.589755503969461525e-01,4.355427556129584099e-01,4.314293976951556475e-01,3.559481314494657989e-01,3.544329197221390837e-01,2.796188740339839995e-01,1.493571689621812082e-01,1.480213251180781953e-01,3.297564202017111423e-02,2.019540420092518218e-01,3.505044232965701667e-01,3.952370444527508742e-01,4.113446480669858962e-01,4.645205209279736902e-01,7.140392269739608277e-01,7.545156667829455710e-01,7.779120995606266797e-01,9.978729681009226304e-01
6.500070000000000000e+05,9.642487679104713161e-01,9.534757100792977669e-01,9.513425018023990987e-01,8.732126544974218030e-01,8.728937712123061576e-01,7.874972923731041741e-01,7.628391694828213776e-01,5.217104019568501450e-01,2.237473698989513871e-01,1.099007780666821921e-01,1.417774406934024789e-03,1.359331387024372839e-01,1.966734985770929311e-01,3.563469608263317712e-01,3.852679066582332945e-01,4.879285163375147727e-01,5.613732376548045133e-01,6.633361182478154650e-01,7.271223483285317313e-01,7.885327016799427158e-01
6.500080000000000000e+05,8.877878576202651306e-01,8.857903721371631622e-01,4.324256743095213906e-01,3.970632070175744710e-01,3.333983741072427120e-01,3.134262434719240487e-01,3.000569775626599212e-01,2.704082591429088911e-01,1.320713162652871198e-01,3.448780760242453614e-02,1.397425258479634280e-02,2.636044274269331300e-01,3.165265401698458270e-01,3.448611599295017260e-01,4.452032072348336422e-01,6.374260005126921591e-01,7.976895483203793047e-01,9.149923401006556656e-01,9.398589086641698787e-01,9.404422923152189195e-01
6.500090000000000000e+05,9.776194496661093636e-01,9.518576251293583423e-01,9.215269167930854044e-01,8.390912155641688797e-01,7.376172824775286685e-01,6.940246301412634766e-01,5.040349958611413106e-01,5.017877773096961480e-01,3.177095353667085398e-01,1.689863329277875303e-01,3.784764077438296237e-02,1.413658161038117145e-01,2.114514908259609305e-01,2.342731841524759995e-01,2.946080598097045034e-01,3.864703884877513929e-01,4.288789389407802188e-01,4.382099499765903516e-01,4.534963066010850863e-01,5.663996643375305284e-01
6.500100000000000000e+05,9.546995003569008764e-01,8.451767959475827707e-01,7.458946429940410683e-01,5.239624644131055664e-01,4.694237787242232507e-01,3.554846642055627948e-01,2.633416300506303820e-01,2.048453644898370340e-01,1.631473732148911449e-01,1.348309498639674864e-01,7.412393065823874583e-02,1.905400965379293599e-01,2.909091622268052957e-01,3.236421935360614954e-01,5.252328574069941025e-01,6.589863220276911404e-01,6.605594354669076518e-01,6.697276879571507635e-01,8.012731492570470682e-01,8.242026429929150133e-01
6.500110000000000000e+05,7.857471112255275392e-01,6.120260221890160279e-01,4.838158796139609974e-01,4.519410905451616278e-01,3.335480912856211289e-01,1.219425702688140545e-01,1.072239154820530116e-01,1.057086116348080473e-01,5.356894706558923414e-02,2.251721684887386665e-02,9.463818465855311501e-03,1.138653050256943633e-01,2.390067354568243818e-01,2.793221581236656759e-01,3.341097283870114731e-01,4.208744390895396981e-01,6.573075460134154557e-01,8.023189614320651586e-01,8.889739221263368574e-01,9.838376387796204936e-01
6.500120000000000000e+05,7.035075936774137784e-01,6.882939814073945062e-01,5.253516349853071254e-01,5.163623277847710913e-01,4.122931344909821494e-01,2.956919539794147234e-01,2.210557327738695843e-01,2.107794208727457042e-01,6.418609170811584441e-02,5.656898613274763399e-02,4.552725406339408476e-02,2.984861111866518035e-01,5.764525031785130427e-01,6.703870258236208635e-01,7.012175604157971920e-01,7.209864167464038465e-01,7.419315802383150693e-01,7.784454031902613425e-01,8.213974849330090144e-01,8.550660867998891579e-01
6.500130000000000000e+05,9.599839341003106874e-01,9.152815560671073714e-01,7.387757960553795744e-01,6.531384873720742501e-01,6.401257760063460145e-01,5.297689228705124709e-01,5.134504824795808053e-01,4.755381257487696356e-01,4.001636231820857592e-01,3.791460884307696899e-01,1.191035308277759164e-01,1.761576816297125703e-01,1.818190159729949906e-01,4.130209365014565481e-01,4.851611156539967773e-01,4.890698845908064696e-01,5.284782948136020897e-01,6.612561514403617613e-01,6.883494828823679690e-01,7.315264832023125052e-01
6.500140000000000000e+05,9.842634867099488982e-01,9.229205677485153858e-01,8.992193826438982240e-01,7.411355179169432095e-01,6.858273036636531872e-01,4.409280767344867513e-01,3.836668819956535748e-01,3.830940169156448194e-01,2.454152654096730668e-01,6.802036755636053922e-02,9.198279011388921234e-03,1.533302537644816166e-01,1.700819172774061805e-01,1.932470815298878986e-01,4.241032849658211701e-01,4.390676906753686604e-01,4.716803356106469280e-01,5.333177470719711044e-01,7.759012827089786235e-01,8.517711650324093497e-01
6.500150000000000000e+05,9.009772803072235714e-01,8.822403099631365153e-01,8.269998586982479916e-01,8.082681396198269086e-01,6.171518612930040337e-01,5.251156185550338584e-01,4.870975088738138670e-01,3.221583376161101242e-01,1.816856613500626993e-01,1.535716198284539091e-01,4.465077381507687182e-02,1.989016005612578297e-01,7.939666508966978231e-01,8.298952878473038197e-01,8.449724285489760289e-01,8.664633708896479769e-01,9.061225568669529773e-01,9.076284425728717853e-01,9.279907636831700168e-01,9.626971683684463210e-01
6.500160000000000000e+05,9.794734885445819383e-01,7.567935067876891964e-01,7.329565091425748191e-01,7.013587291849348038e-01,6.517004042886004322e-01,5.480552489303546215e-01,4.998673445169656837e-01,4.919481653656780917e-01,1.583967451238127433e-01,1.802427459115540920e-02,4.224884131078465721e-03,2.711788076792043256e-02,2.147731472037315292e-01,3.823149641729924886e-01,5.715617450484893336e-01,6.088053663412990035e-01,6.179162120841894534e-01,7.353397981908245118e-01,7.937737006435234832e-01,8.022237326121089973e-01
6.500170000000000000e+05,9.759859648461088888e-01,9.406793738817142980e-01,9.052489366691900408e-01,8.686891336568297595e-01,8.648307535160720816e-01,8.114122840900688249e-01,7.125849384840076128e-01,2.290136384161437499e-01,1.861316722054167094e-01,7.601638584542502741e-02,5.607088207292387771e-03,1.169306063823782882e-02,4.729801858332360887e-02,4.762197869055672106e-01,5.607686027139707763e-01,6.459175590576217152e-01,6.620228671047122537e-01,7.106175695711404172e-01,7.793156812376643705e-01,8.103579756891361452e-01
6.500180000000000000e+05,8.547018113289864827e-01,8.260616199767061296e-01,8.198717728384883330e-01,7.168827628113260131e-01,6.460272245629131715e-01,5.687992039163799474e-01,3.026659486855665104e-01,2.798965278496748921e-01,2.615443549583303939e-01,2.612170289863481321e-01,5.409185599288235391e-02,1.917912786498834343e-01,2.843937918673671295e-01,3.101866488202228433e-01,3.399020024925804018e-01,5.380585497331124012e-01,5.595268936880474220e-01,6.481731753993703604e-01,7.342082222068555541e-01,8.046642656899893886e-01
6.500190000000000000e+05,8.818895832328939033e-01,8.801669100409021951e-01,8.770292452785310999e-01,7.666688379267214692e-01,7.635217880582002570e-01,6.772526777839495971e-01,6.361872859982607986e-01,6.060064002310213693e-01,4.601510806584838686e-01,4.226864898977181761e-01,3.705133107746529930e-01,3.854590975711817968e-01,4.903532841909220563e-01,5.773714437883028516e-01,6.893023406656233476e-01,7.397014723615907839e-01,7.660989015961655602e-01,8.327920180577595977e-01,8.519432528273962468e-01,9.360478349144271126e-01
6.500200000000000000e+05,9.812038549550358146e-01,8.862373570187470628e-01,7.709495295342374543e-01,4.201196433127407648e-01,3.318543451801296840e-01,2.969354067986601509e-01,2.798566838349976216e-01,2.638980095528142833e-01,2.074492734797800386e-01,5.798680032111969140e-02,1.910779556425645787e-02,2.341291634577925551e-01,2.547350900709202115e-01,2.666310819235394591e-01,5.076547583617727621e-01,5.104404614626785186e-01,5.946683851088484518e-01,8.397398161909488401e-01,8.964821642800704371e-01,9.333918465353056027e-01
6.500210000000000000e+05,9.918218203257618271e-01,9.622585945420981668e-01,8.575751169703131893e-01,8.135106729592901376e-01,7.779267981646713626e-01,7.729740289039920276e-01,5.769342365095511127e-01,4.606362352615583911e-01,4.079316425891058584e-01,7.814996327681877908e-02,2.043392443483105225e-02,2.436230935089489513e-02,4.136641674280561176e-02,4.456443133854703920e-02,5.147062140129810004e-02,7.093320570841965544e-02,2.499538652692028240e-01,2.870162697347162784e-01,5.272223678107010869e-01,5.793230806658241638e-01
6.500220000000000000e+05,7.917234665652049808e-01,7.803582231016348292e-01,7.139423981823563858e-01,7.130200953415348764e-01,6.953246044497112255e-01,6.536462398809673724e-01,6.412702989885177285e-01,6.347971420574957113e-01,6.249783883461341727e-01,3.312695226608438626e-01,6.139023059191683895e-02,2.457105040973742716e-01,2.638311246417742728e-01,4.626396974632378534e-01,7.335006688636456218e-01,8.983110748178941840e-01,9.264861310437894071e-01,9.796415599172102473e-01,9.881108548013988191e-01,9.898073427366271826e-01
6.500230000000000000e+05,9.228030831117146615e-01,8.102486522754885900e-01,7.962186186601558635e-01,7.933874672009210149e-01,7.616921904570767010e-01,5.417265930655430495e-01,2.779596339780701086e-01,2.162572775507626277e-01,1.759012765108841636e-01,9.479607645954613027e-02,3.439888900108867276e-02,1.399089762304688289e-01,1.753542230912095157e-01,2.378093807457727360e-01,5.054168449525673346e-01,5.165574001037332996e-01,5.359449571683190250e-01,5.471742908629080304e-01,7.584285498862602948e-01,9.001076547181784404e-01
6.500240000000000000e+05,9.357368320473989920e-01,9.133290848472976897e-01,8.958933907022135212e-01,8.160575138127176276e-01,7.506262687181590731e-01,6.934953032378478044e-01,6.687690202948555207e-01,4.126801445561113502e-01,3.266419373317046571e-01,2.021451356225505425e-01,7.683591571728198844e-02,2.293359001904166083e-01,2.433572634713395688e-01,2.485445543436027860e-01,2.924129987355573723e-01,3.024744780662140808e-01,4.013929638516137155e-01,5.769828434508246229e-01,7.721733235497029169e-01,8.320238295023488773e-01
6.500250000000000000e+05,9.975648370550053157e-01,9.609713845212711769e-01,9.344596455687040892e-01,8.819261190482535762e-01,8.151923598858186182e-01,7.061647353543111238e-01,5.400594275522488941e-01,4.858918069126018091e-01,2.602865798578152257e-01,2.252904140547666856e-01,2.060886823215004604e-01,4.724235832413979930e-01,5.095403758232214253e-01,6.435890117677620648e-01,6.620303819646415899e-01,8.345357062597821285e-01,8.368896703462108677e-01,9.079097281488388571e-01,9.234877535055290299e-01,9.480255007893947372e-01
6.500260000000000000e+05,8.914107344234287744e-01,8.910238578298234069e-01,8.492288361981342737e-01,7.371539756831527734e-01,6.406550729260477306e-01,6.264681351642932272e-01,6.188736518112157858e-01,2.878336127776376374e-01,2.808013011809972204e-01,8.830100344347924235e-02,1.376722028961219202e-03,9.522315606339282201e-02,1.488490157704591699e-01,1.691429642691947288e-01,1.813918035713585342e-01,2.183519855493589734e-01,2.296966847531058953e-01,3.480802835051233224e-01,3.563575892880376239e-01,6.790959630541061331e-01
6.500270000000000000e+05,8.598240003899461081e-01,8.233987834666751660e-01,6.638011919684574380e-01,5.814777479806834126e-01,4.988901472484971178e-01,4.522203090431488048e-01,4.296978432495862643e-01,3.693297018105824447e-01,3.198275732564463958e-01,1.097486859921941171e-01,1.031669710309957022e-02,1.930988221827144580e-01,2.699139242477537337e-01,5.157807804378153893e-01,5.618680271107524549e-01,8.525254964536650437e-01,8.812165066154066251e-01,8.826351235597136302e-01,9.012566966110032718e-01,9.425808678502781701e-01
6.500280000000000000e+05,9.056399577285932923e-01,6.331404671892870706e-01,5.897283858594098982e-01,5.135792305020295823e-01,4.405392604709013060e-01,3.210233533305550946e-01,3.103922405847370225e-01,2.738224797466569660e-01,2.172888157901410322e-01,1.553842734468391384e-01,1.406833477049753700e-01,5.455323588655350830e-01,6.048049694029387080e-01,6.703927820740019916e-01,6.937652173068769024e-01,7.008726169596336542e-01,7.268892668262671997e-01,8.038851847318158050e-01,9.496564339264019772e-01,9.887177890712313122e-01
6.500290000000000000e+05,9.975884284000562374e-01,9.860372797487820806e-01,7.207158520995242679e-01,6.670282235954899663e-01,6.669005375390639756e-01,4.837816700833570405e-01,4.357352294448774144e-01,3.570511823643701677e-01,2.580829434832097036e-01,2.536480808279755195e-01,1.360484474498576679e-01,2.555927501484108744e-01,3.821664501263483116e-01,4.451754752438520368e-01,6.048634609951079044e-01,6.349734240907086713e-01,7.212774623800632945e-01,7.763972014025023460e-01,8.021806620222627915e-01,8.183925934675316816e-01
6.500300000000000000e+05,6.705309570176358758e-01,5.847376526275565034e-01,5.669706287323438287e-01,5.575103512305457087e-01,4.595421112740186720e-01,4.313806767977452772e-01,3.570543906172042314e-01,2.710053512175687462e-01,2.291546547374481158e-01,2.170991459609548091e-01,1.542578717936806676e-01,2.690135305299221624e-01,6.891427480915239823e-01,7.247612690133589108e-01,7.618059183012214630e-01,8.422012853946301281e-01,8.864518821613357469e-01,8.997171188759623961e-01,9.648701168231603731e-01,9.737933782110875791e-01
6.500310000000000000e+05,8.256811449227687838e-01,7.488766008575201694e-01,6.661935692381590890e-01,6.162460997710608179e-01,4.893907495133261731e-01,2.477526599936147322e-01,1.592499477765243476e-01,1.523982119699187621e-01,1.498630023935566546e-01,1.166903763950012385e-01,9.069068360410881269e-02,3.152531848313027130e-01,5.086922216402907093e-01,5.344907451239969687e-01,5.444897543917087690e-01,7.393515007845253839e-01,7.417006472872983425e-01,8.061915081729281729e-01,8.918980744711355602e-01,9.470681433575259822e-01
6.500320000000000000e+05,7.773610122505927311e-01,7.295578715424746452e-01,7.256627430414530622e-01,6.938861121894090989e-01,4.263611886779271609e-01,4.165789343935779598e-01,3.941772922643872468e-01,3.905163791445308563e-01,3.305469066599358019e-01,9.841441331377087653e-02,7.141948648891316420e-02,3.570014918107256019e-01,4.605056822007171924e-01,4.763533518843546810e-01,5.679005550017726112e-01,8.580578199619621760e-01,9.001244414816457207e-01,9.158545905055178737e-01,9.644928375841910206e-01,9.936741888348363805e-01
6.500330000000000000e+05,9.212456219304834271e-01,7.750975247730182982e-01,7.522761367808808997e-01,5.713464943635906401e-01,4.074526938896829709e-01,3.795412951043265481e-01,1.979977372187484708e-01,1.808832430725654250e-01,1.715346908397087367e-01,8.754970450736521137e-02,3.183715563018019168e-02,1.304737124499865120e-01,2.613559406217659253e-01,6.019531278554942633e-01,6.179382910295960762e-01,6.473590776287713178e-01,7.316935003269654514e-01,7.477074319987493389e-01,8.521879352754444525e-01,9.061591850477763721e-01
6.500340000000000000e+05,9.164438279366308171e-01,8.646150351700833125e-01,7.769571472006320256e-01,6.323300443755366373e-01,4.083001970340934816e-01,3.298813486815777019e-01,2.581194326190147104e-01,1.918408952860745087e-01,1.767999166600427996e-01,1.475766932977687906e-01,3.587885710983185206e-02,4.138431540838527489e-02,1.901935815415211062e-01,5.248812900337264109e-01,6.641856107451784563e-01,8.001169426439189714e-01,8.417047426106161190e-01,8.698173356652216803e-01,9.320327914137404024e-01,9.880130571576166698e-01
6.500350000000000000e+05,8.263071795484479010e-01,7.749676775592831968e-01,7.014693671824636656e-01,6.642647780422566983e-01,6.571247978258766276e-01,5.305279725563196713e-01,4.628708276010575773e-01,2.849148383736488377e-01,2.649424641629217758e-01,1.700923617951066724e-02,1.538932502583845174e-02,1.176870792192219461e-01,1.749279980841559334e-01,2.428118745942683399e-01,3.003578896897090011e-01,3.248105941200790658e-01,4.131130594807398415e-01,5.875743660043419858e-01,8.279266204348462166e-01,9.493494323052330541e-01
6.500360000000000000e+05,8.371317499875255974e-01,8.354720522424106122e-01,7.973274739495003205e-01,7.705894915928951372e-01,7.408937329268718841e-01,7.048569920796512456e-01,6.328367293872256827e-01,6.180289274501776786e-01,4.755631567778149105e-01,1.075620714277875090e-01,4.884854587325848652e-02,2.457265181689283207e-01,3.646406188275912452e-01,5.468504078619377262e-01,5.847015971058457939e-01,7.231939580600645900e-01,8.658604131123370795e-01,9.469886022807733061e-01,9.591008167974820475e-01,9.832423199730756513e-01
6.500370000000000000e+05,5.846689517841104911e-01,3.951811157705573674e-01,3.837199398060874289e-01,3.768091773636484954e-01,3.289407662312083813e-01,2.426466733265697506e-01,1.899187187904674001e-01,1.538229499655037191e-01,1.330262049502770605e-01,1.018922316110640880e-01,5.990050898261545242e-03,8.290882370262986356e-02,2.644875649981953680e-01,2.734651614757348526e-01,4.389092699423731148e-01,4.956884694417718062e-01,5.031188700697496463e-01,5.635415841539483939e-01,8.337572855174041342e-01,9.556084271135282249e-01
6.500380000000000000e+05,8.688422585795442243e-01,7.918911307871066008e-01,7.487555506963246010e-01,6.898761631234980873e-01,5.620315682828329606e-01,2.911575696564685511e-01,2.617654022092442689e-01,2.564106573115748633e-01,1.339083705841267458e-01,1.028837353974124680e-01,9.359365417973997126e-03,6.720126257552105908e-02,1.702337716302093629e-01,1.763708055329273883e-01,1.839636446753923904e-01,7.275748228198323231e-01,7.494181535771606839e-01,7.595731626013658699e-01,8.760818070403179059e-01,9.040325247866738412e-01
6.500390000000000000e+05,9.889794141981491649e-01,9.835428754658808170e-01,8.185996389081655611e-01,6.540717798959437834e-01,5.301328522663740772e-01,4.490462785560355163e-01,3.569354090821554859e-01,3.222909013513168830e-01,2.496544379082630272e-01,2.119704568473175232e-01,5.040207268111607242e-03,1.598354697376402900e-02,2.345889948092879651e-01,3.112155999302209652e-01,4.106320721522568329e-01,5.046869257908775941e-01,5.228867659566022175e-01,7.649324138803479389e-01,8.183175657679110371e-01,8.601438898683769763e-01
6.500400000000000000e+05,9.479522009872052291e-01,9.371492879840666035e-01,9.078409522086664518e-01,7.819147635025782694e-01,7.438591549402410186e-01,6.752452638861724532e-01,4.953135068513238037e-01,2.183905393687690655e-01,9.489590001368242156e-02,7.041549526006984916e-02,5.088443910090856281e-02,5.655736270702071966e-02,3.235398821278502313e-01,3.662582771614281141e-01,4.655084310352315402e-01,4.811490867462282495e-01,5.491248585361119261e-01,7.689612483499431717e-01,8.746218879316558503e-01,8.827378450512978203e-01
6.500410000000000000e+05,9.227023621453116498e-01,8.723079259048510670e-01,7.822411368308057611e-01,6.475673393736380845e-01,5.645959125883386331e-01,4.164010893869035668e-01,4.159654565324631958e-01,3.734475793499696383e-01,3.681827273018614122e-01,5.042525624623162006e-02,4.990997584691636568e-02,1.351320591912771318e-01,1.886750989941529122e-01,4.693012098016965394e-01,5.995178224932988797e-01,7.086581451564462064e-01,9.056968180365624344e-01,9.080090652722984101e-01,9.297293934473018773e-01,9.869145455104023634e-01
6.500420000000000000e+05,9.738068221012249337e-01,9.360091130967896911e-01,8.106985680229377156e-01,8.014176551846839969e-01,6.093951731996911647e-01,3.889075677172959544e-01,3.146527829196875681e-01,3.114891095907922347e-01,2.541443336290656330e-01,1.129517701679024766e-01,3.610447000542471585e-03,2.081929320177910991e-02,7.616854448838372704e-02,9.620856227134666483e-02,2.541150787788550858e-01,3.589862463083873800e-01,4.951851924845912523e-01,6.543885349044515909e-01,7.657312859866910459e-01,7.887260932372442968e-01
6.500430000000000000e+05,7.243837659666384488e-01,6.662139164056641860e-01,5.084084762564606841e-01,4.355074128151524837e-01,3.553038407909013818e-01,3.539706670482472006e-01,3.468009105509802792e-01,3.175766419081257341e-01,1.946105673555588167e-01,1.317077139565272503e-01,1.236616400907208924e-02,1.076647847620253451e-01,2.359178398573520408e-01,2.944558068550466867e-01,6.079344106630968358e-01,6.904928710369336864e-01,7.328531679361712792e-01,8.209156035111948579e-01,9.187922622698186936e-01,9.333730006699031412e-01
6.500440000000000000e+05,9.177579948477260219e-01,8.648799535856392939e-01,7.749510041423985918e-01,7.463330083687506056e-01,6.314218012066180608e-01,5.980621125229000912e-01,5.952101534649428816e-01,3.430223503900113879e-01,3.021232977959441568e-01,1.911438198145024581e-01,3.295390294735867087e-02,7.125257683818586596e-02,8.916853739195207407e-02,1.073734174027387578e-01,2.440183094098531402e-01,2.759189024861841144e-01,4.786435112780748069e-01,4.875943104987454646e-01,6.189232412198399924e-01,7.434462847306962940e-01
6.500450000000000000e+05,4.520163872065871002e-01,4.073907147437217935e-01,3.160351720156789890e-01,3.059412027850080262e-01,2.910574192583299524e-01,2.277706471589083792e-01,2.129945355137469187e-01,1.066277187082114164e-01,9.570584781702562438e-02,8.201391977863548011e-02,9.972757135604748413e-03,3.138668187195717829e-01,3.546985960266724192e-01,4.776382064448346787e-01,5.257284861571657197e-01,6.641626351953482388e-01,7.163981723118703071e-01,7.574858816952557694e-01,7.782745948274946146e-01,9.079077445718153339e-01
6.500460000000000000e+05,8.511240572122368286e-01,8.266172328607354070e-01,8.183513816517766770e-01,6.851675621844132147e-01,5.370549548419255581e-01,3.921645144076645328e-01,3.684835676686334383e-01,3.652919676474607469e-01,2.541016541744917090e-01,2.050376325886429374e-01,2.802351981335449160e-02,1.209150704751772443e-01,1.728106442793053699e-01,1.832406716865356833e-01,1.856623225845636105e-01,2.189263817219815333e-01,2.642591151762436752e-01,3.718603068514989562e-01,4.690290975580784227e-01,5.221747282232183096e-01
6.500470000000000000e+05,9.594914232522990805e-01,8.629930975652443381e-01,8.581690209550975057e-01,7.689541904936442185e-01,6.091306555360126440e-01,6.087089874436901749e-01,6.044515938358926421e-01,3.925788490255249785e-01,2.470174445612781655e-01,1.598714339035487431e-01,7.001108834443714457e-03,1.007265358498814489e-01,1.309014412630418178e-01,3.444718119365692832e-01,3.584354460065851677e-01,4.299013906814472818e-01,5.027074010091978629e-01,6.614519161683691806e-01,6.697337971938205348e-01,8.282478265739702250e-01
6.500480000000000000e+05,7.986192904078113219e-01,7.743595336628051884e-01,5.929092122950893051e-01,5.271187228154794457e-01,5.020206732719471043e-01,4.054824838460417968e-01,3.517490451647823368e-01,3.205008539815541457e-01,9.248601079464591201e-02,1.953069003798135750e-02,1.503081657474181210e-02,1.446523746847139247e-01,2.043785819006487259e-01,2.874621315348730999e-01,3.579267912934491758e-01,3.619183912878277676e-01,6.201580532327402029e-01,7.451606702965789530e-01,9.559456164244466425e-01,9.930526637665879619e-01
6.500490000000000000e+05,7.611997777842345325e-01,7.017912180361380869e-01,6.659586957335309476e-01,5.880487871040731562e-01,5.322893723890642637e-01,4.632987359211840905e-01,2.971857706940344013e-01,2.731770894397441696e-01,1.960850718662550118e-01,1.035755262261367493e-01,2.111174457144437966e-02,1.570500931796674493e-01,3.411722022397645215e-01,4.551445433223282322e-01,4.763519678666271462e-01,5.289109019969363557e-01,6.274638814664990072e-01,7.505125979868030317e-01,7.738777882300031941e-01,8.500863535067535448e-01
6.500500000000000000e+05,7.411960824361399913e-01,6.325303470182966903e-01,6.310025956128141322e-01,5.209986965244921553e-01,5.041237024689836366e-01,4.130075361168895620e-01,3.580848268726083417e-01,3.368597459432621788e-01,2.647201858485921377e-01,2.095428290508921654e-01,1.225332847894133881e-02,1.479285827834656564e-01,2.825449294796823496e-01,5.534941476970177687e-01,6.101790282507705276e-01,6.168718099649163067e-01,8.477458635923704744e-01,8.849533589641658260e-01,9.663157161550007812e-01,9.744193419490531083e-01
6.500510000000000000e+05,7.467328065010172544e-01,7.246509119466922888e-01,6.403029050113476783e-01,5.599431862094895740e-01,5.214776756701822169e-01,5.138649683647331656e-01,4.098566682862953003e-01,2.565615162549934603e-01,1.427917079796341415e-01,4.727488773858812277e-02,8.428948807216007921e-03,4.285671252264244835e-02,4.749332102569336911e-02,1.377894300625118751e-01,1.801284596255412485e-01,2.245116508906526143e-01,2.394476218601790940e-01,2.833738708556245989e-01,3.279108978994874635e-01,3.728574941208762095e-01
6.500520000000000000e+05,9.963357919015868314e-01,8.938194530299907736e-01,8.750006344215751630e-01,8.487546457246545328e-01,5.827882378326224577e-01,5.294149650834732990e-01,5.279075463094123899e-01,5.122975504046111128e-01,4.009798655054540584e-01,7.121207647049865308e-02,2.421347523367178844e-02,3.055354833908296985e-02,4.715340719265359581e-02,6.822287326788578632e-02,2.973584269495128662e-01,5.106170713245047343e-01,6.356369653537989883e-01,8.012001264393959765e-01,8.592775638815448591e-01,9.888286879253045392e-01
6.500530000000000000e+05,9.607338348816700790e-01,8.069759085550733957e-01,7.315603255751594869e-01,6.753682581551578856e-01,5.908505215120394283e-01,5.850164226146596924e-01,3.601655811906829818e-01,3.393711362266536025e-01,9.081300941160630469e-02,7.124658868535138634e-02,1.486137405803811262e-02,4.954846796813128229e-02,1.420416739178906873e-01,1.680177979714289060e-01,3.438320358314908010e-01,4.143562780236736964e-01,5.962127194997153268e-01,6.648206206374979166e-01,6.723449183099957649e-01,9.655696162324287624e-01
6.500540000000000000e+05,9.051105121377441831e-01,8.374856466696798396e-01,8.095848949905743996e-01,7.582846998124085358e-01,5.773723155239370852e-01,4.685659747361275995e-01,4.487390789388215895e-01,3.394978530301787645e-01,3.224766100892183518e-01,2.382016060417577741e-01,7.182382371554041356e-02,7.294871384262591185e-02,1.757518237316650911e-01,4.320113753232757148e-01,5.182614486186418734e-01,5.417484517660650090e-01,8.985499930806298829e-01,9.594624802112030615e-01,9.854068870059649043e-01,9.914237805399036541e-01
6.500550000000000000e+05,9.674528437075958776e-01,8.663661720399825628e-01,6.980494952197215941e-01,6.635171950922964523e-01,5.439849722369086704e-01,5.328038076151203617e-01,4.266567047303448934e-01,1.008164923839320881e-01,8.239642128680535471e-02,7.303721361507919951e-02,3.642956869817259857e-02,1.311657243223740554e-01,1.358365051536812862e-01,3.531750594589513348e-01,3.596916747856098162e-01,4.307310505594755812e-01,5.953445489561747239e-01,7.104711674554703427e-01,8.497081195184558178e-01,8.537240098267128152e-01
6.500560000000000000e+05,9.341474494871847556e-01,7.586333951591316405e-01,7.049728444763538882e-01,6.722866285645010542e-01,5.328339545965481427e-01,3.264300328506684057e-01,2.268138682427657260e-01,1.871509557973383142e-01,1.827766194750549689e-01,1.533357531224339709e-01,1.830652406250377062e-02,7.008542576355025755e-02,9.971015387600778990e-02,1.186331434256940875e-01,2.554189336569701041e-01,3.491841660695436111e-01,3.914363811462554521e-01,7.149240191178809489e-01,9.383493088395855608e-01,9.977712625810617464e-01
6.500570000000000000e+05,8.609593613398176526e-01,6.428394595607695994e-01,6.018226181861835444e-01,5.844534672695782529e-01,4.661079310916721452e-01,4.618134982582625669e-01,4.256117083401783630e-01,3.647976872997727993e-01,2.355726188605183902e-01,2.046573364428310171e-01,1.382602845432049365e-01,1.970828585038958414e-01,3.130270978330387255e-01,5.053596003775190360e-01,5.362563254250053424e-01,5.975632605257227281e-01,6.408768912365654380e-01,6.589524052236501728e-01,7.520263008337731980e-01,7.860395848655981066e-01
6.500580000000000000e+05,9.608839213943427549e-01,9.064090511216212898e-01,8.493021061717760389e-01,8.317894605138740349e-01,7.231395687871411404e-01,7.208926623765224972e-01,6.159016703623456657e-01,5.547245588213088885e-01,4.517818615918199887e-01,3.461440314140136199e-01,2.749160344240009213e-02,6.797338598414093269e-02,7.389374686100114165e-02,8.931727071600092938e-02,1.169900127434649884e-01,3.194063911132823952e-01,4.218028589300101272e-01,5.961869737157871052e-01,6.294665091874116492e-01,7.840473234022760085e-01
6.500590000000000000e+05,9.075013760600262325e-01,8.822098932955083628e-01,7.949669660320649589e-01,6.546943324781430151e-01,5.180403915717640695e-01,5.122047245690204420e-01,3.078560448841810571e-01,3.025878582380447934e-01,2.853443510982368592e-01,2.525470509252512041e-01,5.114005136609089952e-03,1.278416797984216480e-01,4.174492575696048258e-01,4.182669252067754417e-01,5.412792817379169508e-01,5.718569252674009507e-01,6.388439871710842599e-01,7.635981791138234387e-01,7.685703680634807800e-01,9.767709885422386495e-01
6.500600000000000000e+05,9.786678813896769746e-01,9.425847959685149657e-01,9.128093821499690952e-01,9.109040437877076180e-01,8.781242176269137278e-01,7.478386613591236909e-01,4.877373724439413305e-01,3.655647878900915027e-01,1.749423815907175106e-01,9.008263777755765034e-02,7.465376272883350595e-03,2.109911689087262676e-02,5.453472466341591218e-02,1.546719798458026096e-01,2.778083332651992698e-01,4.890018859940479246e-01,5.569358225313735256e-01,6.995374259609873357e-01,8.200581574038460220e-01,9.022454177127955388e-01
6.500610000000000000e+05,9.561750536069800743e-01,7.106739737106636534e-01,4.540411642731877473e-01,3.522674763509707763e-01,2.981282380912013696e-01,2.624791803080199770e-01,1.081156438846442303e-01,8.172714623299148773e-02,5.125386493914629860e-02,2.114412838538382022e-02,1.047363468550599475e-02,2.654880699825447055e-01,2.686407066509739483e-01,3.674814620362194528e-01,4.560843736886459610e-01,4.775695169800879825e-01,5.970743688981110520e-01,6.773135916357571062e-01,7.579087894400927672e-01,7.678915945193962589e-01
6.500620000000000000e+05,9.454420946115110747e-01,9.049681793061435942e-01,8.181312918071438345e-01,7.761703529945658264e-01,7.477712705184218489e-01,6.733113215625889936e-01,6.471062342516558097e-01,4.256317800800305529e-01,3.203922782179996487e-01,2.205632230972032204e-01,5.824121253577874135e-02,1.740664390884378854e-01,2.420535484348300681e-01,2.600993770297789220e-01,4.574322692294789938e-01,4.883036709853700863e-01,5.116174775638420158e-01,6.506304745978456205e-01,6.823857703592317581e-01,8.631302111669448829e-01
6.500630000000000000e+05,8.306848892985639887e-01,7.155109679081483876e-01,5.112854343849451144e-01,3.715185548477184518e-01,3.668557134915131357e-01,2.612877207723638406e-01,1.430147090698753454e-01,8.586411859413856096e-02,4.539398582722109499e-02,1.062422637917781465e-02,9.738097132035439252e-03,2.944912463737687780e-01,7.750348071754483703e-01,7.872294620180290137e-01,8.497783246336646501e-01,8.904447986330588094e-01,8.992822746942741308e-01,9.044032046300307659e-01,9.321688787552870892e-01,9.416174922201550057e-01
6.500640000000000000e+05,9.179240333492358905e-01,8.565186959549851986e-01,8.490063592731950104e-01,8.327258017739446183e-01,8.181048811424320721e-01,7.563704913815120223e-01,5.056863619744866867e-01,5.055749896374540642e-01,5.037043456754100035e-01,3.236746224354603019e-01,4.841579409980845128e-02,2.691776604320891275e-01,3.173365028067789417e-01,4.075771291148521103e-01,4.542749637566235732e-01,6.315087803861247906e-01,7.552512182534499852e-01,9.143697046990204580e-01,9.596365092420123810e-01,9.649303364648472714e-01
6.500650000000000000e+05,8.422503043990597904e-01,8.244274390422381416e-01,7.322560141844993709e-01,6.624934432425361175e-01,4.151569862585297033e-01,3.963173507558490627e-01,3.954594046975336008e-01,3.762620812122585701e-01,2.507399625293054157e-01,2.238494667234153246e-01,2.091308974383947472e-01,4.668316837745832837e-01,5.333029434754315012e-01,5.835703593801465638e-01,6.730346635960229307e-01,8.106566954128010538e-01,8.663014963970803173e-01,8.663483541419231271e-01,8.950687603638378675e-01,9.610760016528493432e-01
6.500660000000000000e+05,9.491462271071061663e-01,7.528528305757129502e-01,7.332160747819165270e-01,6.603410156423286104e-01,4.782966027629540484e-01,4.421962128998699892e-01,3.521347032934653010e-01,3.436810143902828685e-01,2.377922117761034349e-01,1.954120907960330555e-01,1.470849209904723232e-01,1.483085659529636002e-01,1.954152085880732637e-01,3.128317165614239448e-01,3.221613025294866040e-01,3.394607947658738745e-01,4.877556688709938637e-01,4.926225750643772328e-01,6.947982451307364027e-01,9.017510675768172224e-01
6.500670000000000000e+05,9.453080418078579905e-01,8.718152279156820006e-01,7.849370533661225169e-01,7.286198790484463839e-01,6.971198265196986155e-01,5.919078926677009411e-01,4.259316340811220014e-01,2.450006259721263513e-01,2.182702620607813726e-01,1.906047306316744905e-01,1.498016942345377078e-01,1.591152696273996359e-01,1.871303427558420607e-01,4.648355301382834925e-01,5.920007619507500207e-01,6.151916376544213083e-01,7.769720794759780169e-01,8.119961154887578303e-01,8.228075093739281032e-01,9.487610134838668774e-01
6.500680000000000000e+05,9.093491034273134543e-01,8.873785884086047293e-01,8.360450542622099857e-01,7.480308474421595299e-01,5.328896719641779134e-01,5.267740530606226379e-01,4.926995125914744866e-01,4.822121587407666166e-01,2.589622140567220399e-01,2.273121464021912175e-01,1.563994421369212517e-01,2.249804529368228945e-01,2.288595958594851210e-01,3.035685467552026173e-01,3.480645469761668442e-01,6.024695205586046987e-01,7.032501415949515833e-01,7.805190878502008545e-01,8.921617963035985976e-01,9.406834913563242306e-01
6.500690000000000000e+05,9.888354134890565694e-01,9.597491103316431182e-01,9.310547784116776082e-01,8.304507871167007282e-01,7.830970834466348673e-01,7.746837182303418778e-01,7.713600326957372744e-01,4.932180711974839538e-01,3.654642542372408265e-01,1.220107288429639336e-01,5.846429916387929637e-02,1.547115467780986187e-01,2.225498586583603000e-01,2.286696709493190038e-01,3.172787112791036757e-01,3.842681336733654307e-01,4.846547443501159069e-01,5.038956280388833253e-01,5.497849398128529241e-01,7.399491790966907789e-01
6.500700000000000000e+05,6.530839524167345589e-01,6.518219388289956395e-01,6.421734424830835009e-01,5.355090003262253928e-01,4.034739630977820513e-01,3.298242797590644759e-01,2.507673025297872949e-01,2.149065690663326533e-01,1.713387580967502544e-01,1.073300049786188870e-01,2.765043718776993842e-02,2.614708987071401314e-01,2.708396301087288016e-01,3.371409473689429559e-01,6.642683734009652285e-01,6.998622800313618608e-01,7.083848168435833426e-01,7.448176910474533230e-01,7.642448655970645044e-01,9.416734802073537525e-01
6.500710000000000000e+05,9.054635108422726120e-01,8.686242623175951527e-01,7.223173783151770611e-01,7.146775766132403840e-01,5.790886435467220705e-01,5.141523049949570101e-01,3.707263711415625940e-01,3.683849438777135887e-01,3.247531033414804424e-01,1.850309861245741372e-01,4.443721817110501959e-02,1.033940859595461337e-01,1.488781534682146468e-01,2.078198183393694665e-01,2.527532933540524995e-01,3.578964996082276695e-01,4.967648241278893595e-01,5.040747547713452237e-01,5.254665141233111347e-01,5.743002409919935047e-01
6.500720000000000000e+05,9.013740431285134358e-01,7.725393955651304045e-01,7.204396760242982589e-01,7.134327573845442583e-01,4.854224189369317211e-01,4.363806800020727517e-01,4.042426368793473612e-01,3.187009910228880694e-01,1.414879609353173473e-01,1.221839351227584913e-01,9.399555955507832294e-02,1.425426441648062204e-01,3.025035189598933583e-01,3.879171222992980894e-01,5.077767580740117914e-01,5.212113337286652381e-01,5.997581645806304707e-01,6.711866768684627838e-01,7.097799689304978843e-01,9.143961517141295792e-01
6.500730000000000000e+05,8.954296311616424253e-01,8.782260846249316799e-01,8.604792222688729675e-01,8.406998623670872695e-01,5.830355910890998583e-01,5.688037203211255832e-01,4.981039351185957420e-01,3.192549434863459767e-01,2.598684176478238683e-01,1.257029311252426673e-01,1.479113100933726610e-02,2.521667039321617843e-02,6.591493936636461104e-02,7.382362423506361182e-02,2.746682260573440892e-01,2.873261806918206984e-01,3.350609099550517778e-01,4.332158117978529566e-01,4.902799660864276543e-01,4.926358235550515330e-01
6.500740000000000000e+05,9.133480504159449120e-01,8.885089564643408044e-01,7.772911107721537372e-01,7.503559991147528141e-01,7.070736467600489128e-01,6.886420884791208952e-01,5.630838135861816474e-01,3.018765557503155783e-01,2.488336984700005861e-01,2.377427106825822367e-01,4.545477570118428012e-02,2.203621566110324226e-01,3.378409481275779225e-01,3.938201755352860323e-01,4.397954016740408534e-01,4.446641436935354630e-01,5.457382844230932450e-01,5.964029869838958220e-01,9.253531539976337372e-01,9.659441950423869327e-01
6.500750000000000000e+05,7.143325226040794229e-01,5.895267659164569185e-01,4.803974658238099327e-01,4.557189421900346149e-01,3.754887928066054092e-01,3.754781775613292849e-01,3.088349032232676761e-01,2.912152986411244981e-01,1.805870380123573149e-01,1.076783049206940790e-01,1.581369160976675570e-02,2.633432735374640066e-01,4.724776258099437909e-01,6.814125220610062206e-01,7.305691471732193021e-01,7.964771261663472490e-01,8.381165690134428914e-01,8.773395292498717968e-01,9.304596323445942785e-01,9.595973847143128843e-01
6.500760000000000000e+05,7.974020820119532837e-01,6.646330228027297338e-01,5.809948540194005417e-01,5.471855920228122505e-01,4.845828047592456445e-01,3.965628529338347530e-01,3.454683192642057366e-01,2.761057130521993308e-01,1.907828389699370852e-01,1.864440484072403814e-01,6.463824404753981678e-02,1.981897064528823638e-01,2.212974673275486248e-01,3.293106263259530930e-01,4.726115635004376481e-01,7.203395998443837822e-01,9.655782799235661518e-01,9.804082601038415223e-01,9.862301679081466599e-01,9.880915178345682781e-01
6.500770000000000000e+05,9.531592770704258033e-01,8.733062776478702771e-01,6.612853659097707171e-01,6.477607100678962615e-01,3.376887230934609851e-01,3.250631956342147078e-01,3.128332068053917281e-01,3.095972804346431850e-01,2.641669746329919910e-01,9.563652540021860826e-02,1.912286096172921557e-02,2.685027161924186112e-01,3.110556999290724489e-01,3.336293912472889645e-01,4.025989470011971383e-01,4.986262770579671377e-01,7.252550098625318853e-01,8.914079980566754768e-01,9.679053561092180180e-01,9.854215162649135884e-01
6.500780000000000000e+05,8.779597498530434807e-01,8.736375323794475234e-01,8.076828177961781208e-01,6.350821915510057591e-01,4.993836859694272823e-01,4.884016499980733395e-01,4.452245471857564363e-01,4.304221424386788231e-01,4.084219592624001027e-01,2.565599973252703503e-01,1.495981777675646773e-01,1.738221003751496685e-01,4.850052894118862534e-01,6.332557483666965137e-01,7.167910680839371107e-01,7.486169766901538125e-01,7.786360831361687218e-01,8.236439298073473525e-01,9.381640439927042552e-01,9.683354545849411910e-01
6.500790000000000000e+05,9.942945441440439458e-01,7.955290004984600927e-01,6.286195744634986982e-01,6.186155614435980832e-01,5.834909640095502503e-01,5.568915667386433732e-01,5.311686384569541675e-01,3.576724972558272819e-01,2.491547126996267458e-01,1.704406925954363716e-01,4.470957655556295762e-02,1.289454556152223041e-01,1.457226102588096150e-01,2.033528685886906162e-01,3.295962646805510321e-01,3.856536331619366820e-01,5.740643178257882617e-01,5.958276217803154529e-01,7.710887964721898635e-01,9.167094579931147624e-01
6.500800000000000000e+05,7.302092214172005713e-01,6.867849592377188728e-01,6.002216856650108845e-01,5.652304712855424906e-01,4.299567532723717056e-01,2.420791875972433393e-01,2.124442092305063312e-01,2.035870795536262046e-01,1.850837874268373984e-01,4.366875598762487432e-02,1.340850829831563562e-02,4.812373135755375619e-01,5.168476251077375183e-01,5.236138822441758212e-01,7.662145689820857308e-01,8.614297785411618724e-01,8.736946752073423417e-01,9.125743020396623884e-01,9.355347327157732540e-01,9.979176447399609184e-01
6.500810000000000000e+05,9.880543192956402487e-01,9.747140746747144924e-01,9.201891444793076635e-01,6.480514457991869426e-01,3.887770432346501215e-01,3.357303942625525783e-01,3.289964177761722786e-01,3.257509291218853020e-01,2.095288038804661301e-01,1.155488148654467695e-01,2.929562341929070612e-02,6.243080885302332295e-02,2.049686988648459218e-01,3.908683177796001829e-01,4.465215763322449849e-01,5.445640021222268867e-01,6.137357063007023994e-01,6.335655644567922407e-01,6.963914870999673434e-01,9.435907655572334241e-01
6.500820000000000000e+05,8.868391234039407767e-01,8.353466543209659978e-01,8.254668068107410273e-01,8.168381426914591570e-01,7.571807371811166698e-01,7.511091842100235949e-01,5.609094772524979566e-01,5.423535209969089221e-01,4.936797679597217936e-01,4.710996010562603642e-01,6.666406515821732270e-02,1.126898187809144414e-01,4.464292080958104370e-01,4.500440753064811616e-01,6.128983861390541188e-01,6.141160815806396833e-01,7.185499909457131462e-01,7.578190817297008053e-01,7.643150645423255618e-01,9.230083810319690274e-01
6.500830000000000000e+05,8.977308682845021037e-01,8.430135407560533922e-01,7.920413901358046571e-01,7.314341022748359622e-01,6.685929970620455576e-01,5.850854661655133793e-01,3.760359235522665600e-01,3.011577504623289547e-01,2.178842640989882007e-01,1.420257925784803588e-01,1.246657641464968824e-01,1.849838637507635886e-01,4.927475435590819020e-01,5.294757381816554975e-01,5.351688416251116909e-01,5.971697277163998674e-01,7.667671578274949384e-01,8.166709101140753324e-01,9.038142287313778445e-01,9.149962940597425876e-01
6.500840000000000000e+05,7.780291258914322494e-01,6.376421553525243313e-01,5.371870917398448020e-01,4.541439562210239922e-01,4.391866161894657505e-01,4.286652023725247007e-01,3.202317846934433776e-01,2.943305065675401178e-01,2.396898097983313214e-01,1.606153770520329926e-01,8.331564108264288837e-02,9.299084153026215827e-02,3.452174166662540511e-01,3.663583496407489815e-01,3.997835758780010629e-01,7.303856046616319375e-01,7.557757889346710112e-01,7.870133606317558650e-01,8.920387271475859192e-01,9.285501282299604142e-01
6.500850000000000000e+05,9.847624414920724822e-01,9.707559448527695034e-01,9.653939932503886601e-01,9.591567245305632206e-01,9.251928497522835526e-01,8.186339374354076881e-01,5.041537682863919123e-01,4.426930234114150320e-01,4.263927260905946426e-01,3.014710408836233091e-01,1.103195952321167628e-02,6.053892605638577784e-02,7.134572671309857839e-02,2.187879806303720809e-01,3.890504889809428546e-01,5.837710546127756750e-01,5.903628969406755633e-01,6.513523336182444057e-01,6.753124273435774372e-01,7.778363747839843745e-01
6.500860000000000000e+05,9.790801947419687234e-01,9.756471985926807866e-01,9.100161346363841997e-01,7.147930664587942573e-01,7.029652227902031258e-01,4.026334984887599555e-01,3.641365559300949739e-01,2.920058299772397836e-01,2.087416825157392131e-01,8.034512291144069174e-02,3.840885752561806754e-02,9.853073018159286267e-02,2.261062619316580591e-01,2.448510225434248344e-01,3.212782010527220899e-01,3.670840004724752470e-01,4.814661161507459708e-01,5.342947492527334585e-01,8.208979119940353897e-01,9.490166069428611628e-01
6.500870000000000000e+05,6.271186167466342720e-01,6.185449084211265269e-01,4.253511950129462704e-01,4.070870341000164538e-01,4.058006906898222743e-01,1.987257835327378430e-01,1.930437805570797138e-01,1.884317927862897424e-01,1.731784319290953222e-01,1.249391528106292837e-01,1.840409685098742809e-02,2.000030828750032352e-02,2.575101495653904227e-01,4.872491049461580293e-01,6.269073356579957235e-01,7.884283726899463662e-01,8.150533437439978490e-01,8.586345361422684785e-01,9.245281381238623641e-01,9.672988463458787045e-01
6.500880000000000000e+05,6.252245716747240056e-01,5.699062466551594319e-01,5.306995375181213781e-01,5.286649384800010676e-01,4.950240578561735383e-01,2.734621095153830783e-01,2.717417893809065399e-01,2.258947323096830440e-01,1.719936949594942366e-01,1.306400548518373839e-01,3.416987346300381923e-02,1.445066063223882091e-01,1.940314362380769486e-01,1.990428166558944056e-01,2.115244438646165515e-01,5.511739433597807603e-01,5.605883796018239495e-01,6.841258179180202958e-01,9.412361798587423056e-01,9.764963412055294167e-01
6.500890000000000000e+05,6.154321631030422735e-01,4.531324954196759291e-01,3.782230454196150449e-01,2.887700298655736519e-01,1.590592574755536059e-01,1.418758187274911098e-01,1.157768062685605726e-01,1.142133205744265689e-01,1.011513725064826508e-01,2.324818309002429917e-02,1.621646816111943501e-02,1.098881346188755881e-01,2.151668253546525911e-01,3.772577888244058597e-01,4.856841672410566746e-01,5.229154845937077356e-01,5.887481495406491350e-01,8.587334580936795136e-01,8.632497288800472512e-01,9.221339387971726476e-01
6.500900000000000000e+05,7.883569634126479375e-01,7.617492335673737847e-01,6.896689551650548866e-01,6.354457064540740552e-01,5.971253185285670950e-01,5.024465640591172511e-01,3.367084586724196082e-01,2.611126396278159456e-01,2.203042529311562969e-01,8.006870884436434466e-02,1.948966034942645198e-02,3.983444932630381130e-01,4.349012165193145707e-01,6.017225371077831175e-01,6.957873147067924480e-01,7.911000442868418858e-01,7.926780837569562532e-01,8.710806243393112158e-01,8.743452731477010520e-01,9.541915730992541755e-01
6.500910000000000000e+05,9.836418725595886814e-01,8.050797626171837251e-01,7.037942440720066362e-01,6.716260475468101010e-01,5.086940845859518889e-01,3.436398702748032497e-01,3.355366185446746474e-01,1.593075568312158907e-01,1.123552706797616985e-01,4.325846634147434422e-02,1.081503560577656842e-02,8.303101904874077288e-02,8.885452250329106683e-02,9.880467565484984949e-02,2.894973731752622514e-01,4.018943168791968557e-01,5.355691308296656183e-01,6.082699812707221820e-01,6.412274465569772763e-01,6.669579881677265565e-01
6.500920000000000000e+05,7.272789191558673982e-01,6.442914349275246089e-01,4.281284129714886255e-01,3.702621535087635696e-01,3.630676984925736983e-01,2.841209190943619900e-01,2.096787826340554828e-01,1.493883355391805168e-01,7.608343427750963173e-02,4.623216595698920184e-02,6.430872457072078774e-03,5.265765950382306215e-02,1.348510006855755394e-01,3.983599744617620786e-01,6.148127942403893709e-01,6.735864230877931513e-01,8.012533029527563189e-01,9.137735298214344493e-01,9.218247047141520101e-01,9.641128602792865543e-01
6.500930000000000000e+05,9.828259199237543431e-01,9.815822502199031963e-01,9.615282139340073364e-01,8.085475567418950460e-01,6.085454884144263499e-01,3.794806999232626099e-01,2.398226594091121822e-01,2.079054060255953740e-01,9.547648539417508129e-02,8.315187617067376635e-02,2.357631946011118362e-02,1.393794774909972167e-01,1.912617164996184282e-01,4.215406069240796860e-01,4.966208770751836532e-01,6.834856200399844761e-01,7.631459832334495097e-01,7.734295197722241832e-01,8.746054330274944943e-01,9.281734409286782617e-01
6.500940000000000000e+05,8.120248923245204642e-01,8.007259045056692726e-01,7.988267493654905849e-01,6.539120160211631116e-01,5.149606998484085318e-01,3.019490204703216829e-01,2.379942584268965877e-01,2.174972958016618829e-01,1.755290816511569929e-01,1.155435785395380055e-01,5.576706559104027683e-03,4.046249409116497997e-02,6.579764975204205335e-02,1.008344548471948876e-01,2.632814558879182920e-01,4.463019499854420369e-01,5.449314069692577922e-01,6.665028425421797298e-01,8.701243552329213093e-01,8.719020160037614930e-01
6.500950000000000000e+05,9.664627209834285582e-01,8.715790474639425467e-01,7.878683534208437145e-01,7.714725295218306522e-01,5.747742802165815013e-01,3.992274065652949844e-01,2.956848238473009927e-01,2.117737792378086015e-01,2.097771572687634478e-01,1.409138352320521426e-01,4.854120050925903040e-02,1.189499583105637637e-01,1.921833441427613920e-01,2.035756823647686398e-01,2.573707828690775523e-01,4.943391209685846777e-01,6.251002150718922845e-01,7.695104029533570422e-01,8.862686757430542350e-01,9.613723195374439534e-01
6.500960000000000000e+05,7.176654744296571131e-01,6.560856268082320142e-01,6.245090161766260195e-01,5.669160121261914709e-01,5.019879943846931036e-01,4.422621729083044961e-01,4.144058675019141047e-01,3.063379196966370399e-01,2.586790905355969006e-01,2.060203931064311655e-01,6.077664392957793371e-02,2.175474061043176643e-01,4.788438056933195242e-01,4.935590049050858630e-01,6.047186979853473865e-01,7.790697313536654178e-01,8.720654961224703072e-01,9.116127248072048994e-01,9.330442483006117227e-01,9.704496186852703543e-01
6.500970000000000000e+05,9.735827515840994595e-01,8.386183535078669538e-01,7.650919293586632142e-01,7.272341400003438094e-01,7.070156856454641314e-01,6.971786270402081653e-01,6.578564177763591703e-01,1.873737763079225127e-01,1.733701813785286650e-01,1.418275006432164753e-01,5.541634394378014417e-02,1.015261943057984562e-01,2.888276769453166359e-01,3.969760297542095362e-01,4.738763145724447234e-01,5.416393369496614874e-01,5.872376408704021999e-01,6.728443200060698626e-01,6.887827948106866049e-01,6.947224348403558958e-01
6.500980000000000000e+05,7.151353668833881905e-01,7.129104833230611726e-01,6.705835589334946389e-01,6.343438079817604880e-01,4.624262527279270341e-01,3.352166024410548895e-01,3.339388322433133327e-01,2.629708023763095426e-01,2.363419365315373444e-01,1.624636834216188763e-01,1.271912494242026792e-01,3.004452397486282456e-01,7.471268632496440576e-01,7.499120834391530543e-01,7.695963896745214861e-01,8.187398965674130835e-01,8.489885493581679210e-01,8.769470538395336412e-01,8.785332630491194950e-01,8.919584264773007254e-01
6.500990000000000000e+05,6.957632355329332885e-01,6.667381629539396171e-01,5.604654546158737149e-01,4.309740091888620839e-01,2.902726590242219462e-01,2.336653150756833330e-01,1.189993628932025649e-01,8.101086712457727934e-02,7.380607076000522682e-02,7.279391218223185689e-02,3.340299908013655283e-02,1.063381769762727913e-01,1.309745064976500784e-01,2.314168412564920896e-01,3.585091865947721557e-01,7.130358758971110378e-01,8.043005561021977501e-01,8.066726728951995051e-01,9.183873984216809339e-01,9.411944401841015884e-01
