5.300000000000000000e+05,9.164244754799691917e-01,9.093479380207132312e-01,8.373517302949443630e-01,8.311144917826533973e-01,8.260615021623397558e-01,7.984742948602947532e-01,7.067640004248301189e-01,5.570233555806399783e-01,3.935878139783397511e-01,3.299835171060399031e-01,2.851794871698032363e-02,1.529869101383760643e-01,2.200804503765223519e-01,2.210711528860563879e-01,3.978687319849827375e-01,5.181790922164112301e-01,5.201162621179414858e-01,5.511508620723828411e-01,6.050650610831956877e-01,6.862218747393730167e-01
5.300010000000000000e+05,7.373309880546776718e-01,7.191937022139623936e-01,7.061765954559177105e-01,5.880416814497895217e-01,5.379019782274478967e-01,5.090853452100465582e-01,4.817671272937276150e-01,2.468374992084356734e-01,2.285002660912787142e-01,9.283217605210691836e-02,4.549403971098919808e-02,2.871796958068756345e-01,5.075511838591882929e-01,5.552654366517999485e-01,7.728786509682596950e-01,7.903628828745228319e-01,8.004800956074160645e-01,8.361832634902738315e-01,8.476632453979127124e-01,9.198043237712744125e-01
5.300020000000000000e+05,9.333207592323282675e-01,9.036521919610081000e-01,8.252471464168745774e-01,7.162308386350813016e-01,6.508940013502564348e-01,5.872830073881654123e-01,5.371916574799866506e-01,4.785101405422431675e-01,3.330386469298101115e-01,2.059198740336596334e-01,2.050612409226670874e-02,1.408271294864623657e-01,2.507030243433578942e-01,2.614297770950688715e-01,2.847530926778423233e-01,4.361327234051355362e-01,7.353727623481980391e-01,7.823645611214287143e-01,7.863388706821808904e-01,8.818527989496961483e-01
5.300030000000000000e+05,9.984748119742029582e-01,9.649464634373060568e-01,9.317799192781037743e-01,8.864083504447807238e-01,8.605652480040363317e-01,6.648091078888660466e-01,6.387625834858741136e-01,3.785177849586397469e-01,2.309239844087814797e-01,4.460372482602814603e-02,2.525383890182109070e-02,1.180589174805209973e-01,4.032805377474347752e-01,4.204211955755373653e-01,4.490754372683414264e-01,5.877334757927161757e-01,5.899226505004030452e-01,6.373054737325835051e-01,6.604583361461324742e-01,7.500793377954996233e-01
5.300040000000000000e+05,9.468217029223678916e-01,8.217227542451112088e-01,7.693390972663728400e-01,6.196214317092633150e-01,6.191807431297322584e-01,5.996059217038965938e-01,4.697386440249593509e-01,2.867200439412528334e-01,2.039608961239800511e-01,1.288027778155170777e-01,1.102175692300823018e-01,1.183770005224598076e-01,1.321160441009792130e-01,1.376527908232911823e-01,1.809974805936468423e-01,2.130428582437917662e-01,2.216663432325836069e-01,3.382790297339047791e-01,4.161382816280130292e-01,6.119838871991081231e-01
5.300050000000000000e+05,9.458756661227750717e-01,7.656586627153086910e-01,7.308883898346422159e-01,7.105654299273921337e-01,4.971147762012734228e-01,2.870991552341363162e-01,2.867243793488755133e-01,2.438330265866952562e-01,2.165012088426787606e-01,1.659438847922045657e-02,9.742401606888551058e-03,1.974778077576075930e-01,4.473560645647229883e-01,5.627076163710295065e-01,6.350994415020809747e-01,6.744287780511508679e-01,7.824455542192219060e-01,8.597614443567040965e-01,9.342050639397143641e-01,9.588418432236989197e-01
5.300060000000000000e+05,9.208706471203117472e-01,9.163008475114338136e-01,8.587498467991332429e-01,5.603652760543231803e-01,5.290913379525167271e-01,4.768794938312040932e-01,3.939875590205120792e-01,2.912664104512318053e-01,2.633413285506378543e-01,1.882345520279323781e-01,1.017556149228666662e-01,1.956387710471431118e-01,2.452943200096213694e-01,4.448552394706242197e-01,4.569539458026438128e-01,4.625684823735726203e-01,5.188721873711411581e-01,5.785001021909503827e-01,6.773104818632070812e-01,9.682574665654958279e-01
5.300070000000000000e+05,9.997957851494913006e-01,9.090381072020062847e-01,8.298913295784642319e-01,8.114245522129638344e-01,8.006921528084567363e-01,6.856373073901719239e-01,5.407782696399541233e-01,5.177221193939643973e-01,3.858942856632407992e-01,1.737211325992004118e-01,3.748357475458397037e-02,9.907015223974935392e-02,3.307356145450807139e-01,3.771071682604802966e-01,4.603819457336416621e-01,4.667648732422354785e-01,5.574925548694479316e-01,6.841871644445522982e-01,7.999167017911945621e-01,8.079349534860821302e-01
5.300080000000000000e+05,9.869509658436184107e-01,9.633745970618459165e-01,8.764006631183209883e-01,7.004082950343792913e-01,5.503296685807167465e-01,5.376978362921899235e-01,5.200815361474111498e-01,5.102660179897510195e-01,5.094864862953464302e-01,5.050982891734551172e-01,8.652189626213802054e-02,2.055207833316095023e-01,2.344546766152371120e-01,4.974139864760895868e-01,5.931753293534834937e-01,6.077839676481241460e-01,6.969363075099987981e-01,7.345669459631444242e-01,8.537532143500148329e-01,8.547648649286946343e-01
5.300090000000000000e+05,8.433134576180197906e-01,7.563301957323420588e-01,6.973155024675844471e-01,6.684430834195118631e-01,6.012940453438568866e-01,5.046543800738982899e-01,3.934759375974947737e-01,3.462417866251039644e-01,3.206441814373106602e-01,4.364355476717451943e-02,3.493619824652438588e-02,1.236795749903552011e-01,1.840182523832996075e-01,2.104849172502126775e-01,2.515827618383095210e-01,3.143446999739653025e-01,3.689508621881426587e-01,5.311976051434165180e-01,6.713197616659610789e-01,7.469535693846333091e-01
5.300100000000000000e+05,8.620410489110734709e-01,7.936897203196948691e-01,4.396898050041452288e-01,4.357304285555523293e-01,3.779934910148202709e-01,3.091581478771906477e-01,2.943915737088298457e-01,2.101241250408601990e-01,1.808121614022798473e-01,1.340799124970438738e-01,1.951447118362026334e-02,6.374231218833792401e-02,2.136448974026559089e-01,2.608390481876421418e-01,3.561804478881001046e-01,4.137786033025376842e-01,4.866672666371507638e-01,5.004962741852291286e-01,9.457234530905364034e-01,9.943762410613796732e-01
5.300110000000000000e+05,9.310192511067932886e-01,8.769389691978286550e-01,8.453023603912812600e-01,8.276597592420645855e-01,8.224261781038502139e-01,6.193654623667024239e-01,4.629462818407665825e-01,3.701417410912627437e-01,2.344580609332516108e-01,1.730547515418729976e-01,1.502145008778399404e-02,1.507750261220710541e-01,2.521803950009695594e-01,5.052783513211149824e-01,5.441557642066753298e-01,6.593508974212107798e-01,6.712104086816592652e-01,7.300806022670612849e-01,7.853400037037591153e-01,9.228209800392135342e-01
5.300120000000000000e+05,9.949410168000157872e-01,9.709081880382022245e-01,9.430836108992581845e-01,8.054693076820733655e-01,7.122722559369424333e-01,6.759270867041173858e-01,6.168918317611404856e-01,3.530372113862312311e-01,3.293252238583942448e-01,3.158570253511860937e-01,2.375372733488723132e-02,1.431074955992934772e-01,2.330926395029578879e-01,3.011404048047063853e-01,4.000981011033283297e-01,5.498505585377977400e-01,6.066655571595009899e-01,6.734893765305763891e-01,7.786600886318509884e-01,8.704842246267348038e-01
5.300130000000000000e+05,9.895676961416256523e-01,9.360209469259147541e-01,9.289402697332147518e-01,9.282888181692570129e-01,8.912164467929906131e-01,8.333835679883559999e-01,8.184104347328281515e-01,6.209944409823682232e-01,5.811740692671598651e-01,2.086221733381973253e-01,3.344281799695913993e-02,3.601278697322185529e-02,3.998658263818222203e-02,1.624666218121968431e-01,4.367130900848514852e-01,4.968652885415265619e-01,7.638822552402327881e-01,7.694732232269592132e-01,7.729772579142971667e-01,8.765039957162573669e-01
5.300140000000000000e+05,9.972920469954734690e-01,9.716860566591786208e-01,9.159361780269054121e-01,7.620240820421700922e-01,5.263746127116957219e-01,4.256280148470684699e-01,3.991998178712050649e-01,3.117747226510213521e-01,1.668235811571826543e-01,6.049789606138267217e-02,4.134377682345247162e-02,5.627166583938658651e-02,2.141496174426911203e-01,2.378757957853288030e-01,2.896870100139574689e-01,3.606165913125036759e-01,3.766280355770627031e-01,6.918787267533692553e-01,7.562173776899872024e-01,9.289235568768559048e-01
5.300150000000000000e+05,9.323135298059139764e-01,8.580018442740393603e-01,7.974216740353134991e-01,7.606868976344814959e-01,5.629368480563562427e-01,4.219670424225658856e-01,3.988605470784013507e-01,2.000494044725011911e-01,7.627489505542894843e-02,5.795418784005557100e-02,4.794017580144382951e-02,1.629800155123800609e-01,2.475263656685702252e-01,3.259084239614937761e-01,6.236811325798158334e-01,6.682465302719005074e-01,8.579254898605216395e-01,9.380984905302534038e-01,9.503145993712981410e-01,9.905884192486181794e-01
5.300160000000000000e+05,9.872100808133787986e-01,8.829359019854015056e-01,8.231999935651908018e-01,8.164973036968862230e-01,6.734396268569774469e-01,4.848829685312344706e-01,3.321946869090759424e-01,2.625759816202449803e-01,2.355987493301351376e-01,2.204146349044895370e-01,9.659718859324195606e-02,1.696478273961051775e-01,3.799321334098277880e-01,4.126768502988455989e-01,5.167243511143746471e-01,5.499691266937802858e-01,5.982763089925124955e-01,7.386377802150978500e-01,8.921585574800011686e-01,9.542259636487726571e-01
5.300170000000000000e+05,8.412060602172743984e-01,7.238299494360939113e-01,6.867750654318752757e-01,6.445521180261579719e-01,5.565055925772471879e-01,5.350885920400825224e-01,5.205429587496505084e-01,3.276621786026338023e-01,2.509507121911095373e-01,1.799088847303790262e-01,9.423698912735334332e-02,1.960159568077878278e-01,2.159369698007442828e-01,2.967144258076267471e-01,3.724723913444492052e-01,4.192352083430379572e-01,5.349713676029311804e-01,8.022304271818375687e-01,9.159855832163978917e-01,9.444890723245883413e-01
5.300180000000000000e+05,8.852005015307667923e-01,8.326928458691378321e-01,7.566805351154812787e-01,7.364522011921447175e-01,5.582581636503308742e-01,5.349314833508923561e-01,3.533914179259820543e-01,3.073748215462644984e-01,2.088805286886145085e-01,1.676979520574429783e-01,3.523301628240127492e-02,6.918424597415995247e-02,9.457687624726052178e-02,3.521665030782079597e-01,4.788381845075954102e-01,4.814513426230598858e-01,5.385692712479315247e-01,7.700719151397046325e-01,9.262001587323093199e-01,9.856115571666376196e-01
5.300190000000000000e+05,9.534518741674902209e-01,9.387688017767248372e-01,8.797261468741512935e-01,8.095142602005221955e-01,7.786292565919193942e-01,7.310126706634780813e-01,5.201474751477980218e-01,4.176061801758832459e-01,3.553400260325737525e-01,7.227110129113123449e-02,1.338802744924305621e-02,1.380086173479511125e-02,2.286026307654149825e-01,2.558244658649038161e-01,3.033871411520001615e-01,3.047840122852427669e-01,3.897168656580415336e-01,4.191780011718340138e-01,4.287563123803810328e-01,6.293241748073442610e-01
5.300200000000000000e+05,8.610088096100924071e-01,8.529418174820839749e-01,8.416931090713890562e-01,7.194251412693259962e-01,6.312173267215267503e-01,5.160490231919310222e-01,5.005328249328527823e-01,4.045150558336341184e-01,3.365696098087354038e-01,2.918544243996691323e-01,1.912440827615932148e-01,6.353818577959884362e-01,7.463784978124797798e-01,7.551861881857415693e-01,8.249586569339212305e-01,8.680439564235127303e-01,9.239136612248889380e-01,9.256749174303284811e-01,9.472616371675657287e-01,9.994273560686669500e-01
5.300210000000000000e+05,6.799269266318510585e-01,6.020031371784696494e-01,5.225976828401458496e-01,3.999383964147120718e-01,3.887882902112057559e-01,3.207947563429164317e-01,2.242213776040042905e-01,2.116880475960172259e-01,9.985390766636870197e-02,6.692431532721676568e-02,4.566644813868037112e-03,6.523543590977687323e-02,2.414893107037650033e-01,3.700596731362113534e-01,5.522588572435537246e-01,5.985230439102573463e-01,6.989280623572381446e-01,7.344939521134539184e-01,9.154262686743310784e-01,9.894941329731837820e-01
5.300220000000000000e+05,8.446479638508648247e-01,8.195584526982652163e-01,8.128487930494600056e-01,8.116407447395885821e-01,8.032535380832692695e-01,7.705469533467884657e-01,6.903113358537764643e-01,5.175529509404614981e-01,4.527936667161642781e-01,3.715883364584204873e-01,1.167536910247424231e-02,2.173768981663276589e-01,3.453881464713410843e-01,3.467377743317383576e-01,3.545314721605999919e-01,5.733034838385033805e-01,6.368927975995331003e-01,6.371877346171782586e-01,6.444444372910055341e-01,7.228058920801306853e-01
5.300230000000000000e+05,9.630742266213556668e-01,8.045723663679574811e-01,7.977019456845017009e-01,7.675980432071567439e-01,5.764330124834546876e-01,4.562540441887674714e-01,1.952564370432275931e-01,1.824226301641583836e-01,1.111053207394108178e-01,9.591679721543822090e-02,4.858756038369171915e-02,2.417209392027092063e-01,2.758811919287103009e-01,2.838905840805761027e-01,2.981072521268753883e-01,4.742873112781983425e-01,5.236585986956634464e-01,7.234863879308844892e-01,7.323654342692516028e-01,7.596669345611604118e-01
5.300240000000000000e+05,9.703016316620169945e-01,6.530536083764110211e-01,3.982123127017421771e-01,3.816576538613014602e-01,2.357190190000639785e-01,2.280482399315900688e-01,2.007605339288275337e-01,1.440562274459088465e-01,1.423997240032434108e-01,4.076883039920597973e-03,2.929529324461443984e-03,8.297016458714956411e-02,9.050394813832374208e-02,1.407827907995604644e-01,2.475766518095882107e-01,5.618893698983979945e-01,8.300370155341987299e-01,8.429657923381492779e-01,9.620269147923133923e-01,9.977421983144639794e-01
5.300250000000000000e+05,8.333139760944278107e-01,7.694885836170739513e-01,6.073553361421011321e-01,5.235087320541430556e-01,4.053444648645180282e-01,4.020742266773079665e-01,3.691727078370194981e-01,2.407854777398662494e-01,2.097612259960798253e-01,1.497814505632498738e-01,2.524900131043827933e-02,6.866268934390018508e-02,9.194770271951824281e-02,2.829696577617609732e-01,3.814069557124049048e-01,5.383438090971125467e-01,5.548158045824685969e-01,5.890516075883434066e-01,6.791906485359818779e-01,8.156926595963338578e-01
5.300260000000000000e+05,9.983186886065626986e-01,9.622022594930935702e-01,8.968731614265191832e-01,8.113444346864919776e-01,7.466636447603877125e-01,7.202114384904799715e-01,5.069621879912126206e-01,3.223440237441860257e-01,2.839204695078073604e-01,1.100487514216831331e-01,4.835802557945212410e-02,2.134340354958085273e-01,2.583345016745117739e-01,4.056090061347197295e-01,5.110028492663055699e-01,6.277601009325839421e-01,6.738786107852100526e-01,7.285427635040205852e-01,8.153873454619998684e-01,9.107832770570145620e-01
5.300270000000000000e+05,6.644917649206041332e-01,6.541704201459387358e-01,5.847005508564007137e-01,4.979726181351930014e-01,4.239551107060620661e-01,4.185181478524963028e-01,3.668296326948080610e-01,3.570528801713821476e-01,2.294734064067738277e-01,1.655120284662002783e-01,6.892549115625090650e-03,2.680962137449450777e-01,7.186110524854502080e-01,7.707247800599155152e-01,7.759402646283400928e-01,7.895690454796374658e-01,8.193400968307383847e-01,8.645869744247276500e-01,8.735758002904430164e-01,9.946767967714633674e-01
5.300280000000000000e+05,7.862530371614162572e-01,6.715870055294018703e-01,6.614329713468636296e-01,5.765935003020891125e-01,5.112527395162381749e-01,5.101840630551763844e-01,4.141707380260787330e-01,3.805153480902512264e-01,2.284637362071127997e-01,1.259952431737085821e-01,1.222665173175729869e-01,1.991400759228956208e-01,3.719884803791622119e-01,3.999784726048599692e-01,5.802161695374168371e-01,6.407497911619717268e-01,7.889752132299868714e-01,8.438191769374330242e-01,9.587397337000993502e-01,9.891005089148479090e-01
5.300290000000000000e+05,6.618275644787980916e-01,5.420527012422943214e-01,4.291787775185946785e-01,4.040693515969852045e-01,3.810789811277419670e-01,3.624245374313699308e-01,3.389059360173976021e-01,2.780465483613748789e-01,2.655570903871664612e-01,1.662618468698546792e-01,8.364892930249667735e-03,7.516313726068102330e-02,1.075345026182739083e-01,4.536052797662941671e-01,4.768938757774338066e-01,5.546152031037135943e-01,8.456721528125993315e-01,8.643988056155584854e-01,8.762665008582254389e-01,8.863481417648901850e-01
5.300300000000000000e+05,9.885692078415644346e-01,8.984410220121356039e-01,8.858128671123283171e-01,8.184743699541158213e-01,6.839193899331088566e-01,5.676840766851093401e-01,4.934625916757300335e-01,4.196862104846900143e-01,1.852632185696939660e-01,1.054112634785207003e-01,5.236126278091934871e-02,7.895819772274959014e-02,1.921281260598406426e-01,3.203059695390765294e-01,5.151215142479563802e-01,5.227163723232280956e-01,6.586200964156606608e-01,6.814924654463280218e-01,7.203417921755606024e-01,9.162010037967467380e-01
5.300310000000000000e+05,9.201236790139640798e-01,8.543819155954045508e-01,7.344307635628397612e-01,6.156044412483989703e-01,4.830025596173351810e-01,4.422219390763396651e-01,3.776834721853694621e-01,3.696587135880726738e-01,2.225011306428713587e-01,1.274718468114497405e-01,5.732552288506964633e-02,1.291035801880976441e-01,1.978035761526927283e-01,2.253372158836431938e-01,2.345820272134977458e-01,3.623898158581794204e-01,3.989044762187013982e-01,5.075367292517116713e-01,6.133528317265344310e-01,6.896256455695679577e-01
5.300320000000000000e+05,9.670677685103238330e-01,9.309182731712349890e-01,9.256505663092771119e-01,8.900283657011500704e-01,8.745568952135933660e-01,7.992903390996765056e-01,7.917601483749184821e-01,7.193692277984914396e-01,4.983615879162740514e-01,2.295872587333361858e-01,9.256195425504709640e-03,8.548309477307769466e-02,2.451539072129640395e-01,2.492388566267762506e-01,3.202706130993614453e-01,3.679323052872657263e-01,4.179388435014018688e-01,5.760194351153586911e-01,6.884287235238645275e-01,6.892114946871641390e-01
5.300330000000000000e+05,9.830443590297290868e-01,9.489326536770724685e-01,9.485801648079982273e-01,8.722783357337083876e-01,7.776415521592913160e-01,7.279975464216683623e-01,6.273438459192365313e-01,6.132304825657067804e-01,5.995927422427622666e-01,1.067087850707532093e-01,3.375119124099157375e-03,8.689762113011934019e-02,2.013333574328314279e-01,2.035674835418406214e-01,2.848325432374076982e-01,2.892401692136601365e-01,3.070500133558587974e-01,6.651592048923848921e-01,7.013690991478555015e-01,8.126298667434741496e-01
5.300340000000000000e+05,9.207634066748899837e-01,9.084436880999577912e-01,7.169067095085900343e-01,7.013251386921297570e-01,6.177102089585663203e-01,3.517587457584624433e-01,2.822614809745036535e-01,1.235957394166248280e-01,1.060443645867960027e-01,7.030233181696787792e-02,3.456626485185654296e-02,4.273936473930772806e-02,1.634167477499044452e-01,2.647963353811766396e-01,3.389524562191539303e-01,3.953608567587395539e-01,4.228490821410302303e-01,4.846968247562967180e-01,4.976943342059265696e-01,9.838463905897114614e-01
5.300350000000000000e+05,9.490844111349434620e-01,9.311777390444361258e-01,8.494057561065568862e-01,8.416231382069117029e-01,6.940720825599492327e-01,6.267672330756183241e-01,4.621925270804673191e-01,4.091228232489001471e-01,2.861044825100443889e-01,2.316462883198774358e-01,5.777120803976010244e-02,7.071210216599188580e-02,1.383405720397378191e-01,1.558002169153546168e-01,1.720876183182197261e-01,1.852349864607459873e-01,2.831846323933308041e-01,3.539785468147734759e-01,3.973016361029105825e-01,5.600459432656607062e-01
5.300360000000000000e+05,9.914171220342909985e-01,9.242394595890944808e-01,8.284427144351116379e-01,7.115651597531437167e-01,4.148788310090569809e-01,3.735096264901013319e-01,3.495249122639076944e-01,2.994478072400503788e-01,2.535483532237808868e-01,1.949730601162452670e-01,5.442725758946531656e-02,1.060035099325691288e-01,4.797281823331865924e-01,4.798613342744445509e-01,4.889338145504856792e-01,5.864300756901260625e-01,6.732294496895676605e-01,7.487211249146760172e-01,7.817731325817044441e-01,8.018791019944645493e-01
5.300370000000000000e+05,6.047371235659261268e-01,6.009354807095126372e-01,4.902769649398087681e-01,4.155306391933478727e-01,3.614595258477658613e-01,3.228869846963511314e-01,2.777064245714262469e-01,2.491300339968356425e-01,2.201282789815128815e-01,9.825182837424462079e-02,1.413364695964214324e-02,6.248969475159271703e-02,1.550189742512599889e-01,5.714071402022878887e-01,6.549925367396828291e-01,7.459110797384224112e-01,7.607729458884081586e-01,8.188355967791549617e-01,8.358282572750230788e-01,9.110948642454443913e-01
5.300380000000000000e+05,6.296259084887568802e-01,5.853960572694736353e-01,5.784849828111614523e-01,5.752169694686130041e-01,5.484261468083703184e-01,5.469467681914359503e-01,5.424083835736938086e-01,2.765371734369056478e-01,2.044259750035072321e-01,8.853451881309637450e-02,5.263692240871309380e-03,2.314513960419187777e-01,4.584056749362488414e-01,5.282484679819499096e-01,6.037975105815115429e-01,6.183754536902459353e-01,7.302110606132786730e-01,7.601767153082535922e-01,8.164578934733498494e-01,8.784848137253488121e-01
5.300390000000000000e+05,9.652934557181160891e-01,8.717074881964332889e-01,8.592707840839975963e-01,8.028831892771325363e-01,5.872847656946322825e-01,4.566977196642966197e-01,3.897923311225497400e-01,2.113201725760851524e-01,1.012357853434266985e-01,8.249013945217975596e-02,1.167532255845404876e-02,1.012843822814003536e-01,1.930912055073258360e-01,2.221144744483464217e-01,2.895442546740523149e-01,3.329933991817607408e-01,5.572128089358012737e-01,6.215633576491583767e-01,7.973862961440665309e-01,8.027925321187379115e-01
5.300400000000000000e+05,8.500962044040871746e-01,6.758889308314085520e-01,6.107377747510066568e-01,5.472342612615059831e-01,5.459641213987687092e-01,4.430185117544708229e-01,2.601016577017593034e-01,2.135041510721881197e-01,1.114950751853599487e-01,9.593491545778132235e-02,6.597036746875573066e-02,5.418032650553289420e-01,5.717587288242211851e-01,6.154578505712406944e-01,6.238835479912222537e-01,6.652367499265181561e-01,7.052859024663823417e-01,7.067799885086974987e-01,8.131140602263630113e-01,9.139165158538584688e-01
5.300410000000000000e+05,9.821910695174848049e-01,8.394019890983039911e-01,7.085571882701104940e-01,3.831722752621929962e-01,3.093679869315306696e-01,2.744751210075166981e-01,2.607838143950139687e-01,1.754040298319379243e-01,7.512195451711312089e-02,6.772464689215029754e-02,4.772084932276565716e-02,5.803178479457105077e-02,1.065533846430255505e-01,1.391013187037286603e-01,1.779055409727451353e-01,2.177542336534548095e-01,2.333895494601853082e-01,4.345890456164668292e-01,8.889032674617627361e-01,9.352056543252685872e-01
5.300420000000000000e+05,9.682634948872524960e-01,9.492196814599574983e-01,6.498091855464426247e-01,6.445875165920926797e-01,5.224689917680002127e-01,5.058058348485837685e-01,4.775352287327052636e-01,3.792635410094687964e-01,2.265379254836714651e-01,1.107926911201334574e-01,6.129612542943840836e-02,1.280016923463580536e-01,1.433662270379244541e-01,1.759693764046681430e-01,3.535181052887648168e-01,4.285292247790579712e-01,4.525367595042723012e-01,4.854067582459850039e-01,4.930179050726829493e-01,6.511895431539955759e-01
5.300430000000000000e+05,9.670201098779270810e-01,9.625378667005328737e-01,8.391206197784943921e-01,6.785451892921290362e-01,6.313853671194565864e-01,5.966465948839875244e-01,5.931953457651517603e-01,4.865084740798268914e-01,4.358060829464432961e-01,2.717519178840313021e-01,5.773036104416928715e-02,8.791735786001375619e-02,1.132178256490348200e-01,2.323603577873649684e-01,4.202400780439443650e-01,5.380729950569193010e-01,5.596831893908205124e-01,6.044406668147546124e-01,7.680443367973567304e-01,9.237324918328931878e-01
5.300440000000000000e+05,8.506959657125402474e-01,8.063386281764022279e-01,7.722471819972126506e-01,7.580645687266683863e-01,7.226181509873932374e-01,6.476808570466977555e-01,4.668291977162517536e-01,2.650268748562314425e-01,1.832421185624940607e-01,1.071591028647824739e-01,7.016860000280444876e-02,1.195974059991701255e-01,1.908778870157574747e-01,2.090896192959060818e-01,2.687090172363574281e-01,5.355707806429834683e-01,6.039472199728188606e-01,6.145416504164363802e-01,6.796236941856023117e-01,7.380848027301841752e-01
5.300450000000000000e+05,9.871081605400560122e-01,9.808044261633727112e-01,8.351710638607968695e-01,7.133540793178566597e-01,6.700313833266201557e-01,6.291621122287689438e-01,6.121894990735996522e-01,5.542743296432152134e-01,5.019077219455739813e-01,3.294896772024997755e-01,5.769305252939127548e-02,1.933883313291755446e-01,2.261963004148322964e-01,2.529804732509888243e-01,3.443328755367247584e-01,3.460985019287370346e-01,6.148681542742918671e-01,6.930717708524727350e-01,8.537949099742340175e-01,9.623286379286014602e-01
5.300460000000000000e+05,9.237240002649045323e-01,8.643619245498477266e-01,8.083783307617039560e-01,7.851416100000063736e-01,7.849540764749373123e-01,7.800986506397182829e-01,7.618102213588349159e-01,5.990191333965778631e-01,4.965264000522695564e-01,1.647663141085276006e-01,1.320955935111622903e-02,1.282817873470500913e-01,1.391915425665112283e-01,1.988654266411683524e-01,3.027424540830371269e-01,3.446107455661262531e-01,4.674619613880636182e-01,5.113537692803755697e-01,5.277388383968937280e-01,6.200388771411112776e-01
5.300470000000000000e+05,4.734199844231083976e-01,4.622215079947419314e-01,4.540100050562249079e-01,4.360607885123106708e-01,2.372120666658699140e-01,2.335143192144371049e-01,2.199438163586066031e-01,1.630566216569759863e-01,1.463975238379959798e-01,7.590760441435262518e-02,6.924076117781396977e-02,1.756530056161803577e-01,2.585291658488343414e-01,4.361260095881335230e-01,5.983181915321799105e-01,7.192072950019902100e-01,8.011232341934402257e-01,8.235700093907463160e-01,8.572599323293857987e-01,9.524300254674259447e-01
5.300480000000000000e+05,9.788670109768654592e-01,9.610956528451486403e-01,9.058721090601515868e-01,8.412239801042427079e-01,7.510877572649672373e-01,7.280843932561232856e-01,6.286561710256378666e-01,5.875701473963834687e-01,5.840902348485073059e-01,4.132120139581546558e-01,2.973584353752156684e-02,3.029441842817148789e-02,1.802725682284530562e-01,3.447149130118215554e-01,3.720000164968345624e-01,4.397148524286751403e-01,4.657595660170144036e-01,5.638089904227211457e-01,8.166456146302186747e-01,8.556110243764658563e-01
5.300490000000000000e+05,8.919392539660705443e-01,8.098927683982390935e-01,7.508355104630539678e-01,6.627229321625138780e-01,6.070448650544270075e-01,6.027045247128116623e-01,5.997192918045337606e-01,3.465459329639827279e-01,2.616745640180936361e-01,9.173607588112053790e-02,1.462849631338281053e-02,5.331923512632530393e-02,1.733977808825558631e-01,2.384659368276994540e-01,3.820750742675187439e-01,4.284379151351733750e-01,4.294556791021332254e-01,4.522762605205804531e-01,5.526069903889101465e-01,5.648153164839047058e-01
5.300500000000000000e+05,9.112849943473354530e-01,9.012778323205403730e-01,8.903579663360046137e-01,8.350332019917389159e-01,8.007085237148605650e-01,6.845168943555053342e-01,5.463959165921894456e-01,4.964754986461834552e-01,3.320531836381886981e-01,2.277055732846766656e-01,9.839946757903672570e-02,1.972544837187474309e-01,2.264706566429012247e-01,2.799616151616907134e-01,2.881601744052595393e-01,3.099696359210890595e-01,5.363369853999676584e-01,5.428301126420780331e-01,6.387323933379169816e-01,6.973476977139411170e-01
5.300510000000000000e+05,8.851457443235941636e-01,7.829472454054571262e-01,7.447940699115822571e-01,7.429726659280420087e-01,6.597689960031438705e-01,4.170009875532116883e-01,3.757092134215281876e-01,3.086133938553683453e-01,2.320676581765002133e-01,1.547476614605923784e-01,7.181509397439655995e-02,9.011516011428577499e-02,1.553132289445577907e-01,2.822193922621407669e-01,4.601287139183708463e-01,7.595025830594348548e-01,8.783511163338680872e-01,8.862213287259903538e-01,8.916797064778506643e-01,9.912245752413193500e-01
5.300520000000000000e+05,9.581344237493065741e-01,9.002985350115165764e-01,8.165416912397664984e-01,7.757720165386400302e-01,7.084145543910281839e-01,3.422769499327492637e-01,1.849931460972231712e-01,1.149569316190062196e-01,5.114896011238967422e-02,4.677826153084330141e-02,3.523898297893879317e-02,5.493754448277687885e-02,9.198588619754399787e-02,1.084639456009798275e-01,4.062410807567886639e-01,4.367956939370547520e-01,4.438221669026997107e-01,5.570862612328378871e-01,6.538244483087962688e-01,6.695685367261718923e-01
5.300530000000000000e+05,9.997676461372038137e-01,8.980980344658989756e-01,8.040214463832278113e-01,7.985696223072907829e-01,4.971432115620013636e-01,4.328132989532508246e-01,2.017202259460374458e-01,6.940041857463596919e-02,6.567612489648066987e-02,4.384768383554560334e-02,1.807584224661207273e-04,9.561168146757637043e-02,1.070669841059843641e-01,1.748977634447228535e-01,2.532777553870713128e-01,3.031647737343259319e-01,4.307458418153422564e-01,5.489796186974240655e-01,6.519193570398846838e-01,6.823999590217370015e-01
5.300540000000000000e+05,6.771688398185312652e-01,5.147296499416873505e-01,4.324735500083025652e-01,4.300750195201124004e-01,3.937693714892819274e-01,3.843092684028280859e-01,3.649094593417729904e-01,3.408463536058590204e-01,2.633011231884019310e-01,1.098998277321849848e-02,9.853184824594962699e-03,1.156057408854079815e-01,2.449682648005254704e-01,3.351315656141213850e-01,3.960641209322909306e-01,8.143833792304397967e-01,8.911430722945563598e-01,9.177522203230638054e-01,9.240343955928330688e-01,9.815352968033600467e-01
5.300550000000000000e+05,7.966385921746037546e-01,6.766254694697614314e-01,5.646923606043086075e-01,5.418050505964305819e-01,3.629401884831583436e-01,3.563603980796206105e-01,2.070510961913285541e-01,1.568205739695793799e-01,1.422120726894644527e-01,1.259195600391063152e-01,1.011350904623231628e-03,7.204101081038971621e-02,2.835656517338158711e-01,4.574295627989954927e-01,5.479766180413581100e-01,5.890439400181506358e-01,8.779298702736668680e-01,9.419678070231383149e-01,9.591280038181706491e-01,9.683945256744965757e-01
5.300560000000000000e+05,9.297691717042493309e-01,9.220752078971641286e-01,8.838437556902829506e-01,7.103581042393988243e-01,5.159766601275487252e-01,2.651971968021928916e-01,2.227845274033979361e-01,1.573228891206353008e-01,5.408391749979502006e-02,2.786111677235758588e-02,1.096437401868666228e-02,1.862143862933905991e-01,2.088626151710669676e-01,2.533820549554215429e-01,2.883431663360603858e-01,3.506096386359505157e-01,4.026194388746981989e-01,7.757594786127918196e-01,7.970866356261971930e-01,8.711900671889331038e-01
5.300570000000000000e+05,9.682272365975103101e-01,9.680534521395322001e-01,8.905100946897878122e-01,8.503263449460674028e-01,7.174743209720867432e-01,5.839336483090032948e-01,5.792811094754989343e-01,4.962639772982009312e-01,2.617395615956300547e-01,2.589146070815565581e-01,1.126035801054141583e-01,1.220067929139213581e-01,1.759901309408961056e-01,3.632673387000929788e-01,3.778437755815369226e-01,5.356521445645355817e-01,5.674631721672493967e-01,6.041037170154923697e-01,7.724718207579216456e-01,9.345623028864247228e-01
5.300580000000000000e+05,9.791972072826982121e-01,9.701223874314037765e-01,7.848428111225594916e-01,5.219497939751057691e-01,4.516130488509841889e-01,4.239466400816843672e-01,3.472318276442074581e-01,2.999076206903494857e-01,1.212670093642795877e-01,1.095872209689172649e-01,1.064544146490071785e-01,1.654654881170170011e-01,3.801586425990906015e-01,7.177382082552807852e-01,7.658943556800993369e-01,8.434985225288861299e-01,8.810472238870279416e-01,9.021552085548609767e-01,9.205658697535539225e-01,9.615757598616255786e-01
5.300590000000000000e+05,8.972443489243143722e-01,8.942374283584957340e-01,8.806611503000657537e-01,8.626718530016391773e-01,8.040960256551323848e-01,7.490684277133062841e-01,4.687869019742436638e-01,4.205355112813470297e-01,4.075317490379561924e-01,4.052923843865928744e-01,8.841305727614778842e-02,9.206937501947032310e-02,1.867915258871893913e-01,2.071914744558156496e-01,3.237596888211652368e-01,5.868305097914756630e-01,6.237119258416506939e-01,6.280748300696821218e-01,8.002188846355886565e-01,8.775555760096950264e-01
5.300600000000000000e+05,9.599618492934184344e-01,7.955749415905328803e-01,7.500599590949658113e-01,6.856457262385000639e-01,6.710817041702010766e-01,5.037767216415492966e-01,4.861489200125951315e-01,3.375863776854922671e-01,2.341343753436343489e-01,1.718209491703595049e-01,9.296388487051232552e-02,4.771721634381380639e-01,6.004654668388594851e-01,6.229434056395373176e-01,6.511906141369470102e-01,6.603282626472137817e-01,7.002782713535932180e-01,7.211836738205474884e-01,7.464062001817850511e-01,8.679980066802134298e-01
5.300610000000000000e+05,9.880630758499400201e-01,9.815052655963094619e-01,9.476060408775297539e-01,8.648531348519464812e-01,6.542319021807050383e-01,4.477817553545463403e-01,3.030480284086857212e-01,2.609777427773285474e-02,1.350209272218494405e-02,6.792400544250898342e-03,2.961746259607767051e-03,2.095403578668469935e-01,2.937564050377643454e-01,3.814320873742936824e-01,4.154475649636113488e-01,4.547951834399466264e-01,7.573039351146598763e-01,7.713074336654673901e-01,8.543769928622139131e-01,9.000477650385323436e-01
5.300620000000000000e+05,8.534081826155824890e-01,8.003885184045879120e-01,7.946877543635730845e-01,6.010819389604973306e-01,5.734645438078989077e-01,4.001913926568516633e-01,3.744356589417197068e-01,3.468015924512601877e-01,2.515042829895048904e-01,1.362009989183439185e-01,3.965276370695658414e-03,1.999936709674365876e-02,2.540344059174803881e-02,2.570655874206029257e-02,3.283066814917912080e-02,3.423398479837725938e-01,3.841228722749603364e-01,6.904089942919349188e-01,7.877124059067391881e-01,9.519810647567549244e-01
5.300630000000000000e+05,8.853623719771778200e-01,7.142614603598576029e-01,6.241328307936825359e-01,5.935616445919206230e-01,5.848166456974881466e-01,5.037392273771058582e-01,4.691375318408674833e-01,4.093338586951136282e-01,2.456429290559232204e-01,2.232708806884058372e-01,7.967544910940005387e-02,1.036984320758034261e-01,2.465882484089172433e-01,4.754479949051000354e-01,5.756690981023993015e-01,5.834613318079699962e-01,7.451951049868313914e-01,8.158717414447796967e-01,9.789686821664901339e-01,9.862572181693372020e-01
5.300640000000000000e+05,7.521430829976931687e-01,7.208074673529013543e-01,6.867430603704617331e-01,6.170633693775799955e-01,5.845184156616736182e-01,2.813410107517159142e-01,2.366334581799454106e-01,2.364143257232121931e-01,1.888346721861552391e-01,8.025847814263298297e-02,4.060161246447258065e-03,2.154084534282985075e-02,7.717420147567277677e-02,1.632074894969275380e-01,4.467472396923973799e-01,5.508967236313179194e-01,6.334182663790770551e-01,7.540810915955212801e-01,8.615661890565257108e-01,8.710381643505885618e-01
5.300650000000000000e+05,9.580206497757289830e-01,9.545526559454443616e-01,7.154605253255693631e-01,6.991342616146273281e-01,6.617656957557378483e-01,4.489425854046742437e-01,2.410528045980432355e-01,2.333750020440340522e-01,1.123032247261991357e-01,7.826746041652066221e-02,2.570300364442135166e-02,1.682486507048808200e-01,2.160681151956109769e-01,2.741772524123771149e-01,3.266553162416657718e-01,3.467975858538402401e-01,6.288299706975879477e-01,6.539519847680569375e-01,8.230136412072900365e-01,9.353234645654494583e-01
5.300660000000000000e+05,9.783568757202286692e-01,9.638717630747750675e-01,9.165623004763663317e-01,8.701054852933292061e-01,8.140046534365281694e-01,5.715421103018795135e-01,3.181081144998938459e-01,3.137356226924478131e-01,1.659724649389342499e-01,1.500299401362840124e-01,1.926691081399845018e-02,1.051926091733215163e-01,2.128379285922118447e-01,2.778843159896884352e-01,2.865616127694415871e-01,5.294706465382549299e-01,5.573061445440961048e-01,6.103594624746623287e-01,6.468996141834800762e-01,6.862738409457520561e-01
5.300670000000000000e+05,9.875366769427854630e-01,9.608988555659424557e-01,8.479537061605220138e-01,8.270355784881107120e-01,6.879110913690447138e-01,6.320193255870517612e-01,5.241591391473986450e-01,4.617002186661129937e-01,4.100004775925035760e-01,2.955562087209758770e-01,1.712891899097040982e-01,3.112404466648849288e-01,3.268251923805254311e-01,4.413193268164119498e-01,5.403438091079618699e-01,5.524658519008234236e-01,6.447438667000680024e-01,6.651627544617938481e-01,8.329717308563762135e-01,8.675613668951821511e-01
5.300680000000000000e+05,9.712082482432952135e-01,8.604054431386317647e-01,8.226124928722586827e-01,7.783762230611633859e-01,7.778656493536733052e-01,6.734145819428060120e-01,6.059307463772088953e-01,1.686269110923312997e-01,1.433598648341833925e-01,1.138090057846412595e-01,1.044704797042810274e-01,2.040007158898562434e-01,4.100809271263895495e-01,4.279669211066831069e-01,6.075909003398718422e-01,6.306229112893253497e-01,7.324888443477607369e-01,8.137770631054622728e-01,9.625572171232156249e-01,9.936500869359667920e-01
5.300690000000000000e+05,9.935801008775720922e-01,9.395930853949894246e-01,6.277934877957129789e-01,5.239792187665676115e-01,5.191183202414483278e-01,4.712940753350136625e-01,4.110235239587823886e-01,3.913069399066118059e-01,1.161514477285801039e-01,9.781009316485700378e-02,6.959521137218827036e-02,2.181411487282892692e-01,2.999057771331496980e-01,3.551986489517611201e-01,4.115660560580630678e-01,4.290981210528890255e-01,4.713933826833581753e-01,5.183024142900595210e-01,5.343014370238213795e-01,8.463920229057172451e-01
5.300700000000000000e+05,9.884986866909507564e-01,9.399802308292508624e-01,7.920698563816481741e-01,7.107516808588844048e-01,6.826026447500309624e-01,6.514795739352450266e-01,6.483231384330082614e-01,9.084370598694624377e-02,8.410324324189366596e-02,5.766394480939918132e-02,2.162652352615601625e-02,7.083709562140072524e-02,2.188935902691833135e-01,2.730000954178216643e-01,2.917289560915171664e-01,3.079857523925145779e-01,3.467463684516546296e-01,3.543191496084102665e-01,3.773804600490815453e-01,4.756185842196434255e-01
5.300710000000000000e+05,9.096888131533465982e-01,8.653733129392662260e-01,8.033518260308314396e-01,6.561156128249030495e-01,6.221737985889286282e-01,5.425948537393590065e-01,3.258325394872227942e-01,2.586037429257314058e-01,1.571310568840730282e-01,1.095764164120327511e-01,1.526683199379241795e-02,3.679308912958322297e-01,5.308827827290752976e-01,6.203396220555567053e-01,6.555349024568857264e-01,6.808465843071512813e-01,7.000410061599275924e-01,8.177134676983350836e-01,8.383488477156874064e-01,8.663035615661438538e-01
5.300720000000000000e+05,6.830007888366090851e-01,6.125374908164448184e-01,5.786681590867354119e-01,4.874135258210731125e-01,4.419075314151602596e-01,2.858775307107280783e-01,2.715781292192079865e-01,2.326431132026599569e-01,1.302357389529358311e-01,1.064587751760619483e-01,2.788825699594510432e-02,2.984470428039986967e-01,4.931156697834204738e-01,6.388544156474620372e-01,7.000387777223118224e-01,7.119509781758653899e-01,7.616122431414050764e-01,8.028208120910775847e-01,8.512090695549726638e-01,9.393721476118939151e-01
5.300730000000000000e+05,9.166777343887497764e-01,8.693209741446256134e-01,8.618080463291067916e-01,8.103604344800545700e-01,7.759004725880208619e-01,7.206810028975202398e-01,3.178249008220034311e-01,2.351319688444410971e-01,1.343869923003636613e-01,4.219812128464417444e-02,1.524132742694561671e-02,5.978563350843080215e-02,1.547934326656882353e-01,2.138485379799710540e-01,2.416302121680728998e-01,4.209167390875302450e-01,4.242535528144977253e-01,5.007425016554745145e-01,6.284540677761050187e-01,6.303153963220574640e-01
5.300740000000000000e+05,9.481762507363417081e-01,9.096325766335662255e-01,8.870832912425199446e-01,8.690327160108721749e-01,8.655628611208956436e-01,8.036837952912270211e-01,7.369642065609521842e-01,7.242990605180333885e-01,4.312643485764477980e-01,3.162717069466887132e-01,5.059034235133486046e-02,6.696471842854756495e-02,9.099424639230657696e-02,3.575864748756207856e-01,4.736455962669898767e-01,4.925908761373460898e-01,5.305572274577301517e-01,5.410861883890730750e-01,6.609029795853347267e-01,6.976190739170480271e-01
5.300750000000000000e+05,9.967218563380381147e-01,9.486730884325540458e-01,9.115521646766751029e-01,7.782737766109949495e-01,7.511294049284450436e-01,7.264024178260318765e-01,7.012239979702086234e-01,5.543540243913305243e-01,5.020112966405492205e-01,2.807826116697961227e-01,2.046725028706591898e-01,3.301064220451984665e-01,3.395100034393622179e-01,3.629414573086515716e-01,4.419874383781373650e-01,4.453085476285454369e-01,4.567361072470214056e-01,5.185149329219911341e-01,5.233859180443968251e-01,5.929062326836488372e-01
5.300760000000000000e+05,9.973814014940057815e-01,9.041078935523374493e-01,8.705150818580609240e-01,7.941293909456982325e-01,6.581769148399522207e-01,5.611908356970155554e-01,5.225461020144765989e-01,5.187885807708096930e-01,1.461359582585062267e-01,1.251188489406444004e-01,6.897113175013847020e-03,2.939823660038587416e-02,1.513141456224467163e-01,1.574021802040315166e-01,2.038442991831893591e-01,3.074000878611443666e-01,5.221823614657887802e-01,5.686548875852120988e-01,6.253034153830204778e-01,8.595755056793361604e-01
5.300770000000000000e+05,9.642273175865552215e-01,8.355620012751845405e-01,7.832751505591777352e-01,6.285153475120071054e-01,5.767725614833523196e-01,5.127272116894951992e-01,2.405313176082061188e-01,8.976436578677149392e-02,6.999947628796876486e-02,4.194214350569214211e-02,1.544529587961696038e-02,4.480452978997606639e-02,1.207201838002652794e-01,2.063929792320590151e-01,2.713042207594380528e-01,4.371251323290065161e-01,4.410564857283503226e-01,5.719700589237259880e-01,5.894421210161656655e-01,6.753816126119839280e-01
5.300780000000000000e+05,7.161421972975132721e-01,7.068332724603466621e-01,6.765225966735678442e-01,5.534361147431436923e-01,5.250238123857472461e-01,4.903025788440265043e-01,3.841662794991153040e-01,3.304401681228364973e-01,2.094962319896416236e-01,1.549818319767527486e-01,6.301086489600182805e-02,1.213859989930267114e-01,2.244013936149256150e-01,2.795469447924782136e-01,2.991809225766031144e-01,4.499752840481908711e-01,6.028444363836664710e-01,6.770308536959777079e-01,7.967814079869559585e-01,9.993276782183816431e-01
5.300790000000000000e+05,6.606891579295158801e-01,6.528961947143716582e-01,6.391386359864066335e-01,5.921283276069853052e-01,5.824365479760148512e-01,4.422913566785194872e-01,4.309151890536708773e-01,4.235584443758116935e-01,1.781590366519774093e-01,1.737455826640939005e-01,1.038667873424725663e-01,3.253941374699828026e-01,3.300978824088925956e-01,5.246428434696452925e-01,7.153276953377000202e-01,7.894792089490000331e-01,8.015060210196812696e-01,8.337605901099691685e-01,8.758497757428957975e-01,8.874399703645010629e-01
5.300800000000000000e+05,9.739202642512806429e-01,9.416635073147084922e-01,9.202887806215274136e-01,6.776642628652279621e-01,6.431887043490909228e-01,5.508814512607685954e-01,4.264024615573475119e-01,3.187754330083681920e-01,2.823028711566283322e-01,8.876122797533714248e-02,3.828517395541930490e-02,9.638299319664511700e-02,1.428578727846111507e-01,2.615308051471495476e-01,4.162437986009440705e-01,4.558744363639611885e-01,7.558640083522000230e-01,7.597608842922127792e-01,7.917668463855790373e-01,9.925918058746650008e-01
5.300810000000000000e+05,5.859666518995700901e-01,5.420314019655666504e-01,5.171937103986583573e-01,4.453386584130853976e-01,3.630100202461589154e-01,3.114660371097637270e-01,1.420752974782778510e-01,1.227745274558456057e-02,6.701471040970297111e-03,6.269876864149370732e-03,6.212175166286804107e-03,2.254168120645394513e-02,5.517389494007074457e-02,3.791896121624062088e-01,5.189895477236525778e-01,5.764535775187586975e-01,6.534562631234522856e-01,7.022070349605731288e-01,7.196714560899702962e-01,7.907216748508983928e-01
5.300820000000000000e+05,9.513113013820212460e-01,9.259250454953995568e-01,8.348297789313171569e-01,8.242551331483140009e-01,6.759301003912522310e-01,5.778437788110104556e-01,5.111294778053433463e-01,2.596709315105417692e-01,7.338087362441902961e-02,1.968943274322643155e-02,1.398765714097915946e-02,1.455948188590661108e-02,1.287761985940167886e-01,1.874514239945782590e-01,2.363588596966152977e-01,3.589440544148407852e-01,4.376707682497350538e-01,4.565750201906294548e-01,4.823682080341855638e-01,5.205650240178615329e-01
5.300830000000000000e+05,9.791810353818893864e-01,9.279409314827040678e-01,8.603675062272837515e-01,7.968455438191418549e-01,7.091814297512373244e-01,7.021812586058835404e-01,6.226107777569739321e-01,4.696872648700802788e-01,4.553561714621977563e-01,2.086817801891327484e-01,2.146541949343827582e-05,5.532038586045273654e-02,1.536127641242063246e-01,2.730217332905320315e-01,3.133909874818915364e-01,3.150567714339670422e-01,5.511660285013382232e-01,6.200754620433238662e-01,7.962515988262529598e-01,8.948382487252519724e-01
5.300840000000000000e+05,9.781510455500859180e-01,9.396735053978851893e-01,9.376514640963479197e-01,9.356784942224185553e-01,9.238392002509064893e-01,6.009277979248093260e-01,5.937670840418448615e-01,3.167690835833254503e-01,2.765310047605319399e-01,1.806341145005767590e-01,2.754056106628754996e-02,3.022646919487426143e-02,6.981986722665667333e-02,8.617021309787009642e-02,1.854896534550009024e-01,2.710392379867345714e-01,3.046466795487816626e-01,5.346323162734865075e-01,6.676306040665791475e-01,9.313349838461997265e-01
5.300850000000000000e+05,7.719505908910190284e-01,7.171720996475416943e-01,6.870758329612357551e-01,6.854031210775047844e-01,6.323643866026820159e-01,4.690302096744100036e-01,4.141595421261613508e-01,1.492837070240028430e-01,1.205929207147454774e-01,8.649424379133607843e-02,4.532826314145066426e-02,7.890320810744577695e-02,1.500845271778832313e-01,2.047977124446445085e-01,3.354414056415658818e-01,3.961323536367227227e-01,7.793335307285884639e-01,8.194105335838359760e-01,8.945992274348270046e-01,9.559652836384292529e-01
5.300860000000000000e+05,9.271314416323919172e-01,8.424627328728626630e-01,7.746850799937703425e-01,7.632965229896456760e-01,6.255312798027830024e-01,6.238992682861327355e-01,5.167908545186215008e-01,4.882461045579724601e-01,4.765066943140311428e-01,1.264032720531335086e-01,8.184001391490292043e-02,1.693937075618112686e-01,1.756027296852276098e-01,3.797524036009543025e-01,5.269834428001163307e-01,5.589252524118768495e-01,5.759691053406591488e-01,6.657027521337479659e-01,7.140798839420583466e-01,7.267900721781653806e-01
5.300870000000000000e+05,9.784465500120211878e-01,9.088909227053054707e-01,9.023525955198412607e-01,8.494342151652634065e-01,8.483667838499766578e-01,3.849504188959269602e-01,3.720805638198220189e-01,2.968530893296772444e-01,1.425251367516082723e-01,5.579897318282545093e-02,4.516232634516725852e-02,5.374779573446075709e-02,5.484074666745841764e-02,1.125262518426729530e-01,2.448992707783879119e-01,3.440104267638561808e-01,4.105904039699707075e-01,5.149022586863343243e-01,5.387329617934127901e-01,5.679231043082262342e-01
5.300880000000000000e+05,9.593132489992917122e-01,7.809713387262297024e-01,7.489379319723896700e-01,6.232988355711409634e-01,5.300282351294494099e-01,4.284325995782991559e-01,3.038321672488740743e-01,1.962189971237987551e-01,1.867096515885915409e-01,3.810929916650362959e-02,3.101137323118718925e-02,1.346801237258999917e-01,1.645837485687465795e-01,1.868154012830681721e-01,3.184045031190019248e-01,4.532750784648060804e-01,5.078316055272796836e-01,8.677060506542249030e-01,8.787437514012073070e-01,9.269886810087927254e-01
5.300890000000000000e+05,7.328501130163543875e-01,6.092635819769115502e-01,5.980053873858444113e-01,5.389996219414002754e-01,3.797413264281322975e-01,3.009908223518160675e-01,2.929443468632428882e-01,2.166679117423385703e-01,7.424554990038390034e-02,3.630299226584543515e-02,1.193567720148347444e-02,2.256828735521466678e-01,2.829064823051758992e-01,3.364090480242333259e-01,6.357156745751206817e-01,6.620418232758109589e-01,6.649887284699096401e-01,8.355011680738508861e-01,8.877759902932442770e-01,9.480914826355165692e-01
5.300900000000000000e+05,9.730853394275286172e-01,8.397751333966494425e-01,7.294523362766576202e-01,6.680804932977577604e-01,6.487444917796930666e-01,6.326464198391504867e-01,3.992512739188341930e-01,1.557977197133086911e-01,1.476230660156102603e-01,1.323004914846671598e-01,3.396796039012961455e-02,1.038237573536504588e-01,1.907741943152647668e-01,3.659509812862549172e-01,4.306232923549954128e-01,5.386101539731555921e-01,7.332532595911711581e-01,8.224104407461014787e-01,8.628261830220798068e-01,9.909127060944109555e-01
5.300910000000000000e+05,9.769588141705357609e-01,9.485236097608571448e-01,9.426935592817866638e-01,8.426452258020642461e-01,7.863739609968873889e-01,7.456815872564740433e-01,7.441369351349633732e-01,7.200766121659891716e-01,6.554210819855338377e-01,6.525975233237729656e-01,3.242148532852051623e-02,4.652278362392447963e-02,3.738647721365214727e-01,4.684854386192399689e-01,4.806321165255902361e-01,5.116257009548281776e-01,5.121761939537493591e-01,5.316092657126360033e-01,5.787299702624257858e-01,5.920637531469762349e-01
5.300920000000000000e+05,9.473747485062422591e-01,9.043710672394371652e-01,5.907502173638821130e-01,5.147160412601902157e-01,4.495901433147206916e-01,3.949604619874709233e-01,3.595839008806147596e-01,2.391102980781134590e-01,1.364627207916816465e-01,2.727053738417073436e-02,1.085815723398408927e-02,2.143617168967520970e-01,2.739455371901513558e-01,3.171887728365827552e-01,3.316939263095856072e-01,3.859812924136778456e-01,4.838204385759264925e-01,4.960692240678512555e-01,5.234095101901716784e-01,6.059701296364277123e-01
5.300930000000000000e+05,9.518103511232487435e-01,9.138373381840522169e-01,8.287420193691027448e-01,6.976995526023415106e-01,5.605836812229159083e-01,4.328589972521648122e-01,4.052798853720740446e-01,3.352067215918993481e-01,1.308503045811509891e-01,9.062928014485627237e-02,3.412192100187094734e-02,1.373594699603746250e-01,1.806412594787737413e-01,2.462116427139631192e-01,3.285217394650837841e-01,4.365366578404488163e-01,4.429142738855025296e-01,6.093024925047174634e-01,8.072980677839498576e-01,8.123723146066819112e-01
5.300940000000000000e+05,7.437627659242107558e-01,6.179851161335707666e-01,4.812518821070221886e-01,4.618009583633472248e-01,3.942831815106819793e-01,2.125493293505488213e-01,2.023942579131576824e-01,1.791494714884984685e-01,1.213912429203127807e-01,5.988682712276993669e-02,4.647714846760186980e-02,1.388881530566142830e-01,4.983350684240719364e-01,5.520907711197826639e-01,7.315616773337411116e-01,7.979751617763476412e-01,8.171014839819986664e-01,8.906030117153400649e-01,9.303008745342804531e-01,9.607155371817935885e-01
5.300950000000000000e+05,6.722211411083397481e-01,6.525773038783065916e-01,5.750264191992012774e-01,5.310217312342744300e-01,4.919986532146172209e-01,4.332939500879341432e-01,3.095789957709847995e-01,2.292899873041853720e-01,8.049642785258548372e-02,1.985131082796465218e-02,9.871603773200510190e-03,2.467611192331919945e-02,6.342652948246202405e-01,6.724581947338186261e-01,6.980853644105258216e-01,8.121425104305284304e-01,8.285406376017799834e-01,9.005250232757010531e-01,9.360242706747504693e-01,9.622630418645415906e-01
5.300960000000000000e+05,8.961215443982194495e-01,5.648146718802654620e-01,5.586289237242104688e-01,3.928994860000504241e-01,3.328429189076822503e-01,2.636349306511704960e-01,2.464741981864450038e-01,1.763429837778358600e-01,1.493459403438693878e-01,1.049072969056857874e-01,7.647852230377383265e-02,8.393964928101582679e-02,8.659610905422299165e-02,1.272373249513593096e-01,2.919191956474886940e-01,4.108682402053344118e-01,4.799182786776476917e-01,8.730876761894423854e-01,9.668965856617290910e-01,9.743776557238998937e-01
5.300970000000000000e+05,8.990452274204240313e-01,8.086100560042468466e-01,6.938075350794937757e-01,6.426066709471711658e-01,6.241812563934854285e-01,5.408983815510016724e-01,5.326285354149666862e-01,4.140234286603761138e-01,3.284173043409601700e-01,1.205536443486489029e-01,8.417008201552944602e-02,9.623949462756331563e-02,9.780939059476212449e-02,1.302247792303338203e-01,2.301797855209722909e-01,2.852612839457649985e-01,4.190463639925010586e-01,4.566722423650136919e-01,6.008346935513469989e-01,6.138617903386308639e-01
5.300980000000000000e+05,9.291046171416249555e-01,8.885977807228264691e-01,7.664204367176453703e-01,6.582718639492782797e-01,6.570973022013889553e-01,6.436777702937473977e-01,5.579593089087468982e-01,4.382847887869294468e-01,2.329885747394627726e-01,1.309018829774719617e-01,3.799029139736598282e-02,2.742505380809036053e-01,2.860440752200165138e-01,3.053826432707861249e-01,3.150259597366017461e-01,3.353803531144203820e-01,3.504393338518123624e-01,4.980974048145606625e-01,5.931335130780394094e-01,6.927626599550930075e-01
5.300990000000000000e+05,8.015801597023729519e-01,7.450216895093720870e-01,5.110791605842502916e-01,4.901652539715004586e-01,3.352793796831980977e-01,3.254864592399787648e-01,3.129902251535908730e-01,3.032766341733604820e-01,2.391560608144991384e-01,2.298158969936229257e-01,2.923262863820852431e-02,1.161065003634349502e-01,1.601282677342549254e-01,5.510982703092318635e-01,5.650696860243832331e-01,7.176110666201093169e-01,8.673919034662405103e-01,8.732832599099457083e-01,8.802805998794610565e-01,9.494100650440430167e-01
