4.900000000000000000e+05,9.357920423410659438e-04,1.274130653520066936e-01,9.706728420025680926e-01,2.212002826971385616e+00,2.979945162591163932e+00,3.938154184444759842e+00,5.040236649763382815e+00,6.127401262819584637e+00,7.416074425253277091e+00,9.649111505202611738e+00,1.088795751401978507e+01,1.136189274188252796e+01,1.216774180923253112e+01,1.258221155202979702e+01,1.305849577759015645e+01,1.025870536300537594e+01,1.063408267282053110e+01,7.702492755590323092e+00,7.623358845491036817e+00,7.743775724949372830e+00
4.900010000000000000e+05,1.092745070704157495e-01,4.259661793737952173e-01,6.443431795815059981e-01,9.415786088131086196e-01,1.327791875580782044e+00,2.481001628255787406e+00,4.541821758055629488e+00,5.372016951599639434e+00,7.473457064823048945e+00,9.294728836039814368e+00,1.097022838287399793e+01,1.137666278184601687e+01,8.079074900599637843e+00,5.496813027390313522e+00,4.944049389343283529e+00,3.820454107109323871e+00,3.105045416779978584e+00,2.509744883667663018e+00,6.559412254257710462e-01,2.282860958715060562e-01
4.900020000000000000e+05,1.915982823966819737e-01,4.064412552311540416e-01,7.683086138034851409e-01,1.082200061919913914e+00,1.572283792782572132e+00,2.193510379779746611e+00,4.000720785029177939e+00,6.238853600466801375e+00,7.756685505831607763e+00,9.401064734123885103e+00,1.075664815889932235e+01,1.047550294919867753e+01,1.106156558793082390e+01,1.104735306374213621e+01,1.087986068415094643e+01,9.527898255304474873e+00,8.821432194980371122e+00,9.268951670548792876e+00,9.587616475744869859e+00,8.698103257063552363e+00
4.900030000000000000e+05,2.248655307324376462e-02,5.024639507184600618e-01,1.323762502671945507e+00,2.188349731869437154e+00,3.001597733169696802e+00,4.556606294540003432e+00,5.449312173695210149e+00,6.733598491302912770e+00,7.760626125756308724e+00,9.388547142937298418e+00,1.091239025748772029e+01,1.065856058772472359e+01,1.102520211674213613e+01,1.168843316940101218e+01,1.061206295281670009e+01,1.077223019041795737e+01,9.247169395444888806e+00,2.409299555990285668e+00,1.532350783082860435e+00,9.196285036977069893e-01
4.900040000000000000e+05,1.548847383543600076e-01,3.340611827579389459e-01,5.584544273412936910e-01,1.484221613118140937e+00,2.393723018558929105e+00,2.902136656540330595e+00,3.550033250285005604e+00,4.245398229257451028e+00,5.182228196012650834e+00,6.473648751777608901e+00,1.007065273170726449e+01,1.052686218499008142e+01,1.132708222890514094e+01,1.005156587281430447e+01,9.379799329267369146e+00,9.663655319469086180e+00,1.953678498915392137e+00,1.955851211066758299e+00,1.239655187784743262e+00,9.996141831679472567e-01
4.900050000000000000e+05,3.532782917837540282e-03,2.805765940449338469e-01,9.036246420246428768e-01,2.205999372476687981e+00,2.948820931790728572e+00,3.680935319630099567e+00,4.749694074595160131e+00,5.434349742336405775e+00,6.146862332703610932e+00,8.845788609346701747e+00,1.078636622976548054e+01,1.166511123982065357e+01,1.184318887598553438e+01,1.169701493852056196e+01,1.197679321778692341e+01,1.001543487767573026e+01,8.505379723392412217e+00,4.529101651297977149e+00,4.728320103146003817e+00,3.706125502980710529e+00
4.900060000000000000e+05,1.850199035457833485e-01,7.760303800899295279e-01,1.169459900181561984e+00,1.562410946261668876e+00,2.128008418286194470e+00,4.384093651123527557e+00,5.188175248813048590e+00,6.140918901946366582e+00,6.996270500312159690e+00,8.887191170137171525e+00,1.036787423713401068e+01,9.822768993405773585e+00,9.765216336633132599e+00,8.851474612713628787e+00,8.392128348760648393e+00,7.694196970184846052e+00,7.633832984255390919e+00,7.529404437370223135e+00,7.934782544658192549e+00,2.377442521775225970e+00
4.900070000000000000e+05,2.886218705085716874e-01,5.901689906059666146e-01,9.747796125626955188e-01,1.497698665502336546e+00,2.767490759722698535e+00,4.003722811774736101e+00,4.781673009869760627e+00,6.128265192028127473e+00,7.461572702070860430e+00,8.575891381231352639e+00,1.024661290661459212e+01,9.585473631700704544e+00,8.928318015656600437e+00,8.839498025527660729e+00,8.886654116782347401e+00,6.986597950220492237e+00,5.961231170854911277e+00,4.302682497033328168e+00,2.890216184417384149e+00,9.749689206373757244e-01
4.900080000000000000e+05,2.010778225867032587e-01,8.812975738068000719e-01,1.619534878537947531e+00,2.246202690421274628e+00,2.818890423551712043e+00,3.797039659487305041e+00,4.682772967841009049e+00,5.571144806798998594e+00,6.647658096475153044e+00,9.158484564440358966e+00,1.086280755593368319e+01,1.098027326214041821e+01,1.062537045761104260e+01,8.684847751419443540e+00,8.037979291122551828e+00,7.396830749099700952e+00,7.047337621056979806e+00,6.099228767318276567e+00,5.921515252817788344e+00,2.987312623072049256e+00
4.900090000000000000e+05,3.851826954381604162e-01,7.947765772546142582e-01,1.271173063442446516e+00,1.947594844036956818e+00,3.074610036424687998e+00,3.697752765193064839e+00,4.543916554553220521e+00,5.595898970420051022e+00,7.392432875528761826e+00,8.806906580638930393e+00,1.074410795664408624e+01,1.069818107841681964e+01,1.048740686393125543e+01,7.699580946482028843e+00,6.353948577487073202e+00,6.450584516868607565e+00,6.175372078934179498e+00,5.599225262724373486e+00,5.518265277736882801e+00,2.427669186235648091e-01
4.900100000000000000e+05,4.619117508238368419e-02,2.162991251302976980e-01,3.514134002538151780e-01,4.820416662773667760e-01,1.089701148578818390e+00,2.669385390084020315e+00,3.731356738626840475e+00,4.729826952419135644e+00,6.417858170291864006e+00,8.668869493991094188e+00,1.058694283502136635e+01,1.017274412575130071e+01,1.078259460621500132e+01,1.127551088158044479e+01,9.456685108557046249e+00,9.928988356544893534e+00,7.470783533160354928e+00,7.779884153697086191e+00,6.650972969912985810e+00,5.855788743226195692e+00
4.900110000000000000e+05,9.138031619978626008e-02,2.034498936654003387e-01,3.279920130804714340e-01,5.435112265562200839e-01,7.331721711770211591e-01,1.781854177520119098e+00,2.263306417342711541e+00,4.784727088947660967e+00,5.755050368882436373e+00,9.615540666562072403e+00,1.074445496916776754e+01,1.133057384578197713e+01,9.392950708070175736e+00,8.971131808308458133e+00,9.077227535721855034e+00,9.209837883187889318e+00,8.669786076079477155e+00,4.977065215433936984e+00,5.067422099287708370e+00,3.030081793660828193e+00
4.900120000000000000e+05,3.516768734108444150e-03,7.817160090666375183e-02,4.978623811944551392e-01,1.171886640633435395e+00,2.161374167020003512e+00,3.843200488555764238e+00,5.193238117457243064e+00,6.268686594398765521e+00,7.298263579248194688e+00,8.842036093347925174e+00,1.013765286462370874e+01,1.084839156769841750e+01,1.086067377366957487e+01,1.159642765852956003e+01,1.151833375640298129e+01,1.032310248607199377e+01,9.650565420765971680e+00,8.640292298366285095e+00,9.118766293651621169e+00,9.261581172802188178e+00
4.900130000000000000e+05,2.031750587894887161e-02,3.689074008426045381e-01,7.425519172379572153e-01,1.176461578596131652e+00,1.810490120567620043e+00,2.217791301580941177e+00,2.998794891426104670e+00,4.440307421311484148e+00,5.073987393455498207e+00,7.557868346709132545e+00,1.094086774562649644e+01,1.013772830777688050e+01,8.945344933156961886e+00,9.590953981117552374e+00,9.765106932490967395e+00,9.747870828404940013e+00,1.030025516834911237e+01,9.242618375830245370e+00,9.540444542549993301e+00,9.566350320459545031e+00
4.900140000000000000e+05,5.152943304527268786e-02,3.290712308441703371e-01,5.406641883464747833e-01,1.301399662947277047e+00,1.831067354400079505e+00,2.622389380837241823e+00,3.196897958034444986e+00,6.368788113140910312e+00,7.571464543918787093e+00,8.873032237558435398e+00,1.052297035754210519e+01,1.099070772903230342e+01,9.203345733464622924e+00,8.979344888943574077e+00,5.535984416697602661e+00,5.517163905562576076e+00,4.827895687078916254e+00,4.803623066471972791e+00,4.488322879843907209e+00,3.797957289127611435e+00
4.900150000000000000e+05,8.204335036880561205e-02,3.040148277637391150e-01,4.834179443095466544e-01,1.108099904134412395e+00,1.414633584581294734e+00,1.750595115013816816e+00,3.171754734137118170e+00,4.979442359288522191e+00,6.680383655559576361e+00,8.416919770955257007e+00,1.073558353262081333e+01,1.169281654811420168e+01,1.230505383606373115e+01,1.190600651231351748e+01,1.169318671348063177e+01,1.240961772670941521e+01,1.086999094168060331e+01,9.474015928521552610e+00,5.746256581352497506e+00,1.710009690339830968e-01
4.900160000000000000e+05,9.784022610983678092e-02,3.458493992235593950e-01,5.963491353820133956e-01,1.064382719268955224e+00,1.995901750291745325e+00,2.594016569147740370e+00,3.791301666957664018e+00,4.915062727789020869e+00,6.808003287560818073e+00,8.259926018232873091e+00,1.003093095079017871e+01,1.004481634386929478e+01,1.031722439856672402e+01,1.042233544902092568e+01,1.087812886870206341e+01,1.152827726410097320e+01,1.205448465381904555e+01,1.257953087721276830e+01,1.223454383789996491e+01,1.210040893883025781e+01
4.900170000000000000e+05,2.155269001692272646e-03,2.367052992189913052e-01,4.448290324372622395e-01,8.427973745426542429e-01,1.085936399983578049e+00,1.614848881550469351e+00,3.336292662560150113e+00,4.723661529781393753e+00,5.366112951667383335e+00,6.032835247604079854e+00,1.080433707661286924e+01,8.456785856138143487e+00,8.975375117028832506e+00,8.983223866444882688e+00,8.181629137343810143e+00,8.625109824549923587e+00,8.819885479968146313e+00,7.671671371292860364e+00,6.488752565568002950e+00,4.804102874422262914e+00
4.900180000000000000e+05,3.850461562569769125e-01,8.160103279518338137e-01,1.663618193802438139e+00,2.352671196150865729e+00,3.113562254824226994e+00,4.420621113063280205e+00,5.228138918452371442e+00,6.516533107324411489e+00,7.381581584288713138e+00,9.098227117421831878e+00,1.088349741218250344e+01,1.016644370680255349e+01,4.712490370544242246e+00,4.477335154760950786e+00,4.207686845118591812e+00,3.322497209639504234e+00,3.209807980369753899e+00,1.161778442589080917e+00,9.175928831246410455e-01,4.373601670612004000e-01
4.900190000000000000e+05,7.567610173373162663e-02,1.921760951308153498e-01,5.521745662298578328e-01,7.863991743493157216e-01,2.039643423473264772e+00,2.523092140412892981e+00,3.044356605052547238e+00,5.144567403793351090e+00,6.932335160166619659e+00,8.689686266447631979e+00,1.012617284550334595e+01,8.900139626710320329e+00,9.454141039988837036e+00,1.000430268526511490e+01,7.181505089250920904e+00,3.295270222949183037e+00,2.478823428549925545e+00,2.435485302325518742e+00,5.419330069074501655e-01,1.100812870439260571e-01
4.900200000000000000e+05,2.239183042182846251e-03,4.645377817281306498e-01,9.425961809204748132e-01,1.465604718679188956e+00,2.081404465386246017e+00,2.606792546616259809e+00,3.246884667796400947e+00,5.059426643428576398e+00,5.974127621967753932e+00,8.824177617174061794e+00,1.067895967575374705e+01,1.084654215303320157e+01,1.132733047823323069e+01,1.176469863807729865e+01,1.243244084192834187e+01,8.982716748279910846e+00,9.542448032093499677e+00,8.613225483509554081e+00,8.343329479714794772e+00,7.525339659452823682e+00
4.900210000000000000e+05,2.553440396425521453e-02,2.041384746459857791e-01,4.087500056143406058e-01,6.025280963292813929e-01,7.852891420037833026e-01,9.790487059907952982e-01,1.233415576411898584e+00,4.392514745825638833e+00,4.992130568678101454e+00,6.916967387810004197e+00,1.002323562793699452e+01,9.714542374496488719e+00,9.778608483687120767e+00,9.914601119994944867e+00,6.539358149493398109e+00,6.043510594439444716e+00,5.370576176728610207e+00,5.080492467190044437e+00,5.270447934730226436e+00,4.718207364972045070e+00
4.900220000000000000e+05,5.823493924233524854e-02,1.250843633578486713e-01,1.993799795740119896e-01,3.617487469835944935e-01,1.677734450308727254e+00,3.114039615749494949e+00,4.442751183441083995e+00,5.805661408797502254e+00,7.613590447705700370e+00,9.358610333963742534e+00,1.064390544506524172e+01,1.005964231248917073e+01,1.010848738564263627e+01,1.042546741602390448e+01,1.018421848158210175e+01,8.910443077879291351e+00,8.758559011982114839e+00,4.630535806460756021e+00,4.759408986903840066e+00,4.421645268123426398e+00
4.900230000000000000e+05,5.145387517189092819e-02,2.369282330003050774e-01,3.773479892456340634e-01,7.033671052566390358e-01,9.597660276595171291e-01,1.171910693986393248e+00,1.806344807053628543e+00,2.074944326568798125e+00,3.830506333510946160e+00,5.039089783753171403e+00,9.928596365132525747e+00,7.121686774115993046e+00,7.441360472325908582e+00,7.680916822400147836e+00,6.935305738126929853e+00,6.958642903536601310e+00,4.826284617043901548e+00,4.454333798289711766e+00,4.199320266510117250e+00,4.348035727193431121e+00
4.900240000000000000e+05,9.940287389589408384e-02,2.534755098600061096e-01,5.864451737908233930e-01,8.063030936645412261e-01,1.159436106049087201e+00,1.793656726991684325e+00,2.534838368831239919e+00,3.257358304499279100e+00,4.939468820261812887e+00,5.670307827423366476e+00,1.078178624831540944e+01,9.061669370715149441e+00,9.052182410495126064e+00,8.688956857502962094e+00,8.097548982143404572e+00,5.087021317215810967e+00,5.373701978477319230e+00,5.586121435488530906e+00,4.961157335262948109e+00,3.299438562069056946e+00
4.900250000000000000e+05,4.912528934068868258e-01,1.066851352392587549e+00,1.639304384029038886e+00,2.678873370320567826e+00,3.381059962046091716e+00,4.352392849905708516e+00,5.607396142525531424e+00,6.776495005338932565e+00,8.056678997747042104e+00,9.866627020381072199e+00,1.098714074960019893e+01,1.019729208796997000e+01,9.538864783853895801e+00,8.361659763818844127e+00,8.190454609141109898e+00,7.308334195399606159e+00,7.763220520149578974e+00,7.561397637567569774e+00,3.453644426670225087e+00,7.554088680999382355e-01
4.900260000000000000e+05,2.432172411037236692e-02,8.896154001334632966e-02,2.003619784172939733e-01,3.782016477478609140e-01,5.016013465830337914e-01,9.011844414280998361e-01,1.679232482967335738e+00,4.642231945938815052e+00,5.517122146020629891e+00,6.898491154949873305e+00,1.082587607476914648e+01,1.056200441963629899e+01,1.071232952440779229e+01,1.047341974490061389e+01,1.120586689215069498e+01,1.106417109433021828e+01,1.125824476063576540e+01,9.373783511118894296e+00,9.473968908166067848e+00,6.541031750566068226e+00
4.900270000000000000e+05,2.122021694296335470e-01,6.422747509141617517e-01,1.226043503068657170e+00,2.088096768529084546e+00,2.798062363103710481e+00,3.557633353192089398e+00,4.600161328150173645e+00,5.477107745243732673e+00,7.234189723973393882e+00,9.069915300732981578e+00,1.017547551257616156e+01,1.015983349219692755e+01,1.046836690850586926e+01,1.088242049652602006e+01,9.924145246301515400e+00,9.293858941983447863e+00,3.552184797349712042e+00,2.215605980550916954e+00,1.792536429296800016e+00,1.458416021024211418e+00
4.900280000000000000e+05,2.953571681447231256e-02,5.361245727195942390e-01,1.483219944672899082e+00,2.320462353571841163e+00,2.945135550486508880e+00,3.628317713071991690e+00,4.551858321890391856e+00,5.907042318933635627e+00,6.964754984156279249e+00,7.863397293701844148e+00,1.003513158199296562e+01,9.673676466582032063e+00,9.936255899478895870e+00,1.068393765438258391e+01,1.104990845675440703e+01,9.499002445061655919e+00,7.659561103767214441e+00,7.250869531160682335e+00,3.761017131298199256e+00,2.957080691303672904e+00
4.900290000000000000e+05,7.302964775711895395e-02,5.321744387824782763e-01,1.018557868724128346e+00,2.023939801839054642e+00,2.596199190588992511e+00,3.364294731159681806e+00,4.223689233388392417e+00,5.962842918503307388e+00,6.812623174868481790e+00,7.973813947837493643e+00,1.045576773403486470e+01,9.861379524803744800e+00,9.974322076549144711e+00,1.061498527042911455e+01,1.122602414352202871e+01,1.123714325243706114e+01,9.039001165639145796e+00,7.677643208592510149e+00,5.113067196079404297e+00,2.728212125951143818e+00
4.900300000000000000e+05,5.371193273593477535e-03,1.079666521164472925e-01,3.088184598833761951e-01,4.932806425787923388e-01,7.366951343570543598e-01,1.693048479497613723e+00,3.133575279260702118e+00,3.644938925837131194e+00,4.554556732914059047e+00,7.365385089721808498e+00,9.195849115981301836e+00,8.571419009232666752e+00,7.553788888121284906e+00,7.633365126383903743e+00,7.752311822522993445e+00,5.401871460422240645e+00,5.622664422609243040e+00,5.588142664595804554e+00,5.584975900048748443e+00,5.530872745049119743e+00
4.900310000000000000e+05,9.289750761366510901e-04,2.195075509242740974e-01,5.490529661631102787e-01,1.190350742838661269e+00,1.555907594011751716e+00,2.662638087195897008e+00,3.164033983876437972e+00,4.390206630093670626e+00,5.044389536189567202e+00,7.579332689075396701e+00,8.510327297507958022e+00,8.945687198433926568e+00,9.318819084724950130e+00,7.763411983854870968e+00,5.731619242343120924e+00,5.958741459548463126e+00,5.136212128903527407e+00,4.565662329975371136e+00,2.776571229945831831e+00,1.477168767318757236e+00
4.900320000000000000e+05,4.310303384922786751e-02,1.098345399913425169e-01,3.718513528047219241e-01,1.049578147122844474e+00,1.710062128769541001e+00,2.151644065626189040e+00,3.937528891601749681e+00,4.666597575311720369e+00,6.504529728063176641e+00,7.527750826075251922e+00,9.614346291685633261e+00,8.054172163770726200e+00,6.281924080369996055e+00,6.184011376902454060e+00,6.472393762488663604e+00,4.977140043691806071e+00,4.108495251124860026e+00,3.409303943249993196e+00,2.802728854981100248e+00,2.866401761133796633e-01
4.900330000000000000e+05,1.107700159385019978e-01,2.359957782800972126e-01,6.167146505115802535e-01,8.299556576214790482e-01,1.269338213155540185e+00,3.308111136689797060e+00,4.323492523938822885e+00,6.971277961165858628e+00,8.294445665377475407e+00,9.636218939489598512e+00,1.095820303028861176e+01,1.174193560739659326e+01,1.104548801773082189e+01,1.183688171616618057e+01,1.107676760034230412e+01,1.119819131344727658e+01,1.114698910942905918e+01,9.675086857305867483e+00,9.869998911126295127e+00,8.470024832037728046e+00
4.900340000000000000e+05,4.026769672253760479e-02,2.863192344562475178e-01,8.146527343429852408e-01,1.478007091419633046e+00,1.898280972422768942e+00,2.650897367933252369e+00,5.258964755098093136e+00,6.092098743936693594e+00,7.630758995343465578e+00,9.293915301941639839e+00,1.093836113014980072e+01,9.685016315056596881e+00,7.797848098666372962e+00,8.267041310197663861e+00,6.212101687354800283e+00,4.902547347982345372e+00,4.042708590841207261e+00,3.126135833113059093e+00,2.395646847663160273e+00,1.706559694502918223e+00
4.900350000000000000e+05,3.441894007497467989e-01,8.941002853008985785e-01,1.490066322162830081e+00,2.197924084786122556e+00,3.031433553072920173e+00,3.668543693707272624e+00,5.161160873858394282e+00,6.344110624039904778e+00,7.306575586191388361e+00,8.306335311985579395e+00,1.031453794919459632e+01,9.946030847389092600e+00,9.992586242300136590e+00,1.034632824327810852e+01,8.806519186437817837e+00,8.732376232194299703e+00,7.425323750526048983e+00,7.180188691509390431e+00,3.572379639445631749e+00,2.343255255169041096e+00
4.900360000000000000e+05,1.757849686919288335e-02,8.241211282703764240e-02,3.067481035370724918e-01,5.120477173636373003e-01,6.965783728896796090e-01,1.890069831608498729e+00,4.253218913243857813e+00,5.269889315138527763e+00,6.430654215296753407e+00,9.227803708334009869e+00,1.051405568098045151e+01,9.175127185688539910e+00,9.638203652629639961e+00,5.649167911929541042e+00,5.345160448176716983e+00,5.628050074291932603e+00,5.588667827318968939e+00,5.634175725455895289e+00,5.768717857771889612e+00,5.475364941761573512e+00
4.900370000000000000e+05,2.176064607323593414e-01,4.896532458234574836e-01,8.492050106563142631e-01,1.184045270274972861e+00,2.146935864531520632e+00,2.672690768813781315e+00,3.257825244311327140e+00,5.143185346378958300e+00,6.432723284198368141e+00,7.436120076851574723e+00,9.711297578242019668e+00,9.150060862459806543e+00,8.909170030201599033e+00,8.059395302645583570e+00,7.532435170349856435e+00,5.887958382643708077e+00,3.229160449671403921e+00,3.170029316684949805e+00,3.119799414138366700e+00,9.232815503002855806e-01
4.900380000000000000e+05,4.829062732379751921e-02,8.011022163036058963e-01,1.418881158858625868e+00,1.916278115564321816e+00,2.901661505279840902e+00,3.758240382495908971e+00,4.941175441757296838e+00,6.347585135971157477e+00,8.696004048007058174e+00,9.673051609121833039e+00,1.092467481253877892e+01,1.048048958897987504e+01,1.122944461821106366e+01,1.192434283586543309e+01,1.263599183982172747e+01,1.154763426569650697e+01,8.277702661462509326e+00,3.121073090615061219e+00,8.104274555724217954e-01,5.172933376295918428e-01
4.900390000000000000e+05,5.811913713546124072e-02,1.669553212690333410e-01,2.727369742868888114e-01,4.951607106928652691e-01,9.415625073620309538e-01,1.160195673759554236e+00,1.985907707767323505e+00,2.330003193358625602e+00,4.018276588669873917e+00,5.577359614182105574e+00,8.469380155404635957e+00,8.848998598608979194e+00,8.961367632409073636e+00,6.937523812542075063e+00,5.390476409606520747e+00,5.670914133892052789e+00,5.520985495519269648e+00,4.998714569476648606e+00,4.319873384284469431e+00,2.812779444381645622e+00
4.900400000000000000e+05,1.841037430150640475e-01,5.252975408991411577e-01,8.820245541928890542e-01,1.480933764349448012e+00,2.037159602590198126e+00,2.806835201618973485e+00,4.461311207144157187e+00,5.176922710673173889e+00,6.389614278349692533e+00,9.066458446125961856e+00,1.022590144599904072e+01,9.788167304603526020e+00,9.974950964083433291e+00,9.734302225221920679e+00,7.381102936264846370e+00,4.340188230370003453e+00,3.617641118014249813e+00,2.180588509335041447e+00,1.902218288951257996e+00,1.197459064911721160e+00
4.900410000000000000e+05,1.734739719623301646e-02,7.881331057534057827e-02,1.377905364713853942e-01,1.289480243352455258e+00,1.707671158812363865e+00,2.549440596240168055e+00,4.382908627918565614e+00,5.964709621727728894e+00,7.095426384754611071e+00,8.191391435239022911e+00,1.031109343338160578e+01,9.516266359080894688e+00,8.052172461873063014e+00,7.222365171983526011e+00,5.519973738748549685e+00,5.388916541769512847e+00,4.311848662663209986e+00,4.472722725286729428e+00,3.920035899483129693e+00,2.833879279549351704e+00
4.900420000000000000e+05,7.789582404690964523e-03,7.357720381811971855e-02,3.325740696655110629e-01,2.355386858589306964e+00,3.134680282893010705e+00,4.074727817492796333e+00,5.056998292803955408e+00,6.666785991017470714e+00,8.022849750440038008e+00,9.465475439116529444e+00,1.062522244354270029e+01,1.149570659521503124e+01,1.194050729832395241e+01,1.169158369790342000e+01,1.011487123273074040e+01,5.315530565990712830e+00,4.977711449831208057e+00,9.444583564263990816e-01,3.173282411842519579e-01,1.728973494018148926e-01
4.900430000000000000e+05,1.858808066907435830e-02,8.973557364626372213e-02,2.875265654428744710e-01,4.236801621238179827e-01,1.843353215724172323e+00,2.253640833929396514e+00,2.663009186566098752e+00,3.114740614969120358e+00,7.557129831066944803e+00,9.532828094781933714e+00,1.050646044703213811e+01,1.127812092046315229e+01,1.054102478595237002e+01,1.131808860645598180e+01,1.074255065600580572e+01,1.119050291269064168e+01,1.178109799290450432e+01,1.169150672546009950e+01,9.807300949561222225e+00,7.806559519061881502e+00
4.900440000000000000e+05,8.232926095508885656e-02,1.755624942437452596e-01,6.770356932036101227e-01,1.163204084237653202e+00,1.468910419830335989e+00,1.796916697464169266e+00,2.251076152596073854e+00,2.674569175598922044e+00,7.560012009894115259e+00,8.465670414701474300e+00,1.038807282712853386e+01,1.105982498803438219e+01,8.344970309668134689e+00,7.007176073787020343e+00,6.973747071446967816e+00,6.916624831588324085e+00,6.537126449692512331e+00,6.457403015820728953e+00,6.659241632987455084e+00,6.303593209331950220e+00
4.900450000000000000e+05,5.353687930453898680e-02,1.506850268039052754e-01,2.977809908066607614e-01,8.535743614565123316e-01,1.098815265604950575e+00,1.880476591164137012e+00,3.975656934609759219e+00,4.763636141735711149e+00,6.872317935142610246e+00,7.745017260263910686e+00,9.875333909252251630e+00,8.229289318192433811e+00,8.510435513438647348e+00,8.636841482563083261e+00,8.294815626502657580e+00,4.557059659919923789e+00,4.685836249003965115e+00,4.460990466729638726e+00,3.173463255047708209e+00,2.469937759684095457e+00
4.900460000000000000e+05,8.580111504969178959e-02,3.631428128971834202e-01,1.399728539190413956e+00,2.122366017412347539e+00,2.994388459378635403e+00,4.694147339163068366e+00,5.835736804893355334e+00,6.936632303517741960e+00,8.412640665089432090e+00,9.508853276275866406e+00,1.078806038029073378e+01,9.562040170117311888e+00,9.858860224673009043e+00,1.048593501921518722e+01,8.524400757033598452e+00,8.359716329113297206e+00,7.921824933550583481e+00,7.259794926391219150e+00,5.129021739506101518e+00,4.585417556081541335e+00
4.900470000000000000e+05,5.366665853771301897e-02,1.596976132303360441e-01,6.145735125985714031e-01,9.689755530026635810e-01,1.232973845226683629e+00,1.725679410020787508e+00,2.754244935534452488e+00,5.844717550326665290e+00,6.993935263054790852e+00,8.463509100767931059e+00,1.068899766467269075e+01,1.150692863317418357e+01,7.457029171927329614e+00,7.725918076936928003e+00,8.155235310963599105e+00,7.868408945569846935e+00,7.344213313556126721e+00,7.742350427547627589e+00,6.662836971875102599e+00,5.142841405662692544e+00
4.900480000000000000e+05,2.845324659908154974e-02,9.824932660670637752e-02,1.070047394699659815e+00,1.466948458728245974e+00,1.869158486083315474e+00,2.437164202788344447e+00,3.844963666575387684e+00,5.940467029787482645e+00,7.696584015461940709e+00,9.302931449347084936e+00,1.034286536736951767e+01,1.074761221666869559e+01,1.080544171300893197e+01,1.160627507811056525e+01,1.240059468417097044e+01,1.231561265434336150e+01,1.255612208598623702e+01,1.063331338919897817e+01,5.349234768514668836e+00,1.199942423258031354e+00
4.900490000000000000e+05,1.341149064686377734e-01,7.567855947281827422e-01,1.185525297929852062e+00,1.815233918673533342e+00,3.134572744422579937e+00,3.783527117008508966e+00,4.535709408651519503e+00,5.954819520489667894e+00,6.881059259102028314e+00,9.216375702133547065e+00,1.044823361107401993e+01,1.088502234576105288e+01,1.178582873933915032e+01,1.246662470024822156e+01,1.009401583795285084e+01,9.447224548252838972e+00,2.534490548506529883e+00,2.173727088950656139e+00,1.850302210569426897e+00,1.842381368207626213e+00
4.900500000000000000e+05,6.744592769787782771e-03,5.312097228055612241e-02,8.138266156431417375e-02,5.011382203497305454e-01,1.362506425519846021e+00,2.505565735900664670e+00,3.893236496748403663e+00,6.330551730738594784e+00,7.194592304004364003e+00,9.336572710985853618e+00,1.061659070516564896e+01,1.101199903121117885e+01,1.090469570352470896e+01,1.059788762712290655e+01,8.469247982617218895e+00,6.948671277811833136e+00,6.245211020309518801e+00,5.560387356232856959e+00,4.412193793144613352e+00,1.676684202007379110e+00
4.900510000000000000e+05,4.848019804261409771e-01,1.050755076146902889e+00,1.664506366124870462e+00,2.272870876876319279e+00,3.149899659096045745e+00,3.921446287262230435e+00,4.889501628153801960e+00,6.232040419477132609e+00,7.307435632535145054e+00,8.830282115526131292e+00,1.061531951550595743e+01,1.129181011420808289e+01,1.212165894090558460e+01,1.142059833944129821e+01,1.080021256486519832e+01,5.629581444444134775e+00,4.828548421477761643e+00,4.056824655806329005e+00,3.667845576810386810e+00,1.947842264895971454e+00
4.900520000000000000e+05,5.989527679162276463e-03,1.432225912505533660e-01,3.396814326364305803e-01,9.188105360562515145e-01,1.700001814275373668e+00,2.045503640739485540e+00,3.161872895588746069e+00,3.726394754219366057e+00,5.648824640203921277e+00,6.651741567355675677e+00,9.558443950856473137e+00,1.036680543325071113e+01,1.019629095079604930e+01,1.055950460959002513e+01,6.635992317518589090e+00,6.759605698809078689e+00,4.855605862788451077e+00,4.897802998656251461e+00,3.323450953965298993e+00,2.397278873884949313e+00
4.900530000000000000e+05,3.792531698236201176e-02,1.367669404651110643e-01,2.737229864913761634e-01,7.810656101721726863e-01,1.771948030106758498e+00,2.320757754346615798e+00,4.232972466833818004e+00,5.060765612667224467e+00,5.730770788880414912e+00,7.673318408223926745e+00,1.074128154580260031e+01,1.147100173641323551e+01,1.215339184433913289e+01,1.239812277451352251e+01,1.161820767658594633e+01,1.187590336822500170e+01,9.266067670834976511e+00,6.934771209420091509e+00,2.008599443622782310e+00,1.835732439310253650e+00
4.900540000000000000e+05,1.471263021589838127e-01,4.783519418532897749e-01,7.303964343026690953e-01,1.421199624943006778e+00,1.852848934586598384e+00,2.486992701542095840e+00,4.288132163573700417e+00,5.203799948522315866e+00,7.093428237945719417e+00,8.349971488086399773e+00,1.053467025905549193e+01,1.096883386725459708e+01,1.134965693136207854e+01,8.784688187161156847e+00,8.148663632209743213e+00,2.108340888999201468e+00,2.135180688610717858e+00,2.201439088050145987e+00,1.622462913508654792e+00,8.462434727049283900e-01
4.900550000000000000e+05,3.771469148743156197e-03,4.915986195678279103e-02,6.211964179252573715e-01,1.448315778493594053e+00,2.410842871386402297e+00,4.318483278046675977e+00,5.060337773080262558e+00,6.156736325867978366e+00,7.209182031440221294e+00,9.534407032778181801e+00,1.098201113380349270e+01,1.158693127957479874e+01,1.101154659551701975e+01,1.129206337017827089e+01,9.003560329076613300e+00,8.956191720079376140e+00,7.103451103879892869e+00,7.012854062943966404e+00,3.664518777281721373e+00,1.422292633012296470e+00
4.900560000000000000e+05,7.772102674647418663e-02,1.648400919271511000e-01,3.157628516585045952e-01,5.760800239135575040e-01,7.371197423360142942e-01,1.275965311324282148e+00,4.718787158361244849e+00,5.771093801761281838e+00,6.655285146579823063e+00,9.394189706979666710e+00,1.062981359449836560e+01,1.005120566801879001e+01,7.621659892138751502e+00,7.782166245695471218e+00,8.073838233600824310e+00,7.528930578891968040e+00,5.465492199134628137e+00,5.201898793451624314e+00,5.051049267538873622e+00,3.844105334478604696e+00
4.900570000000000000e+05,1.356813525829059230e-03,1.789224097239325850e-01,3.513739515721479023e-01,5.616815752712951415e-01,1.264492261600563161e+00,1.821329004202066004e+00,2.558692847761697919e+00,3.874881809117172615e+00,6.340798732396487836e+00,7.208963205292064913e+00,1.066696677303156093e+01,1.151404473860825917e+01,1.195915824624156265e+01,1.176589442023545118e+01,1.163634374823381101e+01,7.569336277077969299e+00,7.825503072030858931e+00,7.143272413129125198e+00,5.738408956988795495e+00,3.982024065417100189e+00
4.900580000000000000e+05,2.024267967291899506e-01,5.313794077387183901e-01,1.350692443949207622e+00,2.466129916694061563e+00,3.447946959478363382e+00,4.382720326611037720e+00,5.540986527602353107e+00,6.471053452072472290e+00,7.439174961819595033e+00,9.585575244309712417e+00,1.098890523540422492e+01,1.023520991737169972e+01,9.789854693193465351e+00,8.366731364393503512e+00,8.383871025955873080e+00,6.703999505742050502e+00,3.173477029017323314e+00,2.467117919221768041e+00,1.210334678661638907e+00,5.002690778318186204e-01
4.900590000000000000e+05,1.511436172319947646e-01,3.931222334503059468e-01,5.994133208149023950e-01,1.264167171626866093e+00,1.903830166813574865e+00,2.887700713301060595e+00,4.836426283760580702e+00,6.039374545602318456e+00,6.878617660820751212e+00,8.858108367185417720e+00,1.065806892398512495e+01,8.865963386603157304e+00,9.384869690047702662e+00,8.772257480948594477e+00,8.972744876063272201e+00,8.230433943698912458e+00,3.965745759366254397e+00,3.752564779651641924e+00,2.076568501530861255e+00,1.778235329737378745e+00
4.900600000000000000e+05,8.774414018844634011e-02,4.124767690389183894e-01,8.466050808733593946e-01,1.578214400262476502e+00,2.148168842816058799e+00,4.310708238540884807e+00,5.222995283798026911e+00,6.451078175132365367e+00,7.503060749182693279e+00,9.334568373726337853e+00,1.045003000323354314e+01,1.010534298303754852e+01,6.501011570723546740e+00,6.926646748848471091e+00,6.987458252011786719e+00,3.796813559508244396e+00,2.609351642751576161e+00,5.972988610200857806e-01,4.329000433741262421e-01,2.626989085713193894e-01
4.900610000000000000e+05,5.089391072386584280e-02,1.431489819886397896e-01,3.776376294245300524e-01,6.851378699518169135e-01,8.957609403313160357e-01,2.384800526168673773e+00,3.718181942067248169e+00,4.976192432051535164e+00,8.274053560537891983e+00,9.905546581470579426e+00,1.091754631067172454e+01,1.106199711317260537e+01,1.148308289438573127e+01,1.200762615140386380e+01,9.738824954357751196e+00,8.904161658888307684e+00,7.875382946862084843e+00,8.224694337800141142e+00,6.385254308180350336e+00,3.764238303442342115e+00
4.900620000000000000e+05,4.438919129505182193e-01,1.038550118989128634e+00,1.596959413624883917e+00,2.230565127775715695e+00,3.041443579652692186e+00,4.341294703008767186e+00,5.802991709092272465e+00,6.703765948339277969e+00,8.361680222492562820e+00,9.431733746119876471e+00,1.091480697797492461e+01,1.115547611744425893e+01,1.100906909489837382e+01,1.067849865619059457e+01,5.793286529351057368e+00,3.138882226820523869e+00,2.751800931521986460e+00,1.889971285808964785e+00,1.744440210811630365e+00,1.086785899800464250e+00
4.900630000000000000e+05,9.857208799004701927e-02,2.217102965201953602e-01,4.849806646359297035e-01,8.185196959526357396e-01,1.104091490888315263e+00,1.782358408461352406e+00,2.973166530832621390e+00,3.667723357429640174e+00,5.559381335104983002e+00,6.825951539336220009e+00,8.262387423013988652e+00,8.915461662788327857e+00,8.418182295590320052e+00,8.796435909026174116e+00,9.350286341236961007e+00,8.885407193515661106e+00,7.184761216852670884e+00,6.755554330116481765e+00,6.618264843989146939e+00,3.870934781606389929e+00
4.900640000000000000e+05,1.230075275983388838e-02,5.200036572667010581e-02,2.995311890464811277e-01,6.431160287166433065e-01,8.214699069324127301e-01,2.421264139994386611e+00,3.739129261092609458e+00,5.031445267945019673e+00,8.043773392456847304e+00,8.950983790599723378e+00,1.094370680077724423e+01,1.122473142703906213e+01,1.213819981608160248e+01,1.241390722238688582e+01,1.281421238981895883e+01,1.346439370280688053e+01,1.260235884457831901e+01,1.298376770231237742e+01,1.126445394879178608e+01,8.447257477894147826e+00
4.900650000000000000e+05,4.275846419753399630e-01,8.727268595906185755e-01,1.353417649422022029e+00,2.016274996964018129e+00,2.816502327293843422e+00,3.408788301372918994e+00,5.367743999870327798e+00,6.349871368228198421e+00,7.873829794304416652e+00,9.152418028188151311e+00,1.088177000688339469e+01,1.099802240683785648e+01,1.049214510131542433e+01,1.070671280885863119e+01,1.040169457197671754e+01,8.182516598817562326e+00,2.487430359525069079e+00,2.557150958515616690e+00,1.121396938463283366e+00,5.218860342809961139e-01
4.900660000000000000e+05,3.208518314307640118e-02,6.942643497557221544e-02,5.301685724139822975e-01,9.503225335849707633e-01,2.345640101899318264e+00,3.276604520510253415e+00,4.044763855588642265e+00,4.846372730468704759e+00,5.690030809253933342e+00,8.689321447901125595e+00,1.076016203983697928e+01,1.123623611348223506e+01,1.079849727521550840e+01,1.054682878260173950e+01,9.834342658564025896e+00,8.906980826301929000e+00,7.601018753324140675e+00,4.668707960539133950e+00,2.420633432978488209e+00,7.188688828634570704e-01
4.900670000000000000e+05,2.224472225018525595e-01,7.101577031687973385e-01,1.314782719477087358e+00,1.807040948464642138e+00,2.743270696660729424e+00,3.304021833792522678e+00,4.322459576319864993e+00,5.135208183669837112e+00,5.936655396477773294e+00,8.691222413050754270e+00,1.081055881656823381e+01,1.178662200602269472e+01,9.093372248870393193e+00,5.757240698610043950e+00,4.586886842022336097e+00,3.133800712176217473e+00,2.385751867193549369e+00,2.495990967276005890e+00,2.287087653418710342e+00,6.347500361676283731e-01
4.900680000000000000e+05,1.949759504537156296e-01,4.450998018141996138e-01,7.429058218907645950e-01,1.684422697587481199e+00,2.383070934090766535e+00,3.216305700135667855e+00,3.776296175034782099e+00,4.666105675591941448e+00,5.586790078898083323e+00,6.311093118716301298e+00,1.046380031874422301e+01,1.101601674914217810e+01,1.078534305626074463e+01,1.079828787963964842e+01,9.806241681360354789e+00,4.311636179882096798e+00,4.068013944294471607e+00,1.788308466496380866e+00,1.652228038189432313e+00,1.657206577615373266e+00
4.900690000000000000e+05,1.719711373562016199e-02,1.268819007019310607e-01,5.911058210644026811e-01,1.039052853122659048e+00,2.095987856375453262e+00,3.706666782903982327e+00,4.368808278395175826e+00,5.137204826742372887e+00,7.232243566066776097e+00,8.139468074208647153e+00,1.071521796278738847e+01,1.104643446775509297e+01,9.660019285309946468e+00,9.506318787105943358e+00,1.016069527882369883e+01,9.472831035549065248e+00,8.831788241880762058e+00,8.069676910368539069e+00,4.594986215780882510e+00,4.660863302077951076e+00
4.900700000000000000e+05,2.945761335596097652e-02,7.153340842153865786e-02,3.441208623168114933e-01,5.710868939196140914e-01,9.033147833309063124e-01,3.676517360905045884e+00,4.507866583719751574e+00,5.649884206408435361e+00,7.215077326140269420e+00,8.062830473757669481e+00,1.035115892783211855e+01,1.068915282240254960e+01,1.100004027556528463e+01,1.184118945262442679e+01,7.868059937662598813e+00,5.076143805112939944e+00,4.669227470484075937e+00,4.800984750469261542e+00,4.818066031518132952e+00,3.744513531739286361e+00
4.900710000000000000e+05,5.828492457036904550e-02,2.346801354192902256e-01,6.627974122213315944e-01,9.803547321771342027e-01,1.260665099573201164e+00,2.738915469900844446e+00,3.457463020122738317e+00,4.199668532917754327e+00,5.195754886192421651e+00,8.637177129850298840e+00,1.081673306970701454e+01,1.117135414119798753e+01,1.153739935526820837e+01,1.209271791335281243e+01,9.972022786605839073e+00,8.565384809277917455e+00,2.654008360358351304e+00,1.568240210994565897e+00,1.122790566851291638e+00,2.671477215013506878e-01
4.900720000000000000e+05,3.944864031037775831e-03,1.289999144161444455e-01,4.575516765845371037e-01,1.126677909498458252e+00,1.427425107789952907e+00,2.219535044259575596e+00,3.341948846580315102e+00,4.726347989389566351e+00,8.674103991334360941e+00,9.817528129461832620e+00,1.098831315645397311e+01,1.184937959372312832e+01,1.131776428809165047e+01,1.112869878966774984e+01,1.019283283605553159e+01,9.213179973753835128e+00,9.191829798794749706e+00,8.487466055866663694e+00,8.323761865438312313e+00,6.243329405332036508e+00
4.900730000000000000e+05,2.489169366505783465e-03,4.053129278275080516e-02,3.174920866285785293e-01,6.053299638619065171e-01,1.138836703892635693e+00,2.316803072439097555e+00,2.981964157582064345e+00,4.739086182856820706e+00,6.583758325289764457e+00,7.573297446462012417e+00,8.918637864839721985e+00,9.573603209067043096e+00,9.503170455074329226e+00,9.344847257639084859e+00,9.596309215041268104e+00,5.729873799468307993e+00,5.286415149286751713e+00,4.693234878041085523e+00,4.880409208367427532e+00,4.951577225732308740e+00
4.900740000000000000e+05,2.057112012359774145e-02,1.643846334542242715e-01,2.984136484281501023e-01,4.346074732387394945e-01,7.308589766984330272e-01,1.034932561416886720e+00,3.445216198636426252e+00,4.238035065932962198e+00,4.857427821010216640e+00,8.340730231871717137e+00,1.095647967984031368e+01,1.108330854393030229e+01,1.063974409110683084e+01,1.092245231874324141e+01,1.117529416057216096e+01,9.858341444922746888e+00,1.030726433649735974e+01,1.090970646594934301e+01,6.062564917478296955e+00,2.680709261049787351e+00
4.900750000000000000e+05,1.291662596956318909e-01,3.753794504933598564e-01,5.893224312553971833e-01,8.236718922658350373e-01,1.063643066868913412e+00,1.361016251665657872e+00,2.077969389661263211e+00,2.757520452335072036e+00,3.471064719811988830e+00,4.237396889293493452e+00,1.085499480151414708e+01,1.106626896614501021e+01,1.099242044993596146e+01,1.134920431190244372e+01,1.192181296632949739e+01,1.198294886362200096e+01,1.033510149169193326e+01,9.176601394666949574e+00,1.072178624590430562e+00,3.362750489433885548e-01
4.900760000000000000e+05,3.996320632566752185e-02,4.301248961552639472e-01,6.921838257708753384e-01,1.002012976299117231e+00,1.873561767934159406e+00,3.370168951645579725e+00,4.032374355545615963e+00,6.109906199568576390e+00,8.343646657097352204e+00,9.769385878661063671e+00,1.075061902664522151e+01,1.160842435981303566e+01,9.655920018117953418e+00,7.043743377727320620e+00,7.037349591672506399e+00,7.421526162629067613e+00,6.341068549256728026e+00,5.976328716542838926e+00,4.843320398161416129e+00,4.745012047927463783e+00
4.900770000000000000e+05,3.061585928880713459e-01,7.714171764892923111e-01,1.286660035688282244e+00,1.838152789097973638e+00,3.500742210431583956e+00,5.105914031227052341e+00,6.100904900665502950e+00,7.159366298086227154e+00,8.299665850956481350e+00,9.632479660704264646e+00,1.098596930602176158e+01,1.010153753513821862e+01,4.046664597542745767e+00,4.145555332379191604e+00,2.673865068140233170e+00,2.764910350340288758e+00,2.794735776800561844e+00,1.979442933676174077e+00,1.807902358335713222e+00,1.432323553593131127e+00
4.900780000000000000e+05,7.965813596517457018e-02,1.794641391398459351e-01,2.851394699284395262e-01,9.515862750876977749e-01,1.532539219671106956e+00,1.934269894842857607e+00,2.428486797381913753e+00,6.112312137561884740e+00,7.347556888790342633e+00,9.276594402872607503e+00,1.063101215849269110e+01,1.049030771129108786e+01,8.877303737412777451e+00,9.360058498508180946e+00,8.521358486668287213e+00,8.354480021970086767e+00,8.771248014406621607e+00,5.746359949242162202e+00,5.253760697999897644e+00,3.269840705576485540e+00
4.900790000000000000e+05,2.722178958227128298e-03,6.203798957458839247e-02,1.035242776790037400e-01,2.080279722482050175e-01,2.964623922365916542e-01,2.397546481701564147e+00,3.498033526066397503e+00,5.090170818457795399e+00,6.883353778096099163e+00,9.091927840809324479e+00,1.093110375389306377e+01,1.134218943870999752e+01,1.228202036651532225e+01,1.301969419733953970e+01,1.173041182776055535e+01,1.036010709783083961e+01,9.786449861905053282e+00,6.742612870766100386e+00,6.605103441021843658e+00,3.484941483057137912e+00
4.900800000000000000e+05,3.940672202252888390e-01,8.037505406534517505e-01,1.369266097658733417e+00,2.811519497952567725e+00,3.819432354194649992e+00,4.783050753737501992e+00,5.952628537612961068e+00,7.104179914604003443e+00,8.353717438921512084e+00,9.416208671162074495e+00,1.042239612634100432e+01,8.242586738011471681e+00,5.058653391002839506e+00,2.520282115402058487e+00,2.595924065531612257e+00,1.916617715734103555e+00,1.034615428790442770e+00,1.091659405477106493e+00,1.117881882120946635e+00,5.416897327035652410e-02
4.900810000000000000e+05,8.497086396505215689e-02,1.735018824942637927e-01,3.863111761304971470e-01,5.883990589043239794e-01,1.703439554795098232e+00,2.300437573957061943e+00,3.573209492978629331e+00,5.158467625889503694e+00,6.539161272401290859e+00,7.768815766134572698e+00,1.077345684917125546e+01,1.048762601521117688e+01,1.037290195664778381e+01,1.059395219081983086e+01,1.094723707454865824e+01,7.876933199098358429e+00,5.039138608531993135e+00,3.179497121198655130e+00,3.067415289319384009e+00,1.821493064687289554e+00
4.900820000000000000e+05,2.116989584889616971e-02,4.404458350607509676e-01,7.604361342839535132e-01,1.049915353893521530e+00,1.339710117669874467e+00,1.884550465669145858e+00,3.883905057615764100e+00,5.044903143038745874e+00,6.316218538139401595e+00,9.317597268584540515e+00,1.068840127409746898e+01,1.130520780684954474e+01,1.222251763714638351e+01,1.032779641791256253e+01,7.954914607475716437e+00,7.090413016183712003e+00,7.189819135638304104e+00,6.298120729698206688e+00,6.107258494065428422e+00,5.997041562293993877e+00
4.900830000000000000e+05,1.069101407022887695e-02,3.081473310802829157e-01,4.977346061539922317e-01,8.837787548914191049e-01,1.553412979711790598e+00,2.179997422285022246e+00,3.888572753101153801e+00,6.441829848057641250e+00,7.248853035613329610e+00,9.396841786222939419e+00,1.082666219468489643e+01,1.108170141143169118e+01,1.105213567280899056e+01,7.376522647219016626e+00,5.921749392377544829e+00,5.601983502857283526e+00,3.433171808943528358e+00,2.837494834988575576e+00,1.876010735969773302e+00,1.091511153549087343e+00
4.900840000000000000e+05,2.196939842088312389e-01,5.099701695196048323e-01,1.983907637222329878e+00,2.668964937597065656e+00,3.349784459709815643e+00,4.845275688811431003e+00,5.976690792461088364e+00,6.934319762220593653e+00,7.989501407400669386e+00,9.035655974850019589e+00,1.042763996060742926e+01,1.041266620221959549e+01,9.693644597680634689e+00,8.223581243429279652e+00,7.325161144981605865e+00,7.705702996496757606e+00,4.117368293613610675e+00,3.735256937289419099e+00,1.295568676081054083e+00,1.334501791967461770e+00
4.900850000000000000e+05,5.375899688260236120e-01,1.086828772301960511e+00,2.302377548888495440e+00,3.113548408858264782e+00,4.003219497972333230e+00,4.834310218740081488e+00,5.707361866275365792e+00,7.535293751378494775e+00,8.574652479880487732e+00,9.676444781498243941e+00,1.088833153999805425e+01,9.496321831310901018e+00,6.906855046832033551e+00,7.144836771603828574e+00,7.307451640088563849e+00,6.505748441594343845e+00,5.628762642791439674e+00,4.838850662027612159e+00,5.014349016949764426e+00,1.994064226856595567e+00
4.900860000000000000e+05,1.631816695211990575e-01,4.871729421464541243e-01,9.454903057912437125e-01,1.342678397010274249e+00,2.007348556570637044e+00,2.722199295673209729e+00,3.501948669704918249e+00,4.259034312668555700e+00,5.838778661105756385e+00,6.643246517187283651e+00,1.074211189489565399e+01,9.766885856256035225e+00,9.638829307745231390e+00,8.760220591860777617e+00,6.470799486361242359e+00,5.719656057723563336e+00,5.645634667040487997e+00,2.582950830254813646e+00,1.686277781507563578e+00,1.739177091800656605e+00
4.900870000000000000e+05,3.453470544242998042e-02,1.830586006214200978e-01,7.326654204890132860e-01,1.085031495405138102e+00,1.781549410828984215e+00,2.278259026011173916e+00,3.025609785015580755e+00,3.602273700224833952e+00,4.073010287885677982e+00,4.705279913442251605e+00,1.093014594268905171e+01,1.118186087684448715e+01,9.968999707207228056e+00,1.046750626709870780e+01,1.112770193586144885e+01,1.176467403425862379e+01,1.085377899028966731e+01,1.138585995164992859e+01,1.142784836099400891e+01,1.148801668003892118e+01
4.900880000000000000e+05,6.429462611895631063e-02,1.808532782915666104e-01,4.015587301758493100e-01,1.185709383592713273e+00,1.998424900344470956e+00,2.541814388584686668e+00,3.709329839161711106e+00,5.033717369592367596e+00,5.830353327784278505e+00,7.095167793656930399e+00,1.089709087920242858e+01,1.132557190523947277e+01,1.081405687319130848e+01,1.127749498476098644e+01,1.004531490310431252e+01,1.044771857110058910e+01,1.086434888406275867e+01,1.113280410959844247e+01,7.924203381048865680e+00,7.542116167942268135e+00
4.900890000000000000e+05,2.006818342503778885e-01,5.488418568558912636e-01,8.418293878024384336e-01,1.243309476298193772e+00,1.888608058035210036e+00,2.458944200387378487e+00,2.924180360234203579e+00,3.541513124628329123e+00,6.593653240113624747e+00,9.093781738306836004e+00,1.007937457339393994e+01,1.043210953794528351e+01,1.119361940482938067e+01,8.148641346588613388e+00,8.148574998249223711e+00,8.061302075582762683e+00,6.159281163230932776e+00,6.080330187349066051e+00,4.107176853215730006e+00,1.137312475058678274e+00
4.900900000000000000e+05,4.791744038833423147e-04,3.647686921626425161e-02,1.358842813043042996e-01,3.870387530382588537e-01,7.429449680162591996e-01,9.068870230069938643e-01,2.015700322650660681e+00,2.465056303027367335e+00,3.171711929863844759e+00,3.841292174167327822e+00,9.887331850192037308e+00,1.044298856930509345e+01,1.086338541356967902e+01,1.165502433956382333e+01,1.208995140351764164e+01,1.087224043197007539e+01,1.139940787791953980e+01,9.526836130344745968e+00,9.728734878483217940e+00,7.717065174434520891e+00
4.900910000000000000e+05,4.219503815636849176e-02,1.507113185749227036e-01,5.042203512581044933e-01,1.240757725454664229e+00,1.577849693670654752e+00,2.288432004805299513e+00,3.877074535577881065e+00,5.350664937946139510e+00,7.374880686513582084e+00,9.370736971266161675e+00,1.030870467820539993e+01,9.935743266772405491e+00,7.616659157064530561e+00,6.767273438149030262e+00,4.583965385117812374e+00,4.660886980064070428e+00,4.393039615692812205e+00,4.243132807568201770e+00,3.364408847866360741e+00,1.197181575540218201e+00
4.900920000000000000e+05,2.756215953729977963e-01,6.988938468544338978e-01,1.343401938517537086e+00,1.932702344803813865e+00,2.429774508970731439e+00,3.750105109747567056e+00,4.996502737529675997e+00,5.853459499894454687e+00,7.381628254596921401e+00,9.447977297154784182e+00,1.067914299338492512e+01,9.833791185053490480e+00,9.158563821282749373e+00,9.266255003176583571e+00,6.714218944526510136e+00,5.786439395772445593e+00,5.361486802055116740e+00,3.829640674645534482e+00,2.238541411153259553e+00,2.530424493047767065e-01
4.900930000000000000e+05,1.982500896918795164e-01,4.143840853297131588e-01,6.396616035939878264e-01,1.925495595761413714e+00,3.209099791640409371e+00,4.107250331253056608e+00,5.632489037980984214e+00,6.626693889881698496e+00,7.570409121262191121e+00,8.913723149890191877e+00,1.066915745023589501e+01,1.163293180973048990e+01,1.129266145557321011e+01,1.006371204226251770e+01,8.706079210131703050e+00,3.576377059417428228e+00,3.714043030638466636e+00,3.175492393905939181e+00,3.298939424511590168e+00,2.997323320949707437e-01
4.900940000000000000e+05,4.993267048726834911e-02,1.049635207359902456e-01,3.463261620681943320e-01,5.720932676469785427e-01,7.409182800764368970e-01,9.658124597035564474e-01,1.841221643530998708e+00,4.825054339688334082e+00,5.690252413519688801e+00,8.865639051325974407e+00,1.077512219311106989e+01,1.106283681231600724e+01,1.161710391585042146e+01,1.228098124229550869e+01,9.464190210303474515e+00,9.706056550211400236e+00,9.484078635568572224e+00,9.471292131638659129e+00,7.434715508461433586e+00,6.938755470590292518e+00
4.900950000000000000e+05,1.767290335904535548e-01,4.979802498746881412e-01,8.101777282484207143e-01,1.356688633661614851e+00,2.182153447703176319e+00,3.198242789001646713e+00,4.011048917916631318e+00,5.134604038933573200e+00,7.155716045412755300e+00,8.102721976114645841e+00,1.091515360468660312e+01,1.036094993829143718e+01,1.022060033659077050e+01,9.127027771366879705e+00,8.627628651830340445e+00,8.709839291543209683e+00,7.065141222494583317e+00,7.278559339634597336e+00,7.301891312468319128e+00,5.350949556050911937e+00
4.900960000000000000e+05,1.015642221778811916e-02,7.393267263933567257e-02,2.407493602050068127e-01,4.506966962622320771e-01,1.264025874202068689e+00,2.483394627877319571e+00,4.421314388934550088e+00,5.881922968157652143e+00,6.802209209177520144e+00,8.091290584539519770e+00,9.866961773243117406e+00,1.017936353897915325e+01,1.053153616090686917e+01,9.939107524504649405e+00,9.867212769120708771e+00,8.250273771781916565e+00,8.649433244768118811e+00,8.933977153630097590e+00,2.689981401483070300e+00,2.468843910728504287e+00
4.900970000000000000e+05,3.773511558691580170e-01,8.589857420523643317e-01,1.641017089224332759e+00,2.273639503287970598e+00,3.277221386304876916e+00,4.044566127079416873e+00,5.692255521418010389e+00,6.935115703407762844e+00,7.875829501155338086e+00,8.797700947070572042e+00,1.085288507670914271e+01,1.020345570985977446e+01,6.856147948637829614e+00,7.344865880504793942e+00,7.643553664150871896e+00,6.548567199335298739e+00,5.000478669723405822e+00,5.054663467270689381e+00,4.663619527797690623e+00,7.076225935851021553e-01
4.900980000000000000e+05,2.408096318660034596e-01,6.646447391189005405e-01,1.314921766261935909e+00,1.978486797817920362e+00,3.208988525538869929e+00,3.875527056863382391e+00,4.569015158312158320e+00,5.730821434649524981e+00,7.422068717169372221e+00,8.708970019596481649e+00,1.020761862993879987e+01,1.075940750102388321e+01,9.374623109131741572e+00,8.787041038985179853e+00,9.326160942658368924e+00,6.758875308548661920e+00,5.776764367428286917e+00,3.209851168960327961e+00,1.942399182623133047e+00,2.930661685591817722e-01
4.900990000000000000e+05,5.745830036097721027e-02,3.930685971028584635e-01,6.550363340198952500e-01,9.611949267499895200e-01,1.440032282084334092e+00,2.906677200215239232e+00,3.998111201644077628e+00,4.666313542635307066e+00,6.395830432701745671e+00,7.182886009384972681e+00,9.409855034499253534e+00,8.013828584183078974e+00,8.418826682949134721e+00,8.341168121944265934e+00,7.926724949845627144e+00,6.881234817390685876e+00,6.206975014309222161e+00,6.365838459878409239e+00,1.170295035156059704e+00,6.163351779285730636e-01
