6.200000000000000000e+05,1.772308494059293693e-03,1.380280408374379153e-01,2.110581713120817104e-01,9.935921008338066684e-01,1.921681702871991693e+00,3.084072893227349788e+00,4.007394666002815242e+00,6.842183061339810912e+00,8.299756785246023227e+00,9.532706658326752347e+00,1.070293844688240981e+01,1.081913506046485907e+01,1.167885660542685855e+01,1.217081244362672265e+01,1.282945629230805906e+01,9.596731108119588072e+00,1.015498200155832365e+01,6.875493206827721693e+00,4.080310029259246463e+00,1.459301404677748604e+00
6.200010000000000000e+05,5.616796642385357696e-02,3.168353230184020042e-01,6.865052816710734973e-01,1.077893480185713404e+00,2.798507691831437771e+00,3.412600275142792405e+00,4.802777175943841570e+00,6.214321875291881625e+00,7.691525061900077453e+00,8.696944963749329460e+00,1.041625876680539520e+01,9.411484546833140286e+00,6.601944685037707039e+00,6.515547998794898099e+00,4.766294680594954869e+00,3.812514294297370654e+00,3.313648843924401621e+00,3.124029298514788611e+00,9.885250522546837892e-01,4.019222104396980022e-01
6.200020000000000000e+05,2.320012816164640501e-02,7.604324175933907526e-02,6.697592403023101548e-01,1.369925264893225414e+00,2.018384903284807130e+00,3.427052077099872918e+00,5.354244598564736890e+00,6.232477335687646836e+00,7.626083489342597943e+00,9.175341981061633234e+00,1.070142768561593094e+01,1.109444984700600045e+01,1.133360251566176657e+01,6.469878373175389719e+00,6.815389358258054031e+00,6.925629141317788395e+00,5.301957952173589561e+00,4.923589050919570553e+00,2.817216338596273850e+00,2.000909705884590384e+00
6.200030000000000000e+05,1.215748826153328910e-02,2.020393082102771576e-01,9.482708534853876436e-01,1.683402212087459215e+00,2.808142136127753208e+00,3.669419805307637450e+00,4.346070363189857844e+00,5.409333743973363973e+00,6.663907129708913857e+00,8.840081833240363451e+00,1.088998260018215269e+01,1.089041556107732411e+01,9.006647672359999746e+00,9.013268268594389454e+00,8.617282571160568949e+00,8.661180637124084924e+00,7.087648986460402867e+00,4.523751422026593971e+00,1.381048035741489155e+00,1.395564244274982713e+00
6.200040000000000000e+05,8.433715940117847421e-02,1.927587682440561334e-01,3.389454610030749881e-01,6.499913129166539072e-01,1.188794945467617215e+00,1.433572836167156916e+00,1.960670843344207714e+00,4.877299395304034668e+00,7.044474378054581543e+00,8.023993313040184816e+00,1.019350625202979543e+01,1.024312763018417627e+01,9.939570670425977639e+00,1.018524380035177579e+01,8.810701337343642692e+00,8.488166927746316759e+00,8.996721695188227841e+00,8.547262519235895084e+00,8.782798598759152142e+00,4.030909530443524957e+00
6.200050000000000000e+05,2.684306904112176984e-02,3.549589056381141638e-01,6.278991388833617959e-01,1.181886292458321552e+00,2.496692065297314134e+00,4.933153941352935945e+00,5.875287686808891685e+00,7.345579478233369208e+00,8.362437158512111779e+00,9.570173102783313013e+00,1.096572967223609929e+01,1.195916127247042482e+01,1.279327007149298723e+01,9.741018740304104639e+00,9.250664466722501089e+00,8.167199341536189650e+00,8.009772494963154799e+00,7.065037484895930753e+00,4.697578084210489280e+00,4.047261626904726128e+00
6.200060000000000000e+05,1.729400377635579300e-01,5.418090750345330164e-01,8.176077890973593165e-01,1.166496833936412347e+00,2.644314834107713175e+00,3.386682502411616724e+00,4.009486054086996987e+00,6.043321357005240202e+00,7.619772265962221347e+00,8.927502271616219787e+00,1.003459855834230474e+01,9.437295536331726353e+00,5.157245919642141629e+00,5.546287120353334821e+00,5.539868173697315434e+00,5.696318884996466991e+00,5.624008152892881363e+00,4.992609960123275847e+00,4.179733016086038866e+00,3.122870140933653449e+00
6.200070000000000000e+05,2.316578342471076191e-02,2.214293455662346144e-01,5.005201728349063517e-01,1.905470107980341776e+00,2.386178495587988557e+00,3.463205352430493988e+00,4.801032532693072952e+00,6.151528982336231799e+00,6.982889307736114937e+00,8.666953278634125013e+00,1.098885726204037638e+01,1.178626196915762847e+01,1.028013844229637108e+01,1.059807739855194697e+01,9.505025289491527474e+00,9.650253961601178432e+00,5.318922056140293009e+00,2.773431549418185593e+00,2.845790941777254446e+00,4.566670226374558439e-01
6.200080000000000000e+05,1.164405082663044766e-02,5.086444812541501825e-02,1.304243583765304360e-01,2.362660891865115964e-01,9.029969987952929378e-01,1.098632835822118237e+00,2.019080683334176562e+00,2.998825433327771961e+00,6.094980466148244957e+00,7.954313612428942193e+00,1.047015788853466312e+01,6.695167517445474559e+00,4.512630989943817283e+00,4.809409873265144242e+00,4.514454833759748098e+00,4.809414205511792773e+00,3.705734753873615617e+00,3.463441146137283155e+00,3.234136210062132921e+00,2.458038927727959067e+00
6.200090000000000000e+05,1.867092703947703658e-01,5.257293755789169687e-01,1.223746079345441995e+00,1.849803369582426527e+00,2.350953769077172684e+00,2.994961320968625440e+00,4.018246248662658004e+00,6.211589179559120488e+00,7.340380245260059944e+00,9.370330692044280596e+00,1.092254470508209785e+01,7.966847147612833524e+00,7.690595912527517619e+00,7.710611866434540218e+00,2.690233565841426255e+00,2.075707098021691621e+00,1.208161666156656544e+00,8.831254436260060903e-01,9.217383131038155986e-01,4.997736410787223527e-01
6.200100000000000000e+05,2.675686626844919758e-02,9.406494277501198376e-02,2.658310676138089246e-01,1.174342852053731345e+00,1.998023698430408501e+00,3.423244399910701397e+00,4.023697126029365911e+00,5.654539498994799906e+00,7.242697426305859665e+00,8.529508559180836613e+00,1.060301624971423173e+01,9.717414153704819313e+00,1.051186060454283933e+01,9.814184240721438357e+00,8.978708001345831136e+00,9.170828043161019849e+00,9.044211605286617939e+00,4.101451657059330458e+00,3.532072457694146017e+00,5.342558011153508701e-01
6.200110000000000000e+05,2.637289580420199009e-02,3.683159865566449920e-01,8.550800286385771276e-01,1.220109386320730405e+00,1.525992581511115720e+00,2.001591525259857285e+00,3.953924466710800445e+00,5.878467264176825857e+00,7.168653049382718301e+00,9.604359372774403880e+00,1.073415396720122139e+01,1.166658395577022489e+01,1.249046565222617389e+01,8.794964071065182409e+00,8.868751097239298886e+00,7.640136933107923412e+00,7.941777177185604941e+00,7.219795438418397993e+00,2.466989096190419062e+00,2.205446269571378348e+00
6.200120000000000000e+05,1.869131965887449454e-02,1.213882183569396922e-01,1.913599329538396843e-01,3.871296480754962133e-01,8.799030141342362166e-01,2.846437786913582180e+00,3.796445667928717516e+00,4.340759649873599635e+00,5.531335750804164064e+00,7.271920318303318531e+00,1.013362847597959515e+01,1.007244184533526088e+01,9.723624963145335087e+00,1.021226572923206177e+01,9.158602685969952972e+00,8.089225181442692758e+00,6.484433007364021506e+00,5.663025967473936717e+00,4.653417242830903966e+00,4.658174565440472037e+00
6.200130000000000000e+05,1.625479501395954429e-02,3.475158496453150114e-01,6.135849972095217542e-01,9.453659496725212996e-01,1.300309627928749601e+00,4.009579074410169142e+00,5.165077695312763950e+00,6.290864270292659377e+00,7.908455329943883783e+00,8.924790834003843543e+00,1.092128089673146540e+01,1.155402175571642687e+01,1.180103665488862497e+01,1.219510236067414866e+01,1.274318088740703026e+01,1.158503902419803033e+01,1.193457836477986156e+01,9.735743367824403194e+00,7.863343828355599641e+00,4.203426258189040254e+00
6.200140000000000000e+05,4.054476529239011695e-01,8.187912651874644787e-01,1.241922722400463641e+00,1.657383723499092021e+00,2.587612740603973283e+00,3.470794551557577101e+00,4.604821424873847491e+00,5.433093154198614272e+00,6.298401337432260938e+00,7.144806988045285578e+00,8.756324596402494720e+00,9.450950525336116570e+00,6.367811294173796099e+00,5.255149053846911222e+00,5.124639112773902383e+00,5.030682618142503060e+00,3.036803894071793852e+00,2.361077605332807750e+00,2.236279424347228151e+00,2.130191245981256642e+00
6.200150000000000000e+05,2.479154951971641596e-01,5.480662044250477205e-01,1.333420121792399549e+00,1.911852317949875868e+00,2.765510284057224322e+00,4.197323250103949022e+00,5.037294904804023865e+00,6.175541772573565957e+00,8.145003380224451917e+00,9.575893374979733252e+00,1.095624018858913296e+01,6.060859256098789061e+00,6.010565720488446395e+00,5.733269633564400891e+00,5.566299835866300505e+00,3.037875595456544175e+00,2.496052366636323683e+00,1.281743430475345447e+00,5.262896286584531902e-01,9.214742106584905557e-02
6.200160000000000000e+05,1.918060138182590135e-01,3.860902984022744899e-01,1.390178711760935215e+00,2.590032337337400126e+00,3.489027596679334486e+00,4.557082851317490579e+00,5.814717918649756179e+00,6.907491253557017430e+00,7.777753952598597920e+00,9.496711246369903492e+00,1.068416004677713005e+01,8.604905917420722972e+00,8.937935961746818592e+00,8.650598618013605190e+00,9.140052044916023632e+00,5.688802125132429666e+00,1.835715093356650618e+00,1.482184942499075841e+00,1.450864571296150540e+00,2.703430287578312274e-01
6.200170000000000000e+05,8.975779252459903379e-02,1.941618400073510387e-01,3.108151197165924806e-01,4.928645750455076247e-01,7.484682756265964576e-01,9.035683971892034538e-01,3.070587018799153967e+00,5.950277722226628541e+00,7.071573911988075167e+00,9.231629688402126277e+00,1.057727681658256280e+01,1.118457098472711841e+01,1.144062326631847881e+01,1.114204297242873842e+01,1.136040338959925222e+01,1.115962166147532741e+01,7.663306977935289588e+00,7.453924592918168557e+00,6.441115862509650292e+00,5.737828549864913974e+00
6.200180000000000000e+05,4.567080408645840528e-02,3.744161288089813411e-01,6.511821121728710304e-01,1.728949687288101167e+00,2.414260814059130400e+00,3.392669359269295803e+00,4.258453003945443349e+00,6.367190849568627797e+00,7.627648207496979360e+00,8.530027558190932169e+00,1.034669516100105646e+01,9.899023566206633262e+00,9.958778337881112108e+00,9.918532381605755788e+00,1.008930611575481251e+01,6.146970148973679215e+00,3.506062338761188002e+00,3.117902236541888250e+00,2.801388028724618895e+00,1.492342029262410108e+00
6.200190000000000000e+05,1.579260962884663222e-01,5.059932358654610773e-01,1.321164758902392267e+00,2.359511438828179486e+00,3.134001659463904854e+00,3.898318344383436163e+00,4.697128750721854651e+00,5.495332240465638840e+00,6.654292618118212488e+00,9.149054785551827607e+00,1.027817910710975902e+01,9.026596627347839075e+00,8.146666933673946787e+00,8.113456368870348712e+00,5.550511384614969401e+00,3.021762673421262591e+00,1.132037883867472283e+00,4.702584196807737538e-01,2.898914059266598509e-01,2.121334194037105547e-01
6.200200000000000000e+05,2.018857165321108482e-02,2.387446037510432273e-01,4.185634427371802690e-01,6.877110669059156578e-01,1.087505506662698185e+00,1.362651603072201123e+00,1.748429830514366179e+00,3.065223922164475923e+00,3.503686635360439006e+00,6.294793491232403504e+00,1.090072637946389023e+01,1.083658469968865035e+01,1.011061532476762181e+01,1.032152190408205072e+01,1.069395021557851599e+01,1.120510171110509923e+01,9.186413115417538577e+00,9.187339241985416294e+00,9.634325944754127846e+00,9.897084658735213480e+00
6.200210000000000000e+05,8.563284296521211925e-02,2.185582993663248708e-01,3.530057170331276639e-01,6.746866184945705669e-01,1.212959588509247677e+00,1.872983370755125776e+00,2.596847918176295789e+00,4.417393531627347159e+00,5.055153398588864810e+00,7.251642229945350238e+00,1.060015644931777423e+01,1.153941742692880901e+01,1.248770353968364333e+01,1.344074985035624437e+01,1.415325495877127970e+01,1.269055462276187463e+01,4.975807653127322538e+00,1.484703709925583093e+00,8.358460293625892268e-01,3.640628580177485141e-01
6.200220000000000000e+05,1.077894242156409721e-01,2.206456352557846223e-01,4.364660138083409358e-01,6.119764029200891464e-01,1.070709802037304481e+00,1.379028518482945831e+00,4.046848839311562251e+00,5.759724452390782901e+00,7.221535673845608905e+00,8.182526073324801530e+00,1.038312944051595821e+01,1.109954770866145779e+01,1.047646134457711042e+01,1.023639642405048988e+01,7.292327972748553933e+00,7.050735953467746953e+00,2.824452740724595401e+00,2.962403265298823918e+00,1.927385123768892150e+00,4.161890476083462964e-01
6.200230000000000000e+05,2.214787241990912037e-01,6.385039548286395306e-01,1.039488316011833779e+00,1.504714414649872101e+00,3.307390080582632397e+00,4.373854719146998526e+00,5.201523737526591695e+00,6.960106392286220967e+00,8.385904689993498806e+00,9.648426612095400756e+00,1.082540690782581194e+01,1.155710646542685360e+01,1.196005521881827960e+01,9.136411095415404304e+00,8.191633216631002412e+00,6.412895471638734080e+00,6.334083988457267722e+00,6.132118435525109490e+00,1.757553690615740294e+00,9.824737293560548146e-01
6.200240000000000000e+05,8.951351005356777968e-02,2.104186216787844455e-01,1.099331986143664563e+00,1.658391955582215971e+00,2.223358884783342759e+00,3.752061773340532369e+00,5.109936384100786100e+00,5.961935346149953574e+00,6.964869195125039880e+00,8.182058707006991227e+00,1.073410972561642396e+01,6.630932851125817429e+00,5.470799606174587382e+00,5.766780735525570023e+00,6.075784287663588579e+00,5.332600395930104042e+00,4.744966764387637426e+00,3.120988357266423208e+00,3.282484633457178891e+00,3.040507001647256846e+00
6.200250000000000000e+05,1.060331192476390294e-01,3.769451942148549506e-01,5.673730518018221813e-01,2.217004151193580075e+00,3.082600934816834393e+00,3.745489693013147381e+00,5.189324242323229086e+00,6.581490977164044409e+00,7.437241981699852289e+00,9.592484065156488882e+00,1.098580135554806247e+01,1.192855417602032020e+01,1.249800431026831760e+01,1.239786486048704717e+01,1.312993265277381028e+01,1.389847395362814275e+01,1.275432251853423615e+01,1.241851949394600219e+01,6.260458804105070385e+00,1.165638906871095948e+00
6.200260000000000000e+05,2.667882944841581949e-02,6.084144647914979664e-02,2.253021304061872954e-01,6.015877910052922495e-01,8.101209511983314959e-01,1.052136969548618461e+00,1.583023092176014224e+00,2.043769341999023936e+00,2.569112877017158958e+00,7.022907543570707567e+00,1.015629812831555867e+01,9.541079784955217136e+00,7.902341894988275328e+00,7.871296781239500717e+00,7.972610608234147911e+00,7.643296248309615848e+00,7.989047245497547856e+00,7.169239607066133502e+00,5.636891301720955205e+00,5.772965828995313409e+00
6.200270000000000000e+05,1.055128570118724074e-01,2.542344157619562672e-01,6.179868629391037649e-01,8.631888295623855178e-01,2.264685651799330124e+00,3.652685325659852822e+00,4.996680700780519402e+00,5.760420955016669176e+00,6.625151454876259116e+00,9.506217510942336801e+00,1.084137416160879219e+01,1.117289823071251575e+01,1.149712992920544430e+01,1.231922549561658009e+01,1.287389323669987462e+01,1.188904964100261452e+01,1.239085189225163575e+01,9.945234117962417741e+00,1.032759756771242543e+01,2.589838775334263321e+00
6.200280000000000000e+05,2.269118277254414950e-01,4.741154414897439384e-01,1.266196369900874696e+00,1.865486959010332679e+00,2.897747667180592401e+00,3.605175655578471972e+00,4.211383880232072663e+00,4.834313676733080989e+00,6.481414180593884744e+00,7.241508239818399417e+00,1.071726567777426808e+01,9.676779668320932615e+00,8.304508532883199123e+00,7.794772134180586676e+00,7.407289616520142950e+00,6.000736052715360813e+00,3.070547346171493608e+00,2.969178868744811517e+00,1.685847077981616149e+00,1.423509291458369130e+00
6.200290000000000000e+05,1.314546078020939479e-02,2.753768922066890390e-01,8.077259681083799325e-01,1.150662577631099914e+00,1.479713392796673244e+00,2.124002392051782540e+00,3.701048819026579118e+00,5.371569810492520247e+00,6.743989617677543791e+00,7.968070830847528541e+00,1.034519665421268009e+01,1.082819935333760952e+01,9.749461300884989967e+00,1.017229082309584065e+01,1.080954240212367878e+01,1.152937268294939699e+01,6.407620547133496380e+00,5.860944282193410793e+00,3.705733921121746821e+00,1.515173965675287171e+00
6.200300000000000000e+05,1.827479389170925117e-01,5.838384440348431959e-01,1.145482788975889399e+00,1.932411339222013691e+00,2.565908386573934941e+00,3.771094576328174242e+00,4.418548617133470913e+00,6.270631765564998794e+00,8.637155400553778506e+00,9.704028308853134277e+00,1.093306447843566609e+01,1.156133581805480404e+01,1.167195930280360905e+01,9.669313451963031270e+00,9.464299618404441006e+00,7.945467070454437675e+00,5.777551102538160066e+00,5.685783372210920561e+00,3.068226409490514950e+00,1.999011010472566685e+00
6.200310000000000000e+05,1.186182044448108597e-01,3.438057465378232536e-01,6.836501254026602359e-01,1.160535191122303189e+00,1.899450998229579302e+00,3.817477769950063937e+00,4.665239478478373059e+00,6.067227683963528406e+00,7.251042620756040336e+00,8.172991627587197883e+00,9.338430750416586434e+00,8.017710915553637463e+00,5.969128703597962549e+00,6.091858575357312233e+00,6.501454833943093981e+00,6.187111327243867365e+00,3.409900646465025886e+00,2.884020144764037674e+00,7.642313053870853912e-01,3.834105743713744907e-01
6.200320000000000000e+05,5.580492114292678885e-03,6.496449205166565655e-02,3.477893575650410352e-01,1.826351173212055201e+00,2.502304355275435377e+00,3.885967885687632961e+00,5.029479985646727158e+00,6.963602677201367719e+00,7.936788498427893579e+00,9.458828764250892362e+00,1.066602574696671013e+01,1.114499291839704398e+01,1.194579758096528899e+01,1.281134591540802425e+01,1.208498635217156547e+01,1.163473525168021006e+01,9.600613406449554077e+00,6.768434880478258364e+00,6.131096780960482384e+00,3.088941663198985221e+00
6.200330000000000000e+05,1.579825183833610813e-01,3.462734622051590883e-01,8.624762644438423997e-01,1.379744423512887064e+00,1.903540077322005253e+00,2.954371274400192871e+00,3.795141519623349780e+00,4.933866935596988412e+00,6.081594078009612936e+00,8.001123406442408381e+00,1.091968284109750087e+01,1.098201351831498052e+01,1.143822013421772610e+01,1.166194510881912016e+01,1.248583256831630628e+01,1.328960410995428987e+01,1.006559147145585875e+01,9.851930223784368224e+00,8.460462359327776127e+00,7.785703502742267190e+00
6.200340000000000000e+05,1.876547455423580590e-01,4.513458955644884529e-01,7.323335676391126148e-01,1.045395026627155222e+00,1.327152289246649186e+00,2.184851710495588684e+00,2.966334455062598519e+00,4.286601492800485858e+00,4.925706581371870563e+00,5.581012633346600360e+00,1.003230735685008845e+01,9.957184091290478989e+00,1.054740478510656843e+01,1.130862979622846254e+01,1.130523065170273789e+01,1.173275226276707173e+01,1.094077241739116779e+01,1.115913935972144344e+01,8.248141736495984588e+00,8.141841377101762589e+00
6.200350000000000000e+05,7.184316598335771520e-02,1.484589246699865583e-01,2.400559972416218546e-01,4.085663750968180352e-01,8.607715594326836861e-01,1.074510095097408247e+00,2.946660009936691971e+00,4.064331034492172812e+00,4.577426597436283551e+00,6.865905781344641134e+00,1.026327201485164409e+01,1.074482961643078127e+01,1.061076099012622009e+01,9.879000116507873130e+00,9.154000401953535260e+00,8.891740951541633464e+00,8.268294526969974356e+00,8.722067774864219913e+00,9.028317790709492030e+00,9.195753716948049217e+00
6.200360000000000000e+05,2.360063394962075289e-02,1.531809700218333958e-01,2.553389749135500653e-01,6.302759561667761190e-01,1.399477850723383376e+00,2.154945856316650143e+00,2.540493508170279746e+00,3.027630040669971656e+00,5.357297683491584195e+00,8.924366683220274155e+00,1.037744421259191441e+01,1.058621967661705199e+01,1.111327709761533455e+01,1.193392973096523590e+01,1.123729703496463905e+01,1.080881676095757626e+01,8.854080443011007162e+00,6.007464896431351953e+00,5.957566966912814621e+00,5.975975195562930331e+00
6.200370000000000000e+05,1.124704972163101946e-01,6.511056967713455546e-01,1.181636551373559607e+00,1.637011165360424680e+00,2.054804124713295987e+00,2.647865612618168107e+00,4.782881104519555393e+00,5.883046875235002027e+00,7.408448584048860752e+00,8.524719447861613730e+00,1.099197946798886960e+01,1.070608573243318418e+01,1.159362238721933736e+01,1.136192130666193378e+01,1.097410787749237038e+01,1.155307284071910878e+01,1.152579904205024874e+01,1.060871046821244690e+01,1.085022218690209250e+01,9.116331055139987427e+00
6.200380000000000000e+05,3.553499216794420157e-02,9.758239642139021619e-02,2.809449820751817040e-01,1.115774032589258002e+00,1.407159438696975462e+00,2.073663599536630819e+00,2.615402837444135820e+00,3.911325926283034882e+00,5.195492127196324361e+00,8.798349378163525358e+00,9.747135365580060551e+00,1.009868617706250582e+01,7.378530965199761482e+00,7.064117462216969123e+00,6.591314807025314693e+00,6.852009606849531309e+00,3.604520268693499840e+00,2.412818121025993356e+00,2.399514888544064917e+00,2.440002101518088384e+00
6.200390000000000000e+05,4.213832939660805410e-01,1.129154607170610447e+00,1.970738418701315275e+00,2.948262755226717768e+00,3.685769361868875826e+00,4.482552459656959698e+00,5.554450174582042266e+00,6.373908454172155125e+00,7.748906647690718685e+00,8.665313819274061302e+00,1.082165640025585773e+01,1.129528706500211044e+01,1.088024947616908555e+01,1.020898114380815258e+01,8.827232386099387540e+00,4.978779735985501276e+00,3.600440976213244326e+00,3.565915054579920529e+00,8.400803443917908009e-01,8.456732071927053340e-01
6.200400000000000000e+05,1.349814666977909861e-01,8.394648534052489008e-01,1.510565536356032634e+00,2.330888260464557771e+00,2.924229518623878477e+00,3.848580849246329372e+00,4.765139895503079259e+00,5.557461465003293632e+00,6.568514454637236710e+00,8.134556518878429898e+00,9.566192617890022731e+00,9.114983675819928521e+00,8.752425824650854835e+00,9.277656110555536628e+00,8.621843523540386300e+00,7.644337366791051025e+00,5.308185902296640890e+00,5.263070774173048250e+00,3.641537715851248969e+00,1.007084596015888067e+00
6.200410000000000000e+05,7.785403443952387814e-02,2.561078250601480644e-01,6.494659182565469813e-01,9.232356146562405996e-01,1.521298932773696322e+00,2.736846582417654883e+00,3.299448767088454471e+00,5.608644107245694066e+00,8.177848905027534698e+00,9.293589891806661285e+00,1.046870042552092883e+01,1.116704528227700877e+01,1.172107288167663341e+01,1.005787691564499475e+01,1.041221674668542718e+01,9.818456561455057852e+00,1.013548453105143743e+01,9.523912652439213034e+00,6.486265301738510125e+00,4.934029916306332808e+00
6.200420000000000000e+05,2.569986698613572207e-01,7.268770794565384552e-01,1.152411962237559706e+00,1.593012262256987110e+00,1.994992856504447243e+00,2.448897498728186406e+00,3.747632906843161749e+00,4.467490144238633221e+00,6.002621384597929044e+00,6.841469267686650646e+00,9.530431016487181495e+00,9.734079920820942533e+00,1.000919530647413325e+01,6.864967870036576159e+00,7.167911612631612250e+00,7.164717819625682438e+00,6.407165172999583547e+00,4.371757806830949278e+00,1.138760196929850199e+00,7.579485790270013013e-01
6.200430000000000000e+05,8.295067081051210600e-03,1.163655233389069288e-01,8.777210940458339827e-01,1.393836054460685148e+00,3.053848965044956287e+00,3.839799824606650702e+00,4.571392040548338365e+00,5.699575143632133134e+00,7.410676774142418211e+00,8.908506334191478970e+00,1.059024171197646247e+01,1.040163416431521348e+01,1.012117600176919296e+01,4.066247905026387777e+00,3.974326386780997478e+00,3.581690374171103031e+00,3.578928866172757850e+00,3.243246191302040948e+00,1.429873673236496057e+00,8.446275689268190057e-01
6.200440000000000000e+05,3.898432591368466982e-01,8.181443364772187365e-01,1.446880417491462456e+00,2.071330330156665234e+00,2.891465183708889164e+00,3.479522252049382480e+00,5.313100452293250342e+00,6.601116325121870076e+00,8.263786279380340716e+00,9.843426277836245575e+00,1.095505229370211886e+01,1.147881126983232392e+01,1.149500177128242839e+01,9.104365363168930969e+00,9.223921520121205475e+00,7.490020576543056308e+00,6.081571246761903637e+00,4.309014905445983423e+00,4.470474602167894496e+00,5.325531270116101723e-01
6.200450000000000000e+05,1.794905112158262650e-02,6.447820712951690680e-02,1.462193883523171811e-01,4.656668929940130930e-01,8.813159407360998676e-01,1.447387969850567169e+00,1.822041914410219121e+00,2.604728137024905799e+00,3.144142075127299485e+00,9.162518974623219847e+00,1.069233617678555248e+01,1.139911517597184343e+01,1.036132070932512228e+01,1.111017661727520256e+01,1.178210304256631424e+01,1.234121345668600789e+01,1.273963680937891318e+01,1.307401737866227087e+01,1.273868166478158415e+01,1.325109480287809127e+01
6.200460000000000000e+05,9.709249030619115928e-02,2.712170880365740722e-01,6.424453465431333443e-01,1.166804462671898079e+00,1.458623198457337899e+00,1.819570310455499884e+00,2.677206092160754558e+00,3.986001699367683671e+00,5.040535252058431226e+00,6.602980069189271717e+00,1.035390374329905683e+01,1.029530832072322433e+01,9.877936699218164307e+00,1.050877626870398451e+01,1.038459012638482548e+01,1.023753924005356275e+01,1.035520582791317246e+01,9.515066773523701116e+00,1.779457077386238151e+00,3.823743021509273809e-01
6.200470000000000000e+05,6.894153546999004512e-02,2.762643771188799668e-01,7.480528576325937706e-01,1.521934619581505999e+00,2.105021995042787974e+00,3.299204618902544794e+00,3.911006082393856609e+00,4.848179665378315129e+00,6.013540645514093619e+00,7.803942789145565051e+00,9.453141472661998890e+00,1.007667875841027261e+01,1.081582202077097321e+01,1.079189133045792204e+01,6.439106888600568901e+00,3.401172098717529124e+00,1.153465261201085390e+00,1.208063864126493359e+00,8.244677089438534612e-01,9.820949514698362748e-03
6.200480000000000000e+05,1.223943867379095884e-02,2.484295354938039768e-01,4.772921923243717002e-01,1.220081988803257911e+00,2.069510825900350071e+00,4.278980350761564466e+00,5.448809603721324279e+00,7.266194211716178408e+00,8.426400561123111643e+00,9.527330354692042036e+00,1.095238950618422891e+01,1.049959125154461681e+01,7.827458401183272407e+00,8.121372681265825122e+00,8.653632519254617961e+00,8.967674044599988292e+00,6.031687234151202226e+00,5.453461939851626639e+00,5.559851673411473350e+00,3.871516917808639491e+00
6.200490000000000000e+05,3.888678376134010461e-01,9.492391548809313573e-01,1.542149593272725383e+00,2.359625952150210537e+00,3.280274929277263496e+00,4.208012776594106441e+00,5.604498955360027956e+00,6.461432715681720396e+00,7.909291981031000951e+00,9.333898976989578600e+00,1.091468399744766593e+01,1.181368924479242111e+01,1.256555698105343133e+01,1.352721681197755998e+01,1.319437468970861715e+01,6.994981995547760789e+00,4.812418191706040460e+00,4.292650847546378046e+00,4.302080222751018646e+00,2.280440372936685112e+00
6.200500000000000000e+05,1.279772648973254157e-02,5.785682573916113292e-01,1.027078828428687807e+00,1.731666537109812776e+00,2.264383020034848037e+00,3.329640811464626093e+00,4.301656271734429104e+00,5.394611874744208890e+00,7.831061432486491114e+00,8.753207198523501376e+00,1.006350533574848249e+01,1.034613598502880016e+01,7.291076153594266529e+00,6.780783012482149985e+00,6.710414892956376498e+00,7.026533525212071751e+00,4.083330841070891282e+00,2.829171583134682422e+00,1.882901380282413717e+00,8.904741315853836880e-03
6.200510000000000000e+05,1.626284697570050675e-01,3.638485608256571968e-01,8.109087513639294809e-01,1.113058163032342396e+00,1.515796925201315482e+00,2.519775301645878152e+00,4.367463262162158522e+00,5.985798783180139360e+00,7.095808007875828771e+00,8.054067901197125678e+00,1.053606666672548542e+01,1.137422794642936275e+01,1.117822810700216074e+01,1.124215319156111192e+01,1.114105519094381691e+01,1.066943290731171956e+01,1.047775345492357246e+01,1.007904856980606390e+01,8.605377054264586434e+00,8.257935906832564399e+00
6.200520000000000000e+05,8.073477556843511316e-03,2.242953076033233906e-01,4.859198129377588771e-01,8.511797301805090754e-01,1.220227141999663090e+00,2.154633016655242095e+00,3.460470999768976874e+00,4.560746864648670851e+00,7.706064778472175192e+00,8.827180502478169544e+00,1.072172663989566033e+01,1.128172491079564566e+01,1.152246335085994922e+01,1.032875815543444098e+01,9.913155394812074306e+00,1.034010311366747281e+01,1.034916723572854025e+01,1.036602111722504027e+01,1.082036138518917667e+01,6.196666586672998633e+00
6.200530000000000000e+05,7.262243041789318010e-02,2.720386705360087198e-01,4.528912781037668367e-01,8.779934955108394945e-01,1.738365846703416207e+00,2.120478024712429743e+00,2.719077275638783320e+00,6.775913079522488225e+00,8.362806338858801425e+00,9.601918381864503971e+00,1.076296687527440987e+01,1.106343174707924071e+01,1.139134365752035372e+01,7.054825719825771557e+00,7.558055637294601503e+00,7.984516073383339574e+00,3.898649951612485509e+00,3.538348698440626716e+00,2.785320833751375513e+00,2.273770103362946493e+00
6.200540000000000000e+05,4.800965877221474720e-02,1.979773925421415282e-01,4.792459104649552382e-01,8.382338480312081508e-01,1.271059403202822180e+00,1.832312838389428933e+00,3.713174334056039694e+00,5.638138126135030959e+00,6.415561573909430493e+00,8.620685605063933110e+00,1.045555983773916076e+01,1.036177303482047840e+01,1.061976930615493231e+01,1.022606948246986747e+01,8.716677524385321618e+00,9.072139643468720038e+00,8.277824673664355259e+00,7.888525562325602536e+00,7.447829035525717956e+00,5.202938073109537598e+00
6.200550000000000000e+05,1.913705394159104234e-01,3.956391869020172702e-01,1.243705949579979819e+00,2.185478115985080905e+00,2.903416193373726806e+00,4.072500982240627287e+00,4.879886141040963743e+00,5.662744900490612743e+00,7.588386287491351467e+00,8.714707166788379311e+00,9.780176939103128575e+00,9.688170861239369103e+00,9.831652964390451999e+00,9.896439598906168200e+00,9.968304007106826958e+00,4.580318909261885452e+00,2.345605272335257396e+00,1.712664487690813919e+00,1.566179742867243041e+00,9.994490961645463578e-01
6.200560000000000000e+05,1.127747218321960565e-01,4.919013563007359480e-01,7.652783568934233838e-01,1.083687738320122662e+00,1.591758351963050711e+00,2.121146822012747180e+00,3.033248907710932585e+00,5.709151934928885730e+00,8.287395582637472558e+00,9.245810576290571348e+00,1.033455311280780187e+01,1.046371041215923015e+01,8.192306836403291825e+00,8.792083731988409312e+00,9.216208958463454337e+00,7.932461180205978124e+00,5.647314461934175078e+00,4.387630363878463058e+00,4.344368905536847514e+00,1.646618011422524841e+00
6.200570000000000000e+05,2.007339381862192074e-01,4.243573746480522324e-01,8.028235999585722205e-01,1.468359487062294022e+00,1.961488133773837017e+00,2.354944111992660183e+00,3.520324149190416474e+00,4.208197590591863602e+00,5.588145524425399913e+00,8.586818147694115666e+00,1.023617142149518600e+01,1.068070013507846028e+01,1.060634126425179780e+01,1.095665037185380442e+01,1.142752707191075068e+01,1.118923760967849645e+01,1.071831741897462997e+01,1.100550721271265253e+01,9.934914707198597483e+00,1.349612544903231459e+00
6.200580000000000000e+05,2.321195782010391229e-01,6.751841944405867491e-01,1.283056600932852120e+00,1.801051001927152839e+00,2.862194724641931032e+00,3.621455518687557440e+00,4.550542138572031270e+00,5.550044442348027296e+00,7.327278817528565469e+00,8.665093993887373003e+00,1.093365195809625234e+01,9.744082316942252575e+00,9.407976794270394905e+00,6.841286993774402525e+00,5.982642373485440146e+00,5.174431472942098154e+00,5.298402154321741442e+00,1.198835862372849226e+00,6.142723046203568682e-02,1.405413005645783642e-02
6.200590000000000000e+05,5.172880899200715810e-02,1.401218122810015121e-01,2.569309475590974001e-01,7.273175023799276495e-01,1.954136349088464897e+00,2.649066455186493751e+00,3.125771581459872994e+00,4.397233514615405348e+00,6.599601576630792721e+00,7.786007947539664187e+00,1.024876107548061022e+01,1.108340939628593702e+01,1.158122489375973174e+01,1.235592226601378840e+01,9.232510175688807053e+00,9.325614744193439165e+00,9.065366759878511260e+00,7.999844344101429527e+00,7.082301849037153652e+00,4.545713951189991775e+00
6.200600000000000000e+05,5.116914531165939195e-02,1.059976313505475165e-01,7.271897429167307747e-01,1.068189761270500249e+00,1.745152319301324528e+00,2.469869240653871589e+00,4.544259881383101884e+00,6.231731582792894741e+00,7.077164923438049371e+00,9.339824376143038620e+00,1.064701579820480148e+01,1.138193380673955879e+01,1.205456080571879163e+01,1.277738181716325450e+01,1.179805552911730437e+01,1.159455715830473466e+01,9.599309647245098276e+00,8.822334401109605651e+00,7.091149108476310303e+00,5.857991336293277840e+00
6.200610000000000000e+05,3.548733800207148903e-04,1.311611291856453754e-01,6.735129732414185666e-01,1.300847651520916415e+00,2.173963971836448295e+00,3.651024059423224610e+00,5.138597617572385090e+00,7.101597121088675024e+00,8.210361148961508704e+00,9.364183804248600751e+00,1.075273337911380978e+01,1.055326366288188922e+01,1.105775192371835836e+01,8.764478572461340988e+00,9.121161755011421235e+00,8.548597304626650129e+00,8.541111882596810645e+00,8.573872017427724757e+00,7.774530471339839544e+00,7.758699233199564560e+00
6.200620000000000000e+05,5.163212765950397909e-02,1.258180235893464616e-01,5.191696853119732724e-01,7.228297360692796936e-01,1.992430205983607427e+00,2.433064558845744685e+00,3.565688701802472327e+00,6.850044520166163942e+00,8.017816879182994683e+00,9.147047707294476027e+00,1.090834249546142587e+01,1.139027786895370120e+01,1.141996737256860506e+01,1.048616346235824892e+01,8.983666756543234655e+00,7.415239135190738295e+00,5.932687822394496990e+00,5.907299470088310578e+00,6.179233784904401006e+00,5.968483428309117045e+00
6.200630000000000000e+05,2.207086233124569974e-01,8.179756795603543296e-01,1.377149630369413735e+00,1.879187969173525818e+00,2.858399913156593364e+00,3.682138216910264994e+00,4.641077108145838181e+00,5.668010397964267533e+00,7.068594463776806336e+00,8.568780617082968121e+00,1.018771424477251308e+01,1.036411773647093781e+01,8.197800162543977365e+00,6.178904816692358359e+00,6.363919642665988086e+00,6.502632081760191696e+00,6.702003070652576611e+00,2.693793762308907880e+00,2.526027933423310223e+00,2.239583611994948598e+00
6.200640000000000000e+05,3.720414190071852367e-02,1.549175930980630778e-01,2.911763641195047603e-01,4.766351424450254726e-01,1.050935340542982654e+00,1.861585307989311433e+00,2.318822890898473155e+00,3.006356512365177203e+00,3.670138888741761640e+00,8.932549852367841936e+00,9.879444943725438577e+00,9.542725532755531148e+00,7.685653997558437034e+00,8.112742256687969444e+00,7.315719862506847804e+00,4.808284795857643346e+00,4.466329733606801966e+00,4.433243769310515781e+00,4.135506049180063926e+00,2.048409559815984604e+00
6.200650000000000000e+05,8.624515908076779702e-03,1.165814263685476249e-01,1.967165588726267345e-01,7.249959366483396117e-01,1.629542859065307159e+00,2.986021251433369272e+00,3.698806148660130688e+00,5.096747481061104423e+00,5.844008731084432640e+00,9.088807567660408537e+00,1.006225076479493552e+01,1.093346789701587873e+01,1.178607242753270157e+01,1.074369805805281253e+01,1.039206117939835927e+01,9.110545297566012835e+00,9.526383012644078718e+00,9.702405234521933153e+00,6.769075891105755360e+00,6.904818330321472075e+00
6.200660000000000000e+05,4.200423257925799403e-01,1.003523822193039150e+00,1.668355665399161136e+00,2.446650997468299504e+00,3.087798234342678860e+00,4.134056867533661972e+00,5.455426337999869091e+00,6.609072437737838257e+00,7.975937735690817654e+00,9.818808149762450199e+00,1.087193398407480061e+01,1.183376352415709221e+01,1.006091158316202439e+01,9.609986517090742808e+00,7.856968076789948796e+00,6.469205516579862092e+00,5.309891686883634776e+00,4.282672641847919515e+00,2.316049421527672791e+00,1.794507896582382411e+00
6.200670000000000000e+05,1.740841002042570196e-02,6.324505841694616493e-02,5.118293496274336496e-01,6.838184557324047397e-01,8.636240156036195659e-01,1.514469558442969932e+00,2.538104026149274439e+00,3.064805603089766350e+00,3.801940636878736957e+00,5.831218437692013978e+00,1.061660030203866789e+01,1.143582997637653165e+01,1.182661203711411169e+01,1.258262562071532997e+01,1.264935392528540881e+01,1.288364663708289903e+01,1.183336164821522551e+01,8.405888764661016310e+00,7.136251133784962342e+00,3.560704173269459982e+00
6.200680000000000000e+05,3.245878631355861854e-01,7.725148323804014172e-01,1.325672102376387329e+00,1.995949119514126568e+00,2.767979687391097343e+00,3.618102668900777807e+00,4.366516628009348366e+00,5.326366709359088958e+00,6.278114831409554952e+00,7.526791670812436941e+00,1.007123732593282739e+01,1.077957652311574321e+01,9.078141066423807359e+00,9.694754867959616718e+00,9.484097318040598523e+00,8.099015899315158862e+00,7.775021945411095814e+00,8.190877484461315916e+00,4.174400880249383938e+00,2.776136215706521693e+00
6.200690000000000000e+05,8.495772166757675770e-03,2.925435106135010344e-02,9.492866919800929670e-01,1.315584129046580841e+00,2.322057862672810558e+00,3.699011004660948121e+00,4.482942219000971562e+00,5.584502452213881085e+00,6.291007807553705256e+00,9.101772919389173211e+00,1.037491474512312628e+01,1.095311402116547228e+01,1.091812843554168033e+01,1.164596418167823444e+01,1.094604314891372354e+01,9.905074570579458282e+00,6.934351389137857424e+00,7.107506900860764532e+00,7.019217743002437615e+00,4.386383947757783730e+00
6.200700000000000000e+05,1.777814975603908554e-02,1.743401302319866897e-01,5.638574968800982301e-01,1.306411149271954120e+00,1.713804331844868578e+00,2.179823940208900801e+00,3.005153905771384082e+00,6.075788567188031841e+00,7.474245699920418318e+00,8.338716009855595246e+00,1.068497574164691954e+01,1.135247023843485437e+01,1.197303953299937795e+01,1.166224958997943162e+01,1.240266245039074988e+01,9.892018157299556691e+00,7.697480521450107638e+00,6.958298409583155930e+00,5.071806781922050256e+00,4.919344282430582638e+00
6.200710000000000000e+05,1.078869113470504182e-02,5.313747191816042825e-01,1.503288873033473028e+00,2.472873316266646526e+00,3.328399104361286387e+00,4.646723344080390561e+00,5.486483752481580822e+00,6.435220804119535565e+00,7.690407982816395815e+00,8.784545628238298320e+00,1.019100649112394308e+01,8.140682036590593640e+00,8.211061814291031880e+00,5.471550268025136887e+00,4.945444010247863176e+00,4.490365472957497772e+00,3.958915877429569186e+00,3.729630790872692447e+00,3.531198592621470400e+00,9.055336084204723690e-02
6.200720000000000000e+05,5.041740776037306748e-02,3.464711925039600793e-01,5.278118337324557707e-01,1.052816125842603423e+00,1.518322254530397597e+00,2.679402313472185160e+00,4.184732673503017253e+00,5.810372700225321374e+00,7.788233524940341823e+00,9.453188859488729889e+00,1.098051767983676186e+01,1.150572488477525823e+01,1.163379105464051122e+01,1.193396715624329829e+01,1.180198726800946929e+01,9.797410519873267276e+00,9.949941125658972041e+00,9.188413313715232178e+00,9.266857279523053492e+00,6.916728836915480017e+00
6.200730000000000000e+05,2.062216878826234057e-01,5.707805899325106846e-01,9.008949299342005057e-01,1.544674366355609063e+00,2.185918571195638371e+00,2.728743522779235597e+00,4.664081159720924852e+00,5.498889884694641239e+00,6.277851136961824174e+00,7.651160967164591931e+00,1.094389869686576766e+01,1.052920775984986435e+01,9.786077175581565868e+00,9.604709816486481699e+00,8.523775179639702770e+00,6.131564775054641814e+00,3.387699205167819638e+00,3.022538146328535014e+00,2.985005080502241448e+00,1.864893858359573109e-01
6.200740000000000000e+05,4.629522063604174509e-02,2.762261416779394629e-01,8.035252221876582057e-01,1.365510170282592917e+00,1.897206860138004325e+00,2.612322247882311821e+00,4.331809463337414456e+00,5.939520838046730589e+00,7.275879498452046512e+00,8.907299373770644735e+00,1.031766973854808711e+01,1.053394423443721806e+01,1.058404812383811944e+01,8.993373174374571732e+00,9.179159748201698221e+00,9.391383746908726238e+00,8.726261951162083363e+00,8.844101591055116174e+00,7.467627332961927600e+00,5.980775460763226192e+00
6.200750000000000000e+05,4.149454285786424723e-01,1.087860884829643604e+00,1.746596355562367808e+00,2.519442865159306155e+00,3.286550855006932892e+00,4.380882222088922973e+00,5.248535107361981922e+00,6.854315383216613711e+00,8.019101395172494762e+00,9.217344374505476168e+00,1.053801749738476623e+01,9.633495667876196933e+00,8.048728521070405151e+00,7.253999727017125920e+00,7.227668891956428254e+00,4.086529590402477652e+00,3.463662067585222992e+00,3.621833513303998053e+00,1.521461395055916821e+00,6.371410911604447058e-01
6.200760000000000000e+05,4.293212908582777487e-02,1.162125443956218973e-01,3.694625801767639217e-01,7.348430471240146034e-01,9.402400416389022908e-01,1.572811294260386905e+00,2.420418867138213415e+00,4.752177530766725333e+00,6.606763017799320181e+00,7.575267692914152917e+00,1.057069637685158803e+01,1.007438294310924576e+01,7.711527746564103225e+00,8.125670615622192727e+00,8.289911933419469747e+00,7.087958204485673264e+00,5.307636996393598317e+00,5.390640277858973484e+00,4.958378035871848333e+00,4.762785604250421301e+00
6.200770000000000000e+05,1.054602826439354768e-02,1.940486837576438361e-01,1.026192479734883589e+00,1.832766606186527980e+00,2.472730569704144621e+00,3.788964469159555204e+00,5.119860186240156708e+00,6.005360238949267959e+00,6.832601149044656097e+00,8.348663804048552350e+00,9.482560929161166996e+00,9.286459638653555615e+00,9.180035076700679753e+00,3.947965277999782252e+00,3.411749839469849555e+00,3.003162529328719188e+00,2.820288860704378564e+00,2.701196432937592817e+00,2.705840560612978063e+00,1.010752313568619165e-01
6.200780000000000000e+05,6.641540440641691134e-04,1.116752191087997392e-01,3.580467865133620808e-01,6.562590433017447822e-01,1.872890684598471189e+00,3.102301598111643521e+00,3.942647249267455134e+00,4.604577486077945814e+00,5.453177982604449525e+00,9.410639511681122116e+00,1.090519047504885286e+01,9.999891248326552073e+00,1.075348072169854774e+01,1.117618136758358105e+01,1.054771984686686181e+01,1.019061531134679832e+01,1.007775288415959203e+01,6.979598648783832182e+00,6.726825609602570033e+00,6.930356597074986524e+00
6.200790000000000000e+05,3.131011235761982370e-03,6.433335755945868151e-02,2.163150764313728214e-01,5.880090415087351197e-01,1.353954153652560777e+00,2.147952242026114344e+00,2.955686821638221051e+00,4.760286675433502701e+00,6.169480952535484342e+00,6.900905020443302007e+00,1.059091295680269518e+01,1.149282879130813129e+01,1.084658529168248364e+01,7.985437274248704753e+00,7.664618972293903099e+00,6.394486746887125150e+00,3.513316065024708834e+00,3.534594120702721387e+00,2.873473704377452087e+00,6.575587030784557641e-01
6.200800000000000000e+05,1.836179978415430902e-02,1.327047136356758195e-01,3.391850755523145855e-01,4.782479026150960877e-01,1.018157939813415958e+00,1.948749615713865957e+00,2.696961345906921714e+00,5.094384802017030367e+00,6.985687378810546022e+00,8.500143752001573461e+00,1.043009210772334683e+01,1.037013265453447630e+01,9.707142676104879797e+00,9.943917111381544771e+00,1.021722242827050664e+01,1.086221774466055479e+01,1.070122800874521829e+01,1.058855374615642653e+01,1.097220551289988855e+01,7.890012303350801837e+00
6.200810000000000000e+05,1.142982209969393148e-01,2.896755796496179869e-01,4.617802021222459086e-01,6.663312644563075260e-01,8.610963872264909558e-01,1.633848769556497826e+00,2.193560242527531123e+00,2.890365094411737168e+00,3.463479520347021001e+00,3.860803868369840686e+00,1.030743482417175549e+01,9.836552735236836043e+00,9.889902870055786721e+00,9.024703707270159470e+00,9.371187481476388470e+00,9.591416318606679425e+00,1.000094001580655600e+01,8.414707672571738684e+00,8.828670032047043037e+00,6.641043496487146314e+00
6.200820000000000000e+05,2.817676394658241712e-02,1.008603819222013698e-01,2.421889912556978164e-01,3.579091666141569483e-01,5.676570258182850326e-01,1.112702588076942112e+00,4.703855671880019962e+00,5.723063300372693618e+00,6.655939601916882609e+00,9.629714421071808417e+00,1.096270749253077348e+01,1.089245896397461877e+01,1.026040757841493800e+01,1.096029344313964060e+01,1.117127864012963911e+01,9.363717471425195171e+00,8.940415028006500009e+00,8.425902882993890231e+00,5.983975892994061851e+00,6.151470026448637718e+00
6.200830000000000000e+05,1.735541784108018959e-02,1.547360093667822234e-01,2.413989641489920901e-01,3.674671371982891621e-01,1.176706055818826258e+00,1.970010637766637096e+00,3.104271952029689974e+00,3.857435250315093711e+00,4.899661761773368873e+00,6.464123790571354888e+00,1.017585397165405503e+01,1.006750813324199001e+01,8.549267912952753790e+00,8.864110342835667566e+00,8.807702623487289273e+00,8.098560861532490662e+00,8.338102267233665543e+00,6.552966489896166813e+00,6.594260250583192651e+00,2.159391902447784783e+00
6.200840000000000000e+05,6.010581695033589966e-02,1.294245775466484893e-01,7.869249753929576929e-01,1.708089330241316262e+00,2.712007915142800041e+00,3.417912301747110249e+00,4.219731612666874909e+00,5.683991582119361397e+00,7.823790956603411395e+00,9.448527904970413616e+00,1.046533683021859673e+01,1.128947906334295581e+01,8.577702829239500559e+00,7.277717392811065444e+00,7.506916292708752714e+00,7.512780847967887254e+00,7.389735709223391069e+00,6.744173059357185807e+00,5.520147139384215862e+00,1.873703166087639094e+00
6.200850000000000000e+05,4.312927853574954895e-03,2.016121245290671826e-01,3.226372401085466635e-01,4.388453429329048916e-01,1.132013626930294503e+00,3.133133777200500347e+00,4.214527150367926467e+00,4.859227996358250756e+00,6.257907181321469281e+00,7.554507480963725818e+00,1.096756012500843269e+01,1.159163931358248867e+01,1.237838925044346183e+01,1.246030396665937801e+01,1.180326430051252729e+01,1.203327844342970465e+01,1.196935672566664621e+01,9.687515421316403419e+00,9.186044810580209941e+00,3.734428550446304840e+00
6.200860000000000000e+05,1.285824003844394658e-01,3.672668796483371523e-01,7.262323320704222596e-01,1.044454998929509326e+00,1.479942992779641475e+00,1.934046410077434608e+00,2.851081073744995642e+00,3.296782051915163159e+00,3.888164899948452380e+00,8.208585484892914508e+00,1.072197872103453697e+01,1.146013169197551917e+01,1.108832598366364408e+01,1.173227938891987421e+01,1.198228449932314632e+01,1.239244205839476010e+01,1.252174618329800815e+01,1.169800712948238086e+01,1.229072834712832396e+01,1.071391213544220022e+01
6.200870000000000000e+05,2.144362025533586014e-03,2.270285558382933999e-02,3.029461080540454265e-01,4.331949098999294812e-01,1.257203348690314026e+00,1.690211747987133473e+00,3.094376312459789169e+00,4.442680385910776408e+00,5.093479245008118994e+00,7.871509215389709269e+00,9.801343751965804429e+00,9.826293613818547712e+00,9.528046360616436061e+00,1.010527813786848839e+01,9.843769975427035135e+00,1.020238733620796623e+01,8.652823662518860814e+00,9.082483733961028705e+00,9.306600536801989065e+00,6.562394698822481942e+00
6.200880000000000000e+05,3.179138282778180002e-01,7.616373336746242728e-01,1.288847916499674451e+00,1.719830245654376810e+00,2.777839610029133599e+00,3.361299600838583146e+00,4.958005263629473802e+00,7.117904515957309108e+00,8.096801765660160299e+00,9.252157616962396247e+00,1.089173384318159954e+01,1.067895345182512656e+01,1.019084120130541393e+01,1.064929645482496667e+01,1.077768228695836683e+01,9.586382829255681415e+00,8.036141767643607992e+00,6.458632021001221801e+00,5.426442800720468362e+00,9.707332000967183738e-01
6.200890000000000000e+05,8.119409604927918522e-02,1.973349443069545295e-01,3.792783081874000484e-01,5.223954909464407770e-01,2.051583163045332281e+00,2.480186015157253898e+00,3.749129034890433587e+00,5.560618082703881804e+00,6.691862096341126609e+00,9.647265036597097776e+00,1.081923130444037362e+01,1.026025087494421939e+01,9.801144886903847109e+00,9.735798626337098582e+00,9.973939947782417548e+00,8.414558134963662894e+00,8.551747231344103639e+00,7.401304688571976875e+00,7.454660152569177356e+00,4.096401351076936592e+00
6.200900000000000000e+05,1.900468755286340850e-01,5.237666368740174772e-01,8.374814006435939984e-01,1.424186371310312893e+00,1.890588674766420230e+00,3.116711251717250164e+00,4.282741204231760079e+00,5.496719740446513569e+00,6.771853592971283753e+00,9.142447101545320365e+00,1.069122343073047432e+01,9.521021089182625019e+00,9.725896462635351014e+00,8.084553374010441829e+00,5.791942758057332163e+00,4.199500568823744118e+00,3.710182252936576663e+00,2.541880708187438387e+00,2.416615669578801473e+00,1.248940920596226523e+00
6.200910000000000000e+05,7.865375929408524591e-02,5.964915352433370899e-01,1.183452682383757004e+00,1.915365056810137467e+00,2.402255267385637882e+00,4.146170648275257165e+00,4.837886802641779838e+00,6.371824131729536766e+00,8.839861789926125368e+00,9.828638448450828236e+00,1.099518163997592346e+01,1.182136026002774365e+01,1.168079810175226640e+01,1.255146852246764411e+01,9.592353921733201005e+00,8.641350475937040088e+00,6.616385795315504303e+00,5.156992277880076081e+00,5.384446222720352893e+00,8.948558476052714816e-01
6.200920000000000000e+05,9.587859018483024798e-02,2.319506286239563231e-01,3.925936691977496285e-01,5.241897459603275244e-01,1.745892895391298438e+00,2.550407675749583269e+00,4.348697277471929468e+00,5.094255775807378761e+00,6.075678315281550113e+00,6.997477521854063021e+00,8.350503414482970399e+00,8.235730053451838728e+00,8.521484375359612784e+00,7.969585693596676457e+00,6.101152364785809468e+00,5.381040637094685053e+00,4.333927692874400606e+00,4.048553612932824564e+00,4.088006873591626622e+00,4.250216631916813981e+00
6.200930000000000000e+05,1.676412129746585045e-02,1.262342648643606235e-01,2.627083336161009086e-01,3.781352924445027242e-01,8.342113014889473988e-01,1.224003337355930698e+00,1.747217569849818464e+00,2.508659123167514160e+00,6.341412899676345027e+00,7.850817523582948709e+00,9.214937288733466403e+00,9.461409339019212439e+00,1.002965486244117166e+01,9.475908057423840347e+00,9.258022207503721290e+00,9.349313840194971803e+00,9.596826202368712089e+00,7.082943912858727487e+00,4.560318536650539656e+00,3.295706811056660079e+00
6.200940000000000000e+05,1.678329569586082259e-01,3.480387863524168068e-01,7.254503368802910357e-01,9.686518857142512040e-01,1.264866611132660079e+00,2.095222352152241285e+00,4.679347544131060133e+00,5.652103520525644242e+00,6.454493591263993579e+00,7.975212960455774436e+00,1.080185039912942813e+01,1.169552908522250867e+01,1.250270297782556916e+01,1.208996586796474482e+01,1.277838600404316871e+01,7.982510134525043100e+00,3.918243042858207126e+00,2.841316455854951517e+00,1.411691227932450499e+00,1.123790097542316513e+00
6.200950000000000000e+05,9.774131735781244057e-02,3.009892113346934739e-01,5.556326379829840123e-01,7.947014642073830792e-01,1.375187470826244152e+00,3.301522009236411037e+00,4.114856812893167515e+00,5.790047667291618794e+00,7.138736127584147440e+00,8.536420147126952074e+00,1.090000960585229173e+01,1.111181580153890636e+01,1.140532831057872443e+01,1.200234320800260690e+01,1.101030392909670219e+01,1.107797760433085799e+01,1.157977938235187132e+01,8.238536469418038521e+00,6.360804593587698008e+00,6.344325189975378976e+00
6.200960000000000000e+05,2.018896901494338092e-02,1.454112337911481756e-01,1.643338825664510949e+00,2.273303900742384975e+00,2.912809855840398754e+00,4.577850088991665345e+00,5.475400186670032809e+00,7.109536557685146363e+00,8.013581895459770621e+00,9.688589500565724322e+00,1.098451922425293503e+01,1.021266601180189149e+01,1.019630957162570617e+01,1.075301841511203449e+01,1.001974775488934810e+01,1.058393029883092140e+01,9.388156195603849952e+00,7.038113993072223629e+00,5.274457402614470602e+00,4.564153934031683235e+00
6.200970000000000000e+05,4.175782489417678711e-01,1.039444810835878474e+00,1.601565054615236683e+00,2.262409799220731266e+00,2.931642739823967059e+00,3.802590316323200437e+00,5.075163218747168692e+00,6.367240285641140751e+00,7.172863802451479920e+00,9.332524679939862011e+00,1.079121148123866369e+01,9.570427243598688349e+00,9.185785987075460568e+00,8.657359497353969147e+00,8.251404367505045911e+00,8.671252731408580772e+00,6.362016518942378518e+00,5.064147196103841786e+00,3.526217663293247817e+00,2.707022337265865275e+00
6.200980000000000000e+05,9.695600721225205998e-02,1.968959127654668073e-01,8.328025859236347639e-01,1.469698583079909859e+00,2.137824619909842738e+00,3.071633143019244727e+00,3.978518068670913621e+00,4.561794098029583466e+00,5.714341792571844714e+00,7.202217484758268284e+00,1.030396452632484738e+01,8.517261897053943542e+00,4.920350237423704698e+00,4.868822224917712660e+00,4.867349355091374008e+00,4.472340663772873981e+00,1.887953824162882377e+00,1.139383452636628880e+00,3.801577602377419485e-01,2.970768340532847773e-01
6.200990000000000000e+05,6.295852455239114853e-02,2.193923652002605085e-01,5.339061114922121210e-01,7.478550928098499639e-01,1.150163859759926188e+00,1.393086607523501996e+00,2.209616686172293232e+00,2.537187419956895340e+00,3.154155007070924999e+00,5.239065562194079817e+00,1.033942813578558528e+01,1.032677759462510814e+01,1.099954796442883165e+01,1.134295571076132347e+01,1.059916641453559016e+01,8.452063973687220511e+00,8.251265338821806239e+00,8.079460833841778822e+00,5.235157722749329778e+00,4.490393528238428189e+00
