7.300000000000000000e+05,1.188979249013232264e-01,5.334089567638242713e-01,9.693383885360731256e-01,1.309650794489975123e+00,2.226120449433324655e+00,3.099627181401341414e+00,3.817068795363280032e+00,4.693905872781177102e+00,5.303815054626112691e+00,7.399624012600326317e+00,1.067386820587520013e+01,1.027317417648830755e+01,7.095986070935445866e+00,7.312224866728803008e+00,4.454741126724594658e+00,4.700431621984046515e+00,3.198663792628715363e+00,1.998935090205263165e+00,1.005189388555282282e+00,1.858611068800852806e-01
7.300010000000000000e+05,8.597277584081286506e-02,1.727641251183831272e-01,4.464464801828207374e-01,7.170751127332266606e-01,2.220964137554685358e+00,2.787253944879389600e+00,3.475443116509551622e+00,4.898232244804677116e+00,6.635958861016883148e+00,7.401527932657527842e+00,1.018581207939564948e+01,9.326208620438514174e+00,9.091827460629565039e+00,8.647829071852557448e+00,7.817869065241628945e+00,6.990017342111451981e+00,5.718229281847669654e+00,5.103839201423568284e+00,4.437611701671343667e+00,2.956421833581137637e+00
7.300020000000000000e+05,1.357486677401982256e-01,3.952846338793361003e-01,6.097753893823103510e-01,1.062326018405741923e+00,1.444335579925209334e+00,2.352197295342402406e+00,4.587455373239857970e+00,6.000350424181100983e+00,6.942060593075151331e+00,9.634097649345541470e+00,1.087329801349495462e+01,1.043403606559697749e+01,8.141212102900462710e+00,7.496188190124927431e+00,6.917247084464068330e+00,7.222522318561580335e+00,5.302199590516552874e+00,4.935466539046481138e+00,5.196782366510318774e+00,5.163013232861077384e+00
7.300030000000000000e+05,7.872696431805126238e-02,1.650841923716497295e-01,4.059765361818078455e-01,7.465373224965667909e-01,1.818939676596802002e+00,2.549814089832881159e+00,3.179879567942128116e+00,3.941105983279457270e+00,7.735484850368695042e+00,9.236967759433138525e+00,1.059136690562788985e+01,1.137966202618736844e+01,1.083028414172114573e+01,1.149490967753665416e+01,1.103704360143399477e+01,9.425905426627778638e+00,8.527732510534676180e+00,6.144037092540157730e+00,5.006623102976110573e+00,3.801915198511776062e+00
7.300040000000000000e+05,4.867672371337117276e-03,8.099454117875692916e-02,4.898120123401792370e-01,8.967326439300200569e-01,1.213861619061812336e+00,1.810963597843428641e+00,2.872887389284718207e+00,4.543740217755602551e+00,5.690841568599895872e+00,8.181853242027369078e+00,1.081379453286248982e+01,1.097679859776783573e+01,1.044812088365636171e+01,1.004022319752893999e+01,1.026190287586531191e+01,8.755867951041709674e+00,7.749244762039073642e+00,7.853506238957237429e+00,5.542726797903218205e+00,3.767900885648345355e+00
7.300050000000000000e+05,1.304462014815526150e-01,2.876111822046489852e-01,4.410347719390195209e-01,6.636971905868573884e-01,8.759490603455344360e-01,1.425677281931824192e+00,2.388097742266546586e+00,3.051762124038831736e+00,4.435815818552910628e+00,5.802088912360798822e+00,1.003784359177761232e+01,1.043967310445757590e+01,1.068705651353376140e+01,1.139518523987991117e+01,1.046424372872376374e+01,1.057664633329383896e+01,1.062921682009689128e+01,1.085383210990525171e+01,1.067013789300319360e+01,8.943006784701880818e+00
7.300060000000000000e+05,1.100804115533737804e-02,6.980313720578990022e-02,2.337330796120681287e-01,7.309575922270621362e-01,1.416748864254560480e+00,1.742720069982271358e+00,2.325289198191705875e+00,3.727559505211433866e+00,4.488928454335015417e+00,8.868049231113655395e+00,1.051997138092951189e+01,1.135191578010999258e+01,1.049217982548361761e+01,1.044213696024075055e+01,9.974401159985260890e+00,8.468776969527731069e+00,8.173428683362232050e+00,8.158593868327452370e+00,6.580909847397523826e+00,6.141065392336841455e+00
7.300070000000000000e+05,2.522580411179962123e-01,5.694443042034940117e-01,9.121656263704044365e-01,1.297514612723868144e+00,2.010726452256740959e+00,2.414995910947377311e+00,3.856149636812506110e+00,5.543173683790011630e+00,6.415031868026483508e+00,7.799041625796175659e+00,1.072682048425531676e+01,9.127781984587088004e+00,9.467913650715992446e+00,5.711863052799199814e+00,3.221921745580225593e+00,3.168797824136451169e+00,3.318524769405896357e+00,2.287605561335674498e+00,9.620847226447906131e-01,7.526504020285429419e-02
7.300080000000000000e+05,1.471870352125540515e-01,4.992353785180065895e-01,9.453119355740629004e-01,1.342681540934405504e+00,1.844730438907926207e+00,2.669542448241553512e+00,4.708199188687165915e+00,5.535809433222446785e+00,7.156993499781380663e+00,9.151526317244773168e+00,1.070720164901338478e+01,7.839220461719127009e+00,7.905265242532233394e+00,6.930756021101243114e+00,6.712612459773020568e+00,4.541268223969250784e+00,2.500469035989945077e+00,2.343017549452245163e+00,2.156976911506778727e+00,1.053596505014511298e+00
7.300090000000000000e+05,6.782591485672551102e-02,1.578072085292701043e-01,2.949893734444453131e-01,5.270584477977351412e-01,9.528302425432028100e-01,4.049346255055954913e+00,5.245399997211879217e+00,6.667592468062832900e+00,7.627476301155482474e+00,9.671598221839719400e+00,1.090923600711276187e+01,1.077729578412763800e+01,1.037059967756286660e+01,8.969009390649510749e+00,9.304375247500606960e+00,9.295881950722110432e+00,4.115573137093557321e+00,4.324430118039814808e+00,4.360660669880892293e+00,2.145067914775684592e+00
7.300100000000000000e+05,2.257663972713408462e-02,7.217951136793865352e-02,1.495944133475481941e-01,6.736469662728095109e-01,1.115380923349230669e+00,1.834916954874853179e+00,2.762554316106901275e+00,3.166735833923855381e+00,5.258163197952891110e+00,6.528022595254940441e+00,1.079996445913259429e+01,9.435952413170243247e+00,9.843112137202279399e+00,9.632319545846256048e+00,7.734828916947662947e+00,7.770534977560920709e+00,4.274294705565759855e+00,3.517580681341152093e+00,3.221802414609289400e-01,1.026288904180105988e-02
7.300110000000000000e+05,1.665358653930748556e-02,1.694012071840547140e-01,5.245704358301815917e-01,8.418112355916345102e-01,1.083383111879376859e+00,2.673378235630777144e+00,3.316916359731886921e+00,4.298673381648639769e+00,5.139088749870315276e+00,8.371021649029373179e+00,1.092416698538202624e+01,1.081758919347089432e+01,8.775432156229262759e+00,8.142764679176298870e+00,5.217640724663240803e+00,5.124793192203849657e+00,4.164293822924706845e+00,3.874342196498221202e+00,3.989307949192026470e+00,1.755856777012889669e+00
7.300120000000000000e+05,1.252259245520015440e-02,1.156919183969833398e-01,1.953156887328809654e-01,4.578294418207322636e-01,6.020709402466706273e-01,1.066598994555628677e+00,2.517228974392419438e+00,3.320337504321641653e+00,4.153928409269299848e+00,5.790024724397740741e+00,1.088315503149456553e+01,1.037556585593103087e+01,9.662688376306769911e+00,9.572166473728168867e+00,1.008375689818132948e+01,7.192848794760138276e+00,4.815289104403508880e+00,4.188552463891328514e+00,1.971022406791351989e+00,1.819168052858171070e+00
7.300130000000000000e+05,3.434121272813872583e-02,1.643682341640169131e-01,4.573597136040447042e-01,8.662636235461884660e-01,1.234461721322640537e+00,1.886540849814324572e+00,2.591222780782546309e+00,3.255637332802623796e+00,4.925254113616524876e+00,8.972093028970995476e+00,1.017989411540144928e+01,8.685524263188789007e+00,8.983781251924302325e+00,9.608274166459658261e+00,9.108903130519705016e+00,5.501569916806392513e+00,5.843026055430200039e+00,5.693315763200362589e+00,3.979820508388598022e+00,2.552557637210384200e+00
7.300140000000000000e+05,1.561818189746866370e-02,6.423275567852249068e-02,3.496476342912085977e-01,4.682035920968123932e-01,7.462188092877652945e-01,1.334262472400582933e+00,2.007338037525625118e+00,3.312926404626654886e+00,6.982553779110096670e+00,7.944845923196543147e+00,1.042555633506516699e+01,9.649369180865404516e+00,9.318006159507282504e+00,7.402011948898646665e+00,4.585442048095362821e+00,4.410991017872120779e+00,3.297186934418731674e+00,2.576997871604156387e+00,2.021901887895193539e+00,1.811317704088333258e-01
7.300150000000000000e+05,1.470225558191029513e-02,4.943667138494889368e-01,8.005281089615667867e-01,1.508328703245900293e+00,2.194132060784494964e+00,2.691843127625121568e+00,3.639453601897614909e+00,4.252936318553995676e+00,8.429679739573620267e+00,9.754345020892202456e+00,1.092472060430666403e+01,1.188431559520869030e+01,1.256736470290987562e+01,1.078384744759263825e+01,7.772896141386349100e+00,7.795719334500061493e+00,6.966752040022988091e+00,6.414404402196685062e+00,6.337416986724253576e+00,5.558186372317059920e+00
7.300160000000000000e+05,2.052991657415137450e-02,8.190526161868949551e-02,1.463383691930896235e-01,2.612261245417544231e-01,4.989137166083412733e-01,6.636219717521831818e-01,1.211252542405558019e+00,1.658347378360234714e+00,2.055682072852136777e+00,7.271634578006499261e+00,1.085463259919626822e+01,1.004499894833366369e+01,7.962529582971199282e+00,8.555477289969429577e+00,8.087815141986750334e+00,5.901993665859894378e+00,6.110418650498882442e+00,4.351864709131270104e+00,4.282211447207846078e+00,4.242333133871332151e+00
7.300170000000000000e+05,5.534858885685434160e-02,3.361729844543197565e-01,7.714792655684149514e-01,1.298923582277804911e+00,1.838630871729999283e+00,3.361613912812523530e+00,4.194354234005702509e+00,5.011320890774927150e+00,6.408562063271059372e+00,9.465840558010643946e+00,1.041354082417968208e+01,1.092399986251576216e+01,8.399183302067845247e+00,8.949713709426355024e+00,9.192595396437411637e+00,9.043836848539090312e+00,9.228069564593370799e+00,4.127336645800556703e+00,7.044818177430323125e-01,6.760659459957962802e-01
7.300180000000000000e+05,9.216901106588792913e-03,2.806234588846989730e-02,4.457831160403501469e-01,7.472350417254216559e-01,1.185631856454968380e+00,1.496110395724620235e+00,2.078856659210375657e+00,3.363898131137954550e+00,4.740887225164795993e+00,5.950896055298901643e+00,1.028176799854658974e+01,1.040683201235110822e+01,9.100907735699006906e+00,8.030297894578810158e+00,6.445382466026329027e+00,6.832753984186656027e+00,6.976433650853866908e+00,5.329889661354089370e+00,5.458153368113166870e+00,4.356010875729476872e+00
7.300190000000000000e+05,1.633383224610379658e-01,4.008264634961578032e-01,6.291920650641988910e-01,1.515717146171815966e+00,2.698295090959117015e+00,3.613614540923042462e+00,4.253835574660669749e+00,5.927945176127128235e+00,7.650452887744904729e+00,8.733246021346948496e+00,1.072769852397428458e+01,9.993044595781078954e+00,9.443301774224174494e+00,8.631493259674408947e+00,8.238609079421264525e+00,8.365405741527949246e+00,8.040253277351151695e+00,6.902005213215665513e+00,6.829979747807021440e+00,5.979458100853147329e+00
7.300200000000000000e+05,1.833287724136428709e-01,5.703393919370123299e-01,1.006430470151085554e+00,1.492887841780347724e+00,2.286315307596409774e+00,2.904000114423273438e+00,4.321700233967967542e+00,5.472344774254101374e+00,6.219703855898398359e+00,7.707884780775215994e+00,1.019657887737344204e+01,1.046136748775043657e+01,1.047393497817711072e+01,6.899421472945191702e+00,2.900061649505810912e+00,2.373401214527598668e+00,7.797782747656445412e-01,3.614777754962728018e-01,3.262026757678531119e-01,1.731630914336101945e-01
7.300210000000000000e+05,5.004417597197119427e-02,1.378875119312068520e-01,4.756186513139292193e-01,9.737647934878701506e-01,1.404762916009972828e+00,1.785400043404508530e+00,2.654132106133445301e+00,3.489538756785634632e+00,7.534906931008353403e+00,9.504725079606343385e+00,1.048045438379679339e+01,1.119595905323008900e+01,1.114881482660435985e+01,1.155714508989212419e+01,1.017147984324064325e+01,1.051671951463583099e+01,8.753699807997264770e+00,9.086042246143273715e+00,8.577857404493061111e+00,6.895978313088031442e+00
7.300220000000000000e+05,1.881669416348463741e-02,1.508282007815300307e-01,2.314133750095377362e-01,5.893318004321437265e-01,7.412229816334037213e-01,1.028282676448393440e+00,3.797262806967286686e+00,5.391912079689837434e+00,8.173458419473622172e+00,9.093087517040784107e+00,1.099053423011498509e+01,1.142468982372738040e+01,1.203916928926849650e+01,1.200226762004646019e+01,1.059941116645495107e+01,9.635117797143941232e+00,8.948572066311950124e+00,7.505296744475970172e+00,5.191800268555553544e+00,4.234455468514366494e+00
7.300230000000000000e+05,3.120367380299082782e-02,1.576162581520679229e-01,5.974230466382702831e-01,8.012027350661710123e-01,1.949336331228487929e+00,3.674956061764782067e+00,4.787322183150527266e+00,5.959965132033255841e+00,7.288532340628688821e+00,9.771282048617159433e+00,1.094795940935041578e+01,1.189344254171251691e+01,1.203397291339900654e+01,1.134028360924679291e+01,1.041111336575960777e+01,6.550261480969874484e+00,2.888506303277216691e+00,3.002804977157785604e+00,2.689816503658291058e+00,2.480748179351799365e-01
7.300240000000000000e+05,1.006423846885072804e-01,3.319276942254270057e-01,1.337583668924385405e+00,1.909349533846665725e+00,2.635571508312112954e+00,3.219910385709670031e+00,3.830892869215576368e+00,4.907058995040326721e+00,6.268450761482946554e+00,8.868052991596535151e+00,1.045551115139080878e+01,8.566492913588252378e+00,5.809147663001946960e+00,5.843208301678307848e+00,6.021234661022015544e+00,6.380819550806599239e+00,2.116808334165649619e+00,2.120139875156387355e+00,2.963523131086639451e-01,2.464141213429615895e-01
7.300250000000000000e+05,1.538634161211693829e-03,2.659190801690236583e-02,3.729244200977088752e-01,6.823461492580431553e-01,2.197842781884677521e+00,3.012732141299999000e+00,4.708879507286724220e+00,6.370748166299243564e+00,7.944651790439496430e+00,9.476436684898533969e+00,1.086614056841294484e+01,1.133041915859227089e+01,1.185949857254613882e+01,1.125638938177602633e+01,1.055693931417170006e+01,1.048150961953166238e+01,1.095321186233634947e+01,7.547467371003853565e+00,6.815512166360315760e+00,1.087646884395465641e+00
7.300260000000000000e+05,1.538643893719727762e-01,3.265857865322043807e-01,6.681402803228335685e-01,1.394407893909528795e+00,2.402452135671058198e+00,3.120123875083862686e+00,3.941517792844890344e+00,4.870551819745844391e+00,5.753306082191868676e+00,8.566396015424281529e+00,9.890672382125051953e+00,1.011600985013358667e+01,9.643639599566553144e+00,1.010353455970293091e+01,5.872746164369106125e+00,3.984390495102942964e+00,3.784170795820995803e+00,2.574756018807463853e+00,1.678438119609075851e+00,1.153620597946767301e+00
7.300270000000000000e+05,1.787842656865071822e-01,4.226513851137327915e-01,7.525222020350821328e-01,1.251491236307078925e+00,1.789896129133301095e+00,2.525087161326672991e+00,4.512565087428658472e+00,5.412054454974104090e+00,6.324466149764053746e+00,8.237181834866269980e+00,9.236206059519343370e+00,9.489889238195930332e+00,8.483714207606029234e+00,8.223456975922465162e+00,3.708229942590611117e+00,3.932281265048704455e+00,3.469784105565277166e+00,2.921427686781923327e+00,1.660112394787765844e+00,4.427996402019274136e-01
7.300280000000000000e+05,5.668865884244844722e-02,2.452506476583737882e-01,6.580742864469160125e-01,1.370495412044271166e+00,2.247287450178844903e+00,3.932213008593380188e+00,4.907236914507092429e+00,5.609150700187839789e+00,6.670830679609228042e+00,8.915212972425273108e+00,1.089582818845757828e+01,1.124393990879556604e+01,8.577364585682179410e+00,8.363882292592075274e+00,8.952388906661639112e+00,8.085980732752350519e+00,8.369756888767549086e+00,8.442928382226758899e+00,8.203922096419468346e+00,8.362994025837267031e+00
7.300290000000000000e+05,2.649431477742536511e-02,7.662282690152795173e-01,1.216644936893140017e+00,1.697014184611068011e+00,2.315672114787179048e+00,2.838569352708169902e+00,4.692293571534770003e+00,5.991086060472869512e+00,7.134388054504910315e+00,8.765271638976612323e+00,1.044094885605515977e+01,1.004254181704968119e+01,1.062550123843529271e+01,1.013810497630174901e+01,1.037642794582042249e+01,1.070084739246036598e+01,7.588905838578795304e+00,3.801419224715978817e+00,1.404420226384719417e-01,1.007350583985355819e-01
7.300300000000000000e+05,2.589879605492581005e-01,6.228740512964552334e-01,1.094977853254879285e+00,1.734882805703168440e+00,2.912835443797912482e+00,4.125251800215698594e+00,4.973518954172482687e+00,5.740447629922429407e+00,7.919668588667434506e+00,8.944227682938565849e+00,1.092655609321735355e+01,8.713958753242510014e+00,7.691187919879167723e+00,7.046501799710800817e+00,3.280173946609634683e+00,2.605192651832544115e+00,1.833678529123527134e+00,1.197786150812860217e+00,1.194911087754952250e+00,1.216217306983629065e+00
7.300310000000000000e+05,1.547167338853319141e-01,4.471247117033352314e-01,9.291844584873777402e-01,1.355946064602134626e+00,2.152853416985108126e+00,3.917189598608606715e+00,4.923379513139380492e+00,6.528157170323778402e+00,8.221216668740899181e+00,9.182989267291265634e+00,1.066400977423579732e+01,8.959518001979267510e+00,9.472810572661424899e+00,8.974915817270646912e+00,8.472636484256755196e+00,8.402483821956479915e+00,8.673745402956116735e+00,7.156764212956482574e+00,6.729628590522073850e+00,6.764191266392365343e+00
7.300320000000000000e+05,6.379825820416773485e-02,1.894582698488227468e-01,3.246246900962480586e-01,7.456700835066367716e-01,1.106751110849146791e+00,2.143198050818791334e+00,3.337542115396805897e+00,3.898490124057114592e+00,4.890353229717629091e+00,6.168913891203819944e+00,1.035153996164961754e+01,1.114687504343579860e+01,1.116627156957853018e+01,9.572736548340381901e+00,1.006964741466103774e+01,1.062304663538270155e+01,8.643066956305371917e+00,7.471663629316500632e+00,7.396168085542146109e+00,4.865353894481807551e+00
7.300330000000000000e+05,3.226428744292442197e-02,1.981119028863524978e-01,3.128404575961644118e-01,4.620261900869224725e-01,1.324049750281516946e+00,3.110963249041644119e+00,3.771972024682889835e+00,4.915879732151354098e+00,8.406419279843586168e+00,9.846802042368976160e+00,1.094346525863539377e+01,1.153347949170454712e+01,1.229020020706493099e+01,1.202620937091605668e+01,1.224832495710033697e+01,1.051516834448081994e+01,1.113745763786477916e+01,1.103430057062117164e+01,8.255899389988677228e+00,7.100439339947996586e+00
7.300340000000000000e+05,8.936671076519009382e-02,5.160283011047614998e-01,8.813793377064890189e-01,1.241102878730647507e+00,1.636798338420457632e+00,2.054241261534178520e+00,2.945087243469945992e+00,3.543377319443012041e+00,4.472497822077339258e+00,7.495290166504685381e+00,1.081122356250510563e+01,9.572514737576028665e+00,1.030974669427116197e+01,9.249120855027667787e+00,8.949854099072194202e+00,8.578141796585304846e+00,8.055826423075696852e+00,4.465253560310697978e+00,4.162642083980673036e+00,3.909832282794447611e+00
7.300350000000000000e+05,2.572217592096237571e-02,1.529180782964416618e-01,3.670585236667529561e-01,1.180186343697275042e+00,1.701558224860891810e+00,2.274218028110118084e+00,4.229476663227980993e+00,6.566244448748252083e+00,7.781139430125450396e+00,8.685544047788120281e+00,9.679790912693093219e+00,7.934308707331244825e+00,8.429685043317498128e+00,8.891189654939559261e+00,8.551921852619445374e+00,6.252830706897990254e+00,5.442125844055250461e+00,1.039280570626298195e+00,1.090519618128989343e+00,8.799894179560530105e-01
7.300360000000000000e+05,1.489112186065956189e-01,3.476096217581798875e-01,6.213858789800474902e-01,1.002128868647188753e+00,1.455283081095013031e+00,2.097139880061571926e+00,2.620795285218677773e+00,3.877913111853706241e+00,6.268352239167856332e+00,8.101374063956853888e+00,9.324440745116115536e+00,8.848841058351613498e+00,9.188780501249635080e+00,9.260203546099985417e+00,9.709216206811312588e+00,7.844937480694015974e+00,7.589029072278094645e+00,7.250448588625040713e+00,7.470489080867359633e+00,7.686995694331068663e+00
7.300370000000000000e+05,9.476869370908302947e-02,2.179555350419768445e-01,4.277155933057211756e-01,8.745236552278816688e-01,1.205012356022079789e+00,1.488792749344655109e+00,2.142509606382752452e+00,2.520258356439038394e+00,4.905973740395506155e+00,7.813989132219752776e+00,1.044472468893525274e+01,1.079975094907805833e+01,1.000107942626736879e+01,8.643407659391749931e+00,8.598219753981718227e+00,8.933861155562169643e+00,8.974972956789054379e+00,7.549481814406820313e+00,6.624800234679801392e+00,5.901510545784471873e+00
7.300380000000000000e+05,5.795504495449410598e-03,6.767890097053053111e-02,2.005818849155424077e-01,1.903422060294789553e+00,3.257578514080048393e+00,4.525471836459696640e+00,5.665965053116525318e+00,6.600830620807660587e+00,7.667881960373080119e+00,8.844558759668096570e+00,1.080952206805952542e+01,1.129805192261323654e+01,9.415422802456678397e+00,7.695727018006300213e+00,4.524974856107216503e+00,3.763856765169773411e+00,2.469622593367093000e+00,2.457070173051296713e+00,2.436788861305505982e+00,1.579332594932059131e+00
7.300390000000000000e+05,2.940639119170862514e-02,1.489224958808061938e-01,2.285012882923436184e-01,5.135922498385308010e-01,1.594912724162254491e+00,2.567846299978053359e+00,5.024829533596351538e+00,6.262966407032062754e+00,7.821028522064062294e+00,9.571908389749419044e+00,1.053249976433770030e+01,9.133290994969662790e+00,9.011662625967396423e+00,9.689040044599112278e+00,9.693474259386473335e+00,8.869742784773002597e+00,7.680344390823115930e+00,7.711015473396690467e+00,7.303129483138142142e+00,7.200069326804285907e+00
7.300400000000000000e+05,2.511326123896695517e-02,2.494207244115238531e-01,1.105328788238182147e+00,1.692766980360178586e+00,2.487460849870472668e+00,2.992442102599491172e+00,3.493573225793793480e+00,4.066921721623741881e+00,4.800882010542601108e+00,6.776524814086433146e+00,1.065417231150993516e+01,1.085029441525036020e+01,1.092124006418712057e+01,9.925654219785057464e+00,9.391867231751261258e+00,9.325192401850941337e+00,9.306875893232231078e+00,8.288208876534421066e+00,7.488303063953827277e+00,3.781260060119475686e+00
7.300410000000000000e+05,2.791071422635441612e-01,9.032895636607984891e-01,1.444416417957091525e+00,1.941863596111072621e+00,2.587251683815540826e+00,3.228478913911874137e+00,4.541727760189426810e+00,6.257140254496079912e+00,7.681856445317292170e+00,8.715177658535996130e+00,1.088653251423517432e+01,1.076299909778244768e+01,1.090824830865616057e+01,1.096312080739887840e+01,1.020917415446177756e+01,9.943428934938745911e+00,4.418047761693705056e+00,2.309618835612099019e+00,2.314124073979047846e+00,1.601759046610224946e+00
7.300420000000000000e+05,1.024185306824638708e-01,4.034122906584474144e-01,1.133188346819613557e+00,2.117770952184873767e+00,2.659212078153341707e+00,4.018662983008468359e+00,5.226161328702736419e+00,7.005607414133149469e+00,8.665062837792516959e+00,9.672229633697495998e+00,1.091716316917828955e+01,1.010464860433557277e+01,1.069628978897954852e+01,8.101154560326840226e+00,8.247043546896019706e+00,5.642424405197795423e+00,4.553879506315603898e+00,1.715964271407212527e+00,2.594826087851312968e-01,2.231124360883507407e-01
7.300430000000000000e+05,2.625354591467801146e-01,6.968938578176697707e-01,1.141888916467087789e+00,2.096929045141260328e+00,2.774990298327742355e+00,3.700692107244632822e+00,4.673268261993696271e+00,6.255777674258521159e+00,7.927159478402720616e+00,9.752060262056602369e+00,1.074948076688841780e+01,9.869621412316920583e+00,1.031164423478749548e+01,1.082207181210418412e+01,7.492778819334018792e+00,4.734338757720523816e+00,4.315519024270932924e+00,3.434068406110476701e+00,3.608405916733901098e+00,2.058775431946839873e+00
7.300440000000000000e+05,2.109811629571761715e-01,5.099442530522413364e-01,9.198786269354747303e-01,1.434722552628135084e+00,2.006269567067807014e+00,2.454158572108763980e+00,3.910196888387943215e+00,6.735187929414793828e+00,7.620233152038067281e+00,8.805122593145027210e+00,1.060051861349245428e+01,1.085780409909455457e+01,1.144553406067936940e+01,1.059344786058621679e+01,1.113250148314868149e+01,1.069264953796008122e+01,1.088642788439362263e+01,8.677344921273942191e+00,8.658509396766680410e+00,9.094447828818847057e+00
7.300450000000000000e+05,2.308294192379930498e-01,4.795797734511451083e-01,1.015685693042006843e+00,1.407376125682906931e+00,2.005908388410294840e+00,3.012545739989386462e+00,3.650367397777849021e+00,5.728041157670801020e+00,6.909142744704503514e+00,7.693322591423433110e+00,1.099859462772518448e+01,1.181438209658824157e+01,9.577560034721471993e+00,7.442786125901092120e+00,6.278918226850794149e+00,5.212673716800363621e+00,3.864503620313970877e+00,2.405193498763282811e+00,1.108641964094100985e+00,1.043334922922083408e+00
7.300460000000000000e+05,2.425178773543112953e-02,2.887715463509969993e-01,5.020946997460129513e-01,1.043656578865231221e+00,2.159604477160063318e+00,2.608435978474192396e+00,3.393292421582403406e+00,4.387403102120534193e+00,6.662300120983695173e+00,8.591183283267451287e+00,9.878098592867994299e+00,1.073688980639563795e+01,1.115003860808774405e+01,8.055247678702723846e+00,7.051257491405482192e+00,6.753148493649344886e+00,6.306609766368445058e+00,3.488704967652191069e+00,3.297859663683746057e+00,1.843858209398232528e+00
7.300470000000000000e+05,4.365109603135675087e-02,1.305868959224105730e-01,2.064136163458494266e-01,3.174464551582452110e-01,1.199915781359284672e+00,4.155362945262456087e+00,5.088040244483288177e+00,6.442981204412919993e+00,7.705816864392622811e+00,9.176218275911159239e+00,1.095997931706561523e+01,9.440411990737885617e+00,8.206385716539809749e+00,6.980006933715180217e+00,7.240285446879060949e+00,4.844271704649447230e+00,4.040803247933464348e+00,2.357315108723427866e+00,2.215424092800216904e+00,1.997358422017403434e+00
7.300480000000000000e+05,3.180924755333547349e-01,7.580923351943094080e-01,1.480441829982515278e+00,2.652492986951121345e+00,3.483984312344228229e+00,4.262678571521835380e+00,5.108978741078245456e+00,7.106764660007976353e+00,8.509236016235469435e+00,9.647106036128255013e+00,1.087578602267572592e+01,1.073180976223094518e+01,7.268296682413181387e+00,7.635533903272404999e+00,7.431456475465873623e+00,4.277586208197368123e+00,2.898128645619345800e+00,2.547503458520131048e+00,2.071124139541173026e+00,2.400140663816840991e-01
7.300490000000000000e+05,1.601225659263192380e-01,3.299380113991989827e-01,6.346038501723373360e-01,1.610021754125123383e+00,2.482082125635816094e+00,3.554970439417341144e+00,4.944427114959744074e+00,5.975579190772425164e+00,6.762582106685513850e+00,9.040120081063573565e+00,1.010836529213847790e+01,8.750743803318506764e+00,9.335689288702708311e+00,4.568206741863826359e+00,4.350038080415886022e+00,7.180335630953855741e-01,7.372084386010329116e-01,7.589797891826826071e-01,6.281061578493530861e-01,4.617929262114151001e-01
7.300500000000000000e+05,2.929383059121195565e-01,6.389248135694292063e-01,1.165198226333111542e+00,2.049302314383930845e+00,2.654580928371705451e+00,3.365003035024911160e+00,4.067727289735268315e+00,4.793776817989705563e+00,7.605976674976045793e+00,9.132319369758601368e+00,1.088964905479198819e+01,1.181423732938107918e+01,1.129775017691089367e+01,8.858401173474616641e+00,5.944361931322687198e+00,3.252407810620759676e+00,2.742316988316980453e+00,1.891725031568588733e+00,1.497191025879163195e+00,1.311893947380202707e+00
7.300510000000000000e+05,8.343979008207935699e-02,4.316670724477951193e-01,7.452112424958354797e-01,1.618353785827956415e+00,2.913809090646722666e+00,4.075743021669412158e+00,5.286389639605200585e+00,6.237912013684598023e+00,8.672328604813651864e+00,9.772681156304969363e+00,1.094764826053295614e+01,1.053857611639900327e+01,1.115150936262308967e+01,1.111943069936557116e+01,1.175881467862488350e+01,1.197174846577124185e+01,1.238702555272043782e+01,1.272719837153899114e+01,6.639569568922911280e+00,4.301099678005475546e+00
7.300520000000000000e+05,5.118749125154753443e-04,1.127366614751179608e-01,2.872460027545790107e-01,5.111120420743171522e-01,1.614539690117006154e+00,2.340704662440634909e+00,5.115096490115231376e+00,6.047902710148642669e+00,6.949385040172936456e+00,9.173537968824797773e+00,1.017291067524890735e+01,1.027419581785390257e+01,1.095193063116989229e+01,1.104400673989113812e+01,9.928161444929134660e+00,6.901438102349080950e+00,5.958181969364565234e+00,2.045992340255643693e+00,1.796304103423905341e+00,1.715397460753143033e+00
7.300530000000000000e+05,4.975268469349195533e-01,9.978470432815953473e-01,1.776699850897001109e+00,2.379028010759594469e+00,3.028988080888457279e+00,3.647494068667207046e+00,4.333930404724277707e+00,5.223447002408927453e+00,6.275150147364922049e+00,7.232641711622820324e+00,9.855282818184877058e+00,9.358063876550447802e+00,9.503838725283353384e+00,8.819561318588593934e+00,4.583638458557625306e+00,3.604466213521920537e+00,3.808674415764580878e+00,1.626364689084228043e+00,3.038153829249925497e-01,1.885449488770940540e-01
7.300540000000000000e+05,1.597005044649312255e-01,6.675886597009599299e-01,1.207641195672827461e+00,1.869214922482510310e+00,2.501464204569696648e+00,3.452807704270863365e+00,4.254653399324300977e+00,4.910594101982038495e+00,6.183470536218769631e+00,9.202507890543499158e+00,1.042794027011979097e+01,1.087171645079618898e+01,8.124525947224695344e+00,8.130376019358617867e+00,4.361985565025841893e+00,3.149930743639270503e+00,2.782781815108446466e+00,1.833981907512880039e+00,1.681466382387926561e+00,4.533237036742665538e-01
7.300550000000000000e+05,1.720482300880676885e-02,1.504356155916262150e-01,4.744373859039563435e-01,1.153149795224531093e+00,1.931485631555096116e+00,2.692478658884091658e+00,3.255931027116268694e+00,5.284776717513043565e+00,6.783548600445227450e+00,8.889966961944143264e+00,1.075006232616439483e+01,1.162917582911973646e+01,1.232543349703964175e+01,1.174939045920318037e+01,9.745993535011914233e+00,4.550436287712926742e+00,4.052592788339583585e+00,3.890607479872330021e+00,2.398081003973018266e+00,2.734293285873445889e-01
7.300560000000000000e+05,8.248288180882368259e-02,2.787381736680776267e-01,8.497138249462671267e-01,1.291981984967113473e+00,2.019629096577142402e+00,3.208129264313567486e+00,3.792916822399599042e+00,6.428879430167546261e+00,8.508728220228896078e+00,9.700056802542295742e+00,1.082897024125339591e+01,1.017309605312459908e+01,9.243260101098293546e+00,6.272507847538626891e+00,5.358167257768789327e+00,4.740979641684536006e+00,3.314386974397889762e+00,1.806375135172928248e+00,1.866341003912797003e+00,1.781441444285620790e+00
7.300570000000000000e+05,2.093737674840447927e-01,5.945532435505815894e-01,1.089942175362527355e+00,1.647334742969380095e+00,2.210637456161101522e+00,3.364306271890442623e+00,4.369503548036284712e+00,5.200442615653466660e+00,7.239291575758989516e+00,8.086755105606989957e+00,1.074539365936546531e+01,9.867594039745332779e+00,8.971608341609604409e+00,8.262776761072407439e+00,5.368389878920253544e+00,2.294822087355084861e+00,1.552706109335725504e+00,9.261160641509693647e-01,9.391163067979331203e-01,6.963146427807487271e-04
7.300580000000000000e+05,4.687309109716741862e-02,3.538949321980882079e-01,5.441770995967213365e-01,9.125771891864924434e-01,1.403163013311063967e+00,2.068946412413406488e+00,2.691657102743510332e+00,4.075989420638747696e+00,7.025281757982504871e+00,8.057988732913969443e+00,9.244133798739220254e+00,9.666092349452021892e+00,8.045475202337241782e+00,7.428246540292670730e+00,6.777352582334582820e+00,6.325653112555741586e+00,3.193156146363832271e+00,3.184678335440569885e+00,2.900496840702343260e+00,2.210107126505496122e+00
7.300590000000000000e+05,4.069632879019513538e-03,3.860829317925085213e-02,7.262914522026520103e-02,2.210026958442328215e-01,1.354739234573847817e+00,2.680506402631857910e+00,4.121902192837802126e+00,5.429644773224013399e+00,8.097943087626319425e+00,9.293876448528834544e+00,1.066734661151881447e+01,1.114845965981333364e+01,1.170798818122194085e+01,1.249807240961868793e+01,9.070544366263170843e+00,7.622624616124296537e+00,4.351190637110229353e+00,4.602294142039050406e+00,4.425783762013910660e+00,1.545574023118183593e+00
7.300600000000000000e+05,3.022205256621812719e-02,1.129564819460326941e-01,5.742416335790290205e-01,7.789444540691317087e-01,1.561380437864925863e+00,2.992994101436309506e+00,3.824963391512421040e+00,5.281894335322708578e+00,6.516617942970119870e+00,7.610967830577587634e+00,1.064878677245006422e+01,1.067071353648807985e+01,8.979290954263595026e+00,9.423504426486273289e+00,9.904922936807340150e+00,9.701886155028956793e+00,9.571125612294068219e+00,8.910433084960875050e+00,8.248786916922313139e+00,6.939736344062598761e+00
7.300610000000000000e+05,1.970990180529830216e-02,7.485540217431574384e-02,3.289909342152858018e-01,9.834853615200049859e-01,1.554110757476403482e+00,2.423533686650618080e+00,3.564482907634615838e+00,4.128287602758004660e+00,6.719780979204445615e+00,9.541241556133924107e+00,1.094531496203574328e+01,1.182207141177304166e+01,8.190033993949635160e+00,6.951320103175989473e+00,6.577440272388582088e+00,4.625528315796449519e+00,4.711428478285555776e+00,4.348386514210281106e+00,3.795552507856609914e+00,2.862068166726547958e+00
7.300620000000000000e+05,9.696725419874463459e-02,7.539974399591922172e-01,1.258462355666633670e+00,1.694627121040963136e+00,2.173126666249886707e+00,3.166732782923712186e+00,3.723047326626669928e+00,5.453503938085902725e+00,7.467358263585022193e+00,8.930585920897801344e+00,1.078179846962459720e+01,9.930872578874588186e+00,1.040362240462116006e+01,1.117370687559409603e+01,1.083231985046772117e+01,1.038455884681046903e+01,1.057107758909438111e+01,8.844503338374432033e+00,8.846175961937925436e+00,3.920398702137357638e+00
7.300630000000000000e+05,3.030157494543654906e-01,7.212876883963179608e-01,1.323779012113133646e+00,2.739417021387329232e+00,3.673595584526711644e+00,4.564452195935215784e+00,5.832522417210793009e+00,6.820629777852007081e+00,7.766778985252140721e+00,8.938076062267125366e+00,1.081460043872835186e+01,1.001589221065363411e+01,9.621600302916212044e+00,8.887952189574154005e+00,9.281647732332933387e+00,8.410667930122958325e+00,7.424713374692426981e+00,6.491297311388803948e+00,4.764952986647585931e+00,3.990608663712924553e-02
7.300640000000000000e+05,2.847458885630560488e-02,2.376248868049950502e-01,1.087709624603774072e+00,2.201987222021040580e+00,3.019916794718740416e+00,3.691815314478616994e+00,6.053337204614973821e+00,6.992872793137181020e+00,8.041477867067847285e+00,9.359878489959568171e+00,1.033803021211559248e+01,9.035093523333074472e+00,7.506883205146047899e+00,7.944932163537174574e+00,7.203265123106411316e+00,7.137792552401419854e+00,6.091920355851798696e+00,6.220992488750441751e+00,2.484498424118013027e+00,8.662122132969685140e-02
7.300650000000000000e+05,9.389307848588834826e-02,3.525030472560051198e-01,8.772649217085740636e-01,1.614696728328451680e+00,2.039935962238577538e+00,2.664317728809401764e+00,4.179916152512342720e+00,4.831624723764063489e+00,8.477874060825387303e+00,9.824534949061305866e+00,1.092754579497849043e+01,1.158340552912817323e+01,8.867209702735619814e+00,9.427459433644305165e+00,9.643947510300565185e+00,3.980460140525986290e+00,4.167652606315543018e+00,1.147747398343858638e+00,6.980478420510686233e-01,2.460274051186472910e-01
7.300660000000000000e+05,3.118209013124995099e-02,6.773047460324197466e-01,1.342923261346366193e+00,2.065745269535691708e+00,3.358774911953790632e+00,4.151881542785143431e+00,5.134968988393914024e+00,5.945744392279536328e+00,7.152442516799389693e+00,9.493480600313159101e+00,1.082580443599822395e+01,1.119410205361566923e+01,1.015682817194253929e+01,1.009087522499062928e+01,9.696909845600707456e+00,1.032134580489114306e+01,7.180311180901539636e+00,7.232480426513274274e+00,2.481912371943916895e+00,2.162958091807205552e+00
7.300670000000000000e+05,1.598642622704946614e-01,3.734101585121589739e-01,6.150730810960379769e-01,1.148351703735285056e+00,1.621769268512454065e+00,2.527380190333332166e+00,4.475015772530084313e+00,6.278020975217440736e+00,8.097206263623407452e+00,9.659607314841721859e+00,1.067506200557656015e+01,9.896507151870437724e+00,5.257832403314598224e+00,4.153520362854358439e+00,3.302584925726821830e+00,1.836105202455231122e+00,1.594389011580708893e+00,1.557716411502124254e+00,1.108236845655405256e+00,3.560038393445630334e-01
7.300680000000000000e+05,3.969610207457430207e-02,1.148349668881556429e-01,2.151090387427662121e-01,5.539303991858721687e-01,1.222178393346736058e+00,2.087602949553102327e+00,4.143763472602984166e+00,6.025122619573933136e+00,7.729099586622350415e+00,9.844979953792631022e+00,1.092789058765491994e+01,1.190951320672028935e+01,1.215069507213044098e+01,1.131811580858649435e+01,1.063073619936798409e+01,1.113299978403213508e+01,1.121417866556446796e+01,1.105780291298053797e+01,1.120450145162166500e+01,9.163570692810477425e+00
7.300690000000000000e+05,5.576995782495597354e-03,3.919821720602323367e-02,1.484984022084412381e-01,3.641754799049539137e-01,4.661951505431477516e-01,2.377926765915666429e+00,3.071805750915885369e+00,5.227961840674265837e+00,6.866516434674448277e+00,9.647438007844433727e+00,1.096087259262300506e+01,1.158965358657337319e+01,9.171819455621031736e+00,9.786184972301132490e+00,1.017354900007529572e+01,1.083915237556331412e+01,9.874887461434232350e+00,1.024083992810643906e+01,2.195295241686123333e+00,1.855656569762136332e+00
7.300700000000000000e+05,5.493998366894548013e-02,1.737726738653513348e-01,5.592548920626866371e-01,7.802551620624473827e-01,1.052242372661568170e+00,1.264694660701735085e+00,1.496852982405649124e+00,2.351968681490114399e+00,3.600698148127993825e+00,7.984251768602522503e+00,1.095117974756540313e+01,1.177919881517133760e+01,1.169386619087652690e+01,1.216430248459363206e+01,1.241117764337216833e+01,1.299724048959013878e+01,8.356026951651180923e+00,7.538456918830240383e+00,6.581899947098680315e+00,5.959564609633122956e+00
7.300710000000000000e+05,2.116859681182930997e-01,6.866920377226113370e-01,1.036926049445455744e+00,1.782426311759656379e+00,2.230110365492150137e+00,4.827218534586840804e+00,6.308773956092222690e+00,7.355422810150997748e+00,8.406371065234210960e+00,9.347820749429470055e+00,1.083643277810059757e+01,1.156016918661536330e+01,1.119014666873929542e+01,1.187934646855474519e+01,1.182874013989385631e+01,8.847469485889256191e+00,3.252668281866579747e+00,3.004332317958882559e+00,1.719454175195928247e+00,1.665279107706669759e+00
7.300720000000000000e+05,8.383452268621061076e-02,1.932571817434436401e-01,2.920236331714982647e-01,6.332991607147353541e-01,1.087084667317146369e+00,1.785178608386607912e+00,2.291079618873378632e+00,6.618851518443657156e+00,8.321567939326449448e+00,9.334505929501192512e+00,1.093760360243717145e+01,1.169826903676733743e+01,1.263953533002156782e+01,1.249339268367856803e+01,1.287421967834280423e+01,1.281008034625781100e+01,1.345311408391556185e+01,1.368811649828840515e+01,1.104373010618620654e+01,8.555436960564970050e+00
7.300730000000000000e+05,2.642553568028549460e-02,3.379589430282678997e-01,9.275889772800426369e-01,1.788432183857977087e+00,2.317323048610123060e+00,3.126435154095254187e+00,4.143155993262376491e+00,4.848802150304416081e+00,6.012250445849494085e+00,7.329988983617408138e+00,1.066571854201392178e+01,1.128287030001007452e+01,1.220664978199619810e+01,1.277145329451535538e+01,1.360053458329263520e+01,1.212534148001897094e+01,1.226215302201190838e+01,1.219410064720481834e+01,1.284340515529542515e+01,1.247314288332686516e+01
7.300740000000000000e+05,2.351139061396179120e-02,8.784883574050539323e-02,1.595122725332114300e-01,2.630761071097560411e-01,4.421333815507466625e-01,5.713505497996671512e-01,1.578300343859269983e+00,3.284063626083383980e+00,5.530266595661512241e+00,6.822143536415865128e+00,9.963935856596723539e+00,1.060503946867973468e+01,1.087358607275157674e+01,1.164202963685251824e+01,1.117423726642997295e+01,1.123915981996069569e+01,1.134838830283386280e+01,9.863979177430310941e+00,8.027646336324602672e+00,4.240994862612870620e+00
7.300750000000000000e+05,1.276378917656116885e-01,3.464171139894995921e-01,7.476644291571949985e-01,1.246320354901631955e+00,1.973262366807458923e+00,2.728150773687520569e+00,3.372167003428756971e+00,5.419363991329755770e+00,6.695214639523520361e+00,8.706369336035098883e+00,1.031462186019167149e+01,1.025721911409728015e+01,1.082592418046696103e+01,1.135270692086788280e+01,1.104902162952574862e+01,9.987790090376554630e+00,1.000355128707313490e+01,7.637339140203124543e+00,7.856870908037201673e+00,7.829036966339321779e+00
7.300760000000000000e+05,4.734649959514516393e-01,9.959953479067089610e-01,1.755779870665522768e+00,2.391652695455308120e+00,3.050665032039492353e+00,3.820053275527539149e+00,5.605099522710276005e+00,6.467620655185928769e+00,7.435943411268318037e+00,9.319946256433331300e+00,1.089522859897846807e+01,1.103303096586288490e+01,1.121629081157907848e+01,9.250873401207606150e+00,3.787135106000583118e+00,3.789633094143649572e+00,3.729703085705768473e+00,8.851385984636723769e-01,3.678199840716311897e-01,1.595070732635472943e-01
7.300770000000000000e+05,8.160908891423623857e-02,2.134829598611642787e-01,5.468761790944013379e-01,1.304368961206663347e+00,1.687361066172529123e+00,2.866748109546668921e+00,4.792303155093709854e+00,5.767257284324630362e+00,6.605013088288742118e+00,7.657383429142608833e+00,1.018134881988793694e+01,9.632201373559201585e+00,9.516111516223372035e+00,8.787992637923448314e+00,7.778181052798568196e+00,4.919418975856716614e+00,4.165157692978551651e+00,3.980138162020063319e+00,3.490925714425616277e+00,4.833357836268925567e-01
7.300780000000000000e+05,8.395503924020608633e-02,2.372590126317977166e-01,5.128690288491795091e-01,1.002510087834700858e+00,1.543579437822832467e+00,2.267201961047172531e+00,3.484769424200329535e+00,4.353337207002891063e+00,7.045687428301094180e+00,7.865159339260282323e+00,9.784035809206740097e+00,1.020555438274261384e+01,9.869525610655584202e+00,1.018378502937481400e+01,1.074278612366214070e+01,9.512631997955191210e+00,9.767501754352291954e+00,8.661338770039893831e+00,8.658543347461113981e+00,8.075362676315787525e+00
7.300790000000000000e+05,2.172215970926149042e-01,6.920470057196810298e-01,1.605026058811020562e+00,2.433924634613804372e+00,3.078625418516756085e+00,4.155215104392636860e+00,4.895070377258382344e+00,5.741204301547384148e+00,7.538597011574026396e+00,8.900186051686199917e+00,1.093951906182642553e+01,8.305917899519307923e+00,6.871828073171025508e+00,5.820712489328586869e+00,5.702194983698926301e+00,4.223984015871955933e+00,3.761244160775469858e+00,2.293822785460581493e+00,1.712923512271733451e+00,1.651923544337465799e+00
7.300800000000000000e+05,5.394672164369129774e-02,1.433192978265689366e-01,2.372615859809944494e-01,7.753366089125544036e-01,1.647640007136816909e+00,2.604083026298997794e+00,4.333678128303906973e+00,5.366413500617770893e+00,6.052516391740613066e+00,9.599930194136801376e+00,1.091765714169941148e+01,1.166035576163304377e+01,1.248439647937184915e+01,1.119054181504812462e+01,9.274197498278660134e+00,8.313678744147924959e+00,7.683827189298467530e+00,7.286947686928893830e+00,4.779127040553967198e+00,3.222191941616989741e+00
7.300810000000000000e+05,3.273518952597063159e-01,6.895880441546244910e-01,1.300704370707385760e+00,1.966538262918635205e+00,2.569804997760513743e+00,3.181101194360636431e+00,4.736153237926987281e+00,5.644845663239736133e+00,6.438304812858606674e+00,7.190219298072379139e+00,1.047607362323054936e+01,1.054535747125444978e+01,7.723433581608580845e+00,7.780040148193378080e+00,7.702178441759905958e+00,3.760388588316342151e+00,3.740497075575094588e+00,3.610613529210116912e+00,3.449173066719002811e+00,2.115795199091961010e+00
7.300820000000000000e+05,3.198570876104311900e-03,1.065553210015099950e-01,5.589412937840645412e-01,1.444468737374647649e+00,2.295661685781091865e+00,2.933337696846562537e+00,3.863624327690290627e+00,4.829525783943767969e+00,7.161845469608466352e+00,9.041727687946700343e+00,1.097835490682178339e+01,1.132650534218662308e+01,1.217317942008644138e+01,1.248648552670146827e+01,1.127810535138181969e+01,9.925087786217364538e+00,9.360952858623768691e+00,6.236682033484479248e+00,6.300642715554900519e+00,4.447515097929690242e+00
7.300830000000000000e+05,2.427892529173439895e-01,6.917893693169467895e-01,1.163422014317826214e+00,2.561947689464148858e+00,3.384424939374262920e+00,4.212385571116334049e+00,5.530096933915707780e+00,6.747226201615081465e+00,7.634846347415187751e+00,9.245530732560764520e+00,1.075823290267483934e+01,9.278744177093638967e+00,9.319809109692108962e+00,6.975677435182065622e+00,6.906222905550929880e+00,5.438000372679621108e+00,3.047774745060423562e+00,1.801555127480158225e+00,1.376023993782144128e+00,2.197138841906620677e-01
7.300840000000000000e+05,5.280266032969826995e-04,6.959943319502137626e-02,5.365591698817561150e-01,7.718268342874372578e-01,1.020527027460603753e+00,1.567677165896116831e+00,2.624326430797974119e+00,3.635328603968108752e+00,5.565998575270971749e+00,6.218402367210673631e+00,1.067297496925390021e+01,1.148223043361230467e+01,1.079704368014900062e+01,1.153001384509386718e+01,1.011597754750815525e+01,9.497944846154645404e+00,8.572482746014516763e+00,9.036548668443137089e+00,9.303965562866627792e+00,5.573779456009329003e+00
7.300850000000000000e+05,6.420203649336042595e-02,6.843695438655821306e-01,1.129259193965209018e+00,1.661538879442970629e+00,2.193626580646490076e+00,3.803868945135469470e+00,5.134135159651435742e+00,6.165871258656501652e+00,7.251744044614061302e+00,8.609210828157863205e+00,9.982939649354317879e+00,9.241840611125766713e+00,7.524686165950813965e+00,8.002532431640032584e+00,7.757576729836324958e+00,7.525669348342164611e+00,6.113483847136126137e+00,4.818305496955206380e+00,3.342112986322725909e+00,3.841268199853864473e-01
7.300860000000000000e+05,4.523940865388542676e-02,9.299844332205609021e-02,2.207671247462210662e-01,5.482892032879567168e-01,7.440895652157925033e-01,1.315228480037007097e+00,3.039415483641572990e+00,3.508261058579416947e+00,4.955971063527674580e+00,6.126604645548608730e+00,1.044412915933428998e+01,1.128349862422980543e+01,1.094537550714219165e+01,1.076880675271630849e+01,1.055579365590623198e+01,8.876137432077022993e+00,7.660243996817583501e+00,6.625968549489049231e+00,6.854390820503681425e+00,6.055984605851492120e+00
7.300870000000000000e+05,7.128719620472900864e-03,2.872167427702376763e-01,1.231067902617419385e+00,2.114766123337394443e+00,2.806541588552166289e+00,3.414269712780077626e+00,4.901027064930425503e+00,6.013873919996240325e+00,7.912439444473186256e+00,9.351581727961452373e+00,1.038086836606513330e+01,1.105874514807397446e+01,8.400281237805858225e+00,8.193436016084159945e+00,7.840671755278282085e+00,8.070272773395986476e+00,7.427489823745193398e+00,6.073450547389925624e+00,4.644378013484470102e+00,2.176907086032906502e+00
7.300880000000000000e+05,1.114925329115047381e-01,2.383494434146773422e-01,3.796178104161307409e-01,8.258149479290799455e-01,1.107635105504821693e+00,2.465905237775336545e+00,3.672419788891305270e+00,6.254033720994319978e+00,7.725967749602120627e+00,9.384312268003782265e+00,1.086806477052863684e+01,1.180469886301424154e+01,1.238731112379112531e+01,1.123227368987244645e+01,7.794212335737368491e+00,8.127925801575402787e+00,7.180743941306558575e+00,3.853579359374127655e+00,3.123569447147222178e+00,3.116003101916164919e+00
7.300890000000000000e+05,5.390883152716896554e-02,1.891556016536781737e-01,3.724991893454860925e-01,8.728335467557206684e-01,1.197282761982830790e+00,1.807395001232831921e+00,2.445905030788587897e+00,3.739345037905390079e+00,4.490668461035056680e+00,5.594319980422413074e+00,1.071297587282103514e+01,1.003398016046977936e+01,6.679550147566369667e+00,7.141880638480290422e+00,6.560554135322719915e+00,6.718900855326268129e+00,4.595901579387170699e+00,3.522629523201929125e+00,2.992864286392396433e+00,2.048615799194271059e+00
7.300900000000000000e+05,2.967978328206333227e-02,1.036732925901635571e-01,5.605982169888398259e-01,8.949647208640469920e-01,1.261983932582901424e+00,1.895958034263040215e+00,3.112436156624382111e+00,4.106916849980644990e+00,5.826530951808261527e+00,8.878184610239117092e+00,1.064042487478682375e+01,1.055605518228002815e+01,1.074487935210749256e+01,1.076068550159997450e+01,1.001634581310321970e+01,9.548475206296886952e+00,8.491858956568513861e+00,8.780668284212314489e+00,7.101173829915630620e+00,4.591833191965715599e+00
7.300910000000000000e+05,8.059561403779347266e-02,2.428809274111327632e-01,5.309606707421217209e-01,8.669550295212671287e-01,1.857161349948047047e+00,2.459543654150106562e+00,3.268504603238294948e+00,4.026665389030630315e+00,7.510442774924330323e+00,8.657963473822338329e+00,1.051922656614260987e+01,1.127276356662330770e+01,1.183470481033979382e+01,1.049143318904426536e+01,9.996592084875773665e+00,7.676284566199175430e+00,4.053612930323589936e+00,4.142196534405396591e+00,1.498239494509987946e+00,1.027353149410985544e+00
7.300920000000000000e+05,7.455175792637658283e-03,8.050577151800908382e-02,3.608010918349117135e-01,1.077701024300305566e+00,2.019530417643672138e+00,2.899598799367608670e+00,3.461303698206191992e+00,4.335143037784451536e+00,5.306598655754784843e+00,6.673834325241454479e+00,9.521642557597951750e+00,9.692255791653551000e+00,1.046456960012720572e+01,1.118861419626028741e+01,1.175884248740876181e+01,1.076143134968678616e+01,9.302480453810877847e+00,5.795659744197795504e+00,6.074519401278453579e+00,3.200894927763822118e+00
7.300930000000000000e+05,8.099495910955467615e-02,2.425764926540945332e-01,5.083316909204947942e-01,1.597927080260536314e+00,2.924629827875282029e+00,3.880839931352974226e+00,4.584819749280178769e+00,5.714902643681850414e+00,6.712088649269907670e+00,9.650208018133275445e+00,1.082207449666764632e+01,1.071983957184619918e+01,1.113344462048295114e+01,9.098859669065028299e+00,8.719452050820660105e+00,7.721273609268973104e+00,6.330655842902743302e+00,6.254795692782100680e+00,2.537693991682830941e+00,9.258338323031334305e-01
7.300940000000000000e+05,1.582640377799409137e-01,3.393015178506184615e-01,9.268473509626640183e-01,1.374963529829615450e+00,1.859573541780414452e+00,3.460548334682196803e+00,5.020266539920657856e+00,6.719766527835920655e+00,7.687070434141210384e+00,9.292370587302515972e+00,1.086111566068136725e+01,1.161841802491199971e+01,1.184712671696117425e+01,1.255612097961756923e+01,1.327837716145101155e+01,1.413364138292705974e+01,1.476176224043910423e+01,1.517406311650075423e+01,1.563703531190814111e+01,1.182222567911091637e+01
7.300950000000000000e+05,5.164862409024428835e-02,1.193890226892087014e-01,3.261993137634474627e-01,4.835408428875442866e-01,7.909005928419182707e-01,1.780773929537239120e+00,2.201126521169322281e+00,2.967005237854510646e+00,3.494564131554063646e+00,3.964488732867215148e+00,1.023061403325916707e+01,1.045052523686510071e+01,9.849551116770172143e+00,1.050179436067352157e+01,9.819477213395918724e+00,7.506425620266474752e+00,7.594231903926328187e+00,7.207106070490654659e+00,7.374533672952096275e+00,4.537473008267969732e+00
7.300960000000000000e+05,1.378959176036925749e-01,6.038581276512335894e-01,1.413113658246768489e+00,1.990355449249130881e+00,2.906933333185238055e+00,4.296601710024813059e+00,5.227789074916835865e+00,6.492343106499850691e+00,8.268888636490540733e+00,9.376018181997867629e+00,1.059518662641788822e+01,9.952121165817612081e+00,9.797099630479106480e+00,8.504118955136959812e+00,8.190369224254608227e+00,7.453460102147735356e+00,6.880792688361484721e+00,5.284776130074511080e+00,4.519786791520111535e+00,1.653211952353890180e+00
7.300970000000000000e+05,2.330826323016321755e-02,1.646416887662962569e-01,2.582619270139030476e-01,3.763148639279019214e-01,6.924867922405358867e-01,2.517352211165582609e+00,3.344079218579729229e+00,5.605733678341858983e+00,7.160798153685917100e+00,8.099921114204933659e+00,1.080822807617974490e+01,1.160889569535993715e+01,1.121953347976618964e+01,9.570288176218426202e+00,8.267622499117777579e+00,8.323283082284783418e+00,8.311243334421344997e+00,7.187979802891396375e+00,4.901124796251671079e+00,4.232696805203408630e+00
7.300980000000000000e+05,1.280177011448446756e-03,8.855659251300096457e-02,2.813615082098700482e-01,5.105144007502646630e-01,8.575140143865911391e-01,1.367143252857119240e+00,1.812403463847574780e+00,2.275379217321364500e+00,3.043543165746466883e+00,6.725013840634841422e+00,1.063673195786048886e+01,1.147742267718328613e+01,1.161754900109518474e+01,1.232247133085995650e+01,1.292104547921118929e+01,1.299384361878397165e+01,1.373703819559636585e+01,1.451786081111292681e+01,9.747180583087496686e+00,8.059500299721694461e+00
7.300990000000000000e+05,3.965649350250255445e-02,9.248489304509011077e-02,1.960019704776344573e-01,2.733149911006833577e-01,1.140959803909414205e+00,2.016133723979282255e+00,2.361861219165036552e+00,2.727636315754955021e+00,4.540795926915025760e+00,6.238083836362155132e+00,1.089574015198782853e+01,1.154230539633029196e+01,1.132642767858190780e+01,1.147067147712450463e+01,1.153764399158081311e+01,1.168165492860620880e+01,1.171521623991280947e+01,9.817044348389282860e+00,1.995759293455762418e+00,4.804462617682370151e-01
