7.800000000000000000e+05,3.257634161011657703e-03,2.710562323468892476e-01,5.394005812811664136e-01,1.054867382483974048e+00,1.521395041483490473e+00,2.233695163862249089e+00,3.038090212746727747e+00,4.998941879552099898e+00,7.573062842251045090e+00,8.558499119942883482e+00,1.050729949364671612e+01,1.141170539929575334e+01,1.196405174615178879e+01,1.151860269183705476e+01,1.146761710124144962e+01,1.066676428094151774e+01,8.776883697172859655e+00,8.319938373011183330e+00,7.807746966989048687e+00,8.067129518458209247e+00
7.800010000000000000e+05,4.641140307308344592e-02,1.761051493821041980e-01,1.155762696166038328e+00,1.997378373637502591e+00,2.894048457244003281e+00,4.139835900940456170e+00,4.939556097253298361e+00,5.902394179284037534e+00,7.015127020773409328e+00,8.042639824322083797e+00,1.022413910994147734e+01,1.062114004738177186e+01,1.005994086304548851e+01,1.059284529501539041e+01,8.917871156446352643e+00,8.577435724655913418e+00,5.455633318794821385e+00,5.436299256402497448e+00,3.992375976183288433e+00,2.023365708814914843e+00
7.800020000000000000e+05,6.587167775818314475e-02,8.221042954792798785e-01,1.346337426750224608e+00,2.102797238859379192e+00,2.916197608654186979e+00,4.040713949017189499e+00,5.037639659154217853e+00,5.951506996318023823e+00,7.380418878333820487e+00,8.268867686376454529e+00,1.033483222287026670e+01,1.019326139213226057e+01,1.084187104778775890e+01,1.133502236158681242e+01,1.191206748212638011e+01,1.242868384467145049e+01,1.253932156536540887e+01,1.220371883434658677e+01,1.156905269089987520e+01,1.152739160626134129e+01
7.800030000000000000e+05,4.119623968856001017e-02,3.306303573664353124e-01,5.909475582208719713e-01,1.995476067150398158e+00,2.965358442977667597e+00,3.889173802157063875e+00,4.943045586708603167e+00,6.331086356494094680e+00,7.253726922199842164e+00,8.320250602926773098e+00,9.945090936528254488e+00,1.081666033281221750e+01,1.036612718988437365e+01,1.028119551599757742e+01,8.482614600266762395e+00,7.952642853590171867e+00,6.629126545881308452e+00,6.154201400479573536e+00,6.279451208258073791e+00,5.059339900015153546e+00
7.800040000000000000e+05,5.708826240232489635e-02,1.838257651293622175e-01,6.543682199566129842e-01,1.738115700545709075e+00,2.665134114803679566e+00,3.368111881519697981e+00,3.992158391380436822e+00,6.712787962135526421e+00,7.667202323967997835e+00,9.565171450526786856e+00,1.058023312682966122e+01,9.999534719058338794e+00,9.480556656355176415e+00,9.589700358022472670e+00,6.587432314890509844e+00,3.051300856106804460e+00,3.007731672694580194e+00,1.220403646810804821e+00,1.067556858354149263e+00,2.843875541652973737e-01
7.800050000000000000e+05,1.571728544396823191e-01,7.006077864083151141e-01,1.199843723447348687e+00,1.835110680069700351e+00,2.408360281507206935e+00,2.917522773398184555e+00,3.944383088124682413e+00,4.661296372829091261e+00,5.504513223562010893e+00,8.321935720427422467e+00,1.010587864626269194e+01,1.069516155219817755e+01,8.677773689062050266e+00,7.885495341415893478e+00,7.858474617324334055e+00,6.957889217250023961e+00,5.142641982475570472e+00,5.328502242078556606e+00,2.993296981791931710e+00,8.049228902445415557e-02
7.800060000000000000e+05,5.771481574413195315e-02,1.188498863063021105e-01,2.009407977362028808e-01,4.121064361057777958e-01,1.011258037186816949e+00,1.581498793997860197e+00,2.435104273872410907e+00,3.014500288099057457e+00,3.967091386254219643e+00,6.184309720112337594e+00,1.054263570479333723e+01,1.052399341244145958e+01,1.129210564269894945e+01,1.211756901123846220e+01,1.235491253706590875e+01,9.288722754250455793e+00,8.769223931612057044e+00,7.623973903427662790e+00,6.818657715981085055e+00,7.114234730512558613e+00
7.800070000000000000e+05,1.819423674976093919e-01,8.747140847787102658e-01,1.486773537099427278e+00,2.025314391934215585e+00,2.720593929782517684e+00,4.706250406565410493e+00,5.958442091805043361e+00,7.058860076052848598e+00,8.256886494808931332e+00,9.421618264222828998e+00,1.057684921750149343e+01,1.074097968517069646e+01,9.914131988236482229e+00,1.036010160771813737e+01,1.092011172030167998e+01,1.153327734308646413e+01,9.246629684919440706e+00,9.431901535438347750e+00,6.822353413371354591e+00,9.178272545530452575e-01
7.800080000000000000e+05,3.010091705027801989e-01,6.109835713798683621e-01,1.389165198326685058e+00,1.947671976799033366e+00,2.791898951370788584e+00,3.423435860911793416e+00,4.104846990621473068e+00,4.904432950169954175e+00,7.029952070624223559e+00,7.999962863349026954e+00,1.049746165095259798e+01,1.037730962507406218e+01,9.197235482731095146e+00,7.211657143771518896e+00,7.438159684254494586e+00,6.897836656537492672e+00,5.248706401430619728e+00,4.399523944891974736e+00,3.619556858085705153e-01,3.236136814969214903e-01
7.800090000000000000e+05,3.240708404497196771e-01,1.073743245316718387e+00,1.669770508134251319e+00,2.271953691039954482e+00,3.112734679692042761e+00,3.871908160879103722e+00,4.869232623322046649e+00,5.748169385986653168e+00,6.582240569341683667e+00,8.874431730027685816e+00,1.093617056240078789e+01,1.191506475021110312e+01,1.147839965841630416e+01,1.048104484526083446e+01,7.742750423735328624e+00,7.551937630963664105e+00,7.760798241644939921e+00,2.106265208735604411e+00,2.003206428826504570e+00,1.474641679875392519e+00
7.800100000000000000e+05,3.214639654617634790e-02,4.100593449264899881e-01,8.532156759641850163e-01,1.269619389911009755e+00,1.647349807813736522e+00,2.812225561017206221e+00,4.114790055284517578e+00,5.319966968772934734e+00,6.652185293019166501e+00,8.039566335232512628e+00,1.022024453340790373e+01,9.872139305669909604e+00,9.600435501874587274e+00,8.516034669117626521e+00,8.449442732379171872e+00,8.555982850088861724e+00,8.772138853079590959e+00,6.092921911692042336e+00,5.634213876452055736e+00,3.276221628196207547e-01
7.800110000000000000e+05,1.941056460741948930e-01,7.254282263583027301e-01,1.122551346880635847e+00,1.585923235258428488e+00,3.148891733357012335e+00,3.804812287360418210e+00,4.455501854133428807e+00,5.249734400646381971e+00,7.366289408146442952e+00,9.827830252651605036e+00,1.097911122839990306e+01,9.868792184037769033e+00,1.012565497508552426e+01,1.081666315650708476e+01,1.146878379050562202e+01,7.252535166691352231e+00,6.251779078532836209e+00,3.251623378369615125e+00,2.760147990674062690e+00,1.376303586978488980e+00
7.800120000000000000e+05,8.438247638015161645e-02,2.586293412817894932e-01,4.190387043835502867e-01,6.592694217351668939e-01,1.171111382011170710e+00,2.596387350474249622e+00,3.502930201836747415e+00,4.093406802638959618e+00,5.734620141119841641e+00,8.449907250110102908e+00,9.815217105705503542e+00,1.048488316444107049e+01,8.207523847351760438e+00,8.318419531964831748e+00,8.774663978210659465e+00,2.239697479791900037e+00,1.440325933603506359e+00,1.269249564897347859e+00,1.001645150475646728e+00,9.945970846416085642e-01
7.800130000000000000e+05,7.613845154839549156e-02,2.722213480970738786e-01,6.142674116528341610e-01,8.925818477137443807e-01,1.257582332411426584e+00,2.754259370795014039e+00,3.237457652120589557e+00,5.032775054761422062e+00,6.448171658989554800e+00,7.970472457975027680e+00,1.063727665863880034e+01,1.094397713554588591e+01,1.032752085392414365e+01,1.081992106512244689e+01,1.045167121381401110e+01,8.067209118001825274e+00,7.479891318116451693e+00,7.703866529017920683e+00,7.879396928456226412e+00,5.193836682683654615e+00
7.800140000000000000e+05,1.549048118836771071e-01,6.313364061779622727e-01,1.083311189219240855e+00,1.518211063177522302e+00,2.796993534222314448e+00,3.781459360046224738e+00,5.129865564792688737e+00,6.117369677258457372e+00,7.468601705214245712e+00,9.197105676473892544e+00,1.085569868330487076e+01,1.001569752608139652e+01,8.864695098354598457e+00,7.481619887462722218e+00,4.413877139953077844e+00,3.833382819549587595e+00,2.230048168103468065e+00,2.102981742075404004e+00,1.469871093987237920e+00,1.022417305087062189e+00
7.800150000000000000e+05,8.731859380380790903e-02,6.251455610282834474e-01,1.158621818102644196e+00,1.903370307311146981e+00,2.508792255644141989e+00,3.372147344511016609e+00,4.705615009022984019e+00,5.548198571894025655e+00,7.299864609103273061e+00,9.203330492123985351e+00,1.064983628234275237e+01,1.038411542842352731e+01,1.043703388179214109e+01,1.054132213019824960e+01,1.089924040496079449e+01,1.061848255955826481e+01,7.043433648761419974e+00,3.745956512553442863e+00,2.485407272310264926e-01,1.516333587607943123e-01
7.800160000000000000e+05,6.213847486297652267e-02,2.050497747953425876e-01,4.918489829698963200e-01,1.219200746613682718e+00,1.613105680717415336e+00,2.476189682995180608e+00,4.631027437109681344e+00,5.516173381314375845e+00,6.930440779115968120e+00,7.807915986108118211e+00,1.008503886876498612e+01,1.090832357914186446e+01,1.045360343096018241e+01,7.536127109296980819e+00,7.808189777175443602e+00,7.273249415608924906e+00,6.730837813879911202e+00,5.462531775298455017e+00,4.767653351897404690e+00,3.733066471749677540e+00
7.800170000000000000e+05,1.526432363101348777e-03,6.665945655061400466e-02,1.086337869487797869e-01,4.071302659223254850e-01,7.840460319367337227e-01,1.838453325716915554e+00,4.270957536181255954e+00,6.311981367004752208e+00,7.244270469954638969e+00,9.261326743254967298e+00,1.088080851813844951e+01,1.175487415750722420e+01,7.280109458673648781e+00,7.443894798546351943e+00,7.690002487125094710e+00,7.386105201354920879e+00,7.104973064787017734e+00,7.207540715446492108e+00,5.745483217337076454e+00,3.500246560885751368e+00
7.800180000000000000e+05,2.208811748855243895e-02,7.614680777124616107e-02,6.080904358155185818e-01,1.131775870754603286e+00,1.542920097292069803e+00,1.867037638853271009e+00,2.681847708307613765e+00,3.475304962951275556e+00,5.211107544824289839e+00,8.247613525602568885e+00,1.088677058984128365e+01,1.123047606653170227e+01,1.062769590759147320e+01,1.125816482714629885e+01,1.065140819471041844e+01,1.023360696470878040e+01,1.009562327567223861e+01,7.269221131165459759e+00,6.370085955957359047e+00,6.558796239682196827e+00
7.800190000000000000e+05,1.245790554913605019e-01,3.657464210615652966e-01,9.818653737347187160e-01,1.372626748372967054e+00,1.912203988945877065e+00,3.498818344698106930e+00,4.656793777451187388e+00,5.352636810665651446e+00,6.867802460784492524e+00,8.578847327937037193e+00,1.007586141115971401e+01,7.093910899415666549e+00,7.500649960450456177e+00,7.971021495318458605e+00,8.389898506513976173e+00,7.160309093840718120e+00,7.347502397257854589e+00,7.272462003558304744e+00,7.280285207663691693e+00,1.204875989055953500e+00
7.800200000000000000e+05,1.620238925681611875e-01,3.543274649039067636e-01,5.938586395884675184e-01,1.996614675092843516e+00,2.785394164205604817e+00,3.734686911797964193e+00,4.483982067437580099e+00,5.918421161739961356e+00,7.220215447668042685e+00,8.450996648062618632e+00,1.025147376067218374e+01,9.996648896188531808e+00,9.016914137817076735e+00,7.771188620587722085e+00,7.356337115823049722e+00,6.140004292020577736e+00,5.219083419009567848e+00,5.107311236245973163e+00,3.795235854324276570e+00,3.011813032167340864e+00
7.800210000000000000e+05,1.083810526756785464e-01,7.310044154581307740e-01,1.462726508751256871e+00,2.286978803448182607e+00,2.861844552471637826e+00,3.519428235916194581e+00,4.936148258426692692e+00,6.261433109376888240e+00,7.250154889301593464e+00,8.329101925058704836e+00,9.711545687337251209e+00,1.040979695109214198e+01,1.063958324518309517e+01,1.073620655432447712e+01,7.300456221814483726e+00,6.579577464954089905e+00,6.446298849564839450e+00,2.354316718740108172e+00,1.481262455906015463e+00,5.521972610579495289e-01
7.800220000000000000e+05,3.079604551561299086e-02,4.325401531250478993e-01,6.571970053365916442e-01,1.251716276945257889e+00,1.768408624124781614e+00,3.195575643261126864e+00,4.181362382198247296e+00,6.693728894855376588e+00,8.265516235479100970e+00,9.432274446725743999e+00,1.071019362603414748e+01,1.073017906663871912e+01,1.135700179495137796e+01,1.204261634962220917e+01,1.232847496267437037e+01,1.148933224850942025e+01,1.161848709898820253e+01,1.214680142202439228e+01,1.009712528095990081e+01,8.470953931466064901e+00
7.800230000000000000e+05,6.213788540197706656e-02,1.898692561643264831e-01,3.259291009561502417e-01,7.233044772626913144e-01,1.316230549774460190e+00,2.481778069599899883e+00,3.398399669443133320e+00,4.677769525078695700e+00,5.495785634887092819e+00,7.245830059680492319e+00,9.828228006823422902e+00,8.282613920946667818e+00,7.685235412889721118e+00,6.014137070305313415e+00,5.848312712699975435e+00,5.277335515094771168e+00,4.776181179578524727e+00,4.607527249173831940e+00,4.380049250246639048e+00,2.385399110691523994e+00
7.800240000000000000e+05,3.936027718794277153e-02,2.778939286929069663e-01,5.177185044812039338e-01,2.874801445360104069e+00,3.922468343312124350e+00,5.180056946356618397e+00,6.313628261988962542e+00,7.444897421866168763e+00,8.483586849081513392e+00,9.463291108194942680e+00,1.061620907391657020e+01,9.970983719823401259e+00,1.042677212400873543e+01,9.055373722967852146e+00,7.260124057086906113e+00,7.073927397072838019e+00,7.171384465053923130e+00,6.947620044137865492e+00,4.038953025569316679e+00,3.715007971680899246e+00
7.800250000000000000e+05,1.895677428234674444e-01,6.048051884300662540e-01,1.342855825031254557e+00,1.919854871441370570e+00,2.736840608780677808e+00,4.067800717586560033e+00,5.036525913335299087e+00,7.066283705555902905e+00,8.112524828363151030e+00,9.663079854799159207e+00,1.085344069864283334e+01,1.118394072212673329e+01,1.117362490995034463e+01,1.163480781192704505e+01,1.113932460662634227e+01,1.073691926143798270e+01,7.715376089841932128e+00,4.594883915824366838e+00,7.401579450974500318e-01,7.578913505013007423e-01
7.800260000000000000e+05,2.700994617848825330e-01,6.195435442342067667e-01,1.027674387359951869e+00,1.658635034114193996e+00,2.124100424361344608e+00,3.362556196219460780e+00,6.131171959134650074e+00,7.071620141492392264e+00,8.095547086582426388e+00,9.069319264347665666e+00,1.082480643335506443e+01,1.060014306940139939e+01,9.974179019301557148e+00,1.055471080286648267e+01,1.018751077577669228e+01,3.916725846587366888e+00,1.818091821307517897e+00,1.398944203540551712e+00,7.729650606570963589e-01,8.129721603444295397e-01
7.800270000000000000e+05,1.001526810375025223e-01,6.158546379703333518e-01,1.219630784033731041e+00,1.761817812403299044e+00,2.249366713972861920e+00,3.383611208983362317e+00,5.238031195089291714e+00,6.263768693150995936e+00,7.067892471307587243e+00,9.472454936397012304e+00,1.059166853875857228e+01,1.076520356412707002e+01,1.009426511901472523e+01,9.487996322259160564e+00,7.483005231037606286e+00,7.201254434745184341e+00,7.039452979624777562e+00,3.668402755466980025e+00,3.213440740604844414e+00,5.494338939128717847e-01
7.800280000000000000e+05,5.278957577820464486e-02,2.949378856434905494e-01,5.577534905541818855e-01,1.135269030253536648e+00,1.423787081829565704e+00,1.837285766841054713e+00,2.252430457267100561e+00,3.657036600641043300e+00,4.435053082604448527e+00,7.381271479949786496e+00,9.915063586827882247e+00,6.814344038614733812e+00,7.069190453789627959e+00,5.239053420292689722e+00,5.291109422217283864e+00,5.452456279878608925e+00,4.632445722305429392e+00,3.443027252317944154e+00,1.981674609268077702e+00,1.272372355692059642e+00
7.800290000000000000e+05,5.781032960770563500e-01,1.190027360269821477e+00,1.947353073855581096e+00,2.936605978885418189e+00,3.767707934579120455e+00,4.545846790918104396e+00,5.850946952354402875e+00,6.794026524100903686e+00,7.826472643066788137e+00,8.862017947664069695e+00,1.015342117320706450e+01,1.079803184145311690e+01,1.071999853914710066e+01,8.650426313802634937e+00,8.990510392502752524e+00,6.985731254114101674e+00,5.666087963597750132e+00,3.504216722235297787e+00,2.171462829584077880e+00,2.530075363953376844e-01
7.800300000000000000e+05,2.727516711344113443e-02,1.468927357399700817e-01,1.043354289936123891e+00,1.592838675749522537e+00,2.302177374164432244e+00,2.973701921689628769e+00,3.713388089298040207e+00,5.600096711324937360e+00,6.981072597942137747e+00,8.058235366678180966e+00,1.047856584969138183e+01,1.078535234237294560e+01,9.111479183862337905e+00,7.688908323459946459e+00,7.650018794033210057e+00,7.420058712333043260e+00,7.453542812832435693e+00,7.529341120500418150e+00,7.696859024495838142e+00,6.896378317584995088e+00
7.800310000000000000e+05,8.358617857514982763e-02,8.102368766637499942e-01,1.453253630867772594e+00,2.470250721203090194e+00,3.602192530211715038e+00,4.562345145671186764e+00,6.118698406198657125e+00,7.261739298342571480e+00,8.615422167142925858e+00,9.655527036456225787e+00,1.085936180875729917e+01,1.081835414284539354e+01,9.985505128169513966e+00,9.175355986918171780e+00,8.025943304070395357e+00,6.456405009894353952e+00,3.284334476133599523e+00,3.241975353827410977e+00,2.442747449326001075e+00,2.101671740490718143e+00
7.800320000000000000e+05,7.847299081850733771e-02,2.750142419399221883e-01,6.424393708116000745e-01,1.347405344215401701e+00,2.151405684663530771e+00,2.876571102744306607e+00,4.626168845381402051e+00,5.455390063144990087e+00,6.154488941079883979e+00,7.574625317362429833e+00,1.023253369919093991e+01,1.100763954835475289e+01,1.179768409345172131e+01,1.267423204927050406e+01,1.350367360740173694e+01,1.427269923814625052e+01,1.301479193167777204e+01,1.190501319317935724e+01,1.149544992318033998e+01,9.439694720711976572e+00
7.800330000000000000e+05,2.255245346240197790e-02,7.063399138825410262e-02,3.520623907682552955e-01,7.189294072827148163e-01,1.080340213871309185e+00,3.331008576162282075e+00,4.086797397570460788e+00,4.749063833143413405e+00,5.490271769836396309e+00,7.065066263792188828e+00,1.030856891567464828e+01,8.567454874091691153e+00,8.603370861370333245e+00,7.172604269515741038e+00,7.548101234174896312e+00,7.151220829609471252e+00,7.486221695932322895e+00,3.838408090756139313e+00,4.005737915202851163e+00,3.920482960324829236e+00
7.800340000000000000e+05,1.940807627074614405e-02,3.000319942963873832e-01,4.775231285315872931e-01,9.290176854780911597e-01,1.278151022776952583e+00,1.937137417492999170e+00,2.770836742263354413e+00,4.138115837445811351e+00,5.014925793960473221e+00,9.812427105483326528e+00,1.098330727094496417e+01,1.148847651162051342e+01,1.137753188728434139e+01,1.048714069192696385e+01,1.082067004130896493e+01,1.027299912735256449e+01,8.403223328194910025e+00,8.493763275839219418e+00,6.932506370757956837e+00,5.003948520342500927e+00
7.800350000000000000e+05,1.053977669818406682e-02,1.903527817765324759e-01,1.427064424430485756e+00,2.199605840293766157e+00,3.197809234363613307e+00,3.916711881354952851e+00,4.773028855386511893e+00,5.881535733128563592e+00,6.876087642196191396e+00,8.622667351326295915e+00,1.095042155627204927e+01,1.115060351486565438e+01,1.124300948829186453e+01,1.151903947213874346e+01,1.152990652161676266e+01,6.627189734531482301e+00,4.188201332492231366e+00,2.392528838789174994e+00,8.628020334128239099e-01,7.318954952866274510e-03
7.800360000000000000e+05,7.722623018061269828e-02,2.476329875946914338e-01,5.553446754551241149e-01,1.754647588298427152e+00,2.498281019657075941e+00,3.764928897733726298e+00,4.465269345749207197e+00,5.556047724744367144e+00,8.393175271952070915e+00,9.515307770798997922e+00,1.090791564103567879e+01,1.148940255415243961e+01,1.084844698130472374e+01,9.177798397074393932e+00,6.521645308992066958e+00,5.968530212761571363e+00,5.737749995730665908e+00,5.402067680095683500e+00,3.469359381168731105e+00,3.205095486212519162e+00
7.800370000000000000e+05,2.816454533268841764e-02,6.594550164394696878e-02,7.087829845504135529e-01,2.207914793272220511e+00,2.906427709155571915e+00,3.637307810716656320e+00,4.782066086282852346e+00,5.988097915467936794e+00,7.119315634245407587e+00,9.616931283329266833e+00,1.097054811279573805e+01,9.109641274138226663e+00,9.589590741085359582e+00,6.825657583950359708e+00,6.956784968415408166e+00,7.297248273374576044e+00,5.238632162868241515e+00,4.296052103699667057e+00,2.519482980020033569e+00,2.171054798967291255e+00
7.800380000000000000e+05,1.677246598484820606e-01,4.214058873477817269e-01,1.032478192854002774e+00,1.778807155917886185e+00,2.306741998344725708e+00,2.789943759741863261e+00,3.366249068940828870e+00,4.826135811708597068e+00,6.610828997624045300e+00,8.579329662283649682e+00,9.910781731999909638e+00,8.273287808374107044e+00,8.718421400876819050e+00,6.605490315146900215e+00,5.769103358414561455e+00,4.300135645992426703e+00,3.905540630304441763e+00,3.717099346274962635e+00,3.304910235817453135e+00,5.367329182829005951e-01
7.800390000000000000e+05,5.136453219052095065e-03,1.659458448724133728e-01,6.601980770023937461e-01,1.203735413953511468e+00,1.579498477339511986e+00,2.205048392995380802e+00,2.637198779824914574e+00,5.036168740029950186e+00,7.101766351566164204e+00,8.115472153419149848e+00,1.090070226027365052e+01,1.184166895125253127e+01,1.087536594134900447e+01,1.102769977284606995e+01,1.111343581349474796e+01,1.131567038621714971e+01,1.115194934493159273e+01,9.552598105551920682e+00,8.875766485517459614e+00,8.101998908800977617e+00
7.800400000000000000e+05,1.155255528534637754e-02,6.244106289020479039e-02,9.719798133120283179e-02,4.023900834394380510e-01,7.094827642639017773e-01,1.097355849949096518e+00,2.001190674192719676e+00,2.314848259843760303e+00,4.267965309929728335e+00,8.200067678910798463e+00,1.063366458867558961e+01,1.114384686215970532e+01,1.060344992963298871e+01,1.071588062763331095e+01,7.830588901528702017e+00,7.033509572193539228e+00,7.095449792104669307e+00,7.452239474436828992e+00,6.748880319344724654e+00,6.750108394398568024e+00
7.800410000000000000e+05,3.047664628738955273e-02,8.198792987290448586e-02,5.199449601752564876e-01,1.383390569870018627e+00,1.755058554644419289e+00,2.158281012065456750e+00,3.727450510633092851e+00,5.859155103478096649e+00,6.597186994463759113e+00,7.655725309198123441e+00,9.580730572019719560e+00,8.276315110821037990e+00,8.333001733204206118e+00,8.585206987187699923e+00,8.361650827193994218e+00,7.353802890172467244e+00,3.159071080194238323e+00,1.545663503946684836e+00,9.420832293849512595e-01,3.896564012368930463e-01
7.800420000000000000e+05,3.885617812930620696e-01,8.620888976728309228e-01,1.303726050703021055e+00,2.172271840370246565e+00,3.074752847457984384e+00,3.789730680568879961e+00,4.507355482885853526e+00,5.707021269364184413e+00,8.189903109896158995e+00,9.381784406445540014e+00,1.059127536625748967e+01,1.119344083211541729e+01,1.156553807396618438e+01,9.380799916133945260e+00,8.626230351377161654e+00,5.322200703826025503e+00,5.307620315624731688e+00,3.147235805466568337e+00,1.728687224518264287e+00,6.092863547361160315e-02
7.800430000000000000e+05,3.271678145152815409e-01,8.250073489767579815e-01,1.294095888188759869e+00,1.867850607751340153e+00,2.618487073204774251e+00,3.514225653571707575e+00,4.654338924366557606e+00,5.328506383600846164e+00,6.003017753496431297e+00,7.611070284673732367e+00,1.089171703427801852e+01,1.145572069920823211e+01,8.416821131131742462e+00,8.557753376491985975e+00,6.907037806161125282e+00,6.922679337864872551e+00,4.211661326892170543e+00,1.912212098883800060e+00,1.338215931960657468e+00,3.989257398067214133e-01
7.800440000000000000e+05,3.844077807015777726e-02,3.337182880740412472e-01,8.804098905698564126e-01,1.265805086851170103e+00,2.447459848549974559e+00,3.016821333096498137e+00,4.096499167001512731e+00,6.313397105091323347e+00,7.523631055845610760e+00,8.742601141457749137e+00,1.072832748905510059e+01,1.157110045399495135e+01,9.396794264526553420e+00,9.593381813979778627e+00,9.929544732594278500e+00,9.654943502689986801e+00,6.602927707720011696e+00,6.651977546950757159e+00,5.991416192168999011e+00,4.932998051384451799e+00
7.800450000000000000e+05,1.417777290040178606e-02,7.097866414652620470e-02,6.355362886794666544e-01,1.261376597257174659e+00,1.630507245207480915e+00,1.969268146714378442e+00,2.493647672284778682e+00,4.855542193869347933e+00,7.362059598334446342e+00,8.880394022627264405e+00,1.099370204068470791e+01,1.178135099210894943e+01,1.144467657376818437e+01,1.076999176582060436e+01,1.069865721138522296e+01,1.086261209463119037e+01,1.026696293686307193e+01,8.113244426039182500e+00,8.315562661218516283e+00,7.713135244765839005e+00
7.800460000000000000e+05,1.376203009809012778e-01,3.527529827441679977e-01,1.193586455455273754e+00,1.873122104259838050e+00,3.024433718560974427e+00,3.669872556615204839e+00,5.006303457605580931e+00,7.259408361730118386e+00,8.218424616682622030e+00,9.358381376354786951e+00,1.060370242136544938e+01,9.632248735670120965e+00,1.041280902166634448e+01,1.058835767495179780e+01,8.820361670649297992e+00,5.397289254504585188e+00,4.461370087311125054e+00,4.639275699909823025e+00,3.702275037839007688e+00,3.589983385798389826e+00
7.800470000000000000e+05,2.760083473740448934e-02,7.363322204072209054e-02,2.120635568042315011e-01,3.287525005186338056e-01,4.360598564332662797e-01,5.396564360489266576e-01,4.430427052541210386e+00,5.411325162197113237e+00,6.814771252511348187e+00,8.557596636313913763e+00,1.074197181570777815e+01,1.062451575294736372e+01,1.038608714053077264e+01,1.056736457379139082e+01,1.113653274032733265e+01,1.119272821886714375e+01,1.008988697804637091e+01,9.560973226733196384e+00,7.680969191513972838e+00,4.206867366983457757e+00
7.800480000000000000e+05,1.798098436861648164e-01,4.521519380096459262e-01,7.821084408730879511e-01,1.437905355357976145e+00,3.118576091647908832e+00,4.778431499809022931e+00,5.642071088210104612e+00,7.067437628465316202e+00,8.437491162953309143e+00,9.513966042584522498e+00,1.098979564779595819e+01,1.152370335923049183e+01,1.171422191324284512e+01,9.692301811526162325e+00,5.620951327617948579e+00,5.171079339287562249e+00,3.516207181757383005e+00,2.313660800419557795e+00,2.305550297896674650e+00,1.399575391622154275e+00
7.800490000000000000e+05,2.253688002026454917e-01,6.988551561799105638e-01,1.132418284484197457e+00,2.122641511721582663e+00,3.028424301930230822e+00,4.217334765976874067e+00,5.008281646062593850e+00,5.818413929843226029e+00,8.020963570281706367e+00,9.082333305796101541e+00,1.093763267357564217e+01,1.107271534120657996e+01,1.154102151614476490e+01,1.234574973763866090e+01,1.295418151988302924e+01,1.337279174274288884e+01,1.343632276381577029e+01,1.188294294360032533e+00,8.500555879389418701e-01,3.991169433579067061e-01
7.800500000000000000e+05,6.923572427447044486e-02,2.018407598256359847e-01,9.049942427919336341e-01,1.513022279239022883e+00,2.294652178531983555e+00,3.070905825200193284e+00,3.838273156476182280e+00,5.313581373616958814e+00,6.402692325584261823e+00,7.430302997956676592e+00,1.099350977434466436e+01,1.047637275846089366e+01,8.962674451924970143e+00,5.346444245394313732e+00,4.334073825122850110e+00,3.716883586926405414e+00,2.772876200907661293e+00,2.406203108390477130e+00,2.325974404909262550e+00,2.272550838851143951e+00
7.800510000000000000e+05,8.363990262934772879e-03,2.198514442979868644e-01,6.610300574872483015e-01,1.011922735986644728e+00,2.178369422920049203e+00,3.553531069268095699e+00,4.675991859288488151e+00,6.243212348048025717e+00,7.600747983333667968e+00,9.283225185286340775e+00,1.056518890895763718e+01,1.089929598245164755e+01,1.091871960526368390e+01,8.797294448677533296e+00,7.933983414447498994e+00,7.602770556529264923e+00,6.571378283956897270e+00,6.855531702658430149e+00,6.232326617625960630e+00,5.349127757063232735e+00
7.800520000000000000e+05,3.743161982595766268e-02,9.633070009834177050e-02,3.485824590683307411e-01,9.339527484416412229e-01,1.190022403310558197e+00,2.147559341774887720e+00,2.916155858016716174e+00,3.467406774857446194e+00,4.156909724777763770e+00,6.009859747542303232e+00,8.629734204888647398e+00,8.893439483235788146e+00,9.118063136362517085e+00,8.919985096198042029e+00,7.049219022447096528e+00,6.573825094615251885e+00,5.469990465970559157e+00,5.175203326966714812e+00,5.068353490356440005e+00,3.545554287676808691e+00
7.800530000000000000e+05,6.677411534191624032e-02,1.398667292368795945e-01,3.518154052313078317e-01,1.225065522280034624e+00,2.180409126756814864e+00,2.638792891279915231e+00,3.418787627857834188e+00,4.034713042033955865e+00,7.513381934944147744e+00,8.582969362506618793e+00,1.081461987121932111e+01,1.107927080466933489e+01,1.150390100109651925e+01,1.134352923443695005e+01,1.182875955206070806e+01,1.066711621526186704e+01,1.095288478596529380e+01,7.905805897874992105e+00,4.685280967618662196e+00,3.240138654751973935e+00
7.800540000000000000e+05,1.479522446121439572e-02,7.594878212920086469e-02,3.742682595880949536e-01,7.770985519416404586e-01,3.036844697019480233e+00,4.291625551829135077e+00,5.143411103314196708e+00,6.335366045522492051e+00,7.221267289062977213e+00,9.369155490964562460e+00,1.060177574245085097e+01,1.133939173509856069e+01,9.478663238491099818e+00,8.949750281641566829e+00,8.216015032514915717e+00,8.696587625816086131e+00,8.941340268213311404e+00,7.791473637742597269e+00,6.474605682463516310e+00,4.551833866377901217e+00
7.800550000000000000e+05,2.123022383607617858e-01,5.368227981953603845e-01,1.108460848271690224e+00,1.496601349048799268e+00,2.199229847626588796e+00,3.571378913197611915e+00,4.626565123761109177e+00,5.562257492106381207e+00,6.835574924092083116e+00,7.800115746506866898e+00,8.663798996411529174e+00,5.292372288222283672e+00,5.245396481047647441e+00,5.162945594769562163e+00,4.291790519203784626e+00,3.923715413642206329e+00,3.464116500652049346e+00,3.400649487597234177e+00,4.858124258646896454e-01,1.308086293051058391e-01
7.800560000000000000e+05,2.294798617167215227e-02,9.357957758056056896e-02,2.714521024474881861e-01,6.853123972284085319e-01,8.821588923496437307e-01,2.387972614759702683e+00,2.945753913348746700e+00,5.129683395332633289e+00,6.097668853609691908e+00,8.239781392234776902e+00,1.039367036892459772e+01,1.133511680823923129e+01,1.227137070930190887e+01,9.332446861869762245e+00,9.812820625596513580e+00,1.027508540880629262e+01,9.191048224152824631e+00,9.489081478955634807e+00,4.134045246817279029e+00,2.701857527598681141e+00
7.800570000000000000e+05,2.123539786459061052e-02,2.132907033820132803e-01,1.092362125172722020e+00,1.552748366875413399e+00,2.139170107491130679e+00,3.170066877344613232e+00,3.841442192291701474e+00,5.277196708729080754e+00,6.033396705128227566e+00,9.415348930836117347e+00,1.093172024612152882e+01,1.160806868422531579e+01,9.271453824623202777e+00,8.695986702197000540e+00,8.228803565498502337e+00,8.534920603910792991e+00,1.830517433881852618e+00,7.524151390515994020e-01,3.997562060573842668e-01,2.750516395125002234e-01
7.800580000000000000e+05,7.737584901880478760e-02,3.744950144589591634e-01,8.935305261902214413e-01,1.334142164047940060e+00,1.709148695880203794e+00,2.676022056953480721e+00,4.084130472097427855e+00,5.726748257194282488e+00,7.179404076361142195e+00,9.283553027092729337e+00,1.061130688396627875e+01,9.866173855672691673e+00,1.066713470139319142e+01,1.090237028993299973e+01,1.040921200020292581e+01,1.053856910558718241e+01,9.421743031007173030e+00,9.641070220792125056e+00,8.938906313616103105e+00,7.053865411875221980e+00
7.800590000000000000e+05,1.080916748599520805e-01,2.242506981300698143e-01,3.645880937344819772e-01,5.472831742748573980e-01,1.255475925250171265e+00,1.609696798132874473e+00,3.389925912997661328e+00,4.103667463140457272e+00,5.344647719463017310e+00,8.656838205280555698e+00,1.097606641534751581e+01,1.051416187621530973e+01,1.124834457450608305e+01,1.128690568624059587e+01,1.021080880352064391e+01,9.640467525444806896e+00,9.292387037721139720e+00,6.540434256667234436e+00,3.656994131102283330e+00,3.429645671330858736e+00
7.800600000000000000e+05,4.793923709204950256e-03,1.260134591330244191e-01,6.428751563852890261e-01,9.200013912115894144e-01,1.798270761004741480e+00,3.512405754731678265e+00,5.591331805783022801e+00,6.451883505617979075e+00,8.123690651187247980e+00,9.847287351823627688e+00,1.088144661348566444e+01,1.079673195101565852e+01,1.132793338702316355e+01,1.149054554023906505e+01,5.902050406777771485e+00,4.901794688031298364e+00,5.092538228068169026e+00,3.656517198842074379e+00,2.822119427396617919e+00,2.844711329611742112e+00
7.800610000000000000e+05,3.090675684189514438e-02,5.319417203356939794e-01,1.141909942652209686e+00,1.676857403650932721e+00,2.186809681970026009e+00,2.853988665110382517e+00,3.464429678362316967e+00,4.700898989979074294e+00,7.656941770731586772e+00,9.188268085308386901e+00,1.094559027530212170e+01,1.000082657265264885e+01,9.764604459880125376e+00,9.826232612209970796e+00,1.014483515983238249e+01,4.992938456899398858e+00,5.205129037751606624e+00,4.793783275873946259e+00,1.256019001987654260e+00,4.898646745451240569e-01
7.800620000000000000e+05,4.916773096411305444e-01,1.065541131416643195e+00,1.778428453113896524e+00,2.490677896791538171e+00,3.572361400142084698e+00,4.402036771860097453e+00,5.240849095460940354e+00,6.016113624580262886e+00,8.375111693904322863e+00,9.365912506724317410e+00,1.063929471250348868e+01,6.633279539547153547e+00,6.054354901076294482e+00,5.585076381951452618e+00,4.026935596343323098e+00,4.253265274887526814e+00,4.006490186071857806e+00,2.826694147281680891e+00,2.757956003282824309e+00,2.260794857839476535e-01
7.800630000000000000e+05,8.792451371698228879e-02,4.466567378086336859e-01,6.745324993506406352e-01,9.920434168649290285e-01,1.501835248117879384e+00,2.069557810966415445e+00,2.662805612337912908e+00,4.060003019959777859e+00,4.581864300737616524e+00,5.479514892000970860e+00,9.334192203795161902e+00,8.678046338488764277e+00,8.888953853588180465e+00,9.220103677365480976e+00,8.584240321789904371e+00,9.027894507653467571e+00,9.479464333290177791e+00,8.744853501270039686e+00,7.997402740620472628e+00,8.090155264347940189e+00
7.800640000000000000e+05,6.775621292129940798e-03,1.008121432289039721e-01,1.917880463593728546e-01,1.084370184008369264e+00,1.491869144395278068e+00,3.611264521437556052e+00,4.849558098301398168e+00,6.539568599446284658e+00,8.180784589758625103e+00,9.135288859330632505e+00,1.082931964622244791e+01,7.746695779332114284e+00,5.791837403652603911e+00,5.361193681703191771e+00,5.507940486393589907e+00,5.053200806155100366e+00,5.155378624712763980e+00,4.467168601238971526e+00,2.854428762814428477e+00,1.550536230123018555e+00
7.800650000000000000e+05,2.727960706897211152e-01,5.878355742420422470e-01,9.501130087127246382e-01,1.499488638375901406e+00,2.859656166011750322e+00,3.862676005973026960e+00,4.667087526405868658e+00,5.777857724750621315e+00,6.724526595758214320e+00,7.730878531620627214e+00,1.013389181555847607e+01,3.158253573015811444e+00,3.144986004667067903e+00,3.165809125666428692e+00,2.759526704737642167e+00,1.722239401786248791e+00,1.049687619555031759e+00,8.136631413174488792e-01,6.005939169262680677e-01,1.159193980360195830e-01
7.800660000000000000e+05,1.406284176973464639e-01,4.808233050802814823e-01,7.915742148369696585e-01,1.077309627331909159e+00,1.492790105287037372e+00,2.686142330859249583e+00,3.448370549292258058e+00,4.401594177468003188e+00,6.661526250506294211e+00,7.740870487807089972e+00,1.096774081989830663e+01,1.135592779974359345e+01,8.880040840885273568e+00,9.046030343292031262e+00,7.639942988759128362e+00,6.749422524021237990e+00,6.213726672982446964e+00,4.317793478168180599e+00,3.536508272193779057e+00,3.107384888224022923e+00
7.800670000000000000e+05,1.806105354057963019e-01,3.783062994232264664e-01,7.453547377836848842e-01,1.119484980848919786e+00,1.681729934488731981e+00,3.561750996060650376e+00,4.840353470579180417e+00,6.267458996558260331e+00,8.140216966069123927e+00,9.393378963289238825e+00,1.099833339690565559e+01,1.077997518616596651e+01,1.121685512571323784e+01,1.104248257656009535e+01,1.011657980236311793e+01,4.190657153650057865e+00,2.117042859921283160e+00,1.239948019856540462e+00,7.892986027255642911e-01,1.712698728192330044e-01
7.800680000000000000e+05,4.347318355368756659e-02,1.248075325072097730e-01,3.092703258544637901e-01,6.189427127317692623e-01,1.367859914720920944e+00,1.704239407382858396e+00,3.165189264805662983e+00,4.287055817624469078e+00,6.187633996780502521e+00,7.872984106194239828e+00,9.549840544652807850e+00,9.845790286163031979e+00,9.796205797343221278e+00,9.230225455488646702e+00,7.706591841417843369e+00,4.797729059628345283e+00,5.070008206393104899e+00,4.932036491346549312e+00,1.229201805783329604e+00,1.048873593761241452e+00
7.800690000000000000e+05,8.491682246022858038e-02,4.533717303635469431e-01,9.765870859125899139e-01,1.620719038489985220e+00,2.108961691826470641e+00,4.172944035768882287e+00,5.303349227480852690e+00,6.130764876567212696e+00,7.805821213360808031e+00,8.863594168315394484e+00,1.074588407195354023e+01,9.406436443020918858e+00,9.950853525249774734e+00,1.062390382708614922e+01,1.112917953252808445e+01,1.016628720324338708e+01,6.988679781112956846e+00,6.279419385384006347e+00,5.670256816325256466e+00,2.270578129997435912e+00
7.800700000000000000e+05,7.618305810667158617e-02,1.635476425868001016e-01,6.288263508166270777e-01,1.252092918966519086e+00,2.310201245928962255e+00,4.358353850375367600e+00,5.138156952675818623e+00,6.783420857364461654e+00,8.196306544978556374e+00,9.505871220145987621e+00,1.048154972272743279e+01,9.297768255993869246e+00,7.611669473830065868e+00,7.882410433994474275e+00,8.396178065688477687e+00,8.049243076864964763e+00,8.315688382629529585e+00,7.207654000533101346e+00,7.266728641125629551e+00,7.126175506328060294e+00
7.800710000000000000e+05,8.140467796062000883e-02,1.847203167641122690e-01,3.335147906864704970e-01,1.969757014442610643e+00,2.703092358195283929e+00,3.552379099113638361e+00,4.406617747207162594e+00,5.379263176135831159e+00,6.707975023349547428e+00,9.451131383427144428e+00,1.095487060723600514e+01,1.156856220422384851e+01,1.178788957427272699e+01,1.087196179374172900e+01,9.535566246343304186e+00,9.606688728828773449e+00,1.014287329767521584e+01,9.659063205724466528e+00,9.314938275415764579e+00,3.354509258765596691e+00
7.800720000000000000e+05,1.331247299032134457e-02,3.931955663747643825e-02,1.095146234240386152e-01,4.471013926380535963e-01,6.130848044056530499e-01,4.245402043253250213e+00,5.638952462608215477e+00,7.064915289038982138e+00,8.402654894492764370e+00,9.570584447945119422e+00,1.077344179236630950e+01,1.096914056686513206e+01,1.081423427926725367e+01,1.104568976332969399e+01,1.041939549261102727e+01,8.057813039887969708e+00,8.124926645039973749e+00,6.328934421475866934e+00,3.397635441703673376e+00,3.396949862326468228e+00
7.800730000000000000e+05,1.085233465979802414e-01,2.187749986318219264e-01,8.840995653256547016e-01,1.402635250977642301e+00,2.480297664587893358e+00,3.992711727253245968e+00,4.845999592709508974e+00,6.144037771509621493e+00,6.954674216237565432e+00,8.160927052817914529e+00,9.226985834636856509e+00,8.485861759042167662e+00,8.753288831104153900e+00,9.220958064594734438e+00,9.740646205207870167e+00,7.621478141615458668e+00,6.765451310136651131e+00,5.631532531863815194e+00,3.672132045518259780e+00,1.986004810590451530e+00
7.800740000000000000e+05,5.330505147279618328e-04,5.728940261323023364e-02,3.160619616114198616e-01,1.290690466498750855e+00,1.905716779122049065e+00,2.590440320368599281e+00,3.053774964032813344e+00,3.657228443532645201e+00,5.133833992301251037e+00,6.301518198450652974e+00,9.273874765419595434e+00,1.011636802276712288e+01,9.932920867402730281e+00,9.046458427434437510e+00,6.827347944084269038e+00,6.125204196214244945e+00,5.871393421206601460e+00,4.648362170106321578e+00,2.899708334507572705e+00,1.654867580686916195e+00
7.800750000000000000e+05,3.632242775689300540e-01,7.353964766518958918e-01,1.191004066357245872e+00,1.769939808284506366e+00,2.426699676560468255e+00,3.499851302719633406e+00,5.041641164416076570e+00,6.236722915138141587e+00,7.785047318249658233e+00,9.179362473434386160e+00,1.046725457179259067e+01,1.123863330694980078e+01,8.149951432750128788e+00,4.973537560790054712e+00,4.879400409168505703e+00,3.689017728810554786e+00,3.534940886707407692e+00,3.268341715953130056e+00,2.951836259929552231e+00,2.742764197142999461e+00
7.800760000000000000e+05,1.505434566324681533e-03,3.356376390086657224e-02,4.957997316486681960e-01,9.659116787226675882e-01,1.708045717491770699e+00,2.282352948009410021e+00,3.330333585519491990e+00,4.449259306204991660e+00,7.462156134487461401e+00,9.368477919260897124e+00,1.038225949435792117e+01,1.073004163661277488e+01,1.159925455970645558e+01,1.234142554733191766e+01,1.176003758649582842e+01,7.797129242312546893e+00,7.992154011856948514e+00,7.907431473434025193e+00,3.876232440335195761e+00,3.603057624373779966e+00
7.800770000000000000e+05,1.758310976006807191e-01,3.598718209692426395e-01,7.979543307829686238e-01,1.135433829794988636e+00,1.872663219721190098e+00,2.930932588570883013e+00,3.725177964350762760e+00,4.970351960163756466e+00,5.675441772886609115e+00,7.254607350435274604e+00,9.513588536012836272e+00,8.513183289205709769e+00,9.099005698299865941e+00,9.795169976957874169e+00,9.959782683320577590e+00,9.978598653926811224e+00,8.885667075550617966e+00,8.588178070067185033e+00,3.215336457489028632e+00,6.868193069633465875e-01
7.800780000000000000e+05,4.189458757014696832e-02,3.094651349280121977e-01,8.259253077057090442e-01,1.545366620013056469e+00,1.971372354576414576e+00,2.408875700776452078e+00,3.804601964219024968e+00,5.814525388765829916e+00,7.620723188239559853e+00,8.671192915517334399e+00,9.574504057966585435e+00,8.984165162364279311e+00,8.176920609808474794e+00,5.162490989592871671e+00,5.227073297439478239e+00,5.560682971056351676e+00,5.539687643805123685e+00,5.791096394048361518e+00,5.377936983381552238e+00,2.850184466661769278e+00
7.800790000000000000e+05,1.584974135409837892e-01,3.212737154005029794e-01,4.976530892720912869e-01,8.533986576523968637e-01,1.407035382996932427e+00,1.891688240503029306e+00,3.179265994267725493e+00,3.945805689147935169e+00,6.207313100174321363e+00,7.029220900947116490e+00,1.090787840082635185e+01,1.106755296560738167e+01,1.089097147616672423e+01,1.123845277169552048e+01,8.870319167500474222e+00,7.961917416448631712e+00,8.448746244245935344e+00,8.397259151112409725e+00,6.250136100239913617e+00,5.515669381649443537e+00
7.800800000000000000e+05,4.383747337083143680e-02,2.678455970018815968e-01,4.130913805474094591e-01,1.118176870532500811e+00,1.706741231296095673e+00,2.836329697201130262e+00,3.614287413412511363e+00,5.702685290773156446e+00,6.930328499198143533e+00,9.001931093727808531e+00,1.074476131446000515e+01,1.077176697160110841e+01,1.119375282187505505e+01,8.700168436392655025e+00,8.849613099395179816e+00,8.217667539581748670e+00,5.960115530447962051e+00,5.134111068874108952e+00,5.338101248422689515e+00,3.712901609492893495e+00
7.800810000000000000e+05,1.307437707523549930e-01,6.200663745390166959e-01,9.826840953340417739e-01,1.362696502657523734e+00,2.637569035735254364e+00,3.582967695902563143e+00,4.247266051450652391e+00,6.560745091941614149e+00,7.550416249030028837e+00,9.075100306330613265e+00,1.076226927225227037e+01,9.759911645740686481e+00,1.052266745603723486e+01,1.075987401704137092e+01,1.141664801180406386e+01,1.217073175850335609e+01,9.084452536308905479e+00,7.793474934808952703e+00,7.633312812942691927e+00,6.947055323707975738e+00
7.800820000000000000e+05,5.655922667496204870e-02,4.646627713604118970e-01,8.022968468658014940e-01,1.225719419566739798e+00,1.726536001277603205e+00,3.518605531514334750e+00,4.224872127438661806e+00,5.059541351206221726e+00,5.840293666513348469e+00,7.465831906726096534e+00,1.001133800908804972e+01,1.049546824128789702e+01,1.078941511977573242e+01,1.137200143881434400e+01,1.201512875137814440e+01,1.186748183191486383e+01,1.242317329091955713e+01,1.073070380407402702e+01,8.588154849576309147e+00,6.667427779186068548e+00
7.800830000000000000e+05,3.336108695028872084e-03,1.960736876852053889e-02,3.354074412833895069e-01,9.664733076561109471e-01,1.565786792047486609e+00,2.965033739503923904e+00,3.964465171360541884e+00,7.073118652617543134e+00,8.585968365439871519e+00,9.636205760731254344e+00,1.081828211466117473e+01,8.429124030449717253e+00,6.955326853611647486e+00,7.206337879120516376e+00,6.296107603410409759e+00,6.567201979295996139e+00,6.167931619508599361e+00,6.389884509189436734e+00,1.114509968482847668e+00,1.043969209922348540e+00
7.800840000000000000e+05,4.787484591239232756e-02,2.186218322976312134e-01,1.050254284280256467e+00,2.335433447700723253e+00,3.531792054757718624e+00,4.634435165168482307e+00,5.639901743852618665e+00,6.861201599350997604e+00,8.566441816135521137e+00,9.847043213804429485e+00,1.096511796177175135e+01,1.160960590241502999e+01,1.119711199371671917e+01,1.088802461579926550e+01,1.042667131747973031e+01,9.574305001174424845e+00,9.864845388996117848e+00,6.321446458169257099e+00,3.780135046445934677e+00,3.460009017286489463e+00
7.800850000000000000e+05,5.347518248825533504e-02,1.818383718445917285e-01,2.977141972608687848e-01,6.128224289904800060e-01,1.004068783009229859e+00,1.427063574533853352e+00,4.865403521109509910e+00,5.710903824799280493e+00,6.597252576784120137e+00,8.365781566928522039e+00,1.090059308723593645e+01,1.183995738058396796e+01,1.276770184730202828e+01,1.241108246243164892e+01,1.320047732337763691e+01,9.929098172560667734e+00,1.033302881148469510e+01,1.059848845908287451e+01,6.271462139828518190e+00,6.011135376067455738e+00
7.800860000000000000e+05,1.385334280765367909e-01,3.297307275017915540e-01,4.982514834525941794e-01,1.598740325748671420e+00,2.013451568448607176e+00,2.449650787641367788e+00,2.904731052946320169e+00,3.859253419477645330e+00,5.085178047613329255e+00,6.820627816573219704e+00,9.653954347946605452e+00,1.046728436471495094e+01,1.058097033155558897e+01,1.094797028220695978e+01,9.732696478545166840e+00,8.185826730664450324e+00,5.325879967997481756e+00,4.901380372478129743e+00,4.629570924277862431e+00,4.419781138781424090e+00
7.800870000000000000e+05,1.106578446387976866e-01,3.596639674858428393e-01,6.772573467437970063e-01,9.373512709069413695e-01,1.774241808281216581e+00,2.182613880762059200e+00,3.117588078047104361e+00,6.025416894721068672e+00,7.860420000891013004e+00,8.814767112053981890e+00,1.085169813779607928e+01,1.130896045575746101e+01,1.210672486341426257e+01,1.083621870994643110e+01,1.106044457951806415e+01,1.114976143347086257e+01,1.050160347588753140e+01,9.557085957273779186e+00,1.008616127834147136e+01,1.034614581418815860e+01
7.800880000000000000e+05,1.509111268849144816e-01,3.276199230640755022e-01,6.073350676299456019e-01,1.205850024039352597e+00,2.507084013460980643e+00,3.020906666285621434e+00,4.397552344434074278e+00,5.958604681021279603e+00,7.754739308981005053e+00,9.196484249935076960e+00,1.056852134787835595e+01,9.500637743296390880e+00,9.580588610241589365e+00,9.611465156974938751e+00,1.011991285454148581e+01,7.126493526525727873e+00,6.979061615288181031e+00,3.574316721451600287e+00,3.261155768298344970e+00,3.353621434503322174e+00
7.800890000000000000e+05,7.654920750458260592e-03,6.155340724586455536e-02,2.229953514256819425e-01,1.400012915305081318e+00,1.765890572382885493e+00,3.697898854552465586e+00,4.606549068853468931e+00,6.529791589993831913e+00,7.717069304445127287e+00,9.488525967650327075e+00,1.047333973315208766e+01,9.296636031185347093e+00,7.898653074071991576e+00,8.348042514661891289e+00,6.178404936660516711e+00,4.976787319607618443e+00,4.839449311353006600e+00,1.745012874461591812e+00,1.680448163977910525e+00,1.600041167922652274e+00
7.800900000000000000e+05,3.013408301519515664e-02,1.239069446758818138e-01,2.880720850536804267e-01,4.245494385583370445e-01,1.934584732648594319e+00,3.741463364488275989e+00,4.855503600590186153e+00,5.757598757944091261e+00,6.962978645452174931e+00,9.032485438028208691e+00,1.087817846908286690e+01,1.150513940861805295e+01,1.114736401013162137e+01,1.027254776481773924e+01,1.054185972568354046e+01,1.123404644057645285e+01,1.157221719291874251e+01,1.158890428492740554e+01,9.260672554770227549e+00,3.281929264071181684e+00
7.800910000000000000e+05,5.919784345670109360e-02,2.143900423509066400e-01,3.568840542638634927e-01,7.522568530805759934e-01,1.090254166274203795e+00,1.966840730321079089e+00,2.432978631470220421e+00,4.458462936098681162e+00,7.274735866965455600e+00,8.405802879329478117e+00,1.028788377010730848e+01,9.839273408609331639e+00,9.160458798129130997e+00,9.310228185022062064e+00,8.706941306748062104e+00,8.825237840857973026e+00,8.675448457832233728e+00,7.889856173200562317e+00,7.037538091337556700e+00,6.855978921122558134e+00
7.800920000000000000e+05,1.708350588247886659e-01,5.754482598146977157e-01,1.188753556972764969e+00,1.758096993798938801e+00,2.469281135879701328e+00,3.190230725585606830e+00,3.958398718009441097e+00,5.822764924961917110e+00,7.005652311229942697e+00,8.098746375308659040e+00,1.075786942988666972e+01,1.126958603891655208e+01,1.206163148446061761e+01,1.288551843849912792e+01,1.219575918021783423e+01,1.131125650827119067e+01,1.141327201498250687e+01,1.204777889483625231e+01,2.032903009486065837e+00,1.023977252954733075e-01
7.800930000000000000e+05,2.437134305446242433e-02,8.890403242953470730e-02,1.585339041298494678e-01,2.587064408961166073e-01,7.905241878035590419e-01,1.639837904857931683e+00,2.925152629470468835e+00,3.606507495353624471e+00,7.154365596824504792e+00,8.659283599031095235e+00,1.094539796215045513e+01,1.051480128825945926e+01,1.037069971163430893e+01,9.439254295203614475e+00,7.345393281529486451e+00,5.741510370129953245e+00,4.686313270307640444e+00,4.829494704718660714e+00,2.750141375014877987e+00,1.627507914759858121e+00
7.800940000000000000e+05,8.933266849191634495e-02,1.958561567775876089e-01,6.327787875547176144e-01,8.647682611133031827e-01,1.669105724885998621e+00,2.081644494336651441e+00,2.691601151139869863e+00,5.654439802988380670e+00,6.640416536528963576e+00,8.017983101962222747e+00,1.068697933981136572e+01,1.101771622235754933e+01,1.084698266847936665e+01,1.120278780232209570e+01,1.137056133703279492e+01,1.120861954143695272e+01,1.041366776188037058e+01,1.052217811134945435e+01,7.012979008008146664e+00,7.381907872559986927e+00
7.800950000000000000e+05,6.288239349626933983e-02,4.941402061732445006e-01,8.863775789386247883e-01,1.994036641892994233e+00,2.599585228249028379e+00,3.476916048855270169e+00,4.461892459260234034e+00,5.447220023055599825e+00,6.452219800179458176e+00,8.770486090648592636e+00,1.000339181691915158e+01,9.311580917057778350e+00,1.008493007408917386e+01,1.031442869769656490e+01,7.453032723759100975e+00,7.014112993419473696e+00,6.348090878715352048e+00,6.079664056974115383e+00,5.425869047513651289e+00,5.157811837700232438e+00
7.800960000000000000e+05,3.676294512029819606e-01,7.821144536916029288e-01,1.758657419583821158e+00,2.741378953915759809e+00,3.952396259771556508e+00,4.999736344769420526e+00,5.913786337569694851e+00,7.035322975972777115e+00,8.173379215632001760e+00,9.197081681958014343e+00,1.029727296210052856e+01,1.047395921151670706e+01,9.688206270622409022e+00,9.950978776489193933e+00,5.982673752134975764e+00,5.829262271829270148e+00,5.776265207390228085e+00,5.240841939130115534e+00,4.839686458279958359e+00,1.087236521491050656e+00
7.800970000000000000e+05,2.689420140583631547e-02,2.227350045914753274e-01,3.914905903259245923e-01,7.600944931798609971e-01,2.201434147595214164e+00,2.955864159754512777e+00,5.198549111083378804e+00,6.078208206079562359e+00,7.725934174531890797e+00,9.177971738293820181e+00,1.087704663784948345e+01,9.983096569409807941e+00,8.821233962012099639e+00,8.854499217514124609e+00,7.979959075597834683e+00,7.411978619085651587e+00,6.336760472540925448e+00,6.347534356036357295e+00,4.163755099663598358e+00,3.933904762457334225e+00
7.800980000000000000e+05,1.364232298403968979e-01,5.735478739766575185e-01,9.453944022464667585e-01,1.314818637274624891e+00,1.887035616097639146e+00,3.224223522909253070e+00,4.312876125484631729e+00,5.760493389209483617e+00,8.162331108365977528e+00,9.712272725704712784e+00,1.084230301433786892e+01,5.999035889806963340e+00,5.942128159961401757e+00,2.774980414421366337e+00,1.100978241930112844e+00,6.725550131931221642e-01,2.838608147586015873e-01,1.219880335620693312e-01,1.263616665149736029e-01,1.207782989241690252e-01
7.800990000000000000e+05,8.075195066992002513e-02,3.528915701767694202e-01,6.522770222608117452e-01,9.949387305141095261e-01,1.382374760359096344e+00,3.048297699698800933e+00,4.708523375326915783e+00,6.076404867828337331e+00,8.072017291587945564e+00,9.338480238648550369e+00,1.083063911561747794e+01,7.747595533621412400e+00,8.166572071555519230e+00,7.179856431885008661e+00,7.435814868829655033e+00,6.882587100877490371e+00,6.972975153671598036e+00,2.989107111620434409e+00,1.114883728476423919e+00,2.194754139233867640e-01
