9.700000000000000000e+05,4.326362047227793051e-01,8.871114868507194995e-01,1.472517434305860684e+00,2.180225300174991609e+00,3.419741395237628101e+00,4.270178024920925353e+00,5.144116750301267693e+00,6.438893320272280896e+00,7.785361864338991467e+00,8.816146817670414748e+00,1.007173328334518203e+01,1.057700104526910323e+01,1.077555087785370347e+01,8.753125367341027641e+00,9.268563275350530262e+00,7.568849643034655017e+00,4.477792372334718607e+00,3.698616903328912464e+00,3.509033240822036603e+00,2.883191477965219018e+00
9.700010000000000000e+05,1.571131965673323583e-01,4.274190911625008749e-01,6.746196654197182951e-01,1.090062196547370466e+00,1.470017727243182470e+00,2.697240096906758033e+00,3.471658343461561547e+00,4.138908822312421520e+00,4.830281935156834905e+00,7.215835809676675261e+00,1.075109650437082998e+01,1.138597011776717949e+01,1.128317070602730965e+01,1.097488606892359186e+01,8.721213093737429034e+00,8.650709671042060123e+00,8.949598366269137628e+00,9.146768762120888852e+00,9.373755083058595616e+00,6.472194532869486316e+00
9.700020000000000000e+05,8.931310560569616364e-03,9.474475201554128923e-01,1.530747692550721517e+00,2.090314039740959196e+00,2.767029385691628374e+00,3.327852321853294271e+00,4.656871746428057790e+00,6.567853445647775068e+00,7.445588367538803709e+00,8.891026953107607156e+00,1.017045181729400838e+01,1.070227916347069197e+01,1.145978850591703058e+01,1.203724104696831532e+01,1.252960052465932606e+01,9.814153883429371561e+00,7.970884025450748922e+00,3.612451782268519374e+00,2.071207847395819535e+00,1.078561478016017983e+00
9.700030000000000000e+05,2.848499060856035658e-02,9.561941747210211950e-02,3.270421017914920681e-01,5.805167763936318615e-01,1.378647862171093585e+00,3.434768746616604140e+00,4.431893488585940233e+00,5.443215370207402870e+00,7.559334548349879057e+00,8.715593679327394483e+00,1.052126398540817220e+01,1.037135244475456908e+01,9.810868575352603926e+00,9.401543592327321619e+00,7.652118014174292604e+00,8.116637501023722834e+00,8.532191136842451229e+00,8.755154343844568032e+00,8.169529518835195958e+00,4.831376205204652052e+00
9.700040000000000000e+05,4.606519918468554575e-01,9.646796007685460861e-01,1.563911250949659326e+00,2.207204185480363012e+00,2.804792932879935474e+00,3.437819568005916704e+00,4.725338735612306884e+00,5.605961607630232102e+00,7.709970704159196053e+00,9.000099834702108836e+00,1.090517940468367541e+01,1.055078076494434569e+01,9.285572078176093314e+00,5.938628926185282708e+00,6.263550415548035488e+00,4.987736755500293384e+00,3.740404316782616867e+00,3.000209780410248328e+00,1.127683631074678061e+00,4.623429645959364898e-01
9.700050000000000000e+05,8.628171299911890912e-03,8.120972397047689917e-01,1.785290542459978758e+00,2.958945445184412826e+00,3.726357189970052275e+00,4.567449563702860260e+00,5.381240848947726363e+00,6.317348249775468716e+00,7.753687207033455486e+00,9.121963087805937676e+00,1.067101505444487586e+01,1.129180887953096146e+01,1.154598930607504492e+01,1.209974862025569564e+01,8.872294245240066601e+00,7.807016930763735374e+00,6.726343252712014831e+00,5.037701497243139315e+00,4.312531428990084237e+00,4.431118703870289721e+00
9.700060000000000000e+05,7.303808181972515357e-02,1.523405823911905266e-01,3.010763747617747343e-01,6.229123349047451796e-01,1.783039604126523958e+00,2.298727098064031971e+00,3.813748438396769025e+00,5.032026611681059691e+00,6.448398898314368743e+00,8.411210984224267051e+00,9.814361720963557190e+00,9.702892224720121916e+00,1.003863378613858259e+01,1.045532348651452104e+01,7.891235876817235706e+00,8.033123944613667078e+00,3.414292032507936892e+00,1.065337799522160900e+00,8.386920579830808853e-01,9.049328810948331636e-03
9.700070000000000000e+05,1.221117894537165904e-01,4.702744331969221925e-01,8.740359598679690034e-01,1.328171852331443858e+00,2.218713502910352187e+00,3.333009847061035202e+00,3.921039166003649434e+00,4.536915904905375996e+00,6.679875138095857423e+00,8.316166716731872910e+00,1.089831277831434697e+01,1.125915952983515567e+01,1.067455628131385481e+01,1.123873660006259279e+01,1.099278160502197288e+01,9.786133055705709793e+00,1.031816215113867585e+01,3.898778512787794526e+00,4.106904853855947835e+00,3.883359075609902344e+00
9.700080000000000000e+05,3.645463076533805857e-02,1.477913545135107753e-01,3.133109123604294055e-01,5.313973197902051027e-01,1.036555461534127698e+00,2.544594487137906924e+00,3.247567552342243147e+00,4.254234359191168657e+00,7.497534683937836952e+00,9.127970583749421607e+00,1.019422719201687499e+01,8.014948556924682777e+00,6.891198636036481417e+00,6.382687521786576390e+00,4.132087068667106067e+00,4.360747204484340500e+00,4.373284455136428051e+00,2.908126154465701774e+00,2.008233984798624139e+00,2.717928578075623491e-02
9.700090000000000000e+05,2.956039271677413094e-02,1.661869274289751175e-01,3.992773372740651139e-01,1.062603532563546782e+00,2.429323356872904682e+00,4.440083087923414773e+00,5.610586752833134128e+00,6.759161909691465908e+00,8.028633365867671401e+00,9.466142950555637370e+00,1.061391596974446117e+01,1.124772984893416705e+01,1.141361419302332258e+01,1.106116301446935068e+01,4.340703304602889112e+00,4.546748281076098408e+00,3.687683730015165473e+00,3.617823683370208876e+00,2.162623160028248392e+00,8.428003828424168731e-01
9.700100000000000000e+05,7.339036977178614585e-02,8.104791469324050812e-01,1.486104576204995364e+00,2.273403284389137635e+00,2.997461768048717001e+00,4.496916480508868830e+00,5.876376731081091265e+00,6.995066748513838029e+00,8.032423638590266535e+00,9.083907930979728818e+00,1.001293059753596815e+01,9.853525343695121563e+00,1.017096695330220335e+01,1.060989040397913286e+01,1.016022194757397124e+01,9.410080787993281959e+00,6.043842980200522241e+00,5.225785301694899410e+00,4.340972095357895633e+00,3.755556387405341034e+00
9.700110000000000000e+05,4.191463544728213364e-04,6.229586491948846394e-02,2.608200945218867028e-01,4.661511199483179269e-01,6.863135744868836818e-01,1.050453996979177518e+00,2.267958091167396883e+00,4.734908127165494029e+00,7.502985131852311973e+00,8.560525281538369669e+00,9.804952581954346158e+00,1.028801107455895902e+01,8.590030594295857469e+00,9.041136654187022614e+00,8.953548012477805074e+00,8.073483562237960598e+00,7.770335530820492664e+00,6.974593226571532689e+00,6.164735385325122330e+00,3.971119860090326359e+00
9.700120000000000000e+05,7.742555473231660379e-03,7.324046632381775446e-02,5.476594120710108760e-01,1.145428584961963647e+00,1.483421820647089495e+00,2.062643218544208956e+00,4.668285758771278715e+00,6.865078760180304052e+00,8.144195038473231563e+00,9.624101653077163476e+00,1.064758135946981099e+01,1.028291897398114507e+01,1.037643901324353557e+01,1.079764894984198698e+01,1.130185045956279133e+01,1.196785107233125522e+01,9.919640667667074752e+00,6.856208767161956708e+00,6.797502991887490964e+00,6.329451129037280133e+00
9.700130000000000000e+05,9.571467288896229331e-02,2.934752126525941307e-01,4.813392837799269630e-01,7.474611206695103149e-01,9.348017710738570907e-01,1.457061251604515828e+00,2.113284156546360482e+00,2.685279416303682609e+00,5.616101737524489934e+00,6.998418890688688165e+00,1.089016940008063905e+01,1.161239686955038408e+01,1.231647162241671190e+01,1.184763498950177230e+01,1.181844869057191971e+01,1.256726770441554031e+01,1.278404197543120091e+01,1.144144039063854734e+01,4.684865651731429992e+00,4.892960974393272267e+00
9.700140000000000000e+05,6.831702171004805368e-02,2.319444722286072569e-01,9.360203437646147373e-01,1.323118243207336953e+00,2.172768893675850244e+00,3.460143821992939017e+00,4.725771654966101742e+00,5.902491500240157229e+00,7.527154101288727972e+00,9.547002966146733272e+00,1.094411620388362394e+01,1.013253667688322324e+01,9.336101972149968731e+00,8.772456229760974722e+00,9.260256012355828403e+00,8.901693218769047178e+00,9.216635746803277129e+00,9.398081737623344978e+00,9.666122936661938780e+00,1.007583606768237772e+01
9.700150000000000000e+05,1.214203273162850483e-02,2.030897043439814365e-01,3.115306399453425801e-01,6.329423825962829930e-01,8.502406509896776043e-01,1.324525323847726144e+00,2.498659431883016424e+00,3.161932882466432559e+00,3.786480555921680313e+00,9.695714456759205291e+00,1.094030718119073242e+01,1.153660149807175728e+01,1.221996339175932000e+01,1.099880450807700250e+01,9.841129239325129063e+00,9.535543647434904457e+00,6.744756576284738792e+00,6.037902160238319382e+00,3.999253302354437878e+00,3.479768286475777295e+00
9.700160000000000000e+05,1.233016827450592601e-01,6.441001680378997118e-01,9.854438991038224627e-01,1.526297533239887372e+00,1.966666797970883618e+00,2.630624611856264394e+00,3.347154276543373719e+00,4.550857846411690666e+00,5.930743832647685565e+00,6.674902122932829585e+00,1.024736749875284225e+01,1.044710332326080149e+01,1.088455208393015283e+01,1.139817383525107530e+01,1.125383963457533021e+01,5.847143865151354092e+00,6.099646392113031723e+00,2.152508530753872051e+00,1.904860070420704599e+00,9.577628565019780105e-01
9.700170000000000000e+05,2.206861225829542805e-01,4.930435004254845044e-01,8.137220410771204282e-01,1.227757630750299533e+00,2.051391175536477540e+00,2.952674841515760651e+00,4.348090355018524811e+00,6.108627516504378185e+00,8.604225761448896392e+00,9.880195566586207789e+00,1.094004667413995691e+01,1.027845075259354246e+01,9.445924373824718501e+00,4.441756687947895799e+00,3.543593439075825913e+00,3.432329025405259415e+00,2.973003266067616668e+00,2.736134516664469718e+00,1.148860866002548997e+00,6.394497213493055554e-01
9.700180000000000000e+05,4.005483144561539088e-02,1.227466783928312655e-01,2.449264764991181398e-01,8.377499861483568289e-01,1.299630130823470786e+00,2.333062059198624194e+00,3.206764024306957506e+00,6.339885530387439516e+00,7.246147411734020771e+00,9.009281187568177529e+00,1.051797368402170463e+01,1.063987791069157751e+01,1.075052964585474236e+01,7.833895684689695216e+00,8.290318875455259473e+00,7.236444429687722391e+00,6.263127131061507313e+00,6.361321419967550739e+00,6.486706632779016601e+00,3.581689654247071086e+00
9.700190000000000000e+05,2.874183323299839277e-02,1.023982660982196702e-01,1.910391303211539382e-01,4.725307596249281872e-01,1.320359127922365872e+00,2.302889402614928027e+00,3.291905828940536072e+00,4.247846379115578941e+00,6.158443112349994308e+00,8.400651508042692228e+00,1.095669960860731962e+01,1.081951769836116206e+01,1.123984895883710244e+01,1.175288279747309339e+01,1.034658527763534153e+01,8.896376633734176309e+00,8.777901405534469959e+00,2.777696384744452907e+00,2.738504153388547024e+00,1.343870066757433257e+00
9.700200000000000000e+05,1.708461255986903904e-02,3.035884608872838619e-01,4.820641227215537450e-01,8.283877860477808497e-01,1.452227512603001536e+00,2.194758774111750910e+00,2.748010924254591369e+00,5.569597321404686774e+00,8.330543973637158928e+00,9.517591318807227196e+00,1.071838346160107847e+01,1.038844161121296317e+01,1.048495376009140756e+01,8.857952840626968083e+00,9.106716315138834617e+00,9.565587844454130462e+00,9.227870705918952865e+00,9.642504109471781604e+00,8.839633809699320111e+00,8.744966061801150659e+00
9.700210000000000000e+05,1.606455630452627847e-01,3.897261188333482895e-01,7.620278583756373569e-01,1.763817784314310799e+00,2.284918699288858157e+00,4.469312535211347637e+00,5.690753366894001353e+00,7.097891067375623919e+00,8.515923457043843570e+00,9.649723001768990116e+00,1.096601554481051721e+01,9.903336049861499291e+00,8.259445016530909456e+00,3.575125859783776061e+00,2.882892108988051039e+00,1.528396581636842555e+00,1.493485934671148874e+00,1.419121932227064731e+00,5.851366992828619384e-01,4.990560237079222361e-03
9.700220000000000000e+05,1.355579536615039160e-01,3.055972233033392715e-01,7.559414548991437721e-01,1.368038662826562835e+00,2.257809382094882800e+00,2.718645537903282339e+00,3.742905840569741294e+00,6.885084909852049684e+00,7.896083149680783286e+00,9.085693881877119793e+00,1.092326811354912763e+01,1.176963941208031272e+01,8.048608942386040965e+00,7.678209051687785447e+00,7.216447608498084421e+00,7.353973849657231554e+00,7.194475563819247910e+00,5.217709012042734074e+00,3.570115589633533038e+00,4.711272064557259220e-01
9.700230000000000000e+05,2.295137124706376763e-01,6.600918963325068667e-01,1.107868807040659487e+00,1.716547071345715381e+00,2.803512816162108567e+00,3.836122176342583678e+00,4.665237268928261294e+00,6.422202022311470415e+00,7.406109069675934187e+00,9.262570195816334007e+00,1.069838577789002088e+01,9.523418611949107770e+00,8.106427697547426092e+00,8.562473782592167737e+00,7.759198790829461956e+00,6.862006508789134429e+00,6.393194355641950821e+00,4.123884183820138105e+00,3.764388186118992952e+00,1.267137949309946610e+00
9.700240000000000000e+05,3.991509938885295927e-02,1.124139134897295111e-01,5.206376642380853292e-01,7.811423311638949762e-01,1.673974400747700875e+00,2.969421150503926299e+00,3.796438216617812778e+00,4.381749441146724600e+00,5.144477200843693865e+00,6.470805557293327404e+00,8.098734887998634946e+00,8.317374885548993291e+00,8.654290852436322012e+00,8.546882944285176364e+00,8.004718830523648521e+00,7.487503230163536472e+00,6.980423888097186946e+00,6.249511861979859084e+00,6.341797795246445268e+00,3.757616617471468690e+00
9.700250000000000000e+05,2.237381867927235035e-01,5.555564079343897621e-01,1.097764778286625109e+00,1.994504137831826451e+00,2.546865679834601437e+00,3.104629125980411963e+00,4.408126190445546655e+00,5.121783061683424343e+00,6.714489368768209232e+00,8.371962917682713723e+00,1.048978100510400679e+01,9.675237930546259690e+00,9.745717263875388170e+00,1.049272855765517853e+01,8.090731443576478554e+00,5.851454277443417951e+00,5.056729785860776261e+00,5.117834111246319928e+00,1.738383572342797834e+00,5.453660038381302755e-01
9.700260000000000000e+05,1.038699368728883687e-01,3.663254685730992222e-01,1.138510282569680898e+00,1.636724795937183341e+00,2.274130624904247000e+00,3.852704608360525196e+00,4.531369610861039732e+00,5.770934406536686545e+00,7.841845574955584652e+00,8.752230077854063595e+00,9.875772608199039126e+00,9.499965390255546538e+00,8.012361921224808725e+00,8.461189207093529063e+00,8.392661726911416764e+00,7.881612809772688522e+00,8.189437903031757671e+00,7.320813990413862271e+00,6.784920822020091613e+00,7.123650970772013480e+00
9.700270000000000000e+05,6.769068138997003103e-02,4.757425567725408477e-01,7.518182901171213128e-01,1.264327308825925034e+00,1.990854828374502450e+00,2.524862788493607457e+00,3.182908698557510352e+00,4.810800149420035865e+00,6.475564870884015001e+00,8.154804679109572518e+00,1.083642585390001756e+01,1.067823907608426381e+01,1.107314487137121972e+01,1.176450414983788129e+01,1.096698461408401926e+01,8.596482993322267063e+00,5.581590287811659223e+00,4.042698746637118035e+00,2.991016031625248317e+00,1.604800056608757242e+00
9.700280000000000000e+05,1.351952158710550966e-01,3.102502632824690743e-01,1.372743799003609766e+00,2.064229483714379754e+00,3.336280955672994430e+00,4.015996651119752237e+00,5.011022079818773456e+00,6.086519245360131336e+00,8.685363011971057645e+00,9.895459935599381751e+00,1.088970955247869554e+01,1.085261352241510835e+01,1.020986994065182074e+01,9.053603333873406100e+00,9.662020595510963261e+00,5.477922236241965948e+00,3.392318717115991866e+00,2.377184826775796900e+00,6.113903240973932451e-01,6.150536218180024939e-01
9.700290000000000000e+05,1.616629282429973280e-01,6.087250796197689606e-01,1.115034196210555884e+00,1.681958057289095088e+00,3.384365192127214428e+00,4.611443158425237776e+00,6.188277565597990026e+00,7.247015921090019575e+00,8.406687094515838510e+00,9.580215131576352405e+00,1.083930679648955930e+01,9.608388315407610847e+00,9.869012114779147637e+00,1.058840044967613281e+01,1.097759876923918831e+01,1.062705883826277287e+01,3.282250458640014745e+00,3.401320334485362196e+00,2.551408902275789536e+00,1.579666912241279864e+00
9.700300000000000000e+05,1.316401822272350586e-02,2.794577728699871866e-01,6.706579208449903184e-01,1.051049631795951900e+00,1.639047894374553449e+00,2.258957937772916313e+00,3.270720092747469998e+00,5.140374741420080440e+00,7.095961483038727202e+00,9.062440449924787700e+00,1.076134573862004373e+01,1.123474635935133215e+01,1.174227301068926010e+01,1.260312675211182309e+01,1.254350235890869136e+01,1.269071638477103292e+01,1.226117033255532363e+01,1.219288792568335111e+01,1.273069838504320295e+01,1.156281194005830315e+01
9.700310000000000000e+05,1.519013918383479433e-01,4.898453278780419140e-01,8.682150443373768400e-01,1.278475919736768329e+00,1.626279244929920598e+00,2.727409966950564257e+00,3.386986514323174102e+00,5.246981217362071348e+00,7.172411976898003694e+00,9.336735545337131015e+00,1.081026950174744350e+01,7.893441844154262199e+00,8.521560913038486618e+00,7.439118801799627256e+00,4.056024633724502948e+00,4.297557629357363851e+00,1.559158013929430098e+00,1.373120426831353047e+00,5.407672977053554764e-01,2.561335286697774549e-02
9.700320000000000000e+05,1.740921324949403770e-01,3.617925907429990762e-01,5.866374128366986795e-01,1.001874107440292594e+00,1.835720502559384792e+00,2.273251781776419733e+00,3.037147967623146538e+00,4.738839539772047971e+00,7.505776403735126223e+00,8.861901328341962980e+00,1.065839318660161794e+01,1.023686889900256602e+01,1.005712543295231498e+01,1.081197948212162707e+01,9.881535903797502129e+00,1.014190774281476237e+01,1.052893255334331357e+01,1.022555703560386142e+01,9.689540474950330662e+00,8.095875365452569028e+00
9.700330000000000000e+05,9.130400915292213870e-02,2.898507328358523871e-01,4.757053601932568210e-01,8.032134420336505265e-01,1.220763280477468182e+00,1.894049629026100634e+00,2.684126631831152299e+00,3.654260115700275868e+00,5.144782263638941089e+00,9.403461377827854406e+00,1.097745323710614329e+01,1.045092670741814089e+01,1.009850887942583419e+01,1.000146303987131091e+01,9.405984678280804090e+00,8.949114108651080812e+00,7.266948709949890173e+00,6.484320332528568542e+00,4.301998715125085582e+00,4.165710076021021280e+00
9.700340000000000000e+05,3.014174317674409576e-01,8.828158152506717649e-01,1.453892323397487196e+00,1.991699706649440849e+00,2.589640802496664840e+00,3.248612569678729578e+00,4.413459589378326164e+00,5.071925863240777765e+00,7.766829555073398339e+00,9.014726678739556576e+00,1.043359346173442859e+01,1.131887258031741261e+01,8.471197013454927927e+00,8.019150597519157486e+00,7.868706905300929755e+00,3.847778848038215571e+00,3.831305858740837067e+00,3.690854651203187231e+00,3.813869813348820248e+00,2.410255755135195521e+00
9.700350000000000000e+05,1.786863009871864083e-02,1.979262662280176777e-01,3.105789870830303334e-01,6.202292643190197019e-01,9.072550160449788237e-01,1.349648747610384891e+00,1.783692920445690611e+00,2.122344019992967290e+00,3.738944129091946511e+00,6.884983720655676542e+00,9.820217455217571612e+00,9.870434043575080807e+00,1.017329216743447340e+01,1.005792755325239085e+01,9.134893948484942072e+00,9.017295449757511960e+00,8.914966683754157017e+00,7.624251738713265780e+00,7.416338467345383378e+00,6.598294271027027591e+00
9.700360000000000000e+05,1.167391445485702617e-01,3.794285776604773286e-01,1.637737912225050607e+00,2.270197147102203328e+00,2.984988377814082217e+00,3.754696045843042285e+00,5.212170293265964816e+00,6.258676372892150397e+00,7.796956185103243619e+00,9.507359846697035266e+00,1.057371409859182165e+01,9.798777869447306443e+00,9.482804886535639355e+00,7.621634538122977531e+00,7.483269413185947627e+00,7.657730632397036885e+00,6.908368033109738349e+00,5.067141268745057658e+00,3.819344317866904426e+00,1.710536054094171643e+00
9.700370000000000000e+05,1.454573300956268911e-01,4.590853159111631943e-01,7.657207390585680784e-01,1.105256607146084313e+00,1.594470044004475007e+00,2.360170931041574605e+00,2.779813232475732754e+00,3.529641827441013291e+00,6.728472606287050795e+00,8.497222045214941843e+00,1.015570961193035693e+01,1.018173353816883164e+01,1.036582494667738175e+01,1.105174738810131174e+01,7.857426659360521093e+00,7.245792551842336948e+00,6.952270703226872683e+00,5.449439118893779188e+00,3.993302858511827758e+00,8.500679028433211215e-02
9.700380000000000000e+05,1.565646775938738244e-01,3.329565701711714176e-01,7.636247042528085949e-01,1.469545086368782894e+00,2.350523423402265166e+00,2.872381583133845062e+00,4.464188969401738483e+00,5.350894386478429077e+00,7.710229859310770095e+00,9.451260439090876986e+00,1.077367388524421798e+01,1.114903270268969493e+01,1.163511878167486913e+01,7.153959111439421648e+00,3.803033077723922517e+00,2.283258548591536652e+00,2.143941486363346804e+00,2.074987455891514898e+00,1.423011130824824555e+00,7.585954224920010702e-01
9.700390000000000000e+05,2.153463571061503545e-01,4.477860442918701889e-01,1.058908588481977553e+00,1.450757664268078173e+00,2.406922041559338421e+00,3.014455919881280366e+00,4.144638347863802252e+00,5.973942542172213876e+00,6.885460328602539981e+00,8.203941760534176453e+00,1.038453124735501021e+01,1.035601649360329723e+01,1.107797653140978689e+01,1.086019838614149613e+01,9.281883778840230192e+00,9.617009070662870585e+00,7.505874124167507766e+00,5.125069643468464164e+00,2.574906358048269617e+00,8.866651913308931654e-01
9.700400000000000000e+05,3.286732160315978257e-01,1.038786440993307192e+00,1.703606886300361722e+00,2.405200274888678713e+00,3.172602737500062720e+00,4.093467966513534506e+00,5.000824115233578837e+00,6.305423843642908643e+00,7.553725178172249421e+00,9.226470034181330604e+00,1.062909987504730580e+01,9.229735295419240870e+00,3.389050982217276520e+00,3.190634285578360263e+00,3.413241985085170072e+00,2.979550646062904207e+00,2.135046512020874587e+00,2.225580953911220128e+00,2.136105793421194221e+00,5.852038747033816435e-01
9.700410000000000000e+05,7.889888669334166327e-02,1.917549672951828210e-01,7.293454948172540808e-01,1.144849489789369734e+00,3.204087884460269819e+00,3.920141511677330826e+00,5.429770577929348363e+00,6.326493848773948159e+00,8.168078982693486978e+00,9.713120246325438245e+00,1.075275616534568357e+01,1.155281759957108534e+01,1.142006011681782063e+01,1.111545773817754856e+01,1.084742212108679738e+01,7.709377094464775482e+00,7.968772434001618166e+00,6.492037773814471002e+00,6.603499974378704174e+00,5.957990726746902332e+00
9.700420000000000000e+05,2.866600306334776693e-02,1.535183571776690403e-01,2.713730762141599584e-01,5.145675464673780120e-01,1.520550195354509748e+00,2.907738344277056353e+00,3.823016260521097998e+00,6.103361724389237963e+00,7.179803432417543263e+00,8.196924066009701804e+00,1.072181410094353282e+01,1.024646941292617086e+01,9.648404448768946651e+00,8.810309850450765978e+00,3.741533988192058402e+00,3.361334596934524299e+00,1.925947052335346132e+00,2.221535124335265454e-01,2.278985897279507400e-01,1.478295341401114626e-01
9.700430000000000000e+05,1.166423180577713659e-02,2.299464061814986415e-01,4.319626749890423945e-01,1.030050248608723518e+00,1.619764694223115864e+00,2.184490020463941917e+00,3.557313691183027871e+00,5.770759940966602386e+00,7.943890773047986187e+00,8.897078157952627464e+00,1.086329515794522216e+01,1.135454215647843412e+01,1.204978094048123616e+01,1.254656778877602008e+01,1.046805270228811047e+01,7.580337497079607800e+00,5.921032384023201978e+00,1.928108530329172510e+00,1.717476255525002271e+00,1.404479673024234820e+00
9.700440000000000000e+05,1.683870605833659440e-02,2.289803257621574328e-01,4.329727936173305425e-01,6.570793639425231980e-01,9.973457291607529251e-01,1.311348048898442142e+00,3.573819930342755580e+00,4.358256669053980126e+00,4.911491499473393141e+00,9.780040641147639491e+00,1.080436617762069140e+01,1.137667243824134999e+01,9.293895278647141822e+00,9.626339092116104723e+00,1.019233502027704397e+01,1.033791549126024556e+01,1.064189699907417541e+01,1.103155224780851995e+01,6.933046674495508377e+00,4.377189234183536115e+00
9.700450000000000000e+05,9.008415694234028770e-02,2.001962702216226742e-01,7.650424805290804153e-01,1.296841867471889564e+00,1.743469101710334979e+00,2.554481901114026066e+00,3.968131947888306588e+00,4.788196213962052639e+00,5.574453658394193489e+00,7.613135538854481688e+00,9.622898787045008007e+00,9.460277753064458395e+00,9.273518925307682181e+00,7.545771987279002779e+00,7.275476142308034078e+00,7.173940278145522598e+00,7.334141487990802233e+00,7.224582517116703073e+00,7.608923859193488681e+00,8.505041049540218445e-01
9.700460000000000000e+05,7.627098326908765547e-02,5.372245711820160530e-01,9.395690536744962795e-01,1.600054187444656328e+00,2.988403141044532418e+00,3.614087898845976810e+00,5.099333838073636826e+00,6.535089395391076472e+00,7.753942898713572340e+00,9.687509852148618705e+00,1.097899031476137921e+01,1.137860229697637138e+01,1.067971461026174396e+01,1.063698919976995683e+01,8.591127714239309654e+00,7.052962406766333459e+00,7.075574541096045778e+00,4.851963702198757389e+00,4.445444984649592257e+00,2.869460458038455286e+00
9.700470000000000000e+05,4.185120283786756268e-01,8.865868082214745094e-01,1.372288420796224928e+00,1.904860995583650851e+00,2.409551013932122565e+00,3.305729466751770040e+00,4.360240767056303035e+00,5.439678842575257356e+00,7.578195389098385526e+00,9.632459847946007514e+00,1.081306512421589971e+01,1.152039163232232966e+01,6.131906129711317988e+00,6.070024934467872058e+00,6.257377562567839391e+00,6.439091084617320604e+00,6.735329221523463694e+00,4.547861800434165325e+00,3.603542953758991807e+00,2.211063776445509887e-01
9.700480000000000000e+05,1.699757021759851217e-01,3.842308430286569543e-01,8.337445517108479365e-01,1.586531946626244416e+00,1.989740139628725091e+00,3.766921659079853768e+00,4.446873155080856677e+00,5.544906637721818576e+00,7.092435528567830438e+00,8.752984825338085528e+00,1.090586691665990138e+01,1.175302773710653170e+01,1.009476167268196356e+01,5.864969088851591295e+00,4.446648309467258642e+00,3.478903244692940433e+00,3.282226018850525229e+00,2.604338372171389082e+00,8.728461156010182131e-01,4.263914223205089726e-01
9.700490000000000000e+05,3.178953978197562869e-01,6.898567241706954345e-01,1.093672533506057309e+00,1.741041548836369746e+00,2.640388605265457489e+00,4.109154620818036285e+00,4.834830397034511229e+00,6.156071325457238785e+00,7.971229434983216677e+00,9.720998008046827010e+00,1.076454423558346285e+01,1.034464729858826182e+01,1.092645231772944392e+01,9.029777716820788669e+00,9.552283053780698197e+00,5.121476172076915745e+00,2.566408752024224693e+00,2.142610688270750074e+00,7.311101194137196169e-01,2.919325963093855059e-01
9.700500000000000000e+05,1.187064110441365949e-01,4.280044369664131043e-01,8.889105493366289412e-01,1.186550032040294411e+00,1.695324927524180403e+00,2.222089469915408344e+00,2.750509682688538238e+00,5.443016192098474093e+00,6.218576399645046493e+00,8.603729879181184259e+00,1.062854072639520453e+01,1.123280042453017558e+01,1.201750426471259914e+01,1.261923637305027235e+01,1.271635017533832723e+01,9.570614369706451185e+00,4.879819331134564564e+00,3.050651375386909780e+00,2.005578950381202041e+00,2.110356975082050557e+00
9.700510000000000000e+05,3.066237226483436995e-02,4.667354988953102968e-01,7.099142318377746896e-01,1.089925955616766640e+00,1.846037849565800748e+00,2.294314565658853056e+00,3.711281670972284452e+00,4.868165247205535451e+00,7.515586124972781334e+00,8.478104200594215101e+00,1.060388800488817473e+01,8.622233501171244541e+00,7.936460480714860211e+00,5.987696976546502015e+00,5.610546168983899129e+00,5.842748129300250781e+00,5.997622718840357692e+00,4.314012327805031077e+00,3.873658853221731757e+00,3.845580067898182186e+00
9.700520000000000000e+05,4.372736214146555334e-02,1.753200870287121571e-01,3.401110557100502918e-01,4.946923738426094452e-01,9.510420303771666140e-01,3.868919451176342506e+00,5.218950819489295512e+00,6.066998993775962745e+00,8.078538516044080353e+00,9.034345699902807780e+00,1.084568249420744301e+01,1.123094584214529590e+01,8.314135485955935323e+00,4.343384288322569731e+00,4.599907046108775432e+00,4.753387581579291421e+00,4.214575225721446827e+00,2.917941780373026539e+00,5.598960514506735597e-01,1.315291416160269122e-02
9.700530000000000000e+05,3.626344016072857723e-02,7.781667712967976769e-02,1.696804959172897309e-01,3.027963582686701294e-01,5.472637378633332661e-01,8.020606673018590982e-01,4.628291739026410667e+00,5.305576783176726430e+00,7.383981651059525753e+00,8.505559825855415923e+00,1.078480098400369513e+01,1.119537579373547587e+01,9.720603158949298717e+00,8.303353875620080871e+00,8.775890775433323299e+00,9.203654462584646367e+00,9.741915542574336229e+00,9.558753356260632827e+00,9.430136666482530572e+00,4.327487640081820075e+00
9.700540000000000000e+05,1.964691181598602343e-01,6.235731304181335588e-01,1.159834198306800346e+00,2.088728980381533429e+00,2.868286848500777975e+00,3.667735197400994185e+00,4.673794554295050752e+00,5.725359826754027104e+00,7.397728351684047077e+00,9.541374835722786329e+00,1.068945124964270832e+01,1.145542333166117466e+01,1.128115091981458029e+01,1.071991188273567630e+01,1.040471680244884034e+01,4.808439439479466060e+00,2.976797603132991021e+00,2.573812932903201123e+00,1.346185957565845914e+00,1.294463007086650297e+00
9.700550000000000000e+05,6.118739886400326178e-02,4.783952448922483836e-01,8.309731133807101155e-01,1.705207924352124316e+00,3.798990689160602230e+00,4.690377033093039216e+00,5.738443049436614096e+00,6.709322130793148098e+00,7.734168701610927066e+00,8.670664293125700084e+00,1.076058413012609449e+01,1.080038500251833966e+01,1.092303719750237434e+01,1.090338900920963461e+01,9.329808805059599308e+00,9.062581265674763742e+00,9.364153702412748359e+00,8.353500428690191271e+00,4.756963841737594123e+00,2.155524205125478598e+00
9.700560000000000000e+05,1.948479763379340479e-02,5.924304694996562759e-02,6.030134876726203075e-01,1.779145510343985936e+00,2.431432803199078840e+00,3.542154373766425834e+00,4.976955759925522749e+00,6.816688973214573899e+00,8.304521483193941123e+00,9.848294701702712928e+00,1.095989476242330163e+01,1.119369682709194436e+01,1.141984574272957609e+01,1.023550034806058484e+01,9.921799237475571687e+00,1.018788639896813386e+01,1.002150540442646864e+01,9.997778845033311157e+00,3.836931419516635522e+00,2.455227757351912121e+00
9.700570000000000000e+05,1.101870946811441820e-01,4.457198242478677130e-01,1.139503823270680449e+00,2.211011063004752586e+00,3.291053605883376143e+00,4.179256987628063413e+00,4.960444289453314504e+00,5.671033963196163263e+00,7.563444624482092316e+00,9.195569521446969929e+00,1.033112336842782319e+01,1.011498690925026445e+01,1.094592286146260562e+01,1.107688772586496206e+01,1.132143047662315460e+01,9.789730142912254962e+00,7.334093811636883231e+00,1.582349592623979673e+00,3.464123441324353792e-01,9.473439314552134505e-02
9.700580000000000000e+05,1.537752707772837013e-01,5.000732281117497013e-01,9.491209557107803674e-01,1.282331735849636445e+00,1.609341179005928657e+00,2.181729777982897467e+00,4.146052976809735391e+00,5.346134468538046747e+00,7.506535039727840974e+00,8.682119860534374567e+00,1.086765462383167247e+01,1.060600417001962015e+01,1.029955066938959085e+01,8.248225045292340241e+00,7.823516737787831410e+00,6.077574439662317474e+00,1.822301146627941737e+00,1.476686909940225778e+00,2.145054726225574804e-01,1.675874506706098721e-01
9.700590000000000000e+05,2.258978391539545605e-02,1.549926684861693271e-01,2.859479284479089500e-01,7.578668467904323691e-01,9.798596973421397349e-01,2.326957933003334755e+00,2.993668256243744885e+00,4.125885640624090911e+00,5.056811125540830787e+00,5.977946066819377791e+00,1.037580755285924639e+01,1.127213726411090633e+01,1.194715818171292732e+01,1.112777700166115835e+01,7.459288250799840370e+00,7.127459927595150901e+00,6.697596904293581233e+00,6.856739587514020684e+00,5.047359562044162473e+00,2.870502143233146786e+00
9.700600000000000000e+05,4.184030840301955489e-02,8.539779987702722508e-02,1.974367124082943015e-01,1.655174506125597134e+00,2.440089716177351153e+00,2.951722714980935969e+00,3.452382364903533229e+00,4.778434576697690339e+00,7.475153533114317739e+00,8.979274467104003676e+00,1.097462600306014124e+01,1.171353263212451523e+01,8.927966676905562338e+00,8.528887666771415965e+00,7.221978035392079498e+00,7.331345201395755851e+00,6.304651496902767605e+00,4.626965749094207325e+00,4.237060606638226368e+00,8.619655417006311104e-01
9.700610000000000000e+05,3.158822226508777309e-01,7.894053867242141198e-01,1.592851105840483950e+00,2.432568138072386255e+00,3.634186715926277067e+00,4.448085169020883356e+00,5.277536009378282600e+00,6.593102868409919992e+00,7.835745984879698867e+00,9.162932921393565522e+00,1.026352983242556505e+01,9.855812519703466279e+00,5.174473413076291273e+00,4.340627033827033188e+00,4.494243129607659704e+00,3.986963930739253925e+00,4.223025702220117417e+00,3.834926226389685056e+00,3.964523508085795900e+00,9.226392408147687796e-01
9.700620000000000000e+05,1.955228053763988783e-01,4.287481489348095032e-01,1.361407425761453460e+00,1.941662015542845676e+00,2.714537753913795370e+00,3.491403457370116037e+00,5.128776113021353389e+00,7.078169491698672822e+00,8.490946663248369219e+00,9.620559188248765992e+00,1.064176812919937554e+01,1.117448359750684794e+01,1.124038988127090732e+01,7.229803710303640329e+00,7.422312199832096447e+00,7.750142146375250007e+00,3.754338502591518800e+00,3.615931299270612520e+00,2.664992617890656668e+00,2.339520985372787187e+00
9.700630000000000000e+05,5.047397786016138976e-02,2.552662106661747199e-01,3.985393014721734239e-01,5.685020862800200803e-01,1.387400073511338983e+00,1.679480683369748206e+00,2.120601186502161895e+00,3.303374826441856094e+00,3.834796296674590543e+00,8.146658092048047806e+00,1.022570672169012340e+01,1.098674783753281048e+01,1.139620361295435913e+01,9.868605226151700549e+00,1.002484507328756180e+01,8.502956141799586476e+00,4.598591880899792983e+00,4.618731729776840211e+00,2.997184914052052562e+00,1.506552097863749218e+00
9.700640000000000000e+05,3.264570397099941790e-02,7.905461121668744262e-02,3.023974521027924522e-01,4.285184268161681409e-01,8.454118210956812485e-01,1.668565445441978490e+00,2.851172224058031723e+00,5.008642266084962991e+00,7.881835164353084622e+00,8.876236032820880695e+00,1.084102097748408688e+01,1.111221951999378277e+01,1.189882948435409737e+01,1.132409353838106369e+01,1.200602181691996506e+01,1.087609021263596887e+01,1.050016779695819658e+01,8.726837979555998714e+00,3.644278272049388256e+00,3.681705729465343246e+00
9.700650000000000000e+05,8.719398976056735862e-02,2.805579215662938886e-01,9.447824371483438677e-01,1.263334576301251122e+00,1.924738794114615459e+00,2.374979534980684370e+00,2.782840604400950379e+00,5.866649596015731660e+00,8.335510506326821556e+00,9.555071183656359324e+00,1.092892798520918163e+01,1.089113424681746345e+01,1.176914421512587161e+01,1.252925993940092475e+01,1.127094718747799007e+01,1.149643627754028152e+01,1.046624359662346393e+01,9.875025324449586250e+00,9.911113835105755498e+00,9.427919655268039989e+00
9.700660000000000000e+05,2.478563318803250759e-03,6.827441820306945353e-02,1.188121856269817034e-01,4.120788379908248977e-01,6.407919804380612927e-01,8.528182265191186495e-01,3.141946900346121119e+00,5.419698039186347849e+00,6.727050965811512739e+00,8.460791900832720813e+00,1.043319957900622796e+01,1.057760101801020269e+01,1.058596475967377515e+01,1.000240496237215737e+01,1.045762432050398694e+01,9.928222254991688089e+00,8.285266292092078544e+00,4.219925165635769027e+00,1.719596707240560685e+00,1.742730945694577205e+00
9.700670000000000000e+05,5.813291573276468949e-02,1.340717623790619317e-01,2.428388746151365352e-01,1.199326906889036426e+00,2.024134733399944430e+00,2.969348223435802403e+00,3.847924711704739043e+00,4.608932716796829254e+00,6.392399910198530044e+00,9.643951035426116647e+00,1.096884015353584374e+01,1.154110357687689614e+01,1.159150728730085689e+01,1.203094868176307308e+01,8.933493658132432458e+00,8.146239113478117133e+00,4.772228899233091681e+00,3.324541992421378822e+00,3.154976382284454761e+00,3.168914780659985997e+00
9.700680000000000000e+05,3.569316188226867581e-03,1.425706891343059279e-01,2.524264389024831745e-01,3.934581249858339902e-01,8.572079993678499710e-01,1.134882708230523951e+00,1.721381210632425329e+00,2.252347881226746118e+00,6.254667546906854447e+00,7.080168097182612641e+00,1.003047825241878321e+01,1.054801019529204353e+01,1.119163769552439547e+01,1.082676322012085279e+01,1.087437980572221186e+01,1.032856204337253558e+01,6.874565916957828371e+00,6.880633963750502069e+00,5.043941205228836822e+00,5.234470458562605621e+00
9.700690000000000000e+05,1.867488443816434085e-01,4.456488534252724953e-01,8.881180996278459361e-01,1.554946449543109122e+00,2.036993075060245850e+00,2.489340031918684915e+00,3.286210545139127692e+00,5.627479320503405269e+00,7.525737319631441657e+00,9.897060137098845800e+00,1.095614839545243768e+01,1.139023575039131586e+01,1.066403665953992608e+01,1.076016172461126885e+01,8.024334772925028503e+00,6.106509404893902371e+00,6.071790500145826108e+00,4.291656477014191395e+00,5.914914762884454502e-01,6.041755116237390588e-01
9.700700000000000000e+05,1.277799079699937224e-03,5.649326172206252661e-01,1.087612433282144853e+00,1.683628864312595841e+00,2.204166799954787592e+00,4.509082840374717627e+00,5.544209651641217818e+00,6.508785536605716793e+00,8.515367445475879649e+00,9.649374554209007471e+00,1.065749791582128658e+01,7.729726496236949629e+00,6.981488800068417433e+00,7.273386016713200952e+00,7.378907973775234552e+00,7.281914114938830451e+00,5.990000387026749529e+00,2.277120538945755612e+00,1.512116080070068591e+00,8.579882438718966498e-01
9.700710000000000000e+05,9.228187033001356010e-02,1.962002449710471552e-01,3.296985161460962432e-01,4.747299438337986288e-01,9.956149026862720630e-01,1.244463559439687561e+00,1.681718687396970946e+00,3.977562929307807416e+00,5.872591996062746844e+00,8.640702637263251162e+00,1.044541658839160014e+01,9.041264941762413798e+00,7.963828877118692695e+00,7.840442266493933943e+00,7.700052432116279988e+00,8.108050983134114986e+00,7.967101360655526321e+00,8.337563898299217513e+00,8.470636319024679395e+00,7.137322950282205980e+00
9.700720000000000000e+05,4.290624029843738141e-01,1.056439101150571602e+00,1.584719936462989809e+00,2.226198295707435992e+00,2.880569425901671199e+00,4.714896079044147648e+00,5.559619703705656057e+00,6.656247845492357484e+00,7.590947906330941741e+00,8.762987321532731855e+00,9.721591915943763595e+00,8.782062496231098692e+00,7.870213828863314554e+00,7.946350790081555537e+00,6.155925958290373146e+00,4.320999153336886778e+00,3.383010585569908191e+00,2.562139681965805771e+00,5.344843604523359382e-01,5.503301852460218413e-01
9.700730000000000000e+05,3.593889676957853219e-01,7.483444583239102776e-01,1.194715572471436893e+00,2.106555375830036159e+00,3.482607744076769318e+00,4.237047973331741879e+00,6.184490603060685210e+00,7.256013773160798763e+00,8.437197506684830373e+00,9.464057221000150122e+00,1.060467869144861552e+01,8.845792990390073385e+00,9.311816584622862436e+00,7.952044676374361742e+00,7.027518987268676298e+00,5.784239986217263763e+00,6.047729629860198131e+00,5.535799784254667344e+00,3.725323003639435804e+00,3.334253130061066717e+00
9.700740000000000000e+05,2.122222000449505153e-01,6.541150979033167889e-01,1.166824242849251014e+00,1.591303431535242563e+00,2.296295960432728211e+00,3.044457080473050858e+00,4.290842506737036821e+00,5.716307976979635441e+00,6.463445125672103053e+00,7.533593760888804169e+00,9.384607816658633084e+00,8.410340077844407958e+00,8.560786631504155864e+00,4.545056326004376146e+00,3.151625465908603374e+00,2.570816871154761429e+00,2.482571882893968684e+00,1.029966152405675794e+00,6.740642852187901379e-01,3.582600220806586577e-01
9.700750000000000000e+05,1.896190314919067310e-01,3.974742082592372938e-01,6.072889461629190633e-01,9.754061870413681667e-01,1.298771676654072449e+00,2.160783867263587510e+00,3.380216283123958831e+00,5.697110831723742663e+00,7.033238262284075226e+00,8.096751727902859130e+00,9.981974379946539244e+00,1.013920759965746754e+01,1.011455704299518743e+01,1.038435342014920160e+01,9.165981224225131285e+00,9.216868064718219955e+00,6.947111773794872214e+00,5.970367180638947779e+00,4.016333083642881441e+00,4.082278799323062479e+00
9.700760000000000000e+05,4.877901438373966059e-03,7.624886467280034275e-02,1.233107719454686890e-01,2.790770760511773751e-01,3.656864430657891241e-01,5.410192445902277658e-01,2.121501571143539433e+00,4.182790058901568742e+00,5.712660831498586056e+00,7.380133497557851641e+00,1.061697654204932029e+01,1.152667684265887971e+01,1.088095388402799024e+01,9.777822097144976965e+00,1.031138826719617541e+01,1.072220132734239328e+01,1.105884205347736504e+01,9.331159886070810927e+00,6.887530386573418539e+00,3.668857536892993210e+00
9.700770000000000000e+05,2.029224890685535909e-01,4.541736982452917459e-01,8.535112511214490993e-01,1.397177231580834178e+00,1.951667046456273535e+00,2.889375687208660004e+00,3.921673263159898504e+00,6.093543496433692752e+00,8.139785750104236328e+00,9.624199405918488992e+00,1.064734008349297412e+01,9.846509028079907466e+00,1.031526973777346257e+01,8.727066937283158410e+00,8.877343756382478190e+00,9.148944640065931111e+00,2.903417082403925598e+00,2.876139016239851909e+00,7.938332204176775653e-01,7.676887205169302675e-01
9.700780000000000000e+05,2.983721244841956999e-01,7.865633422312168221e-01,1.360145515821136186e+00,2.140035523443807985e+00,2.680282610804233911e+00,3.441264482830161953e+00,4.554970446661138261e+00,6.030947811770892564e+00,7.545007889326179829e+00,9.471573919163441602e+00,1.071729367128087596e+01,8.035633153007179175e+00,7.357712171509641408e+00,7.316595094492765128e+00,6.750860944467945046e+00,2.867741718432693432e+00,2.682841223442583800e+00,2.376770829663513052e+00,2.161182246211780900e+00,3.678590092554023805e-01
9.700790000000000000e+05,2.312574024038560605e-02,1.118266799171223624e-01,4.939934831133495630e-01,1.060632339237357336e+00,2.201882326637016885e+00,2.955640726066700807e+00,3.695361396973319223e+00,4.538656695820725062e+00,7.448326690076967793e+00,9.011625085335332130e+00,1.045353743080334574e+01,1.012949125979921128e+01,1.069378561311047093e+01,1.071010137699529707e+01,9.813055783259358122e+00,9.268700407428426047e+00,9.090007257059482981e+00,9.107788944180617463e+00,8.890857765219225328e+00,8.962371179529824872e+00
9.700800000000000000e+05,1.540251306415622023e-01,5.592801922570163065e-01,8.444526020954866707e-01,1.309743869755362056e+00,1.666177367320554215e+00,4.576903059218162539e+00,5.624664223701826948e+00,6.781786456492123527e+00,7.635913873993064982e+00,8.755369282099922046e+00,9.983764076379971542e+00,7.523000886387010588e+00,5.895666930130544436e+00,6.056302336267897601e+00,5.829002661368567928e+00,5.920451641278800636e+00,5.836145354587818801e+00,4.442676127973369304e+00,2.672965460735871268e+00,1.678987687176933807e+00
9.700810000000000000e+05,7.552897774921962792e-02,6.354037715382465645e-01,1.037064367777810192e+00,2.130394838629645626e+00,3.228959277512111203e+00,3.905839767652286909e+00,4.626805881093901007e+00,5.430525877553831648e+00,6.607847364560021752e+00,9.051694603806774708e+00,1.084333761494223580e+01,1.131838158703883934e+01,1.190692900631411177e+01,1.199412211840384757e+01,5.415110992438100013e+00,5.079447900986437503e+00,3.733221921147777511e+00,2.667021368562117800e+00,9.950451619546557547e-01,3.410382762969943471e-01
9.700820000000000000e+05,1.653608247506110906e-02,1.258575131302608341e-01,2.098271302103441593e-01,1.344724282917506120e+00,1.986465746117154652e+00,3.448404202624408388e+00,4.387450339201131477e+00,5.155493459540890555e+00,6.552344025055829135e+00,9.070230472815875800e+00,1.024338164036748111e+01,1.049909626352630809e+01,1.118645555988159224e+01,1.043300543752677001e+01,1.022553056560832907e+01,7.457999203578586034e+00,6.325465614804985925e+00,5.671414418055079842e+00,5.644566489501870343e+00,4.861660631786683950e+00
9.700830000000000000e+05,9.777679370605751874e-02,4.011175570914899957e-01,8.052961308439516852e-01,1.362449374814576508e+00,2.139152392320880836e+00,3.656314370547877335e+00,5.413304564124700846e+00,6.313636715150052758e+00,8.219625134613028905e+00,9.397547136531224865e+00,1.093490297525815258e+01,1.103292576366245115e+01,1.063471922807116421e+01,1.136692945306391600e+01,1.168084556680002351e+01,1.093678371063532495e+01,6.632627301204078840e+00,6.835899163731884443e+00,5.519916595713882046e+00,1.153611301323387295e+00
9.700840000000000000e+05,3.000725699914991162e-01,6.246902313032434151e-01,9.798420159100328375e-01,1.328948319453747029e+00,1.710310377270958249e+00,2.092704685879971827e+00,2.627612504329070120e+00,3.213018118235191345e+00,4.899050206340273661e+00,7.834964069457537761e+00,1.081169018070208665e+01,1.168826299578579331e+01,1.181054011056636277e+01,1.216102693923129685e+01,1.164530427764903919e+01,1.226098461488139968e+01,1.255355401764992607e+01,1.197193603959989261e+01,1.134600142816336366e+01,1.143380855840241495e+01
9.700850000000000000e+05,6.173261164474774798e-02,2.136592082476826970e-01,5.748288928200711023e-01,8.423195140524377678e-01,1.687324227216448591e+00,2.614510999331719265e+00,4.868299756491934360e+00,6.338922839430950695e+00,7.702122867322958477e+00,8.979849160236868855e+00,1.040793923243873031e+01,1.017226919418525810e+01,7.775698043801906323e+00,6.130011828300111709e+00,6.223365308726597434e+00,5.010257631710125281e+00,4.177263658852039541e+00,3.643014003220596209e+00,3.676411161258806626e+00,2.645655212277824297e+00
9.700860000000000000e+05,7.721223197102367042e-02,3.037506860244953977e-01,1.051778573151646246e+00,2.505804109937677993e+00,3.426733938063227125e+00,4.478630983663347997e+00,5.996652388565592240e+00,7.277310107146092832e+00,8.759126138195489020e+00,9.889160332523003305e+00,1.099292432113581341e+01,1.095450967705750145e+01,9.946613260362878961e+00,7.715585040242972426e+00,6.610434226887914377e+00,5.805879137324536643e+00,6.039680422881080091e+00,2.890743689032132746e+00,1.263294053884398860e+00,1.699910418884509333e-01
9.700870000000000000e+05,5.722538594726545025e-02,1.380535465003469575e-01,7.431454081356719810e-01,1.217922326210481021e+00,1.693983685474744760e+00,2.205022764432529314e+00,3.161416606084907155e+00,3.784171538765810361e+00,7.175820377272790651e+00,8.471827688832593850e+00,1.066662718762473716e+01,1.023062827905360095e+01,8.498061271176210241e+00,8.153574732990026774e+00,5.747023074817169785e+00,5.256837243297104223e+00,5.162390796378956814e+00,5.349858628956027928e+00,4.059941212795148857e+00,3.829095310391883444e-01
9.700880000000000000e+05,8.927578046938222656e-03,6.534894438068405975e-02,2.241624052858272043e-01,5.551545557669590458e-01,8.950636466242689604e-01,1.702523327735963266e+00,2.542180141788946912e+00,5.036737630078023109e+00,5.985987182039652410e+00,8.491002648971440081e+00,1.094678680607248289e+01,1.159786223094272017e+01,1.034043772030160468e+01,1.067063415169339891e+01,1.129745396000393676e+01,1.151161233033160336e+01,1.162956721714178521e+01,1.143070986575130021e+01,1.089562580008737669e+01,8.987509457321081641e+00
9.700890000000000000e+05,1.650013073062928104e-02,1.481316789695581448e-01,2.678034382446148332e-01,6.710732876423537441e-01,1.194176162285415232e+00,1.520891028831193870e+00,2.054493183518665500e+00,4.372987330974543951e+00,5.006137802463003439e+00,6.333067058025088514e+00,9.421482507163576159e+00,9.653509875734160417e+00,9.019230406938543609e+00,8.563440191104721322e+00,7.012946237823269868e+00,6.955485978388210810e+00,6.684363731209395532e+00,6.346816631400654884e+00,6.024329268410003380e+00,5.653964733650616026e+00
9.700900000000000000e+05,1.096836448111637718e-01,3.040467055351463443e-01,6.527918960123014758e-01,1.146159372907341378e+00,1.788661162175830821e+00,2.950114144470389110e+00,3.834926894262876029e+00,4.645941092154075136e+00,7.545154655790506482e+00,9.783932082558646215e+00,1.084495967316650322e+01,9.493500283617104074e+00,9.510536734067205344e+00,9.345612049657436415e+00,8.155585063805352419e+00,4.953758130000002424e+00,4.714768945674205902e+00,4.101383427206527266e+00,3.916866355761539076e+00,3.488648904448137245e+00
9.700910000000000000e+05,2.262596923767179469e-03,7.218551593305511105e-02,1.556178360249848014e-01,4.211471730335354380e-01,6.817700712908675298e-01,9.522217659108667132e-01,1.371105892833404560e+00,2.945693890958155592e+00,3.416685443838510139e+00,9.794024792419712355e+00,1.091565838022504842e+01,1.112946013955968994e+01,1.204030722928080621e+01,7.958056383216660201e+00,7.709031212683362000e+00,7.073157243653524162e+00,6.787564456662953383e+00,4.793646970949700936e+00,3.666453399493588172e+00,3.154074756585623085e+00
9.700920000000000000e+05,6.336683424009059706e-03,9.488257157504453865e-02,3.161236413344812313e-01,4.628824013378620705e-01,5.830823458267847537e-01,1.331820098009244724e+00,3.006519765124686216e+00,3.928760067910453735e+00,4.853194779219140109e+00,8.993277047068934493e+00,1.058726112901121574e+01,1.122257587171935889e+01,1.116356842117833637e+01,1.113959466057887226e+01,1.057647487014227750e+01,6.399755942141215570e+00,5.074071640595691157e+00,3.203356084166980811e+00,2.300855088320536534e+00,1.216617299123274876e+00
9.700930000000000000e+05,1.777395001472403813e-02,5.695414797561926257e-02,1.637971021943172012e-01,2.933341195059151474e-01,4.912706614137340999e-01,2.673439652871564931e+00,4.147604543104235653e+00,5.117720208740462517e+00,5.776177172705813767e+00,9.291028637398850876e+00,1.093534871999185043e+01,1.180438311262302165e+01,1.181304027046260074e+01,1.053165514588101281e+01,8.897979095789391835e+00,8.518760931071634346e+00,6.060692421959166687e+00,5.621350631077960180e+00,5.069053443272863113e+00,3.260182633102637340e+00
9.700940000000000000e+05,2.715083649598757365e-01,5.589558124050435506e-01,1.205217868761075950e+00,1.728547120456463304e+00,2.243965585036841404e+00,2.855700877938563309e+00,4.419781523595938566e+00,5.654367216666779328e+00,6.948606870264031343e+00,8.566259746519133245e+00,9.956415561792663738e+00,1.018149518048639557e+01,8.653677332393847621e+00,6.686684944365017813e+00,3.660893245404944096e+00,3.199814179991969709e+00,2.809083946631428130e+00,2.782661088545749895e+00,2.253791987505631145e+00,1.597397111293357153e+00
9.700950000000000000e+05,1.906486414625174763e-01,4.450768532250770626e-01,8.974325900068386153e-01,1.233877600193254764e+00,1.954952387453671170e+00,2.532095967260032054e+00,4.095433654282747860e+00,5.336392342750672313e+00,6.543768060704668876e+00,7.293194281258072564e+00,1.068122806873233088e+01,1.101709186868624357e+01,1.100314170379149203e+01,7.805061924084649938e+00,8.142338754709333770e+00,7.435710873007961297e+00,3.094889238961163080e+00,1.010641561540850830e+00,4.153569464760124008e-01,8.202313086676848997e-02
9.700960000000000000e+05,2.053677845284518355e-02,1.722952605007930238e-01,1.075186645239348815e+00,1.784553951792018811e+00,2.307551375874857591e+00,3.301531150945652193e+00,4.175964341966297511e+00,5.924154710849935945e+00,6.763194934462320340e+00,9.357286539484402255e+00,1.049539098307891649e+01,1.094856609457923113e+01,1.161091578599681284e+01,1.202085064673412873e+01,1.269622876194083716e+01,1.245988317237164544e+01,1.290345090712507314e+01,1.194398125215262141e+01,9.396007461951873196e+00,3.800311101466182784e+00
9.700970000000000000e+05,6.405057967463723134e-02,1.932190523799772741e-01,9.059266287479744717e-01,2.193395259479936854e+00,2.854310442001099624e+00,3.490523662693211460e+00,4.391406769593679371e+00,5.788722092894790450e+00,7.906816082270955448e+00,9.170863103971097274e+00,1.028488570945538072e+01,9.294117172946029015e+00,9.531598178890945405e+00,8.521626252348173836e+00,8.789893997720005459e+00,7.031428286294472585e+00,2.485436707282048019e+00,2.366696331600746994e+00,1.818355499153627264e+00,7.413812719368584325e-01
9.700980000000000000e+05,5.167962802672432243e-02,2.898524488838889468e-01,9.426873466513542299e-01,1.578455917099872874e+00,2.432972643683259939e+00,3.610915944515515896e+00,4.622890729980912994e+00,5.584026919363060060e+00,6.336952226549209755e+00,8.622986084628006864e+00,1.048101889380107110e+01,9.726632764424355315e+00,9.873168203245414887e+00,8.137447270864969440e+00,8.230214909137551160e+00,8.417265991719887097e+00,7.544270463717769992e+00,4.999453207126794752e+00,4.625368255126095285e+00,3.737824980802446628e+00
9.700990000000000000e+05,1.882853477450009416e-01,4.256604074155858619e-01,6.614818403018255522e-01,1.377313152970223165e+00,1.749412807031596184e+00,2.285405659223509467e+00,4.016630008386703921e+00,6.043667918777950732e+00,7.432161059401252601e+00,9.581419981342047976e+00,1.057442194921017631e+01,1.093019564562536594e+01,9.459347800772823334e+00,6.478996607736855928e+00,1.366265954938463256e+00,1.309724013264650821e+00,1.089952792574878426e+00,9.519495577431342781e-01,4.956870775635258131e-01,2.451351030978798917e-01
