2.700000000000000000e+05,6.618872856899793433e-02,4.434564671918570511e-01,8.154289211100459456e-01,1.358931502499741928e+00,2.308183193313418258e+00,3.202542620984057731e+00,4.203061461053778203e+00,6.994178440842885536e+00,7.985529373831004918e+00,9.145108398297184138e+00,1.075864963021831500e+01,1.132782612671577915e+01,1.141504484182745038e+01,9.741684189521915727e+00,1.006094336674405021e+01,1.004934022045128117e+01,8.152241289372385680e+00,7.637916159214755751e+00,7.270800511357682794e+00,2.361036441385013784e+00
2.700010000000000000e+05,4.793126552189641565e-02,1.492678252725059274e-01,3.663590258824770407e-01,6.179976530451538608e-01,1.334516975987134924e+00,2.232153848342874003e+00,2.673473559041903869e+00,3.357023554460909054e+00,4.082380875695710287e+00,9.413660539316344611e+00,1.070249665911418369e+01,1.083171045998505200e+01,9.378927020778522916e+00,8.893626300747500935e+00,9.019237955510780225e+00,8.664910573779305736e+00,7.600960868085968158e+00,7.288046633034425348e+00,7.419617889713842729e+00,6.705935777914408646e+00
2.700020000000000000e+05,1.267731815571735421e-01,3.178871285772688626e-01,4.837766604176978458e-01,6.925851777730400727e-01,9.026424523776610531e-01,1.723144509587622997e+00,4.149295079106062545e+00,5.295799864041237370e+00,7.117665978792373060e+00,8.135138883583428182e+00,1.067094698640425143e+01,1.106471611473205030e+01,1.110639826458502810e+01,9.992082209342013854e+00,1.012309827259073636e+01,9.202512827977169962e+00,7.193560329981212753e+00,5.594732210671723216e+00,5.169460314720751626e+00,5.268844329926912096e+00
2.700030000000000000e+05,5.659514760716605197e-01,1.279459170482444508e+00,2.016463726345780749e+00,2.693763328221821407e+00,3.447882936249049290e+00,4.326567758038532219e+00,5.113053852218126138e+00,6.499051868559773126e+00,7.887329999499772981e+00,9.875291243576228339e+00,1.090916192075172475e+01,8.297353507603347111e+00,8.391434552008499637e+00,8.731779156681826137e+00,6.504563467333174032e+00,5.576707569534814724e+00,5.733778639775394481e+00,2.782522317710489190e+00,2.577936715971880233e+00,2.905097126387601314e-01
2.700040000000000000e+05,1.445011858913570757e-01,2.919907539271415775e-01,7.876693765817909254e-01,1.083721331457582426e+00,1.614104825193278359e+00,2.228451192461152530e+00,2.862558064850974748e+00,3.844823550966592229e+00,7.010882536423556743e+00,9.129553603885231183e+00,1.094659545214181584e+01,1.016989913308587035e+01,9.081063761739354590e+00,9.192023409785333499e+00,7.636657352896948581e+00,7.801131241928215942e+00,6.775892493586248122e+00,6.190686584958159600e+00,5.346606499655779388e+00,5.466857462014624858e+00
2.700050000000000000e+05,1.762738746940040180e-01,3.996655857099975506e-01,6.495677620985500500e-01,1.002776887755781665e+00,1.368890406844811114e+00,1.899292296202103714e+00,2.327674926781451603e+00,2.850588859951322718e+00,3.218440752328123544e+00,6.937899319959837996e+00,1.074631876099163996e+01,1.109592080327557362e+01,9.427970648664855347e+00,8.498507369674495493e+00,7.251251193007794527e+00,6.978276891089624456e+00,7.330842467263892104e+00,7.632246395437669584e+00,6.760143597756889555e+00,6.130038629054681110e+00
2.700060000000000000e+05,5.418563441198354091e-02,1.239884656462579837e-01,2.109702527035899333e-01,4.649310254547622812e-01,7.472433935723016285e-01,1.209772190549339710e+00,3.037109380405548453e+00,3.539199538356453623e+00,4.799600658414967747e+00,8.352240693320664988e+00,1.056450209732811629e+01,1.061201620390601619e+01,9.961887624199977864e+00,1.068362369090032793e+01,1.036698020346300808e+01,1.075673425383388881e+01,1.108620835613776201e+01,1.132744005885497884e+01,9.697449606075194239e+00,4.268340206774721146e+00
2.700070000000000000e+05,1.328319906565543773e-01,6.314423353736438038e-01,1.461940878814699474e+00,2.276891346424667173e+00,3.013703734806952639e+00,3.675195581150747071e+00,4.656273192465386401e+00,5.431024541830361763e+00,6.244048973215427623e+00,8.831620440975024522e+00,1.004186929086861468e+01,8.217437290353771573e+00,8.702438069978441604e+00,7.223302799985366285e+00,6.271680449296448856e+00,6.474300825810974658e+00,3.931186647608990281e+00,1.591736358042778354e+00,1.138698024009896947e+00,7.154962391369901198e-01
2.700080000000000000e+05,4.942064084788211353e-02,1.175023046092473766e-01,9.786431506951971393e-01,1.555895634095097346e+00,2.432935231081456262e+00,3.317048447911260745e+00,4.258210268702985246e+00,5.300095317643250148e+00,6.877291976603061130e+00,9.579702032925629496e+00,1.071399611123402096e+01,1.055560167908853764e+01,8.835562644204605576e+00,8.593577279702241611e+00,9.020208958541438449e+00,8.910648629725400838e+00,6.436617567249646399e+00,3.039186140650843804e+00,2.658367709703495230e+00,6.953890663440454034e-01
2.700090000000000000e+05,1.293873735068516995e-01,2.635173586985570804e-01,9.959909881835048440e-01,1.988851268944863637e+00,2.602524044040117168e+00,3.706254858788466056e+00,4.582545416019188522e+00,6.738274521538143880e+00,7.914565088916261537e+00,9.601347041887370537e+00,1.098773948430665826e+01,1.097141818997758378e+01,1.055726435614477587e+01,1.098139094498362134e+01,1.115879131553381853e+01,8.889917800900068556e+00,4.769152670407613925e+00,3.418332277698869603e+00,2.978517644661156538e+00,2.475192618777593001e+00
2.700100000000000000e+05,1.758484724208244643e-01,3.920833347267758118e-01,8.870922216844868702e-01,1.348842885171169126e+00,2.200089111458678914e+00,2.997238949768217697e+00,3.718095026752300303e+00,5.295653371233430384e+00,7.725242168433439360e+00,8.880600075211146915e+00,9.943465134359362523e+00,7.599163410806228924e+00,8.085710893826902890e+00,5.505426211937131775e+00,5.548818221358101432e+00,2.305301444097509034e+00,2.363518644116216372e+00,1.789855383163945657e+00,3.160059376135884168e-01,1.371099452197399593e-01
2.700110000000000000e+05,3.897197286491024260e-01,8.566434926532136007e-01,1.322907552688892263e+00,1.966973251816754864e+00,2.559180533746427511e+00,3.804355529294382698e+00,5.188671306911085246e+00,6.415525656764113016e+00,7.412299672373212189e+00,9.160425048606334997e+00,1.051514416698833543e+01,9.392010398500804769e+00,8.044296364054567050e+00,5.234810313395460213e+00,5.537643201400154425e+00,4.193654903976645087e+00,4.160972215441770317e+00,4.155795663918377514e+00,3.590486646998222398e+00,1.200502370802631891e+00
2.700120000000000000e+05,3.061508603846953003e-01,6.259977088601058615e-01,1.382618095677955683e+00,2.090239129436428200e+00,2.702632260719346480e+00,4.242611021491855539e+00,5.574846445371288262e+00,6.523852181970528186e+00,7.538974065838997873e+00,8.400034788288733623e+00,1.083260146534491497e+01,9.218781774964277531e+00,8.735670687919744992e+00,4.197699031255785584e+00,4.110097002941797584e+00,4.206471183869638253e+00,4.105084257820980298e+00,2.442315796677602791e+00,6.262189856970459267e-01,6.263553629562568226e-01
2.700130000000000000e+05,4.104794564095404219e-02,2.569721406210518921e-01,5.611277465489649119e-01,1.015132170829277314e+00,1.362742336638640417e+00,2.679029815018413530e+00,5.444103846789064782e+00,6.511751299167161555e+00,7.508507950626611027e+00,8.414953580291857804e+00,9.983195223384498718e+00,8.612221019845920367e+00,9.152211987541441829e+00,9.721752689948717219e+00,7.781109883300875829e+00,4.004662518344266786e+00,3.938273712544331229e+00,3.628208096629335078e+00,3.669564303882423051e+00,2.994506692656213609e+00
2.700140000000000000e+05,2.130582643771139484e-02,7.038171793111087648e-01,1.152820469207497478e+00,1.553990819524281530e+00,3.054087798665581666e+00,4.266003987468110381e+00,5.192410802754802823e+00,5.981631372884356423e+00,7.055916980481833356e+00,7.994732834763773610e+00,1.016918645127847398e+01,1.104967704020524089e+01,1.121575930041295344e+01,9.947776385307168567e+00,9.891317145499250785e+00,9.667837991052008917e+00,1.009020717301466696e+01,4.357601707697026150e+00,2.652859020307295257e+00,1.761140662052753658e+00
2.700150000000000000e+05,1.405777041980441622e-01,3.478546740629455680e-01,6.512918696082939940e-01,1.042767713035358756e+00,1.405048788164477980e+00,2.442818257706753204e+00,3.166297781769208619e+00,3.655852150677232792e+00,4.255059423029109666e+00,8.172421374316117593e+00,1.092667639182266193e+01,1.035474227815836556e+01,9.684346658934627428e+00,9.489335731025789755e+00,7.324183551895637301e+00,7.600816432855786786e+00,8.053769646330968257e+00,7.748643338574300543e+00,7.743884092686587728e+00,5.564155555776959972e+00
2.700160000000000000e+05,7.503670691872732501e-02,3.240957815665670427e-01,5.712204330711454503e-01,1.020831921369882433e+00,1.646936612195298855e+00,3.353956845662588115e+00,5.375638975814256426e+00,6.235028940528478003e+00,7.099734297034082431e+00,8.139666693558556432e+00,1.097169844639527980e+01,1.067222829114388993e+01,1.051695143432937485e+01,1.105921492171058773e+01,1.124648148601279551e+01,1.042574583636361751e+01,1.085296462791985839e+01,1.129746167100424614e+01,1.024742357559959238e+01,1.011374661328695801e+01
2.700170000000000000e+05,2.403745512286459274e-02,3.728372794603977969e-01,6.301311543610897958e-01,1.069323090471849369e+00,1.493124177279585130e+00,1.950354673715403386e+00,2.656607970472772084e+00,4.090227199770493094e+00,5.215237376964731553e+00,8.839490258855379423e+00,1.047018972557195937e+01,8.775207974193632410e+00,7.225540436056201443e+00,6.431244264861939008e+00,2.891564534157211153e+00,2.770817036413388834e+00,2.312809406020066127e+00,1.662203216748341816e+00,9.609439583344376867e-01,1.006953994497594707e+00
2.700180000000000000e+05,1.343420437596221095e-01,6.375087566290746910e-01,9.778832595264081995e-01,1.339188252129264178e+00,2.756908916171743495e+00,3.369531829130209211e+00,5.847227565624374179e+00,7.037522388939279949e+00,8.077044206536813320e+00,9.431480384827588992e+00,1.092001943044022916e+01,1.166126265762996539e+01,1.254850992889242534e+01,1.197768054554565431e+01,9.998613442430626108e+00,6.704823844145543887e+00,6.167069100052501085e+00,4.426578884652809798e+00,4.581855516528280603e+00,1.097083545752326472e+00
2.700190000000000000e+05,1.663688756981596129e-01,4.840288460097652568e-01,7.307865899617209671e-01,1.010936136102368099e+00,1.880937115015633321e+00,3.750103248021924962e+00,5.909605136002875625e+00,6.756930641656535563e+00,8.307731521381539253e+00,9.758074481690309554e+00,1.094985354473649153e+01,1.162318169828855829e+01,1.192245593682986460e+01,8.327050884957213128e+00,8.086263411659430744e+00,7.110498547784549928e+00,7.106736726917261215e+00,7.225047429798353349e+00,6.685622651157238749e+00,6.495670169354057499e+00
2.700200000000000000e+05,6.338709377817230983e-02,4.907271685649337023e-01,9.561659312146627565e-01,1.326278056664035532e+00,1.756692039129510441e+00,2.213189696472547041e+00,3.252824834851792968e+00,3.974324110080417860e+00,5.192722365426422293e+00,6.763027199045815507e+00,7.623832615015400549e+00,7.848525138818539304e+00,8.005363358085752168e+00,7.886192164217111333e+00,8.081657690899415769e+00,8.187636501910702691e+00,8.026688922367593904e+00,6.338214941046532047e+00,5.676349577364721455e+00,5.510413888239473756e+00
2.700210000000000000e+05,2.232488619757773129e-01,5.999593993997909269e-01,9.640322497575252170e-01,1.369804978139112617e+00,1.744438153193082375e+00,3.445852992639053092e+00,4.038677795950064819e+00,6.335125641020803222e+00,7.742896742485788408e+00,8.706436147161545236e+00,1.005962496621776481e+01,9.511017395184564904e+00,7.840144625402881040e+00,7.612168878360971114e+00,7.477017517700486060e+00,7.676656738940211611e+00,3.029081947716500522e+00,2.634176216091500322e+00,1.275722473870384288e-01,4.432483847184087722e-02
2.700220000000000000e+05,7.698413233041434545e-03,8.806797950986933188e-02,4.193087817656278027e-01,1.756982109367986933e+00,2.763763909389771012e+00,3.612179318076043089e+00,4.690754148146575986e+00,5.449980684798190644e+00,6.162414243096658417e+00,8.173197301304623963e+00,1.080161594554182614e+01,1.078204905280426118e+01,8.757610294026203945e+00,7.524527469992325912e+00,5.982663859994975297e+00,6.267222648574936272e+00,6.328030565063047064e+00,6.058574021810455790e+00,3.088091878709479765e+00,2.968704862259634591e+00
2.700230000000000000e+05,2.400873347231535782e-02,2.904327306071434744e-01,6.591613340889007633e-01,1.105564191515548966e+00,1.838641400610175225e+00,2.394174931601761536e+00,3.904956974980042350e+00,5.531610698363706113e+00,6.650707827002081629e+00,7.554086692977292294e+00,1.052184857839788279e+01,1.062994877882462497e+01,9.607960255549976125e+00,9.620278140149457258e+00,1.008611326007599018e+01,1.074496082714927780e+01,9.994061170482456902e+00,9.547847199116212380e+00,8.279300698031809347e+00,6.525663192301960791e+00
2.700240000000000000e+05,4.454303550442451076e-02,2.906143863880876754e-01,6.378006606920857413e-01,8.856543602382509484e-01,2.226044901161699840e+00,2.781635308558414010e+00,3.387177460378979266e+00,3.881987687572259205e+00,5.290674125548723516e+00,7.575907855668067903e+00,9.163050907447590987e+00,9.490021736562646026e+00,1.009132586582312463e+01,1.034271928031173005e+01,1.079128476414648752e+01,1.142776965835645875e+01,9.429815081148507971e+00,9.810215043018871484e+00,9.854922480970655485e+00,2.221790697044707663e+00
2.700250000000000000e+05,1.350177452972953773e-01,4.803730792202678401e-01,8.636783813914118424e-01,1.214278096508481841e+00,1.982599487004794270e+00,3.158386658414490178e+00,4.050308753462986466e+00,5.018585151358327501e+00,8.541179967427282804e+00,9.723936249284285793e+00,1.092783610206532074e+01,1.041674472912437466e+01,1.118620033917106760e+01,9.931043305210424776e+00,1.011585708419093343e+01,7.620597239148631630e+00,7.770329989212280353e+00,6.357992626945129011e+00,2.688748384115887013e+00,7.878659998003856302e-01
2.700260000000000000e+05,7.531051993088533347e-02,4.269108834851969014e-01,6.460891939776488568e-01,9.612487830547880030e-01,1.785005316708580647e+00,2.159543328269860396e+00,2.976211742923049464e+00,4.818782740637638007e+00,6.659569266429325118e+00,7.538812046763655239e+00,1.040320145262279539e+01,1.038806068903274138e+01,6.815458010228461205e+00,6.247043618216831184e+00,5.845183256127528537e+00,4.484790728430160911e+00,1.897568261849895022e+00,8.175511357922045086e-01,2.463770839417586123e-01,3.177791803874230325e-02
2.700270000000000000e+05,3.125040021988434447e-04,4.564058721999919577e-02,1.237155794955167032e-01,2.602631438660152341e-01,9.644947891113647698e-01,1.436168182449446107e+00,2.020580109012590331e+00,4.571496662706777236e+00,7.646194655089800563e+00,9.751878765932580961e+00,1.095005173302571677e+01,1.049816007058475975e+01,1.106924574114517767e+01,1.108068690125428191e+01,1.180541867866718420e+01,1.244232005841887911e+01,1.265688912361562579e+01,1.192042023037413578e+01,1.248025845260184497e+01,1.151868662603328097e+00
2.700280000000000000e+05,1.079827199630888357e-01,2.506421471882005481e-01,5.309619220259329531e-01,7.468890730195960614e-01,1.128596013945588172e+00,1.459910941843066023e+00,1.797450505564221368e+00,2.822084166384609460e+00,5.389093503526113160e+00,9.008869171711715751e+00,1.018714370306465256e+01,1.035199866346253650e+01,9.915004367289116161e+00,1.002518343683026458e+01,9.598960110827995607e+00,9.587554782070109027e+00,8.877930475516237152e+00,9.117897956569787965e+00,9.444223155311703977e+00,8.437282703441653098e+00
2.700290000000000000e+05,2.883117638224041990e-02,5.984833292443680897e-02,6.902275284005766620e-01,1.204595520987582713e+00,2.127126708123198817e+00,2.590750401118225632e+00,4.201133110280699690e+00,6.313053904055143661e+00,7.579016049536726918e+00,9.701798367381059052e+00,1.090438497367597570e+01,1.114638032907699028e+01,1.130976906915812030e+01,9.922764968601256896e+00,1.018687565033221709e+01,8.345318753205846818e+00,4.857026218186878630e+00,4.863942040947347500e+00,4.145886073425591789e+00,3.333324030131843418e+00
2.700300000000000000e+05,7.431883954612394927e-02,1.691416329343198299e-01,7.877842282059474011e-01,1.159003836749010308e+00,1.482916973363888502e+00,1.951851252925509206e+00,2.278037564566565809e+00,4.870851487764570997e+00,5.809637819705167239e+00,9.843281635727425538e+00,1.098212909918807867e+01,8.860410759176339468e+00,5.749074996952066918e+00,5.524295289053616997e+00,4.622421684892435323e+00,3.534776353408243921e+00,3.527109174558388016e+00,2.988135399292746186e+00,7.989779915565832225e-01,2.636181438300999602e-01
2.700310000000000000e+05,1.824687429099591807e-02,7.487631582064779856e-02,1.477363223866871023e-01,2.412041452112667628e-01,1.070280402700474642e+00,1.567605732841140354e+00,2.735576117478551339e+00,4.164846969172800506e+00,5.069140365901406931e+00,6.490632648673959615e+00,1.018312896115653921e+01,1.071941611426123941e+01,9.207975294945569544e+00,8.021223511527619365e+00,7.402616545439121509e+00,7.166301125073797351e+00,6.459959708568552728e+00,6.678718306983247643e+00,6.729351602571650659e+00,6.739190599756794242e+00
2.700320000000000000e+05,2.051104544340925928e-01,4.240301241176995806e-01,1.531743452112500625e+00,2.906861345494188509e+00,3.866007539161862017e+00,4.986073202397717452e+00,5.895832728952399293e+00,7.110586718540545803e+00,8.107298467405698261e+00,9.305294767257864308e+00,1.074942429252169340e+01,5.649322508658288555e+00,4.275357849613502736e+00,2.542078594030154903e+00,2.524073602406393224e+00,2.520042689342746556e+00,2.509796766154483105e+00,2.487163344209742277e+00,8.881636645452146706e-01,3.234130829655290640e-01
2.700330000000000000e+05,1.482225606015491470e-01,3.577216413737271949e-01,1.129687998546872851e+00,2.040006044316136524e+00,2.911028482272875362e+00,3.530452917054415884e+00,4.190451350658250362e+00,5.181971626671783682e+00,6.795708250756347546e+00,7.575591152275224616e+00,1.029125158140979757e+01,1.088725833886394589e+01,6.978446539831016260e+00,5.803488850144759681e+00,5.780705247334083197e+00,5.106631941098763505e+00,4.057172663009529501e+00,3.371151608600319705e+00,1.763216595488938276e+00,5.315768535983411702e-01
2.700340000000000000e+05,2.320296834236280636e-01,4.645616030269530405e-01,9.404601564594867735e-01,1.349105298994688784e+00,1.891329070288065406e+00,2.417309046576549214e+00,3.340065384309223617e+00,6.166886870444929336e+00,7.330448372682041303e+00,9.470298620361250030e+00,1.061808285118208595e+01,1.147817016473474006e+01,1.003551169914613972e+01,9.814894318936104867e+00,3.184574368046080295e+00,2.926207790925214880e+00,1.918716343576426286e+00,1.372274114832036318e+00,1.417780838844726610e-01,1.379412190607531841e-01
2.700350000000000000e+05,2.742203963679401557e-02,1.449734503208777170e-01,4.351772563517526393e-01,1.611484627408116488e+00,2.301469943314670807e+00,3.221157073596848441e+00,4.266227914314328018e+00,6.037855167676044132e+00,8.001983784598618143e+00,9.256553020083387651e+00,1.077465375600820607e+01,9.302108472293911134e+00,9.573501488496681588e+00,8.984853631497049520e+00,8.644852840434573693e+00,8.980165721639473020e+00,6.598926012800720997e+00,6.367525302666424025e+00,5.275230338345949122e+00,1.158720201299690000e+00
2.700360000000000000e+05,8.306403170377574252e-02,1.998433424954109139e-01,4.141560739828823445e-01,6.701030739958748761e-01,2.012568215267421134e+00,2.800122953080300459e+00,3.462577336791891724e+00,4.625757931620177565e+00,5.757795308886255903e+00,7.189386120999606611e+00,1.096053864378542642e+01,1.186860651304255221e+01,1.176970889286897659e+01,9.033934844862407942e+00,8.838155895161337483e+00,8.759323235725716472e+00,3.189606986545864054e+00,3.311753513877214505e+00,3.291227251044544833e+00,3.313662792434524107e+00
2.700370000000000000e+05,4.072200943892834157e-01,8.741594802521679419e-01,1.348559605375894588e+00,2.142319722202445487e+00,3.078227327027725391e+00,3.866667734818238777e+00,4.701842731941783704e+00,5.377361452107021655e+00,6.460318883233647114e+00,8.718820410428056888e+00,1.085873222183637488e+01,1.070245445738976287e+01,1.084937186395134923e+01,7.255609920537906987e+00,7.458986732477325354e+00,4.165095272314417230e+00,2.096593302892408861e+00,1.780274285348194541e+00,1.834504221491847442e+00,3.884668579926975340e-01
2.700380000000000000e+05,5.742517513198192036e-01,1.226620483778196657e+00,2.019464723391989125e+00,2.784561543465533084e+00,3.561859178157600780e+00,4.293202961322355016e+00,5.304223359242034697e+00,6.569248883932519156e+00,8.052608659303418293e+00,9.461509827534960948e+00,1.088943284134792577e+01,8.095309317017605366e+00,6.425712190772801868e+00,5.404689432493950285e+00,5.450209740027821326e+00,5.682763993347357712e+00,5.027869698333569559e+00,4.236405015143336783e+00,2.730415761997726065e+00,5.434554279523040599e-01
2.700390000000000000e+05,2.536277259777282023e-01,5.402333441544886483e-01,1.055030503293606037e+00,1.544747945442130899e+00,2.085912396919793910e+00,3.135852117830048691e+00,4.346129587450226595e+00,5.766437744908918361e+00,6.604734036577655232e+00,9.182567326509579075e+00,1.022323239371796078e+01,7.207028367814560355e+00,7.531167378100303900e+00,7.039962343452295102e+00,5.691515589620523841e+00,3.461491285368925475e+00,3.251929768642987995e+00,2.960891411403115292e+00,1.904479777083119885e+00,1.575272531086469030e-01
2.700400000000000000e+05,8.430456757159543457e-02,2.186923224968553292e-01,3.719690196470969434e-01,7.402478948927755376e-01,1.127144571189282019e+00,2.558619005000649871e+00,4.041353471812643150e+00,4.956961919327961041e+00,5.862513166567161704e+00,9.181225224716149214e+00,1.073115500587531379e+01,8.832181960286304090e+00,7.019134739753176255e+00,7.513829366732919013e+00,7.858543955712759654e+00,4.896926392438102127e+00,1.720442814313418500e+00,1.069191182730193868e+00,9.086252049344059056e-01,9.461069737689076220e-01
2.700410000000000000e+05,1.994300878398180821e-02,6.773682990879681398e-02,3.452375393220078470e-01,8.490409304819470648e-01,1.405351266479238914e+00,2.024455144605132428e+00,4.030357369598025485e+00,5.584392552821560329e+00,7.603284198354839596e+00,9.548733248795272743e+00,1.078570660066941933e+01,1.083566804352117074e+01,1.047427822076912918e+01,1.084884389327125120e+01,9.213509064285968719e+00,9.754822132053920569e+00,7.645928817204272754e+00,7.819749103066060414e+00,8.219429140165209091e+00,7.132574342165356462e+00
2.700420000000000000e+05,1.000280369612494002e-02,8.194838403813498040e-02,5.357202598273080874e-01,1.035192009461697094e+00,1.392118654868114813e+00,1.740868244270887821e+00,2.636607781042708876e+00,4.270405410536643132e+00,5.141548680175016095e+00,7.892225725269488734e+00,1.080457940885634294e+01,1.111233179406206872e+01,1.104521807482675122e+01,1.173289709294099126e+01,8.558810068631917289e+00,8.860410273357151922e+00,9.404199470428340035e+00,5.647908618923713320e+00,4.276125429085276153e+00,1.294400556033543648e+00
2.700430000000000000e+05,1.612291557565893596e-01,4.111722801324699805e-01,1.128797008022329518e+00,1.516369372461142451e+00,2.079917634252548275e+00,3.959076840413278564e+00,5.128133596959488116e+00,6.204005630421331574e+00,7.492980204162174473e+00,9.651359711755175042e+00,1.088677502329478841e+01,1.142783073981615871e+01,1.187371377165616870e+01,6.669382649060608514e+00,6.345176746169030935e+00,6.185057930480505561e+00,1.887790740611183127e+00,1.915591764261854069e+00,7.935564201642345550e-01,1.512225037465286803e-02
2.700440000000000000e+05,9.219669129076424330e-02,3.020576253579265735e-01,7.716025931174027574e-01,1.801666435867983918e+00,3.155567064197521532e+00,4.118032068322124317e+00,5.216857114718313149e+00,6.453852658814621002e+00,7.437481692566668912e+00,9.320782013020345147e+00,1.054332166710531382e+01,9.422952482623642823e+00,9.269386750160371946e+00,8.534192215752007371e+00,7.791883807105960180e+00,7.731520157665238813e+00,7.921379451268059313e+00,7.530876846150106552e+00,5.108046529348821529e+00,1.966098834509202309e+00
2.700450000000000000e+05,2.834115242228234521e-01,6.544183598434003546e-01,1.115152289994716384e+00,1.594938821850965471e+00,2.254944066938331826e+00,3.865282090285379279e+00,4.532560240293380893e+00,5.440218482423221147e+00,7.149033337308861036e+00,8.606786266781615069e+00,1.073373582911079360e+01,1.103800114890060335e+01,9.325476233430503470e+00,6.434111191713611788e+00,6.015049525294350552e+00,3.093544639071362568e+00,3.253969406829822830e+00,2.924152162996548121e+00,1.836018009482833779e+00,1.692384416386600865e+00
2.700460000000000000e+05,3.733075330692131599e-01,7.515801302063365164e-01,1.606319258471223366e+00,2.319648841011952900e+00,3.044400037401314485e+00,3.673022225049260570e+00,4.620879166093481594e+00,5.867973244181393433e+00,7.304305193660232121e+00,9.122682529439549270e+00,1.047450383027221577e+01,1.110578619008650847e+01,6.616275989650525879e+00,6.945072073240039501e+00,7.167514872217003230e+00,5.488103639118643073e+00,2.780794662743293788e+00,2.258970120393508196e+00,1.814856549702225763e+00,1.854361259233547887e+00
2.700470000000000000e+05,2.870318873395252268e-01,6.532509867880011978e-01,1.175975623946856397e+00,2.135592408788278718e+00,2.749368509931031213e+00,4.568691753111442821e+00,5.434742782303938036e+00,6.365719086119375980e+00,7.234586363317964341e+00,8.452162209290593253e+00,9.387766322645191508e+00,8.861303627667888705e+00,7.848716217150707664e+00,5.924911888685343797e+00,4.727948374183715607e+00,2.561601931978856328e+00,2.552468176517275644e+00,2.216428528496620753e+00,2.079123409493979224e+00,8.745608518695768829e-01
2.700480000000000000e+05,2.086954021257581005e-04,3.804791438335402010e-01,1.125416143867070451e+00,1.548875802186483241e+00,2.490695394782945105e+00,3.446478258038781384e+00,4.085764810873146580e+00,6.350580994298462123e+00,8.347125345464030843e+00,9.771619866201074700e+00,1.091730611892841019e+01,1.143907539784425964e+01,1.061825999736873705e+01,1.123570508660757916e+01,1.118056817430322525e+01,1.147149241111393536e+01,5.863266434118354908e+00,5.982324663272882148e+00,6.078295113158235230e-01,3.574312831295722859e-01
2.700490000000000000e+05,3.711033582912072193e-01,9.185725074082200514e-01,1.610558506140776114e+00,2.207323855613956720e+00,3.125382249196651419e+00,4.057142784813202674e+00,5.427108139399264175e+00,6.883333683841862616e+00,8.267988645999164277e+00,9.297733341952007180e+00,1.025163820161801986e+01,1.091916296821714383e+01,1.155739125929193811e+01,7.832589399378529826e+00,7.596856802444122536e+00,1.844191172752308816e+00,1.932652224996295187e+00,1.648794424787892288e+00,1.222355491322247634e+00,9.182277165048202683e-01
2.700500000000000000e+05,2.367251857655627845e-04,1.041220629472368042e-01,3.500943472396169653e-01,7.152976218095283834e-01,1.081453980187265795e+00,1.316497832172484062e+00,1.900190359915089111e+00,3.502072745894898809e+00,7.817786038600317511e+00,8.927099896351991859e+00,1.068728629389659623e+01,1.042801197522156009e+01,1.121536572987207236e+01,1.159528099831975823e+01,1.237737424846964807e+01,1.127837717473071244e+01,1.019917209255952173e+01,7.853376984987990639e+00,7.232438729960254165e+00,7.012607367232375211e+00
2.700510000000000000e+05,6.570729054222408383e-01,1.318735187208237347e+00,2.001374565655782867e+00,2.782950951399640438e+00,3.634802394586545304e+00,4.637072217662212559e+00,5.517591935280435678e+00,6.907144299231422480e+00,7.814849151260899518e+00,9.152444038268651383e+00,1.024188985969704468e+01,9.390906911089516029e+00,9.762036569802582164e+00,8.774021766495234687e+00,8.112701330078170514e+00,7.488940420877741033e+00,7.813397538752012039e+00,5.428466851268780147e+00,5.197117010030126494e+00,4.481292388809325900e+00
2.700520000000000000e+05,5.777338042497104365e-02,1.562743639832164799e-01,3.116808538589583844e-01,1.068127484631999025e+00,1.700645444831924813e+00,2.116182983806070617e+00,2.793213628897770917e+00,5.627147856753479616e+00,7.087000083162189767e+00,8.969828553962100770e+00,1.071366511007451727e+01,1.136622965548327002e+01,1.068857860617664457e+01,1.001582730175756275e+01,1.043732155902715419e+01,8.086454594043134492e+00,8.470797402096101436e+00,8.409382503847854906e+00,8.206740739883887414e+00,8.014993864175201210e+00
2.700530000000000000e+05,5.127888438668193327e-02,1.738973289869487626e-01,5.558081678690878213e-01,1.419690798795135045e+00,3.006936835395991992e+00,3.947787048195041670e+00,5.050507361583494337e+00,5.786613048700418815e+00,7.533665858046591168e+00,9.393941603553505715e+00,1.087254184667704315e+01,1.142234717456957505e+01,1.122171542485532214e+01,1.203153826323366715e+01,1.181345213084456525e+01,1.242746498327998239e+01,8.804407575616158610e+00,7.674474006309401020e+00,4.431727933272304298e+00,4.557709471191746076e+00
2.700540000000000000e+05,1.341555225077366575e-01,3.841615629135577414e-01,8.115704529426873703e-01,1.338587071830556585e+00,2.571626547072741964e+00,3.662446939548373415e+00,4.455223805276202320e+00,5.920898229986184980e+00,6.784388380228140392e+00,8.408342726582180404e+00,1.049522683328538797e+01,1.045650393401978029e+01,8.704331625771429159e+00,8.877987054877889861e+00,6.889161739274294760e+00,2.432460997887959664e+00,1.915971522329405818e+00,1.812679477486180524e+00,1.485879775289890681e+00,1.261618232203676193e-01
2.700550000000000000e+05,1.367509222877194563e-02,1.670679633222886817e-01,2.895129613867376550e-01,3.868575470364046254e-01,8.137480266220953329e-01,1.059334011754825777e+00,1.436674602001970946e+00,2.244245280366048867e+00,3.061817129607384835e+00,4.683248506027693381e+00,1.095952907928378828e+01,1.113180711312930704e+01,1.087411909226850604e+01,1.169166585570632932e+01,1.099792499112405331e+01,1.066995355116019617e+01,1.030442483839033407e+01,9.940532501212537397e+00,1.036479514515333378e+01,1.080183968786630544e+01
2.700560000000000000e+05,3.115918859395809815e-01,7.252989527358455479e-01,1.223352849757503247e+00,1.699045512397886704e+00,2.602263342264673263e+00,3.184051200955946292e+00,4.017204542277826640e+00,5.661756035756966732e+00,6.653373328865186842e+00,8.796801637339212832e+00,1.077908378379420995e+01,1.036383409173805248e+01,1.103085103043005333e+01,6.539513685834897672e+00,5.193116658978869538e+00,5.245996002875090269e+00,4.866845590950472200e+00,2.330539729087219847e+00,8.601677446224154089e-01,1.206562826660118048e-01
2.700570000000000000e+05,2.396095969638912804e-01,5.477670984674352095e-01,9.197546414904406165e-01,1.706389985472517079e+00,2.301670055481058075e+00,3.016785581572563935e+00,4.041698679671466010e+00,4.959409371693194402e+00,6.167997568885122739e+00,8.012936659422070562e+00,9.545724543213047752e+00,8.471348317704835651e+00,9.143408772834751730e+00,9.465476604875048494e+00,9.467022043664458764e+00,9.570970328254581716e+00,9.869617976769053058e+00,9.388707332187745891e+00,9.787955713685764891e+00,6.459162434056557878e+00
2.700580000000000000e+05,2.220360998104212724e-01,7.818786021874475356e-01,1.180909246549161296e+00,2.208357790358463024e+00,3.008427121869522658e+00,3.939809070595675422e+00,4.922358384606809523e+00,6.680150759842883090e+00,7.741938148691040134e+00,8.871911268374129023e+00,1.090799134097930434e+01,1.187377460910346016e+01,8.029631102612153626e+00,6.220475560078486232e+00,2.541184454049760788e+00,2.252848185397773761e+00,1.920331101083167624e+00,1.316148694646122275e+00,1.087225392011172964e+00,3.139226747600298850e-01
2.700590000000000000e+05,2.599542052106029733e-02,8.247697082199212382e-02,1.768120553948129281e-01,2.630812260812542824e-01,1.551965108989912689e+00,1.906560540981695695e+00,2.953261785328167743e+00,4.421772679299672326e+00,6.260721679172029042e+00,9.062558118391990547e+00,1.076021221888770185e+01,1.014719949023961298e+01,8.554386096330162559e+00,6.114467688966661818e+00,5.692018083972029352e+00,5.856938288200169040e+00,2.970052340491277754e+00,2.757306965626429740e+00,2.427706618307885478e-01,1.235563767055025686e-01
2.700600000000000000e+05,2.776758010924831321e-01,6.202442485033876629e-01,1.184045627968599135e+00,1.667757654414995461e+00,2.141076609632460936e+00,2.580235392108265025e+00,4.338293193749714227e+00,5.374856942709937968e+00,6.329232874191636604e+00,9.360202466348349404e+00,1.088731087585997592e+01,1.085780727107807309e+01,1.134366394316134574e+01,9.716595919178825369e+00,9.665561573517003069e+00,6.576654318303372548e+00,6.440794408558228490e+00,5.222022253132099223e+00,3.195452272773699143e+00,7.803903337972073473e-01
2.700610000000000000e+05,2.433992643127969036e-02,4.060586631121358980e-01,1.102522213006439156e+00,1.505472542080698695e+00,2.144504309121608721e+00,2.779968597694225885e+00,3.606652844068904962e+00,5.499078315954494478e+00,7.392149452326713721e+00,9.700207022692991288e+00,1.099860532049648043e+01,1.153326444249556104e+01,1.230079971463249144e+01,1.306463351722697475e+01,1.192494900246994582e+01,1.126544005150534034e+01,7.492342603505037779e+00,4.864006260811257754e+00,3.772009221633429554e+00,4.786653682467689741e-01
2.700620000000000000e+05,9.098849491992211380e-02,3.337290752362376267e-01,8.347527095081368476e-01,1.175889932938879223e+00,2.705839774998834102e+00,3.581047647969745285e+00,4.251689256590799104e+00,5.993857618144671662e+00,6.955574546435926209e+00,9.682764207650485844e+00,1.070793473857522571e+01,1.144601389638126321e+01,1.057620320746881504e+01,7.531200316485322510e+00,7.793220722433120251e+00,2.654804248842207670e+00,2.498390937744399132e+00,1.705179455209179462e+00,1.005796165648277007e+00,1.211542602621440423e-01
2.700630000000000000e+05,6.285468860650023082e-02,2.369837433083017419e-01,3.842854452966750767e-01,6.251146397456417425e-01,1.032468780931059538e+00,1.302017711720234949e+00,2.037617255150060203e+00,5.377712524015488604e+00,7.638481522736190854e+00,8.684137693738625430e+00,1.055271122551017271e+01,1.114313138363184130e+01,1.089305269512392371e+01,1.000213076015749003e+01,9.894467872120150886e+00,1.006669343886668955e+01,7.002729987724622518e+00,6.586130394187366122e+00,5.693584879158946066e+00,4.145911334244869906e+00
2.700640000000000000e+05,1.061682899588689555e-02,6.669475037375960369e-02,3.787914486543969561e-01,5.636466626750160636e-01,8.084051679731457662e-01,1.173641899643874442e+00,2.593160396249661659e+00,4.338696440069114146e+00,7.109858124644420130e+00,9.147518549496194140e+00,1.094850900622296308e+01,1.025299130680718207e+01,3.977770541876951782e+00,3.417298170725382889e+00,3.505380373643880887e+00,3.564558148636374213e+00,1.981186190999381536e+00,1.780038704143750428e+00,9.480473907155729796e-01,2.051696445969564131e-01
2.700650000000000000e+05,1.471055074552839459e-01,4.257952816070689206e-01,8.528424689323211849e-01,1.250514904500759972e+00,2.422675083469219004e+00,2.926826384260100333e+00,3.692403524395777570e+00,6.067651356183008993e+00,7.638449133656550316e+00,9.440531584111784724e+00,1.090259574014535637e+01,1.154244647604437191e+01,8.144204136139844508e+00,5.396598529411327227e+00,5.466568920861392122e+00,4.718044349014032690e+00,4.455830556799797115e+00,3.111602608124555580e+00,2.951433276986222154e+00,1.458034667413679042e+00
2.700660000000000000e+05,8.007769243832740802e-02,3.200422261479420882e-01,5.646847098395549880e-01,8.090802941469141807e-01,1.648030961161119912e+00,2.516174892249997797e+00,3.215175608900455284e+00,4.549184569247934462e+00,6.573213312291902533e+00,7.994614711446347499e+00,9.358371744585065599e+00,9.249372036052523782e+00,9.428105355496827045e+00,9.936740412672978806e+00,7.539382018609510183e+00,6.335509340533983291e+00,3.114675299360226468e+00,1.323827698436877531e+00,9.124437727560252842e-01,5.136979576932421132e-01
2.700670000000000000e+05,4.035749309879310687e-02,1.838161210501072507e-01,3.894826066694545563e-01,5.609517988555055013e-01,3.007098646732342395e+00,4.455167068752587056e+00,5.564250868155065533e+00,6.659337850655603575e+00,7.533198589010551061e+00,9.777058699993979474e+00,1.084112031348105454e+01,1.178419614466254828e+01,1.172973881199889234e+01,1.148793671256180637e+01,1.058284139947671143e+01,1.018566751125736225e+01,1.035909527902655647e+01,6.104429163026938276e+00,5.128628464592925873e+00,3.019110247004346270e+00
2.700680000000000000e+05,5.047046275836519769e-03,5.300266517786655918e-02,4.816377567501846091e-01,1.102420521794671426e+00,1.803479552656683804e+00,2.356717045696054225e+00,3.286413718081893975e+00,3.969452785954211471e+00,6.554772784514088180e+00,7.288796607887872980e+00,1.048248364790538290e+01,1.044315067367210759e+01,8.786589261568231279e+00,9.219204251613103196e+00,9.027691618018259589e+00,9.614908238329574530e+00,9.690733306827992166e+00,8.235037453674731722e+00,7.871402690839270022e+00,8.236559674234138484e+00
2.700690000000000000e+05,2.571815072712325678e-01,5.404707294904047554e-01,1.101790104623014077e+00,1.508823047508527804e+00,2.166486096428269725e+00,3.167922433217045253e+00,5.651064589884382094e+00,6.916713213505204294e+00,8.054839512679240698e+00,9.253320313993745216e+00,1.086381028849108787e+01,9.703106345073839734e+00,9.056431482065258720e+00,4.454476753020929714e+00,4.740649110024585333e+00,3.665277656216694879e+00,3.315066579330975038e+00,2.037484154749634957e+00,1.382573486485202396e+00,7.015654175302854512e-01
2.700700000000000000e+05,4.189719605702246774e-01,1.000187204439424216e+00,1.532465761178936736e+00,2.401539607245258612e+00,3.461591705442508271e+00,4.503327553186529997e+00,5.675176929715552099e+00,6.793850331462586212e+00,7.858914670256750945e+00,9.379849193237285832e+00,1.096564891906356642e+01,8.619401910870898575e+00,7.202025121949716002e+00,7.618158193168398817e+00,4.458437881284892157e+00,3.359232162773711394e+00,3.104439310824544052e+00,1.625615517157958712e+00,1.665708291875793723e+00,6.532769866489607224e-01
2.700710000000000000e+05,1.686744556658362759e-01,5.758323763290496000e-01,1.242057300119802754e+00,1.707215737605179751e+00,2.536996067289943646e+00,3.256313683921398194e+00,3.823067127092965478e+00,5.664605781985307509e+00,7.164524437890134045e+00,8.207809087106486601e+00,1.078064482415829417e+01,1.030282740580413581e+01,9.392911360472815829e+00,9.581575295586311825e+00,1.020914227724320078e+01,1.073935196410882398e+01,6.514039801346705794e+00,5.059556124596512383e+00,2.801346800668194970e+00,1.771135334100903957e+00
2.700720000000000000e+05,5.499708123785373992e-02,2.076277748232844278e-01,4.407282784278994114e-01,1.002315354781462275e+00,1.463656259110687197e+00,2.589478240102383921e+00,3.515964533560767435e+00,4.760600420603201322e+00,7.384699084060332375e+00,8.494299836445044605e+00,1.079945077898544525e+01,1.097639043043109908e+01,1.137463153529724202e+01,1.115052849516133193e+01,1.076439310887934298e+01,1.021880954437316547e+01,9.490103313732856094e+00,8.699405979092333041e+00,1.912738228834095500e+00,1.455558856428194048e+00
2.700730000000000000e+05,2.269057466185686600e-02,3.743254448291231107e-01,5.782689734559652850e-01,2.226651926510339052e+00,2.900415139707977374e+00,4.228424249389200362e+00,5.731841988431230384e+00,6.991493678288297708e+00,8.583473205701963593e+00,9.559517983722429335e+00,1.063986824026797962e+01,1.059717525310125019e+01,1.129662695516934434e+01,1.149402705732251917e+01,1.069031895840412538e+01,9.161098755611545741e+00,8.394374759488357540e+00,5.634913943835517358e+00,4.279658731309763375e+00,4.429084925165867048e+00
2.700740000000000000e+05,3.869135620529881026e-01,8.826759746289483122e-01,1.450907699275633345e+00,1.956930286749168246e+00,2.459887632344059938e+00,3.329776383874172296e+00,4.021522631846280227e+00,5.645431709537668041e+00,7.383876632422170516e+00,9.380610124467713362e+00,1.046503929223419327e+01,1.098089514754575724e+01,8.383268889094614096e+00,8.853294033389721207e+00,4.834575702722919033e+00,4.943158307073669988e+00,2.988226692519043937e+00,2.949905540952875604e+00,2.222938791845707307e+00,8.927153376565311049e-01
2.700750000000000000e+05,3.744538183988108671e-01,7.668149712839598120e-01,1.445780490796885864e+00,1.966333058883345419e+00,2.493322803168680935e+00,3.118196498686804041e+00,4.003497747109346250e+00,5.760479387641812998e+00,7.645928854030153765e+00,9.052242210624747543e+00,1.087138167754237372e+01,1.124524433144341984e+01,1.203858543228957068e+01,1.266584049411620860e+01,1.062323089501200535e+01,1.130050922317979989e+01,1.120739118148977909e+01,7.115889668965470705e+00,1.909106429357464219e+00,1.723073462498148078e+00
2.700760000000000000e+05,2.812357390176146721e-01,9.040159605148410105e-01,1.359464401666181654e+00,1.943418859750489336e+00,3.157986093907499292e+00,3.800753700063569163e+00,4.578521464568747312e+00,5.729439432797568621e+00,7.770176952139311588e+00,8.819220918880924742e+00,1.015867386080354251e+01,8.755411736811371526e+00,7.569727607210285036e+00,8.071345336040026908e+00,3.764094195959324374e+00,3.508125404800171765e+00,2.556528878687875928e+00,1.408874370856342040e+00,1.234880816659813307e+00,6.649093760149971111e-01
2.700770000000000000e+05,1.007955295980377253e-01,7.133496279262927509e-01,1.210171904801079279e+00,1.662990781873275203e+00,2.480137053997749419e+00,2.985251086689698852e+00,4.209508780666270766e+00,5.841020570162198666e+00,6.966190293908637088e+00,9.182683632399008644e+00,1.062421445168536671e+01,9.325106758386711547e+00,9.932543292861605977e+00,7.548091903510556477e+00,7.546325410831174807e+00,5.998579550929010296e+00,2.498742899629588621e+00,1.645531048476308600e+00,1.303098117046326276e+00,1.108513596639446597e+00
2.700780000000000000e+05,3.221429791512160357e-01,9.050264496145918880e-01,1.420187735644077520e+00,2.093754835105797962e+00,2.996412182730411544e+00,3.936583195597291418e+00,5.621919564710102790e+00,6.840985550925205771e+00,7.765014561403365434e+00,8.637018285362604075e+00,1.064416729569915177e+01,9.303241762875879672e+00,9.581855521122255581e+00,8.450174573938252109e+00,9.010115924796116005e+00,7.043869992604474106e+00,2.972845720569567973e+00,2.392418877275872102e+00,2.458546786853180954e+00,1.045880146104471997e+00
2.700790000000000000e+05,4.357505553555218736e-02,2.434589193793017525e-01,3.983442261684025931e-01,7.993096581403547063e-01,1.250950141712664498e+00,2.082788143284953986e+00,2.613035097786723604e+00,6.020387724781402383e+00,7.563776995358709065e+00,9.281822240454042472e+00,1.054706957479686835e+01,1.053061547397400233e+01,1.125826469270137586e+01,1.001869197056189975e+01,1.025752460451998793e+01,1.079974081182913004e+01,8.140934401355831795e+00,7.954539468169178562e+00,8.022382185906078433e+00,1.658926823374318182e+00
2.700800000000000000e+05,1.232168838312762693e-01,4.448281793113757487e-01,9.939666921847858383e-01,1.591878973673047870e+00,2.223246977637418187e+00,3.358986082096383718e+00,4.905336919942599572e+00,5.883779006409353585e+00,7.231180319864645156e+00,8.342141956863667218e+00,9.581274449894239709e+00,9.363046650283470385e+00,8.712420071918351994e+00,9.047303116632905429e+00,6.237115615551383385e+00,6.233083659847942215e+00,4.473924846833168267e+00,3.885322282060790222e+00,4.092242932751098294e+00,2.284401240770239649e+00
2.700810000000000000e+05,4.899338299651023743e-02,1.076305919792479582e-01,3.408428945321383408e-01,4.840950596990123422e-01,7.985291484253920213e-01,1.166391991495042246e+00,2.998831167078118476e+00,3.720884447056406863e+00,4.581026505231548640e+00,5.585134634346521132e+00,8.893402774111418552e+00,7.674119843431452814e+00,6.971957822970132668e+00,7.312552199591769941e+00,7.038257854297454763e+00,6.295083473372089955e+00,3.720961662223991606e+00,2.314462171855018457e+00,3.180347729777740495e-01,3.016760933301165792e-02
2.700820000000000000e+05,2.858652807933540485e-01,8.185147807972206202e-01,1.622022884292913192e+00,2.215585703257919370e+00,3.038978463336263758e+00,3.673771404586980260e+00,4.507752315681081257e+00,5.349961871119486290e+00,7.306204104621673245e+00,9.350790378706312467e+00,1.028791225835484724e+01,9.483257604904460791e+00,8.132945149898944237e+00,7.200936310669463936e+00,3.700126935369938863e+00,3.769237160269996778e+00,3.435067652698152507e+00,3.042361340789090818e+00,2.831523259241047530e+00,2.721997636268538301e+00
2.700830000000000000e+05,1.720976360957404694e-01,3.835813097835751861e-01,5.885817246097846400e-01,8.487130978004064907e-01,1.126372363416516809e+00,3.404755942595085294e+00,4.577339734499497048e+00,5.774275283068220688e+00,6.505270166806473853e+00,8.818481901384307875e+00,1.095402001100070066e+01,6.402047659671962876e+00,6.213025293138975336e+00,6.119915254236619973e+00,3.943901459748591520e+00,3.670631808194146473e+00,1.601097530398513324e+00,9.219676346941816369e-01,5.874586815020396147e-01,1.789609534825009618e-01
2.700840000000000000e+05,4.242139718491633182e-03,2.475552908887961312e-01,5.003139714992713705e-01,6.828305576096620477e-01,1.789317494872104675e+00,2.786730471970269907e+00,3.753322803550755093e+00,4.889861626972544784e+00,5.503556995947526786e+00,7.071044046309665987e+00,1.041323252159105017e+01,1.135638818880417134e+01,1.183434254560546606e+01,1.170728121556065027e+01,1.067441677772995590e+01,8.755300154141099966e+00,6.974283097703740886e+00,7.094690595582101800e+00,7.058374163276169178e+00,4.242173709853456209e+00
2.700850000000000000e+05,1.645835020005770311e-02,1.198216699450249667e-01,2.253630084712380244e-01,6.696824502618410335e-01,2.289595619579718910e+00,3.331118271247335727e+00,4.431942832030772550e+00,5.536256302611419322e+00,7.428717143933570632e+00,9.384127313361094735e+00,1.093749247599951069e+01,1.177780996465835983e+01,1.145539847586207749e+01,1.080428446334954096e+01,8.336991219590188962e+00,8.631908745632841828e+00,8.455873289720464925e+00,8.925603930486715853e+00,7.219167099242554286e+00,5.228190010207396377e+00
2.700860000000000000e+05,9.819779819794505205e-02,2.103480316147245954e-01,1.053275635911183894e+00,1.596905137754652593e+00,2.789494971296934800e+00,3.436683023280587612e+00,4.570660989076793967e+00,5.786112209211518476e+00,7.288569846037933786e+00,9.399897597937457050e+00,1.073145674644824510e+01,6.729374263178430127e+00,6.875893782349715266e+00,6.859029870623622571e+00,6.359937609049239882e+00,5.376808340088441440e+00,4.560785212313112069e+00,4.346868633010830152e+00,1.064251095733163677e+00,1.859296316528857851e-01
2.700870000000000000e+05,4.588824229748097450e-01,1.151719777544184087e+00,1.768769811218726895e+00,2.403724900528938502e+00,3.318654673087929829e+00,4.516536900044556546e+00,5.822601717262719134e+00,6.850401091831416878e+00,8.662892332205052170e+00,9.860654449373123853e+00,1.092514156815650317e+01,1.128760088447838861e+01,1.174341781332671708e+01,1.192698655014844888e+01,1.177768269298955239e+01,7.588578011895926068e+00,6.229013113022542569e+00,5.670204525077554791e+00,1.196789164929590310e+00,7.907816088000618748e-01
2.700880000000000000e+05,3.981959200571782986e-02,9.007477469748637056e-02,2.647460540176366228e-01,7.305565893959187207e-01,1.130525932769624209e+00,1.641555052891850330e+00,4.176181238635797044e+00,5.300966031272108303e+00,7.360063510980994650e+00,8.206886962498753491e+00,1.094257791556632498e+01,1.162563888560334391e+01,9.584709046527827070e+00,8.651309005292475263e+00,8.433457815188495132e+00,5.853639604723722911e+00,5.649450339538157451e+00,5.382871070026599369e+00,5.242360131460445771e+00,5.251682816671916498e+00
2.700890000000000000e+05,6.313115251756373780e-02,1.612602756914891522e-01,4.838616426446636920e-01,1.240889133973881897e+00,2.058970814110034464e+00,2.744037729268355541e+00,4.136409655842081534e+00,7.092480698827773544e+00,8.116193049264424531e+00,9.847147140982615454e+00,1.085470236253220477e+01,1.169633555618917953e+01,1.169542755905623999e+01,1.143650142145916959e+01,7.673716640763610819e+00,7.727845214924821349e+00,8.210790080949447400e+00,4.264870967332796248e+00,3.594199163897606297e+00,2.849495167053135436e+00
2.700900000000000000e+05,1.697133653677762588e-02,8.178855900056669626e-02,7.419700118610378370e-01,9.930282236547109953e-01,2.075466840506164701e+00,3.046610556712082030e+00,4.636389743241569938e+00,5.575355884858364419e+00,7.344881635907699824e+00,9.810060792424032172e+00,1.091285612834111518e+01,1.188845055953062335e+01,1.199555811964733820e+01,1.257557341946720975e+01,1.333143185308817102e+01,1.116189913036182091e+01,1.139280754976631904e+01,1.119788700148428440e+01,1.016451905891602081e+01,9.411286581895019765e+00
2.700910000000000000e+05,2.860601078739187786e-01,7.345101497971486815e-01,1.182834146425340016e+00,1.731391957578734431e+00,2.304655814310829776e+00,3.232075565317981347e+00,5.355790186870065028e+00,6.423700981982738867e+00,7.807281068906807953e+00,8.992441635103830322e+00,1.031830112671776511e+01,1.098165142483916767e+01,1.181019816459961369e+01,1.227159942401023862e+01,1.289994155463503489e+01,1.172815877102076598e+01,1.152254958910716631e+01,1.179091663239826282e+01,1.144132841298899983e+01,1.096214008130487727e+01
2.700920000000000000e+05,2.750926761067207238e-01,5.644123421565994114e-01,1.029989485540294902e+00,1.503998560189927947e+00,2.197885276442161917e+00,2.739737846303412550e+00,3.458739063607099595e+00,4.131385942432681091e+00,5.298171139242023209e+00,9.902646848193585427e+00,1.099754027687383662e+01,1.149325587698701767e+01,8.836050031202255184e+00,7.938697651153014512e+00,8.480810896392977583e+00,8.083659603999057808e+00,6.964029172804779400e+00,4.077751341249848949e+00,2.078191829973056848e+00,1.905414381722041472e+00
2.700930000000000000e+05,1.448134716350568674e-02,8.851676495523319588e-02,1.900650652703865795e-01,2.953355538364417221e-01,3.905480779061848429e-01,5.058994797688813883e-01,2.059193419964286509e+00,2.982402472449050990e+00,5.636865739689707944e+00,8.259005273147831616e+00,9.885323960837622437e+00,9.983462174879717210e+00,1.014769119569140088e+01,8.632812906905861894e+00,9.226583270155099825e+00,4.753588616371709819e+00,4.046753839430557775e+00,3.185199232386616508e+00,3.315627306014794051e+00,1.954031328415302138e+00
2.700940000000000000e+05,2.849361106143440958e-01,6.712557443656728129e-01,1.476291822945311916e+00,2.596462205087867847e+00,3.281435054680769792e+00,4.326276465438662733e+00,5.848353924948654026e+00,7.337830386097340174e+00,8.267486808337919157e+00,9.572356192687516696e+00,1.073726564139519191e+01,1.147318407043404953e+01,1.185140961528638925e+01,1.052322080484446154e+01,9.035561801945304339e+00,6.542686033477313146e+00,5.816679466828912126e+00,5.358883020457277269e+00,3.801663269449369498e+00,1.853592465172446691e+00
2.700950000000000000e+05,3.054517122820992192e-01,7.614394117767651071e-01,1.298775911204110844e+00,2.156277533977397187e+00,2.882088599755652680e+00,3.628303296194894223e+00,4.264936776481000003e+00,5.950770520676925912e+00,7.180751247509889801e+00,9.319989286024235042e+00,1.027782586395780484e+01,9.172526001857036704e+00,8.003084255458874807e+00,8.333108315016696466e+00,8.804843446561843479e+00,7.260005259962417412e+00,5.037543963121310142e+00,1.205962266718647591e+00,1.143308365271645144e+00,4.845690797103396896e-01
2.700960000000000000e+05,1.339092310017551135e-01,3.835657707969306607e-01,1.030573533488176707e+00,1.436270580581143541e+00,1.802431779565462078e+00,2.640600705318156827e+00,3.107640204745936607e+00,6.648714144844432461e+00,7.621441199850111481e+00,8.639452876066270548e+00,9.798144939096179229e+00,1.053328017789282356e+01,1.129985295158686931e+01,9.367975537261486352e+00,9.888917446295833358e+00,1.043993212278036431e+01,1.088209509417406018e+01,1.073405430361707147e+01,1.057376954983055306e+01,9.701303127139652815e+00
2.700970000000000000e+05,4.540933189746891863e-01,9.094199329322976144e-01,1.427833589760741484e+00,1.973632653997750896e+00,2.768442426612632623e+00,3.351332310744696397e+00,4.298083506091736616e+00,6.600559025260644752e+00,8.172861863280125760e+00,9.462890854362006721e+00,1.046184150981973993e+01,7.895576773596541642e+00,8.468948172995560242e+00,5.849335621564818233e+00,6.245380690356983067e+00,6.588085596219043438e+00,5.498724910663470133e+00,4.332016934036673206e+00,4.210974252643187477e+00,1.346724920654114310e+00
2.700980000000000000e+05,4.990941162563400368e-02,2.524207656840464775e-01,5.482798519982579055e-01,1.092859444704796346e+00,1.386386396190393278e+00,2.677915586970318174e+00,3.319914494857248766e+00,4.110878646790451008e+00,6.655124403358477103e+00,9.847622142491374575e+00,1.093465130198762125e+01,1.174442326294247252e+01,1.266157249661641515e+01,1.337312873432757421e+01,1.402161982932937256e+01,1.427139864937612401e+01,1.110979990999656053e+01,9.028251909260609054e+00,8.471016192047322590e+00,2.606462927860677681e+00
2.700990000000000000e+05,1.597312474546176420e-01,5.690939483731349835e-01,1.186019299692002482e+00,2.245783628546071498e+00,2.913606640975099804e+00,4.318635458629101365e+00,5.186269288897407570e+00,6.241200875274635074e+00,7.770289912077549488e+00,9.185338386275301303e+00,1.037989238109890167e+01,8.675010567001296025e+00,9.279849723259086858e+00,7.158985754878147034e+00,6.502657366607996536e+00,4.038131445571355727e+00,2.611805301712560201e+00,1.474482270208178791e+00,6.685055323037396580e-01,4.402310738927495137e-02
