3.800000000000000000e+05,9.589315990994361494e-01,9.546141171168905926e-01,8.300659232245537478e-01,7.286941254666139400e-01,5.073112206388679102e-01,3.877158449609092727e-01,3.760342794499064167e-01,2.924508949410236092e-01,2.086088550896333382e-01,1.258424575378234156e-01,3.211052037241890478e-02,1.326246473544097082e-01,2.518114748332206387e-01,3.583686643157190099e-01,4.070357000000972558e-01,7.219779628537572602e-01,7.687612151042375608e-01,8.285085670241854050e-01,9.006467323939620906e-01,9.413837612262607735e-01
3.800010000000000000e+05,7.893575053773304040e-01,7.352385008889186224e-01,6.171632169301213278e-01,2.918621957160856262e-01,2.776465329187539632e-01,2.303560246866325212e-01,2.052295787437715680e-01,1.095547494634865338e-01,8.308056832140686687e-02,2.414485688381318162e-03,1.531731063026731121e-03,3.781637136094806451e-02,8.510392367458285978e-02,1.304752325831430859e-01,7.737552746014416671e-01,8.237101457260184167e-01,8.263218911737612027e-01,9.313453803746829518e-01,9.752580924640285032e-01,9.933625667239253110e-01
3.800020000000000000e+05,9.683583382554139529e-01,9.609605274305680345e-01,8.778091284348327195e-01,8.619073215225401263e-01,5.939143554362229516e-01,5.337598774802576607e-01,5.216178464627271305e-01,3.780782218027191055e-01,1.505989382901159468e-01,1.533300821121053037e-02,1.829914586993552916e-03,7.224755471649568772e-02,4.230519691565987062e-01,4.405764531302650555e-01,4.935272539667853176e-01,6.128549556992917147e-01,7.126335531357244069e-01,7.794622020077056623e-01,8.335040070734096584e-01,8.363395587119031305e-01
3.800030000000000000e+05,7.887289722546739767e-01,7.577454454188186084e-01,7.539579156675996208e-01,7.153376374677975491e-01,6.786097517249630728e-01,6.677646670292841646e-01,5.873236194734934301e-01,3.610309712430370688e-01,2.849704530792063206e-01,9.072490793607368431e-02,8.539396907119800595e-03,3.475381824784329332e-02,1.317665035445464428e-01,1.816277543092154056e-01,4.321834861174006504e-01,7.019251165219753119e-01,8.695376527626417218e-01,9.074865426454823414e-01,9.124141057429763224e-01,9.413136751445841943e-01
3.800040000000000000e+05,9.866743359939920133e-01,9.215905274503767286e-01,8.420041095795219865e-01,7.081502844328728674e-01,6.107515345195281276e-01,6.012586136100966927e-01,5.874734687313620807e-01,3.957213304829594325e-01,3.410639810827327256e-01,1.629431316579663669e-01,3.581869326664788300e-02,1.128275551655104625e-01,4.430695529093816587e-01,4.779576129251483785e-01,4.963450135389890772e-01,5.253478222632191885e-01,6.430930384452674398e-01,6.451657370986327855e-01,7.239577168328269474e-01,8.547066658531552452e-01
3.800050000000000000e+05,9.510605847443061034e-01,9.481097580644773926e-01,9.402932575507608748e-01,9.172612477488288896e-01,8.074473668383120861e-01,6.090688968525456159e-01,3.497639767824067825e-01,3.219167971398585459e-01,2.768209056066670559e-01,2.222002616361370420e-01,1.751585113574114505e-01,1.862531216501774889e-01,2.685662330320769398e-01,2.937355532188261620e-01,2.943020635248621009e-01,3.072600936577719599e-01,4.610927661917781917e-01,6.867207722096954070e-01,6.957730665768714351e-01,7.074872518546021505e-01
3.800060000000000000e+05,7.567402094419998226e-01,6.453945434705945505e-01,6.165697566662844409e-01,4.667656535253252859e-01,4.276738493436550437e-01,3.960550469703235654e-01,3.877087180066999261e-01,1.634047391600825794e-01,1.287807338339591601e-01,8.410748687518543321e-02,4.990493491654257596e-03,7.630837072747576055e-02,1.630636592484409064e-01,3.213131072789545684e-01,4.650528622878737917e-01,6.935056569598615495e-01,7.531041448693353013e-01,8.747754514181765861e-01,9.185017254979299661e-01,9.355405642530690846e-01
3.800070000000000000e+05,8.314434769537822900e-01,7.956688063361957441e-01,6.989397152059945162e-01,3.937003740108900862e-01,2.957077040284847858e-01,2.932984661761415257e-01,2.281037508740794140e-01,2.076365951796448339e-01,1.281838903956967757e-01,8.767785677614647888e-02,9.922166781348940034e-03,6.823305494284626072e-02,2.059885890168090539e-01,2.215414065365213236e-01,3.062865557238187986e-01,8.005199252092451978e-01,8.009108601490138035e-01,8.462480569949950571e-01,8.465357888211182402e-01,9.468902039243624058e-01
3.800080000000000000e+05,8.052625103627472081e-01,7.908681417467079422e-01,7.648184092573855342e-01,7.516583022832098449e-01,7.278147260419913778e-01,6.832393457470544718e-01,4.572748787494923528e-01,2.850749063589093080e-01,6.413201134487522825e-02,4.190153061044266103e-02,5.064669326785509185e-03,2.101663528016437521e-01,3.395657870087777086e-01,3.978323906167569035e-01,6.228736681668738395e-01,6.654124026236505340e-01,7.763930607560455277e-01,9.114992082753892166e-01,9.185703791638415439e-01,9.925863680927757837e-01
3.800090000000000000e+05,9.545787057402933540e-01,9.124282149698502709e-01,8.396487318507835917e-01,8.271418448821822311e-01,7.964138833758211966e-01,6.031832929710451152e-01,1.921864502538555008e-01,1.916362254992206582e-01,9.197959616569506558e-02,4.999961351814530275e-02,2.220230271742607009e-02,1.309598714164210698e-01,1.558562291175944470e-01,2.744271758695046026e-01,3.311216380595248809e-01,4.746194850342169147e-01,5.277135609240577452e-01,5.533559126450636745e-01,6.101141951425093080e-01,6.467910564571710541e-01
3.800100000000000000e+05,9.011087377066935300e-01,6.521865565285027699e-01,5.927443142898086714e-01,5.810729437445613099e-01,5.508023587116632758e-01,4.626365300925284751e-01,4.326428666266416423e-01,3.477260425419820278e-01,3.193416375534476881e-01,2.104385145760501175e-01,1.046933890235336451e-01,1.078359021194394973e-01,5.129785550581957843e-01,5.758802734494604669e-01,5.866048114886689424e-01,6.090904495794677853e-01,6.372421799608921633e-01,7.496557202706803924e-01,8.926513868647170113e-01,9.805124363242976315e-01
3.800110000000000000e+05,9.653915167957385357e-01,4.968303571623290393e-01,4.890045634939088615e-01,4.522710918757563148e-01,3.912660742383147205e-01,3.663669937402467269e-01,2.079707194331457121e-01,1.715391847603414677e-01,1.635580066545215816e-01,4.873101357306741654e-02,3.441076732394054982e-02,1.616263443035798053e-01,2.260706594672440284e-01,5.195029216300194319e-01,5.485991008280575176e-01,6.025261502667222935e-01,8.483917017825500784e-01,8.996821713594720382e-01,9.661853875320305374e-01,9.682444903833113958e-01
3.800120000000000000e+05,7.671525947820622138e-01,6.564104273068381845e-01,6.335445211053500891e-01,4.976514586698185250e-01,3.666938542029815062e-01,2.941164139926543131e-01,2.390674575951827752e-01,2.162111431337055967e-01,1.652735725632107355e-01,1.642196572487344408e-01,1.005382680777567872e-01,2.881114338970024447e-01,4.314090777887461536e-01,4.399900283068453044e-01,5.496657630370629377e-01,5.614113870537159601e-01,6.115178873479518717e-01,6.992576906015113281e-01,7.044785283353603988e-01,7.999314216113807552e-01
3.800130000000000000e+05,9.527889286859546614e-01,9.486407162776980817e-01,9.332063103357000067e-01,8.739513586166952619e-01,8.634275357293388353e-01,7.859978135932322862e-01,7.723196075125330351e-01,6.411499401373028650e-01,5.805385947531146451e-01,1.291389461636505143e-01,1.769254236055084473e-02,3.713864289337376334e-02,2.647216785997301702e-01,2.757839947227139765e-01,3.930062486128735877e-01,4.023098027185719738e-01,5.206792039989703857e-01,5.740407531091349380e-01,6.768050015814576215e-01,7.421166805662431365e-01
3.800140000000000000e+05,9.969842359499847539e-01,8.977750933829851121e-01,8.115174304712620135e-01,5.871295409462925496e-01,5.618863310284649693e-01,4.912135114650849621e-01,3.124399387526382021e-01,2.000735877415523722e-01,8.863909614288267846e-02,3.470666436094893559e-02,3.177336652275797313e-02,6.575849029869040852e-02,1.789994189854599016e-01,2.129917236173659578e-01,2.840729375734338813e-01,3.658775029280988411e-01,4.754049092448181524e-01,7.454123497715073876e-01,8.468578530663299908e-01,9.409403339726665205e-01
3.800150000000000000e+05,6.236685592215386320e-01,4.413376033500610029e-01,4.249914316213480037e-01,3.996314895972299386e-01,3.742410196370550279e-01,2.186280271909131212e-01,2.161866714065727724e-01,2.031389466606917660e-01,1.713629691814596567e-01,2.760631376602140641e-02,5.694200158166573544e-03,3.833129794381584521e-02,9.094168632671439934e-02,2.406268679137451016e-01,2.801682252110584415e-01,6.060730059921028978e-01,6.824518311660845438e-01,8.807931499683526733e-01,8.972733050727906834e-01,9.781385815801414418e-01
3.800160000000000000e+05,6.974801076232975960e-01,6.906521614132835607e-01,5.818272603296088530e-01,4.983225504498688396e-01,3.489282614370831093e-01,3.030510344949136625e-01,2.739819058025253495e-01,9.870084553466318411e-02,8.292119311466561449e-02,4.575619808277586742e-02,1.622515963554904683e-02,3.303998926743578757e-02,2.833229772005363412e-01,5.584405334008237798e-01,5.770200935381704088e-01,8.023188786262898109e-01,8.224590077252863507e-01,8.948353491201346266e-01,9.176343088504950174e-01,9.788021530730709463e-01
3.800170000000000000e+05,8.149994520401843134e-01,7.948923579393519789e-01,7.819107163649718917e-01,7.396415628452356339e-01,7.108501878364226201e-01,6.046571740596635713e-01,5.215129417717233595e-01,3.454906041972122255e-01,1.903684944970266413e-01,1.718129908214974799e-01,8.920510172958862061e-02,1.235468211588257592e-01,1.655366589594319260e-01,1.714855953678579015e-01,1.755955268009055104e-01,5.879269593005941319e-01,6.037850304682901292e-01,6.419663614347999037e-01,6.447150127219491988e-01,7.309103988995779844e-01
3.800180000000000000e+05,9.697811406180206761e-01,7.933874671601781614e-01,7.853047997393353130e-01,7.486167201279766426e-01,6.802745224973180127e-01,5.656774580578599609e-01,5.103190329505552514e-01,4.499167313469117913e-01,3.153176847820444717e-01,2.599613842498212923e-01,4.800107864563196713e-04,3.770218565982252912e-03,2.578153482134323271e-01,3.053709552691225015e-01,3.388432251530141270e-01,4.098960226369954274e-01,8.555793765735855150e-01,9.081217775216159360e-01,9.503725847589895581e-01,9.837990258137120358e-01
3.800190000000000000e+05,9.912052277419847179e-01,9.867032852326641512e-01,8.493384688000793492e-01,7.614083639548220317e-01,7.400957246532038347e-01,2.862621926996483657e-01,2.787936978835096058e-01,1.877754608639091716e-01,1.850712085248353844e-01,6.364806393785338301e-02,9.560469359794487865e-03,3.055373822502984726e-01,3.647236149693016127e-01,3.760925337151326264e-01,4.379997453522158635e-01,5.640103078851903540e-01,6.718267944686323601e-01,7.678399966761356721e-01,8.176489998191188713e-01,8.212213875293059573e-01
3.800200000000000000e+05,9.462886730350642539e-01,9.408423036423255725e-01,7.521377787017966554e-01,7.092268455490814416e-01,6.746929547717830378e-01,5.955239754270460484e-01,5.520078356196679303e-01,4.291327215105302795e-01,1.361609437150204105e-01,5.124142214068627688e-02,1.978041773669703129e-02,7.853945079024604592e-02,1.386488779381876979e-01,2.043981943265172907e-01,2.172303006113001089e-01,4.083742872298898874e-01,4.594309836367840294e-01,4.959812265971713652e-01,5.426436771341583976e-01,6.303697416467877179e-01
3.800210000000000000e+05,9.557618256248592292e-01,7.225781895799946453e-01,6.435080752560169426e-01,5.739921232028032394e-01,5.538859853515386567e-01,5.220395454530843971e-01,5.105406389598289296e-01,4.233003144090757841e-01,2.195654920906108254e-01,1.265192713635505672e-01,8.236785986237293855e-02,1.774133593496410866e-01,2.209842739605080153e-01,2.908998674072768020e-01,3.544162555100095480e-01,3.674677870822676828e-01,3.834878415818907538e-01,4.618051912768079692e-01,5.965920996963193224e-01,7.508121250330478391e-01
3.800220000000000000e+05,9.700861405126451897e-01,8.493201996120555153e-01,8.194903275449070268e-01,6.021014670422275561e-01,5.279059457132456723e-01,4.967214633125464074e-01,4.131235717788902528e-01,3.485439212278493848e-01,2.365162855332282321e-01,2.351110896897352642e-01,2.262783245210057137e-01,2.417449741599825286e-01,3.767079325769614462e-01,5.407135543287149293e-01,5.584089256555658798e-01,5.616975540727604521e-01,6.155521166685924417e-01,6.432588131578914625e-01,7.165610608956064498e-01,7.506697445599652685e-01
3.800230000000000000e+05,8.948815747739977677e-01,8.400723769747829861e-01,6.966684378637302277e-01,6.966266493424241313e-01,6.807025600001765930e-01,4.542939504716773103e-01,4.269855672424398563e-01,2.452203848066629721e-01,1.015521770229722565e-01,4.839382176141726610e-02,2.875417160055027122e-02,2.242673901824260296e-01,2.362153316749036058e-01,3.312074382537441020e-01,4.436930140531255562e-01,7.564382870220717203e-01,8.238047280607169176e-01,9.308676275626116547e-01,9.418729708541996315e-01,9.747946369993940596e-01
3.800240000000000000e+05,9.364585506418070526e-01,8.743837046201474728e-01,8.458633288397900962e-01,7.887103585965021812e-01,5.485985107018865881e-01,2.422483721356719633e-01,2.404175397638957934e-01,1.716980534489358501e-01,3.688380000342417198e-02,1.354106847213865095e-02,4.820249694823530717e-03,4.335074743153322085e-02,4.644976079156071247e-02,3.891729157156879060e-01,3.957795264781273081e-01,4.880035399244775363e-01,6.571784871436135989e-01,6.801944041496743587e-01,7.310636706720186062e-01,9.844608730385487894e-01
3.800250000000000000e+05,7.980088337065484039e-01,7.673362638832388338e-01,6.767161947048000448e-01,5.777029614714708217e-01,5.593463888943845941e-01,4.244772953353449507e-01,3.939960363917753838e-01,3.228967865433330919e-01,2.254608341061100640e-01,1.988693007825701464e-01,3.869773297299772263e-02,1.636218060530792995e-01,8.439139580314529709e-01,8.484650789559482487e-01,8.612481249729511124e-01,8.766848660348481870e-01,8.997228183344094798e-01,9.491560461191405063e-01,9.526931838424890220e-01,9.630321779722005315e-01
3.800260000000000000e+05,7.577734538809313136e-01,7.524645739459511207e-01,7.491414746783412459e-01,5.634903905564750959e-01,3.263700945354478522e-01,2.657335034011784058e-01,1.978045582165626204e-01,1.686314741229965053e-01,1.624608778730786129e-01,7.903079019453551624e-02,2.088888314692871617e-02,1.201801369731265723e-01,2.010659557550426024e-01,2.792299497466630420e-01,2.811645104232451953e-01,3.916504952578685472e-01,8.012199863650847353e-01,8.299059495550650256e-01,8.663951260641523655e-01,8.957678982803762846e-01
3.800270000000000000e+05,7.928351523352271668e-01,7.875173502453768348e-01,7.136562383331596093e-01,6.282729708191322482e-01,5.782528833675290025e-01,5.133834835898672955e-01,3.679282233952977377e-01,2.363637408529678519e-01,2.210765514041449498e-01,1.656110678494780997e-01,7.713489630270664588e-02,3.068284372319267650e-01,4.451704463452653693e-01,5.803809460903455175e-01,6.219065534516157179e-01,6.603058492636771915e-01,6.759635953525593433e-01,8.754481563425275947e-01,9.389509297402055532e-01,9.390231782560283236e-01
3.800280000000000000e+05,9.310346841566875531e-01,8.984259526923989991e-01,8.246917086592042700e-01,7.955960383123188429e-01,7.146640044570952144e-01,6.562771054843959950e-01,6.005102084513557203e-01,5.337021265727347474e-01,5.235454321039387793e-01,8.005556011640457825e-02,1.072253616973906087e-02,6.075830134338711108e-02,8.086483348654327497e-02,1.362838628422011755e-01,3.066715802579227379e-01,3.526342922893020981e-01,5.576466688211504374e-01,6.290986832905993698e-01,8.313815554513765971e-01,8.882141499066268375e-01
3.800290000000000000e+05,9.775041755276749900e-01,9.311334080893043375e-01,8.196259963453638164e-01,7.746786761241089003e-01,7.200431779670296573e-01,6.556325411921034574e-01,5.566549822136142023e-01,4.952428896614837761e-01,3.705467795169352652e-01,1.005728571737444232e-01,2.515923136535425098e-02,4.292113891084958777e-02,2.857744616074685551e-01,3.248905964290638160e-01,4.449242308908505361e-01,5.952549660245890495e-01,6.935392161506697128e-01,7.090181603307025293e-01,7.235238599165223494e-01,9.050714186622923485e-01
3.800300000000000000e+05,9.520187310112768753e-01,7.927412446021243619e-01,7.173777898718336488e-01,6.788058058186795529e-01,5.267343563775906956e-01,4.188379362867786782e-01,3.568353693728090192e-01,2.458420186394665308e-01,1.238335393590836997e-01,6.392067408979784648e-02,3.383302767014773060e-02,4.036588435532262320e-02,9.510302155910566047e-02,3.083398107924506526e-01,5.081892737156246120e-01,6.786232235804732227e-01,8.266169474195118605e-01,8.987921087850142543e-01,9.315307726183380543e-01,9.588779594299788878e-01
3.800310000000000000e+05,8.359540085641897766e-01,7.318065392715330519e-01,6.642422075843138485e-01,5.841284361933758440e-01,5.262171295757649414e-01,4.434893342081314138e-01,3.550705174141023379e-01,3.510313338331588762e-01,3.265521840692836575e-01,4.510819478277472427e-02,4.209529600160477614e-02,1.908402220064193688e-01,3.310534248450124339e-01,3.565931849437781187e-01,4.889290334446031450e-01,5.460703187670825631e-01,9.313407473676594828e-01,9.871714036409533488e-01,9.906810016212612702e-01,9.935505862002018684e-01
3.800320000000000000e+05,9.640940046065400448e-01,8.733835450036312453e-01,8.349950438117187401e-01,7.836979745186456459e-01,7.521347375342513075e-01,7.352021251838898319e-01,7.261912232867883121e-01,6.382693233273296629e-01,4.966907200776903286e-01,3.459211633842655953e-01,6.494059165567089842e-02,1.008150699137617679e-01,2.019082969811658579e-01,3.181986634617327558e-01,3.881047441450615754e-01,3.972007877163677980e-01,4.535542587992886787e-01,5.604755100219273034e-01,6.397588329992550671e-01,6.403580554490408971e-01
3.800330000000000000e+05,7.376328716215788672e-01,6.718234496528568966e-01,6.560698989173381346e-01,5.202622205628592011e-01,4.893099290212403751e-01,3.858764827522324081e-01,3.506374962992718780e-01,2.648901755111962020e-01,1.984448516381003280e-01,1.087022749021074874e-01,2.892182843244206492e-02,2.303932829736649035e-01,5.479883490085074582e-01,6.798008616121934411e-01,7.142222973350003112e-01,8.338279664616328191e-01,8.859369384178951146e-01,9.492993519581611750e-01,9.636799192421671156e-01,9.810457251162616465e-01
3.800340000000000000e+05,8.922574849056902346e-01,7.123765452565256062e-01,5.191028842856828529e-01,3.553482442418669507e-01,3.473087563503601816e-01,3.295942996084991750e-01,3.061877546922071591e-01,2.549970410673901844e-01,9.326289637800644350e-02,4.063981266415161997e-02,1.618862245461683003e-02,1.653000755490219298e-01,3.725414318432923588e-01,6.527311349008215746e-01,7.519815665708338148e-01,7.640473302147765544e-01,7.661922561212133331e-01,7.749377061329695282e-01,8.689385571189716106e-01,9.103264711438235901e-01
3.800350000000000000e+05,9.914846023052664714e-01,9.671589605647558097e-01,9.066599464682290055e-01,8.548063775703647060e-01,7.357641949455036023e-01,7.120975229488030189e-01,6.695071384849574647e-01,4.920358951868361030e-01,2.907104710230504763e-01,4.151864733404520003e-02,3.786944102901046438e-02,1.064308334086759844e-01,1.070331601138579947e-01,1.781982904976311399e-01,2.326958366405803558e-01,4.147520338931266481e-01,4.771283843023664817e-01,4.976868350779677375e-01,6.037173645712357040e-01,6.848275110167161284e-01
3.800360000000000000e+05,9.981642131610571900e-01,8.878533418361719276e-01,8.421522841884891974e-01,6.777628324627861245e-01,6.669836245889843029e-01,6.092830453274159508e-01,4.993229952296435181e-01,4.750013432486540621e-01,2.091768662925653777e-01,7.591906389189606585e-02,5.398047942318051629e-02,2.020606874190489233e-01,2.945552994117430767e-01,3.179964550472432760e-01,4.251508278167192012e-01,4.683001563148734281e-01,7.816504177398663211e-01,8.067687448118334714e-01,8.931347563932420242e-01,9.958390418065564687e-01
3.800370000000000000e+05,8.118651747359432180e-01,6.900955056251087960e-01,6.276496528953763310e-01,4.593876912801655443e-01,3.233423277115045069e-01,1.957583636297940410e-01,7.804613780906555220e-02,6.565136022040818364e-02,5.541819419807259006e-02,3.401278096056903344e-02,4.788937321749453524e-03,2.529279349810529265e-01,4.531009065886710818e-01,4.761277600864156634e-01,5.245975895161465452e-01,5.334904152594661664e-01,6.383426513749999032e-01,6.750195641043850170e-01,8.220751747272880827e-01,9.782046976106438807e-01
3.800380000000000000e+05,9.602211837205592015e-01,9.394792434680452331e-01,9.183271223439509745e-01,8.993391289465204608e-01,8.075990359986211509e-01,6.489757110645217875e-01,5.416069957002230817e-01,5.231904908719944292e-01,2.851387540047557456e-01,5.466392988936519259e-02,4.898104713707984725e-02,1.618738676023763201e-01,3.578200582193979962e-01,5.704069538410277973e-01,5.818855086231962126e-01,6.043432314052592513e-01,6.696973792564639982e-01,6.851098253578167263e-01,7.574968073170713634e-01,7.939660750335074679e-01
3.800390000000000000e+05,9.517712198879371144e-01,8.871783658882347323e-01,7.468627330850684531e-01,5.388290504319318552e-01,4.476264651790405891e-01,3.925132092042913357e-01,3.459203133625826654e-01,1.976975203627856503e-01,1.761221607525682575e-01,1.458821511757625311e-01,9.584337415283428196e-02,1.194707581015488351e-01,1.566083565272555767e-01,3.271718439418443980e-01,7.372176885599035501e-01,8.022262223103134859e-01,8.120475905607598133e-01,8.634008659597344204e-01,8.681935820083631627e-01,9.351729284771619355e-01
3.800400000000000000e+05,9.680681081734144877e-01,9.526116773015759209e-01,9.215331113906787275e-01,6.760990130350744698e-01,6.663690661102743551e-01,6.461324113257956858e-01,5.514857623108717632e-01,5.245191096169975475e-01,2.797080700325466074e-01,2.421155425650489690e-01,1.566196682838294496e-02,1.481146121429230966e-01,2.356733351420643441e-01,2.680462778336434315e-01,3.183470207606976521e-01,3.404455737338104582e-01,6.296984721551456277e-01,6.616862238284298980e-01,8.230390582782285414e-01,8.887171489679748237e-01
3.800410000000000000e+05,9.894278771726718880e-01,9.803895790053130943e-01,9.716102354179956269e-01,5.712825386196654920e-01,5.622148808262305009e-01,3.705676077948873992e-01,2.614422199108985545e-01,4.862074945295080663e-02,3.180220739077832537e-02,1.618411619759552167e-02,5.756648994634683270e-03,1.090921073811297326e-01,2.192371781519273366e-01,4.582309188990607574e-01,4.922955704903224650e-01,5.763438788413904890e-01,8.324384279406978893e-01,9.243970725701581292e-01,9.598330648927858588e-01,9.628939423019323707e-01
3.800420000000000000e+05,8.798165654094148858e-01,7.720041289773625914e-01,6.482748334124192047e-01,6.442216457131262342e-01,6.110679929289926093e-01,5.503730499558735501e-01,4.962648322814626756e-01,4.630677183912099704e-01,4.475320263091377981e-01,1.908027849846263280e-01,2.088005592846275960e-02,2.108014909738117337e-01,3.264320916854140942e-01,4.133016177052978302e-01,4.795271254816931839e-01,5.942340571518042180e-01,6.777814788428945247e-01,7.324999920781508633e-01,8.004351249826808790e-01,9.854728096965867934e-01
3.800430000000000000e+05,9.520747007537855300e-01,8.356877131549704796e-01,7.970150719737341127e-01,7.523750666117038355e-01,7.381512432476340368e-01,3.303502994634704981e-01,3.266359708105120996e-01,2.894929482365414808e-01,2.370956483064706743e-01,5.999304778071168354e-02,2.313707072357851224e-02,4.408872150875797757e-02,1.323749175493340591e-01,3.425456706718493782e-01,3.517194387169595426e-01,3.650508693395638771e-01,4.161205967849385123e-01,5.176320289864536628e-01,6.665480360011533101e-01,6.929155428398873218e-01
3.800440000000000000e+05,9.932458011441662737e-01,7.766526098708663728e-01,7.395756267359292480e-01,6.954896435321739068e-01,5.368583012547949451e-01,5.269611627005995613e-01,5.200242145297657714e-01,5.196039871966662282e-01,3.822698436314574399e-01,2.210755931190768742e-01,1.240088112117954111e-03,7.249822325896415620e-02,1.002283263745624708e-01,1.360806643544089090e-01,2.480919009244602069e-01,4.520322676827257524e-01,4.692394389493007578e-01,5.196755742049370408e-01,6.635220080232927531e-01,8.513157948125802399e-01
3.800450000000000000e+05,7.797190593028582306e-01,7.421506945743719941e-01,6.703522380473948550e-01,6.590822561227925869e-01,5.801403129277915571e-01,5.689875306029865687e-01,4.934808471002535279e-01,4.541787457431688546e-01,4.422112004616808312e-01,9.608508049832475972e-02,6.833299130357939344e-02,4.203787583550819829e-01,4.886396752351451767e-01,5.723396609269285618e-01,6.292462033212703476e-01,7.548335648374097095e-01,7.663813965879080481e-01,8.005492643920234519e-01,8.534723362062589525e-01,9.297012843806189419e-01
3.800460000000000000e+05,7.842426437084168978e-01,6.931424250392109743e-01,5.408824674672051414e-01,4.778874003797746184e-01,4.688463594084512076e-01,3.573415728631468280e-01,2.265711395261817973e-01,2.034241774258813695e-01,1.848430730693578772e-01,1.047408504935144480e-01,7.537479867296903446e-02,2.552350167585869523e-01,2.569915685245601766e-01,3.208279017168973457e-01,3.555797339967916582e-01,4.559737989226745336e-01,5.121650128268325775e-01,7.394693290225419213e-01,8.022560653957768739e-01,8.935963806669930953e-01
3.800470000000000000e+05,8.677004229209822617e-01,8.659499678824378321e-01,7.552923305385800257e-01,4.954593733903438491e-01,4.541189176143324291e-01,4.160074149988356451e-01,3.231465426886066528e-01,2.742702537880322700e-01,1.933851026915873739e-01,4.443301343121919267e-02,3.812458811195174047e-02,6.140294830476222820e-02,3.749678716794533351e-01,5.639620012339380262e-01,5.906986708282587761e-01,6.664126875821591023e-01,7.286157423338927019e-01,8.589784039006046479e-01,8.970582706998421196e-01,9.944278914024098359e-01
3.800480000000000000e+05,9.711872754160111310e-01,8.525716588989984412e-01,6.584218168926102566e-01,5.628095639566691455e-01,4.583415467214808636e-01,3.585893912827562424e-01,2.378436289598246933e-01,2.089739899516573907e-01,7.832375821935000371e-02,3.799909503148124479e-02,4.723004995686230778e-03,8.644569442733274212e-02,1.618463763068588301e-01,2.593517157050090338e-01,5.402206142538139577e-01,6.180305812686917033e-01,6.430090312445045919e-01,7.215269308404131943e-01,8.077245964156966052e-01,8.285621489618301139e-01
3.800490000000000000e+05,6.593550008741005941e-01,6.576015781362486434e-01,5.587171344226119496e-01,5.542382604783935296e-01,5.356130418687419237e-01,3.200601373142382133e-01,2.831489256500614449e-01,2.717741614450626120e-01,1.512570033239383216e-01,7.723542287832785291e-02,6.234019685128433519e-02,2.209193693551182447e-01,3.969175867298768701e-01,6.424825866766121774e-01,7.073894793400343772e-01,7.622924146578318183e-01,7.698446157437404125e-01,8.555315154747558104e-01,8.647407445620477473e-01,9.129623930332575465e-01
3.800500000000000000e+05,8.793803111381623960e-01,8.635071892758096057e-01,6.732433401967630182e-01,4.362906931857029047e-01,2.735951301561370119e-01,1.662198850758354052e-01,1.517967392279512273e-01,1.484358617751835308e-01,1.317603123739716775e-01,1.267690218972425953e-01,4.826894597896824735e-02,9.252286053535130339e-02,1.528237534551187826e-01,1.892063092498462717e-01,2.369363566043218849e-01,3.580764201161814597e-01,4.175485158122187457e-01,5.894964347041580233e-01,8.555149780041948482e-01,8.556249129598144654e-01
3.800510000000000000e+05,8.091391784887754790e-01,7.581861516394051703e-01,6.940555190944539543e-01,6.842114564142929289e-01,5.030735466025301195e-01,4.480286846336327677e-01,4.217260419377545366e-01,2.813697767966125696e-01,2.467086001648022275e-01,2.062463995168004605e-01,6.987058290093750568e-02,1.698566736273604549e-01,2.443476730432770916e-01,4.557194624807331396e-01,5.544562273513360395e-01,5.946570973213645139e-01,7.296397831773113740e-01,7.869151496118030886e-01,8.666086225090728901e-01,9.008571115926844453e-01
3.800520000000000000e+05,9.600607073974166683e-01,9.484996834661381104e-01,8.503191670075719300e-01,8.142464641127424851e-01,8.041085879528369063e-01,3.412865159095780365e-01,3.112014602467699786e-01,3.014032107637251157e-01,2.568079795724490522e-01,1.026591387543872580e-01,5.116980953741534499e-02,1.791997474350240926e-01,2.014535884003015864e-01,2.184465625647750153e-01,3.241677277004644253e-01,5.158721684262340679e-01,5.181899993690249895e-01,6.699471384116288952e-01,7.374796237098023566e-01,7.693830029795252212e-01
3.800530000000000000e+05,9.789314929970146517e-01,9.784578659429284953e-01,9.744558572515342743e-01,9.507108209424625089e-01,7.940130032439159935e-01,7.784692907008928797e-01,5.937071463337567634e-01,4.329312598194037243e-01,4.169595924642101048e-01,1.112228296649150350e-01,3.074315661946536160e-02,1.006144530882209231e-01,2.398013750334584415e-01,4.102140669850525834e-01,4.306437135996764587e-01,5.283066181631829172e-01,6.144382297914813273e-01,7.829602344415623749e-01,7.876276546958598246e-01,7.889593635432774477e-01
3.800540000000000000e+05,6.923181507618422215e-01,6.069856006951418470e-01,5.668946054496515341e-01,5.332411825574949749e-01,3.667318700840934698e-01,3.284358230485647789e-01,2.183355487548440665e-01,1.019688590100528147e-01,6.889982183357590273e-02,5.779298137631994070e-02,1.387212075914412424e-02,4.211124848469782744e-02,8.044622878557106116e-02,8.490497108574424079e-02,1.258470864326279859e-01,1.764071992008574563e-01,6.987455275750994454e-01,7.438619049093539992e-01,8.254668305883747781e-01,8.491745296873968174e-01
3.800550000000000000e+05,8.966391712984130846e-01,8.270594881980427582e-01,7.746361936278842730e-01,6.729456899240112699e-01,6.471371459936812176e-01,6.252610443567239162e-01,4.255731115622739535e-01,3.520883186848854374e-01,2.125846989025541589e-01,1.384423529994688318e-01,1.175096517274673014e-01,1.473060601367354172e-01,2.331207768478076314e-01,2.638758740646561796e-01,3.229127679736821799e-01,3.726197728273328291e-01,4.268882282913933901e-01,4.343976184325986090e-01,4.822664433845967880e-01,5.280748835767153926e-01
3.800560000000000000e+05,8.359244493737814086e-01,8.236809497264050428e-01,7.484509248372978041e-01,7.395459884121499128e-01,5.191542873835433003e-01,4.687845962285159818e-01,4.602158155150737340e-01,4.344127644173716440e-01,1.543231985999773404e-01,4.939066323201912745e-02,1.606474677506564142e-02,8.397377957329876796e-02,1.097837153204695992e-01,1.143292785678210466e-01,2.164295237813509409e-01,2.279700559632915624e-01,2.490319372075696647e-01,2.933087796777368306e-01,3.624053113566008122e-01,4.223593321176329907e-01
3.800570000000000000e+05,9.321975721701444284e-01,9.287365679521818462e-01,8.694518621327173014e-01,7.474017713189468060e-01,6.615445413308166378e-01,6.332716439328115454e-01,6.214902825274067899e-01,3.016538074826735638e-01,2.529240571824796779e-01,8.086307852218910242e-02,2.285822370292167616e-02,1.238457135940668197e-01,2.292423138898682655e-01,2.594689899520056242e-01,3.275056905842005373e-01,3.538228713813571513e-01,4.114684352393558342e-01,4.467388437891144370e-01,7.167324585341215970e-01,9.497733610720420216e-01
3.800580000000000000e+05,6.157006006097782702e-01,6.122141735352564229e-01,5.952517883830484857e-01,5.190771698842020498e-01,4.966929474120608257e-01,4.723019019487619818e-01,2.747073818781576859e-01,1.456089414527516057e-01,5.697743810656208385e-02,3.095898524579510092e-02,1.759750192804498958e-03,3.242306874159628372e-02,2.386849789280991452e-01,5.830949118603246939e-01,6.391302135617034086e-01,6.737451255294858443e-01,6.802600345919540548e-01,7.006278526483453728e-01,8.347128458156268804e-01,9.501025663033306756e-01
3.800590000000000000e+05,8.723503296941622631e-01,7.287276572422087817e-01,5.631757193111645021e-01,4.093691935161720696e-01,3.450620908611079507e-01,3.028642731572704916e-01,1.715223035678622443e-01,1.700872895041817268e-01,1.629474206137374592e-01,1.250002918471793123e-01,1.948225063073238950e-02,1.692541815057924115e-01,3.018754870589382966e-01,3.710449769110764073e-01,5.070738862683468184e-01,6.202726145931111157e-01,6.553790617549472008e-01,7.366950333857723576e-01,8.424731507540228481e-01,9.958242438021311926e-01
3.800600000000000000e+05,9.597861580248686630e-01,9.260210044025996012e-01,9.002363143493509190e-01,7.476081277252925039e-01,7.448903591433054805e-01,7.440069967932961825e-01,6.701277733672054149e-01,5.342353881204291444e-01,3.276647329745325798e-01,2.579421819722431675e-01,1.700993780764160634e-01,1.770387485793836202e-01,3.138717414313496601e-01,3.478240037114893601e-01,3.707665751773285834e-01,4.240488418184101826e-01,4.721837716250885109e-01,5.251610795824076527e-01,5.906392664675046422e-01,7.447220311748881105e-01
3.800610000000000000e+05,9.100398075084187299e-01,8.774460305617652889e-01,7.815036151842775780e-01,7.198530764564030626e-01,6.597494950031933536e-01,6.450716182101429164e-01,6.252733787191987469e-01,4.888041607811440814e-01,4.299659067921292044e-01,2.200014082057151210e-01,6.463524900342654256e-02,8.288316662245209798e-02,2.246808053518264403e-01,4.328348244516831977e-01,6.628278264617504245e-01,7.020175071178352821e-01,7.481084481020043864e-01,9.336505128429468670e-01,9.620719556108048298e-01,9.751664196303367893e-01
3.800620000000000000e+05,9.913891347706768054e-01,9.766716035553303366e-01,9.606261869587511271e-01,9.555798851938502869e-01,7.103039872548578826e-01,5.619329910180277388e-01,4.464322755601257686e-01,3.370404408717169176e-01,2.315177800042371725e-01,1.722390700132045982e-01,1.761132132560772057e-02,1.879892059885113209e-02,1.101675345853907473e-01,1.109107064788843466e-01,2.142296934753503690e-01,6.066430299223239953e-01,6.221415854989748029e-01,7.372064958720194738e-01,7.578868562715207480e-01,8.408149078105019436e-01
3.800630000000000000e+05,9.357193848971592232e-01,9.291767017059909817e-01,9.229591710373660218e-01,9.130451658431566475e-01,9.006158409370083051e-01,8.360759957657795116e-01,6.071948937959319448e-01,3.880290156057506490e-01,3.584306867447405454e-01,3.131955307458894611e-01,4.357628063323448764e-02,4.386144558136306770e-02,5.654528370228373291e-02,3.762143849508027271e-01,3.766780356185334133e-01,5.813332008108665905e-01,5.842396384916267449e-01,8.489328688642175935e-01,8.557017230878489755e-01,8.622216193605231060e-01
3.800640000000000000e+05,9.921040869356535508e-01,9.800112387818625814e-01,7.231041044933975703e-01,7.097558097406071465e-01,6.717005652980173602e-01,5.723477288953815467e-01,4.727156901129850874e-01,4.283034996140461237e-01,4.223197524883860465e-01,2.829602056718547587e-01,5.523915261777934127e-02,7.139989467161234060e-02,8.908547554955315029e-02,1.900125624021007376e-01,3.037157695026287962e-01,3.100045069941427256e-01,6.987814258347314622e-01,8.002138467640798059e-01,9.192850304470286948e-01,9.643281917420023497e-01
3.800650000000000000e+05,9.401115038777335675e-01,9.270860464832871850e-01,7.944134400192649492e-01,5.904066071431939289e-01,5.396613543130344137e-01,5.225156541739768290e-01,5.040799884216763393e-01,4.313656829544615379e-01,3.715442831932808110e-01,3.380303746816736288e-01,9.748505947075214451e-03,2.343044961049894903e-01,3.630827182565128375e-01,4.108422765274944988e-01,4.400030879867220523e-01,4.614814490906775646e-01,8.257781348492544415e-01,9.128020997239005840e-01,9.196370302367610217e-01,9.448946605391457254e-01
3.800660000000000000e+05,9.954003391842330961e-01,9.853733515566643897e-01,9.311161949558082185e-01,8.895527477419630236e-01,6.887588963800671538e-01,6.798314583596259952e-01,2.408858966633846688e-01,1.970520162236498729e-01,1.732866113534029529e-01,8.428847801818628582e-03,3.828643856127800227e-03,1.599248711067851048e-01,1.711631308604960600e-01,3.119283411231601466e-01,4.371998724208209230e-01,5.439864798749564079e-01,5.469490870090104595e-01,7.266880719590147475e-01,8.009209580070659751e-01,8.343909460919191057e-01
3.800670000000000000e+05,9.550348473348084788e-01,9.189585272605454991e-01,7.742472957146573354e-01,7.478233182830840153e-01,6.296261583684016339e-01,5.252112733562124269e-01,5.038479562720548088e-01,2.574866637937018865e-01,1.206112944914471408e-01,9.376992696948771577e-02,6.866367611234158730e-03,9.292743971814809711e-02,1.147396335476850160e-01,1.821682466614057416e-01,2.071512981493631722e-01,4.317312682717542316e-01,4.822306585452919014e-01,7.439563843172033453e-01,7.825475076833569021e-01,8.118083967477848217e-01
3.800680000000000000e+05,9.045212837848664034e-01,8.403632489760056723e-01,8.193486093492050593e-01,7.349560836655824048e-01,6.039138912157682171e-01,5.639804743668447307e-01,3.961003123969608630e-01,2.792759710042524990e-01,1.994312322022006034e-01,4.712056910696271750e-02,2.254071916930322494e-02,1.800583614971081881e-01,3.257711475840963100e-01,3.712753364322560756e-01,6.124857921244566406e-01,7.112135333904567869e-01,7.867563603479331702e-01,8.428284287561489396e-01,9.321825456679556643e-01,9.890469784351214599e-01
3.800690000000000000e+05,4.966329347386236881e-01,4.597840933670692687e-01,4.011547769746774961e-01,3.438835363455998717e-01,2.693748162606725005e-01,2.215872297801710911e-01,1.612600654036817627e-01,1.359957956293775805e-01,9.687164214236898552e-02,9.038827240062341506e-02,8.474184491870673241e-02,1.055309414890212016e-01,1.337929436425009389e-01,5.059785405708995265e-01,5.598977863891998474e-01,6.308974488181759988e-01,6.662004452309193692e-01,7.670089556281821652e-01,8.956821490705846323e-01,9.757324468687536001e-01
3.800700000000000000e+05,9.791812261098805648e-01,8.340382252543632191e-01,8.121039709374989757e-01,6.954266997120476246e-01,6.467934306099193398e-01,6.174420752486837749e-01,5.898573200659557036e-01,4.976851272014717331e-01,2.120105186868935787e-01,2.046678942037044591e-01,9.596212066341425206e-03,1.526463474884764970e-02,1.386093534647526715e-01,2.143778741386066500e-01,2.245227552505899560e-01,2.294414039367596025e-01,2.461609773035632331e-01,4.787468995916256409e-01,4.904614920627152763e-01,4.949344799945083473e-01
3.800710000000000000e+05,9.879722035961461257e-01,8.544075932359367354e-01,8.261925689121930594e-01,7.508920437651583901e-01,7.131741017872983424e-01,7.101023261936882935e-01,5.049806324124919144e-01,3.005979220705479182e-01,9.155016493860235194e-02,4.203259857875940586e-02,1.894079790163205601e-03,7.869147795583986138e-02,1.078838273064253173e-01,2.771703143046687634e-01,3.314445804612288216e-01,4.381452449628719936e-01,6.363432238588787593e-01,6.607725860743752788e-01,6.675129141429844148e-01,6.816841392054230342e-01
3.800720000000000000e+05,9.985870239872358667e-01,9.975337522590537187e-01,9.973324972852898318e-01,9.108750798582198049e-01,8.565031403445038105e-01,7.931528888027952195e-01,6.534376280712671514e-01,5.382423536234161032e-01,4.256696473624563826e-01,3.747452085659941368e-01,1.380243418869140370e-01,3.646143552374500052e-01,4.084581506137349161e-01,5.000877604313499480e-01,5.138110102399897627e-01,5.366199803052729145e-01,5.390390096916869433e-01,5.720341148648273588e-01,6.125144766450969502e-01,6.367924128355528790e-01
3.800730000000000000e+05,9.908142393033474438e-01,7.970645977050461184e-01,7.764916258589663611e-01,7.374365693612362493e-01,6.480412811316424992e-01,5.263739651285752608e-01,4.980205151354756277e-01,3.162675257285416652e-01,2.548555026018737291e-01,1.493412958455415662e-01,7.129484975085287335e-02,1.463065706495081386e-01,1.930456998889451548e-01,2.594428342485989303e-01,2.915895967328463456e-01,3.650894532835217143e-01,7.569718298144134661e-01,8.511805261539344691e-01,8.683590780434915501e-01,9.581814612438106504e-01
3.800740000000000000e+05,9.962474536650968160e-01,9.877587789452833000e-01,9.870019683198205662e-01,8.877271038889914534e-01,6.321173089982068394e-01,5.809905926563538880e-01,5.758904899785742826e-01,4.739305942381386583e-01,3.972453812715446286e-01,7.356315030846583003e-02,6.516544640032373437e-03,9.209177794232770164e-02,5.342667446768755157e-01,5.498604747994958464e-01,5.661518669182089569e-01,5.771075784467437630e-01,7.252513102474976714e-01,7.421687129878062894e-01,8.057470939199294913e-01,8.586349778411386247e-01
3.800750000000000000e+05,7.653118280450545985e-01,7.474004265904690136e-01,6.956586087061047419e-01,6.789797055725492747e-01,5.173530107981257897e-01,4.169721571343304456e-01,4.137488843271032168e-01,2.266457532619758908e-01,2.115930962673016058e-01,1.891347680176863610e-01,1.103574199938466283e-01,1.140754303637381284e-01,2.621950632589334917e-01,3.568283893144129637e-01,3.744968054420888537e-01,4.657234844406824559e-01,4.684385397367140103e-01,4.878399756495599426e-01,5.556077519891164940e-01,5.733682255536606265e-01
3.800760000000000000e+05,8.994283416313880730e-01,8.895733112391780439e-01,7.901215320629996208e-01,4.542446739383682042e-01,3.483021725432333682e-01,3.220345564196511745e-01,2.961676636891082959e-01,2.366264897183413263e-01,1.316759389059293239e-01,6.496379033124233260e-02,3.570646728589033092e-02,7.741475569256572875e-02,3.021628149783965878e-01,3.069761991056627615e-01,3.096942035337902910e-01,4.218870742056543000e-01,5.341288896079374737e-01,5.661444964976445338e-01,6.804153434573492198e-01,8.210926967531169129e-01
3.800770000000000000e+05,9.149710418628699271e-01,6.837391185540075966e-01,6.315590721333077528e-01,5.858188129391950216e-01,5.181433598524031181e-01,3.217961075504235380e-01,2.922048551535445515e-01,2.759991957880781888e-01,2.561606532840224881e-01,3.911430520536685052e-02,3.484883529049997986e-02,1.657173088639031233e-01,1.836873692943878922e-01,2.397699607609781181e-01,2.712456893302406247e-01,2.867900541618847443e-01,3.834770874879155356e-01,4.520461156513394529e-01,6.446297704308662224e-01,7.186745320808402004e-01
3.800780000000000000e+05,9.294533972442677872e-01,6.214413903189415223e-01,4.471030177989790966e-01,4.180146330834614288e-01,4.123393095061125280e-01,3.564072115796134144e-01,3.017094021462785047e-01,2.793260937431234492e-01,2.711929452269205010e-01,1.157172127486969515e-01,1.057476960015704126e-01,1.321045099715195681e-01,1.645795500239131126e-01,2.749893206152425051e-01,3.043272512876529223e-01,3.423706384810225600e-01,6.139761846884562724e-01,6.414757003441445837e-01,6.430980959846234191e-01,8.713557934859160747e-01
3.800790000000000000e+05,9.911627266720817175e-01,9.477763599506747738e-01,9.191476320638032327e-01,7.234507798659468580e-01,6.107522102497976446e-01,5.709005246370230102e-01,5.304738319842324801e-01,3.457054739861240567e-01,2.258282829485149801e-01,2.032191446764570752e-01,7.608046966030834746e-02,1.113233728508025155e-01,1.909331882497621313e-01,2.018319378614653603e-01,3.111397524368094691e-01,3.269148045066756492e-01,3.655524814486469376e-01,4.735790238574110189e-01,4.909950775404153811e-01,5.219282130961493404e-01
3.800800000000000000e+05,9.920114476650223612e-01,9.026966434421782592e-01,8.522132990749483605e-01,8.197681777123437818e-01,3.872237093286463594e-01,3.867394888591751956e-01,3.672462900372076566e-01,3.258983981401516461e-01,3.250779911385215382e-01,2.613612294909196665e-01,2.676479783755381092e-02,2.211380792984829480e-01,3.033588875644965821e-01,3.840659304033203769e-01,4.348808059804152304e-01,5.887423170215502211e-01,6.176091007701763891e-01,6.876986927697952279e-01,7.046099062907139610e-01,8.624200409065428952e-01
3.800810000000000000e+05,9.698725705497480698e-01,7.448644126818328992e-01,6.446618790355640449e-01,5.614472038232228845e-01,4.306690626857240245e-01,3.738457049983708869e-01,3.450270232514281998e-01,2.746726192049987469e-01,2.140756776933409045e-01,1.282733101246856799e-01,1.072482781738688384e-01,1.087635991579638528e-01,1.278238391506014704e-01,2.753396650874784246e-01,5.870734638086075874e-01,6.192773688279616939e-01,6.766150291210369927e-01,7.137435433095704607e-01,8.022709823457424561e-01,8.262326888103375122e-01
3.800820000000000000e+05,8.704231451761564875e-01,8.519298652375648651e-01,8.344511241341637797e-01,7.877650000072747849e-01,7.148834577335156926e-01,6.922375705261029077e-01,4.929425935473343845e-01,4.478186907609732481e-01,4.110396528926856252e-01,3.177063239618305168e-01,1.496948949830458897e-01,2.221277235621366142e-01,4.714171321949564009e-01,5.961451687749329542e-01,7.292673346078630825e-01,7.802794377426435224e-01,8.816444296246386259e-01,8.919327350774878260e-01,8.996253954579703782e-01,9.128883830644424213e-01
3.800830000000000000e+05,9.374679674270682828e-01,9.159412267086876058e-01,8.411658787588718322e-01,6.902440153235260833e-01,4.920546172476161217e-01,2.414560654745054880e-01,2.155788018919682081e-01,1.846612123213905443e-01,1.352006447563981473e-01,1.241151519536157766e-01,1.303890440476074275e-02,1.519828482567220362e-02,8.429205506362935640e-02,1.782460435888548744e-01,2.672355880798034100e-01,3.005904110243100558e-01,3.703193160521737193e-01,3.961223444322913290e-01,5.202009570473458133e-01,5.808602362301734656e-01
3.800840000000000000e+05,9.889504415481841226e-01,9.554638660560855756e-01,8.912589106044326304e-01,8.169305996003050074e-01,7.644959492340958063e-01,7.558232563298207252e-01,6.436211436715425505e-01,6.133477096416750651e-01,4.577317351501221099e-01,2.215603438320494778e-01,1.183279599925327608e-01,1.504769506510238442e-01,2.605237005780356441e-01,2.844174680520350496e-01,2.967823357963017550e-01,4.683725638411637693e-01,5.104431594460090427e-01,5.390430850811614993e-01,6.172870873087035193e-01,7.488003001732286279e-01
3.800850000000000000e+05,7.042817823242571995e-01,5.201354051247873977e-01,3.816115294130634217e-01,3.160420091898328288e-01,2.740912498742273939e-01,2.392717697473724092e-01,1.678077885156250559e-01,1.624760959576960762e-01,1.436305503660940674e-01,1.337415925919351878e-01,6.939430051849937442e-03,1.930443015280014496e-02,1.227940067357925491e-01,2.148182716411565218e-01,3.231986776491557745e-01,5.236559480589996207e-01,6.068780273964581307e-01,6.200243426410976255e-01,8.180097295347049657e-01,9.948512749317879322e-01
3.800860000000000000e+05,9.806300929412814504e-01,9.016219862954650832e-01,6.100331203479609776e-01,4.512224188392702784e-01,4.039779086914494499e-01,3.885315551169908899e-01,2.985074637195385128e-01,2.249352894257281577e-01,1.273065850284769152e-01,6.954683166757047452e-02,6.568490551147887491e-02,1.374787101892371854e-01,1.635934941968019141e-01,1.704836410925406609e-01,3.022208797447841766e-01,3.036342760444288302e-01,3.566180262622183905e-01,5.914045819264586168e-01,6.405360157858100978e-01,8.462287009290072604e-01
3.800870000000000000e+05,8.459458198598510670e-01,7.995547562815102927e-01,6.405782561594522972e-01,5.530987937264280063e-01,5.486108618981553331e-01,5.283857789503111357e-01,5.017493359578293344e-01,3.772049526079502835e-01,3.093864946733906329e-01,3.021353713954384457e-01,7.595235112551212975e-02,2.063637726944526074e-01,3.207452520965681231e-01,3.715522040947867310e-01,4.860840114541437051e-01,4.956841410691260608e-01,5.953229765059677714e-01,6.524808682694446249e-01,7.228144461618583039e-01,9.222223372156972410e-01
3.800880000000000000e+05,9.537518735567469541e-01,9.432899134835629473e-01,8.497126082555668258e-01,7.871650574907943509e-01,6.196407420241358821e-01,4.321569745616403724e-01,3.685093419402393211e-01,3.177445185727418853e-01,2.951886449825160685e-01,1.051988641063478225e-01,7.059419417760204318e-02,1.668593153876577473e-01,2.579677009427822076e-01,3.057668010986945850e-01,3.203529974807759473e-01,6.473844304918157100e-01,6.666048616966071538e-01,6.861682193802535190e-01,7.388107218205292037e-01,8.356419361117868316e-01
3.800890000000000000e+05,9.825235858146398327e-01,9.599767717409750656e-01,9.299943996365118704e-01,6.093554025918510586e-01,5.461971533723996020e-01,4.944341878621923980e-01,4.030660678307398381e-01,1.924418180432914127e-01,1.787484351637185220e-01,1.434034463112079383e-01,9.272681072282173975e-02,2.032681000674537719e-01,2.984496981243319746e-01,3.499282975739476109e-01,4.931162635817272211e-01,5.729438266820421344e-01,5.960980968054708784e-01,6.561081068709340158e-01,7.135716093149265804e-01,7.217943835210454129e-01
3.800900000000000000e+05,9.845821350050574239e-01,9.632751947365711942e-01,9.257736905051140441e-01,8.455738728682697936e-01,6.955823866739020422e-01,6.214159047169512951e-01,5.474578225413733179e-01,5.241612884405927320e-01,9.848858556175532630e-02,4.982308160466641933e-02,8.676139796851112251e-03,1.755727058179175071e-01,2.302079474925009528e-01,3.389807584503661264e-01,3.978616909512253663e-01,5.025551598767931116e-01,5.058956357764222700e-01,5.908001173563897090e-01,8.659357083569865221e-01,9.098718618140290149e-01
3.800910000000000000e+05,9.927786415202208836e-01,9.834664747236632198e-01,9.514088311996747871e-01,7.654190894307274506e-01,6.781473080915534357e-01,5.224314847933125838e-01,4.096384907352577098e-01,3.707124649869392163e-01,2.968005778388644877e-01,1.377964965851875556e-01,1.927349299639147251e-02,8.790776210678807878e-02,1.312263533897279899e-01,3.336554112524511284e-01,3.508410389864433654e-01,3.765332822614377850e-01,3.842235863914291727e-01,4.275739241881980623e-01,7.802639565598199489e-01,9.543541297123040446e-01
3.800920000000000000e+05,9.791535882337552010e-01,7.776582482181366718e-01,7.385661477903610050e-01,4.930851363091781625e-01,4.600858378791660153e-01,4.311442935653087005e-01,4.234723291970241554e-01,2.367323235455833785e-01,1.238082452925157728e-01,1.073717247079029047e-01,6.245653418765872988e-02,1.815212150283609382e-01,2.945866975934160470e-01,4.732772377356934124e-01,4.741505236371238441e-01,5.381608289572110682e-01,5.866051226229941351e-01,6.107346481920188364e-01,8.717252097462111493e-01,9.483445475720848616e-01
3.800930000000000000e+05,9.993729264857211803e-01,9.250165094751618966e-01,8.688531758839536101e-01,8.674014044594005046e-01,8.429490356243986016e-01,8.332058960427423111e-01,8.293876982369952078e-01,7.698986792958224523e-01,7.328201639964213587e-01,5.982382262770735704e-01,3.287418444913836613e-02,1.397041798056259942e-01,1.655824163045256370e-01,1.688189821433849769e-01,1.817302893228905925e-01,1.877360957020054455e-01,2.395709068463688363e-01,4.085308095298778586e-01,6.138729011037949990e-01,6.362697810899964335e-01
3.800940000000000000e+05,8.159543024053478311e-01,7.357844232309348476e-01,6.528714006913353129e-01,5.732672878001010552e-01,5.319007157895800919e-01,4.064242546023821845e-01,2.709423359681719656e-01,2.426005833354292207e-01,2.271611092172182156e-01,1.830487971540555314e-01,4.301392549390314901e-02,7.140628550714889222e-02,3.463229882729663700e-01,4.911272084591283837e-01,6.117476953699672038e-01,6.202749786924982578e-01,6.263771528175929859e-01,6.959069647871153341e-01,8.743463731325059607e-01,9.058864741105986385e-01
3.800950000000000000e+05,9.212864303558875312e-01,8.600798543018582931e-01,7.203263655852900627e-01,6.586605057422475484e-01,4.834533775035237957e-01,3.173413296746395718e-01,3.067748030156196570e-01,2.362407516982460987e-01,2.189505299237323177e-01,1.301086708501819622e-01,2.715178843497889627e-02,2.113597621195932863e-01,2.564245999308711887e-01,2.725170150860769525e-01,4.866959972224108588e-01,5.943889235531029103e-01,6.451987131753371685e-01,9.188987085809071642e-01,9.599125560261700940e-01,9.692870651366859436e-01
3.800960000000000000e+05,9.173512251106747950e-01,8.999385821241893124e-01,8.524997847507752580e-01,7.994614591427879891e-01,7.970678706766809452e-01,6.494958416388920686e-01,3.862925064847309020e-01,2.913633981481028590e-01,2.531043183934991170e-01,2.348956445417151873e-01,4.303854114839977818e-02,9.908411287466700745e-02,1.827220779282054952e-01,1.899593585564468556e-01,1.977677742668636496e-01,2.164435680294493070e-01,4.223369199294302323e-01,4.592928858760794153e-01,5.766118705491137808e-01,7.355454519439301730e-01
3.800970000000000000e+05,9.243163194503938307e-01,7.217984692159856719e-01,6.331736320018163111e-01,5.996494577431820128e-01,4.883961560512178890e-01,3.161204738013331239e-01,3.118861843145654955e-01,2.667813614066655292e-01,1.887237207412462148e-01,8.298364303762384431e-02,4.322161201571206313e-02,2.513766558754743086e-01,2.916082039027531048e-01,3.802150379084665577e-01,4.471537210557917641e-01,7.504557564164389127e-01,7.661148123561636325e-01,8.916753724827956029e-01,9.341433020127360987e-01,9.400179027275500365e-01
3.800980000000000000e+05,9.962762718233069137e-01,8.709477915842986917e-01,8.469990296688342246e-01,7.573259458702472635e-01,6.223635282192444551e-01,5.252758268278546749e-01,5.203229309080407150e-01,4.679537696541394842e-01,3.168160500794231504e-01,2.523671385741493856e-01,9.424611395253723600e-02,9.776559761071124122e-02,1.168454192320123042e-01,1.763386558376482949e-01,1.953949152040898030e-01,2.239204547228808018e-01,2.515276710962802698e-01,4.125178050479829661e-01,6.173891550278328699e-01,6.297023393136810254e-01
3.800990000000000000e+05,6.193675850481323852e-01,6.185625004655100900e-01,6.016100646835192967e-01,5.967376423747816627e-01,4.960934124147868829e-01,3.724439432959335550e-01,2.684185231107968361e-01,1.560402746480855640e-01,1.351902537688600692e-01,9.902607800334106702e-02,2.535827822411063082e-02,1.140982401261099177e-01,1.193051796444751789e-01,2.097819674212532126e-01,4.156921599037193271e-01,4.781174829918638514e-01,8.065193163602168980e-01,8.448777091266826966e-01,8.636946347188337869e-01,9.178684955371076981e-01
