2.800000000000000000e+05,9.855417364354802645e-01,9.125049073855332482e-01,7.702289463416459592e-01,6.211777920462259184e-01,5.686713895951749365e-01,2.398672060694005959e-01,1.868329260714014506e-01,1.697189683210842404e-01,1.667514507325981166e-01,1.401484027910986363e-01,2.353549902528651039e-02,4.306534597771294326e-02,5.404498865618279080e-02,8.743446881014238503e-02,1.197027826215274482e-01,2.921870284834463538e-01,3.820489003008020745e-01,4.356717092552264692e-01,4.728850905124232229e-01,8.893322370050374959e-01
2.800010000000000000e+05,5.565083189294480759e-01,5.009979524378105342e-01,2.892029440848512545e-01,1.974791356890170935e-01,1.833176716649752569e-01,1.797465233632370429e-01,1.216598878230111813e-01,1.189122258000718801e-01,6.356204971102696888e-02,5.878516312308401659e-02,3.010930984408632938e-03,3.214143588824655007e-01,3.658866367570243749e-01,4.019111540780293534e-01,5.543637401490170147e-01,5.974776983653435902e-01,6.576937338872119732e-01,6.626899000094294001e-01,9.374533849735767754e-01,9.893394071771671738e-01
2.800020000000000000e+05,7.579496444065246807e-01,6.550185335499333350e-01,5.634404927143992214e-01,5.015819453513170600e-01,4.792183762379105261e-01,2.525413109796992295e-01,1.872387124901845334e-01,7.537044758955813162e-02,1.674264784998924505e-02,2.126292025301568245e-03,1.546692941800764665e-03,1.191377482005839816e-01,1.855806106594901639e-01,4.641066932643225229e-01,5.921249089452552683e-01,7.956896583695879377e-01,8.051694661847068613e-01,8.400707781211275149e-01,8.764975627443142292e-01,9.971262277864759715e-01
2.800030000000000000e+05,8.278871830658018904e-01,7.944802671918622661e-01,5.984475773087549744e-01,5.713650766525186775e-01,5.666682987544058303e-01,2.966473823654921516e-01,2.689347804957793464e-01,1.017115533818097051e-01,4.760120428400715920e-02,4.157922538076874730e-02,2.331001323953862947e-02,4.244309920976403472e-01,4.370550250194759068e-01,4.746090092201781241e-01,6.660145122775255055e-01,7.408061676857276012e-01,7.931517059847766893e-01,8.370289727788904344e-01,9.291433275228955235e-01,9.644133983031198953e-01
2.800040000000000000e+05,8.205054183692229719e-01,8.089582176468691488e-01,8.037201876153168278e-01,7.604069722301427525e-01,3.475005495026611824e-01,3.283360985309435875e-01,2.711482469484615132e-01,1.856286910364993714e-01,1.456266326983440829e-01,1.182315503177737703e-01,7.011159837843450315e-02,2.720972179468640340e-01,4.078118983103795614e-01,4.353720100771477641e-01,4.718489937675994783e-01,4.791968452120124455e-01,5.193313252607865138e-01,6.980897449920907549e-01,7.648250263646099167e-01,9.128628630697676050e-01
2.800050000000000000e+05,9.900974235144857083e-01,9.768425068732147221e-01,7.984196381528757547e-01,7.869047357816376653e-01,5.361262477780526226e-01,4.573311453267238091e-01,1.879616376514239295e-01,1.554678368235388186e-01,1.417015210149280557e-01,1.275451110387508802e-01,3.065674018475406104e-02,7.571977099589977112e-02,8.801057316473492875e-02,1.593499243872921189e-01,3.625554294433736002e-01,4.251097299791658513e-01,5.934973939641337015e-01,7.428774492756663461e-01,7.742755277283868143e-01,7.772942635898051345e-01
2.800060000000000000e+05,9.472744288926425726e-01,8.839141524545329753e-01,8.805044629438980586e-01,8.734440659527471507e-01,8.683823773895742448e-01,7.202886560585424203e-01,6.065898581778736975e-01,6.036700539397783505e-01,5.453557968382981569e-01,3.703521782033487586e-01,1.124170957052722519e-01,3.157870702654650419e-01,3.718206635020594453e-01,5.456929107151715641e-01,5.477497819579679739e-01,8.551531133653140770e-01,8.734640476338109139e-01,8.979463868348857014e-01,9.025031580591330593e-01,9.766973271975017967e-01
2.800070000000000000e+05,9.229583370651227581e-01,8.401566841845908851e-01,7.115161322379077724e-01,5.237687686653634822e-01,4.587261464380117948e-01,4.185452959043838295e-01,3.497518868238007617e-01,3.039303802639501395e-01,2.420564251700509928e-01,1.307819215628432952e-01,8.129388151146121899e-02,2.043603108512315192e-01,3.553983046288111680e-01,4.109646534128159612e-01,4.941974900401553406e-01,5.246156467297544701e-01,6.824982910284960180e-01,9.229922117310858098e-01,9.513455404240779290e-01,9.572438002275679425e-01
2.800080000000000000e+05,9.425975132182170535e-01,9.197490717626457535e-01,8.140061624673297080e-01,7.689199533752714144e-01,5.903621218678173355e-01,5.626326090270120650e-01,4.615736338903724256e-01,3.665261564656385751e-01,3.727771961294312764e-02,3.333477387420724636e-02,1.222297488914891872e-03,2.599109609172478574e-02,7.152127608070557585e-02,7.983023470818373379e-02,3.364566906275958669e-01,3.387973043334936429e-01,3.452982920850562465e-01,4.581747312645862991e-01,6.997156902755969909e-01,7.391821749001608044e-01
2.800090000000000000e+05,7.485703008554844828e-01,5.139013529643695621e-01,5.106374976994304538e-01,4.841303333502695594e-01,3.724868944562526041e-01,2.788283881706336009e-01,2.681706074331468015e-01,1.967611644321783926e-01,1.617317543971311666e-01,1.433676573684754540e-01,1.176763341960715969e-01,1.325353367260334592e-01,2.132412221088877402e-01,3.553144519688494762e-01,3.624116769134364535e-01,3.786901949596005457e-01,6.775117768018606990e-01,7.311616155051775534e-01,8.639462135281171795e-01,8.704554505579820134e-01
2.800100000000000000e+05,9.101810160184660159e-01,8.574713645556941710e-01,8.144968443531184210e-01,7.863756794837657438e-01,6.840980732657074848e-01,5.898957879389342684e-01,5.846878656081591075e-01,5.531056718913982539e-01,2.187878619315221096e-01,9.457458779891514400e-02,9.237799662275680834e-02,9.958136275174001018e-02,1.021631321051831298e-01,1.131770233736777431e-01,2.512179785012103039e-01,3.393576257350874315e-01,6.228636184639618767e-01,9.166014156127418877e-01,9.235562108288913885e-01,9.944920312349464497e-01
2.800110000000000000e+05,6.783606634869170371e-01,5.063464064275364773e-01,4.260613895848918142e-01,4.188966323514438095e-01,3.138987739616370121e-01,3.074117862906432519e-01,2.400414330982457711e-01,1.885119019200993673e-01,1.655601519243935504e-01,1.006184949975675869e-01,2.533412877993024281e-03,8.744486702532106026e-02,1.675040896356815301e-01,2.113947799792020854e-01,5.341848705518049689e-01,6.699796984325501192e-01,7.289839518003843333e-01,8.067192952576065501e-01,9.224187332661947236e-01,9.956397854324779972e-01
2.800120000000000000e+05,9.723423385138723063e-01,8.099684645981334308e-01,7.958027024124545434e-01,7.659100341456609451e-01,5.586267189521186838e-01,4.636794978326609362e-01,4.070075879583444634e-01,2.189218006964169794e-01,1.467827945938579015e-01,1.161150538737514282e-01,6.700024856733377554e-03,2.880647129210137658e-01,3.311802514815973542e-01,4.246560753797593568e-01,5.327197716235795300e-01,6.453677753348664448e-01,7.053608600805041373e-01,7.355033037110971783e-01,9.365272911948714363e-01,9.676372368312070593e-01
2.800130000000000000e+05,6.584561576846256203e-01,5.951670539222674305e-01,5.423783285563847922e-01,4.058298535602720136e-01,3.760271154479599698e-01,3.274189919410658289e-01,1.971236713671528085e-01,1.792198763353042290e-01,1.691977092479577394e-01,1.142733178563551943e-01,3.201770378968926689e-02,9.479631688155876201e-02,1.026697925393519339e-01,3.173945549251435683e-01,6.649449653861873033e-01,7.152108823359404344e-01,7.347829455042789171e-01,7.742819510477256806e-01,8.549608306844659333e-01,9.366167325116687703e-01
2.800140000000000000e+05,9.056377845774377100e-01,8.661731695049396107e-01,7.993728301506417555e-01,6.201077018316952794e-01,4.591832537483740984e-01,4.422172925647931407e-01,1.635723998527147671e-01,1.506578000241561854e-01,1.252628309749774793e-01,8.204516275194162489e-02,5.936344055048459190e-02,8.235545249858933214e-02,3.905408271646053642e-01,3.933984613913366069e-01,5.138483689858750481e-01,5.331879409383087909e-01,5.868967443831866193e-01,6.340772926888204042e-01,6.359082449134941806e-01,6.596604493826625504e-01
2.800150000000000000e+05,9.833184224334100554e-01,9.791069102071527919e-01,9.590639229311376246e-01,9.319533396499343203e-01,8.992512943535849734e-01,8.879084524746965190e-01,8.169676267372073530e-01,7.573579628555768828e-01,4.142688298988067563e-01,1.712111323660621132e-01,3.870693018723203593e-02,1.100389945488737808e-01,4.062966924967641447e-01,4.295442934132980284e-01,4.365896090949398234e-01,4.698422363558856230e-01,6.635178846580618295e-01,6.672501199493143798e-01,8.189284818444205749e-01,8.276865219523428241e-01
2.800160000000000000e+05,9.721954081594772479e-01,9.583699453785505806e-01,8.996344537793835583e-01,8.422678502316423010e-01,8.111157103714222716e-01,6.967972778422155677e-01,6.586093547254778802e-01,4.979980309835957408e-01,5.413333885334792317e-02,2.805593465680522591e-02,2.374130180748601493e-02,2.512225756749097982e-02,8.068495626953631206e-02,1.258459188122249550e-01,1.456574674913362344e-01,2.721096609297664060e-01,3.181473477194852739e-01,5.260067880765199044e-01,5.281275920617370945e-01,8.631697594953875452e-01
2.800170000000000000e+05,9.344530070154991597e-01,8.642537256382113453e-01,8.398100300701470955e-01,7.982218292049336750e-01,7.020709261392455991e-01,6.782995981742944158e-01,6.352175468774092781e-01,5.045890606421340463e-01,2.859017496112932211e-01,1.454605936660551269e-01,1.273879616200805920e-01,1.533870536137399432e-01,2.258175930702543965e-01,3.796288002769147019e-01,5.100521188877052969e-01,5.224603456555741987e-01,5.584965683932936464e-01,6.514291619670954381e-01,7.085142757412631331e-01,7.189430830959115948e-01
2.800180000000000000e+05,9.806341125919633139e-01,8.888084496454269345e-01,8.502615994174130831e-01,8.388741790871844239e-01,7.998195829952522429e-01,7.261158660957436339e-01,7.247010142063025073e-01,2.481511237559914651e-01,1.791329526080781553e-01,7.909892177724486828e-02,1.469699668033219719e-02,1.663547120204502683e-01,2.969615460213742564e-01,5.182185496826337001e-01,7.183630456229297412e-01,8.374466746477310375e-01,8.429391478800034587e-01,9.461756114424496600e-01,9.480353067122471167e-01,9.772992403779667825e-01
2.800190000000000000e+05,9.254237691730815563e-01,9.150691354771404162e-01,8.508847570703138574e-01,8.197254554630283296e-01,5.930681052257729124e-01,5.472285082530310429e-01,3.184690389163713498e-01,2.983369542637894778e-01,2.970612325192812930e-01,1.640468019877641126e-01,9.424646138556769248e-02,1.550661600826691577e-01,2.991744589453009251e-01,3.067850365602255991e-01,4.674537575667123690e-01,4.936532447767230103e-01,5.854238171043222305e-01,5.877203088820994736e-01,7.184786537720271316e-01,7.257126115901005869e-01
2.800200000000000000e+05,8.217103150924957022e-01,7.655031514357039102e-01,6.824521043501921014e-01,4.003386955257650648e-01,3.604072798230673058e-01,3.121922742759558611e-01,2.494306733324624936e-01,4.123635963064897769e-02,1.560434791629994322e-02,1.508433266490438740e-02,4.414098082529238631e-03,2.059178988631471530e-02,3.082408950248185509e-01,4.074454420454159953e-01,6.149485803650720506e-01,6.798936857319342053e-01,7.666837294715554973e-01,8.246132514420957405e-01,8.479826771331430146e-01,8.624066117828296241e-01
2.800210000000000000e+05,9.411944381075496580e-01,9.291888694737268084e-01,8.925219917886502152e-01,5.737002271797428943e-01,4.594339438229875228e-01,4.000256178766364856e-01,3.234685610634392416e-01,2.405113430861325341e-01,1.461627283510795738e-01,1.259016286051211075e-01,2.036885756215678356e-02,1.253014352848934587e-01,1.773515842565066558e-01,2.112574252060734903e-01,3.722043815195066330e-01,4.590675557243178995e-01,4.641277881782753800e-01,8.696743041896161097e-01,9.008383128748330693e-01,9.384445565152665925e-01
2.800220000000000000e+05,6.261250945786113187e-01,6.125212133120513380e-01,5.777792355187721940e-01,5.666400781289030464e-01,3.047719731713207647e-01,2.503225419406305274e-01,1.863790582040826260e-01,1.490435203553673871e-01,1.334066967280673754e-01,1.056379391733629491e-01,3.767328573786277168e-02,3.257763660201800082e-01,6.485676810044516127e-01,6.726949885769416548e-01,7.226745845335907914e-01,7.235803523124393344e-01,7.526125784329469326e-01,8.199773499998489479e-01,9.352184300567437658e-01,9.926780984228618099e-01
2.800230000000000000e+05,9.524078316717787818e-01,8.693000269213246867e-01,8.374962882567310585e-01,7.366098725238429124e-01,7.198915858665847489e-01,5.745291222106569951e-01,2.915187953011737498e-01,2.321143899490373252e-01,2.092952111808704663e-01,2.027083162282034001e-01,1.087568558892634263e-01,1.603594428868061472e-01,2.266151886131381188e-01,4.108070560739880417e-01,4.520275111789288092e-01,5.481892682918531046e-01,7.979660989331017751e-01,8.046361492605662580e-01,8.543364506497425070e-01,8.956079826361217355e-01
2.800240000000000000e+05,9.217265867115188582e-01,9.008572529044144295e-01,8.490054655351833013e-01,8.136492805770352277e-01,7.655503756103227975e-01,7.443161861119866884e-01,6.813760134077458952e-01,3.857328766183549806e-01,2.576393414451181307e-01,9.662946209600131731e-02,8.436357244192449478e-03,1.217708609681590337e-01,2.051207974589187577e-01,3.903714894450500683e-01,4.708706615956583796e-01,5.904243872964352047e-01,7.113262979057742852e-01,7.313155898568777236e-01,7.994932329646923241e-01,9.709629111101263366e-01
2.800250000000000000e+05,9.796423509986915690e-01,7.328046783805567399e-01,5.507228119072833383e-01,5.256303717251067376e-01,4.561605599104060493e-01,2.307264158170363455e-01,1.741047045101218327e-01,1.631514488693891485e-01,1.585884347387157556e-01,1.336721539749160526e-01,3.614600826427427638e-02,1.604173207780170696e-01,1.805580054720868910e-01,1.853663052803344868e-01,3.823665265547220304e-01,4.273601234577126817e-01,5.522352501398771762e-01,7.664983875050102036e-01,8.379802556868890528e-01,8.977712642434639845e-01
2.800260000000000000e+05,9.936848368461151937e-01,9.525446200290587084e-01,8.627439726048055091e-01,8.287029088751064476e-01,7.050702009075182630e-01,6.579580389205430535e-01,3.614302591111723251e-01,3.577885436947281228e-01,3.506718227995819781e-01,2.977092377975392168e-01,6.355104616368734138e-02,6.943934329732115440e-02,1.100446824020214764e-01,4.384486988187952239e-01,5.804585796145298460e-01,6.857833460516448154e-01,7.475532588169616632e-01,8.533244498383231180e-01,9.231160883168804121e-01,9.971079599181714714e-01
2.800270000000000000e+05,6.744421027615042918e-01,5.790116561248632721e-01,5.562425626225023789e-01,4.882921723145207116e-01,4.298751141134402598e-01,4.157887420821075874e-01,3.945169400461456810e-01,1.250661366214744774e-01,1.220081870146202396e-01,6.619983829416786758e-02,5.208523484687932470e-02,9.091742129672852890e-02,3.161340465786638410e-01,4.907579872249705488e-01,5.827447643607982508e-01,5.965916802946700237e-01,7.013823124972790035e-01,7.027226296164825747e-01,8.880558002375641413e-01,9.455334135019994868e-01
2.800280000000000000e+05,9.388607292663019299e-01,8.692945487802546944e-01,8.295828994207391505e-01,7.376219257690594944e-01,7.236094372251770102e-01,4.874854284130885063e-01,1.847122240425098649e-01,1.731725129935557383e-01,1.612093258596308809e-01,1.098845862277548768e-01,3.861048145783474439e-02,5.824603707426789789e-02,7.623353410079347636e-02,2.517296617555409011e-01,4.686952014415367573e-01,4.747832405660368238e-01,5.460795715464289435e-01,6.281448029485149354e-01,6.609933649877341999e-01,7.306755466311997127e-01
2.800290000000000000e+05,8.554373438785679573e-01,8.477389947306075424e-01,8.470095864689438647e-01,7.841329714486154900e-01,4.577679792617266319e-01,4.383983743860490057e-01,3.901173056590496735e-01,1.794123507647666926e-01,1.667613763153146245e-01,7.570159128758002787e-02,1.966716207971630492e-02,3.161272393619052323e-02,7.005612691511697854e-02,2.690460797100862056e-01,3.572649626870266770e-01,3.667188994339914965e-01,4.365040122611154594e-01,5.272473079741342161e-01,8.960414288287905649e-01,9.859830067919332919e-01
2.800300000000000000e+05,8.210164909646738840e-01,7.218969932129636335e-01,7.149441021225261261e-01,6.632178084416434638e-01,5.758713836492004301e-01,5.286523491912319406e-01,4.590704191937613476e-01,3.836577693219840324e-01,3.434507742196969415e-01,1.221833786955470735e-01,3.742665938754152766e-02,2.243788250956511021e-01,3.231326508276868292e-01,4.308023508919284206e-01,4.380282931873870078e-01,5.019718845842316979e-01,5.670392187403006101e-01,6.513793720874834214e-01,6.690772853621760330e-01,8.406937367892713953e-01
2.800310000000000000e+05,9.953775014754744355e-01,8.843300893344907543e-01,6.449780989590558899e-01,6.407761718696073361e-01,4.877695925129901244e-01,4.252518168189204362e-01,3.958162261634374790e-01,2.838971195196597908e-01,2.020297923771539050e-01,9.783015851522203210e-02,3.844155488106182350e-02,1.783311292597419273e-01,1.937752741236452581e-01,2.827256625232342779e-01,3.153135283115762189e-01,3.334299392532203976e-01,5.691026845309612447e-01,7.393241430036937567e-01,8.102646112329842110e-01,9.960096917373810754e-01
2.800320000000000000e+05,9.747724783001878723e-01,9.700843538645114172e-01,9.642558904950601084e-01,7.487444482834249015e-01,5.319878716229879956e-01,4.011512110719812618e-01,3.639520794149829763e-01,2.053327194690973689e-01,1.617426256119064432e-01,1.533797967938415052e-01,5.559087861992784152e-02,1.284984274561596918e-01,2.594894995379398717e-01,3.074240966186216895e-01,3.815369181857258818e-01,3.883993493415655029e-01,4.118071266671957664e-01,5.243861729788205084e-01,6.367028339270330850e-01,8.208049888626858248e-01
2.800330000000000000e+05,9.752585547980766600e-01,8.330255288270920211e-01,8.267785879654908632e-01,8.104389078392493229e-01,7.788260278943053283e-01,6.545489963263858568e-01,4.870703374921105944e-01,4.314536406959259551e-01,4.215917767650724235e-01,2.351510593321121112e-01,1.336683163202262437e-01,1.565875590055596511e-01,2.226686701425553139e-01,3.140301370860045793e-01,3.645653025501417455e-01,6.031529337267625968e-01,8.825802676415781534e-01,8.873719519986378312e-01,9.636257193658361864e-01,9.765610950136414115e-01
2.800340000000000000e+05,5.415491570707161584e-01,5.114805107324208455e-01,5.004480114227246590e-01,4.484391419532710588e-01,4.235927103487546752e-01,4.007841721315731354e-01,3.566115566195731112e-01,2.575235847817216595e-01,2.276845042536599362e-01,1.309838634165835236e-01,1.850978777463296865e-02,9.104087020099249639e-02,1.127301213694621440e-01,4.227655740301514697e-01,5.468730083183725998e-01,5.783357524829102481e-01,5.896103545710950078e-01,6.614804826752205269e-01,8.583893843836457593e-01,9.635309556107440887e-01
2.800350000000000000e+05,9.122161454076065379e-01,8.694353941401957719e-01,8.141443504125213115e-01,7.401738405076062621e-01,6.989528789982532020e-01,6.356953739757199573e-01,6.148808795631908186e-01,4.937216167166442737e-01,4.826633607574863927e-01,1.319591980273098208e-01,5.649718937313463751e-02,6.231244624095855222e-02,7.484030922121254203e-02,1.141277753652678584e-01,1.278759356062111330e-01,1.402949423237211946e-01,1.581398576585284488e-01,2.465058713440552163e-01,3.790624888576847873e-01,3.999104631069002602e-01
2.800360000000000000e+05,9.781030750743984203e-01,9.327611476779235078e-01,9.036260080286793173e-01,8.152960154274083715e-01,8.134592858273932414e-01,6.079375565858773367e-01,4.744199664248875958e-01,4.648274162320367164e-01,4.008447849512442041e-01,3.507214914495088154e-01,1.462512003454032872e-01,4.077148600697564351e-01,4.582250627867376913e-01,6.362239383453296426e-01,6.451043788450198102e-01,6.933329739688286475e-01,7.165606305696187173e-01,8.503306814625470889e-01,8.544004988889722929e-01,8.785851024036136492e-01
2.800370000000000000e+05,9.863150859745001275e-01,9.218875260398892157e-01,8.711417449386450462e-01,8.492432653029742262e-01,6.054887526215468885e-01,4.968419738990960122e-01,4.827251550579716444e-01,4.545054094130803746e-01,4.386124497292560598e-01,2.011457591709322479e-01,8.154668690955446664e-02,1.794636598561185625e-01,3.349520647782269211e-01,3.734171542781976605e-01,3.810654409165279422e-01,4.512903780500299167e-01,5.610375534621057092e-01,6.420351876509802214e-01,7.473413619234100524e-01,7.574539123187667977e-01
2.800380000000000000e+05,7.149694122665003482e-01,6.960916173678234342e-01,6.860657483283673086e-01,3.421216289153757861e-01,3.219422436932143361e-01,2.804199537380445140e-01,2.799949815876430215e-01,1.318333038416196201e-01,1.186107218823676535e-01,7.297636474546842500e-02,2.924531543976105485e-02,3.256036496967728011e-01,4.748077024221588616e-01,5.091606879025118992e-01,7.265278970392541336e-01,7.367540460890209530e-01,7.495478969472733066e-01,7.612925844140852050e-01,9.590113404506256378e-01,9.602278087398616879e-01
2.800390000000000000e+05,9.197695624953752258e-01,9.073751815850569225e-01,8.848190890661061792e-01,6.626292540333337255e-01,5.345690465585852813e-01,4.953923723046431693e-01,4.708648817685997523e-01,4.523527961810105413e-01,2.671817650563165225e-01,1.521661232116302553e-01,3.901029846917425381e-02,1.849215522499381148e-01,2.687134885692452624e-01,2.721102184044258410e-01,4.283675362665353425e-01,4.675147897403437725e-01,6.143469900430227337e-01,7.983611713292719791e-01,8.226230383824207903e-01,8.642896144568144035e-01
2.800400000000000000e+05,8.163595636201662620e-01,8.015693088042995518e-01,7.925416687867742338e-01,7.614816070145853377e-01,7.314640750664905822e-01,6.530259134448568314e-01,4.351806499329587963e-01,1.845504149826585616e-01,1.777228230519950491e-01,1.575407020388874813e-01,4.660541718616795226e-02,1.064445472005578486e-01,2.114401520378130783e-01,3.437756830977188871e-01,3.873135144158288412e-01,4.753671536577260825e-01,6.376769034376338352e-01,9.090813339490602107e-01,9.178401528114932262e-01,9.321171075254258698e-01
2.800410000000000000e+05,9.418950094239268989e-01,7.496558581282584122e-01,6.810692586352441458e-01,6.633850877377029942e-01,5.270260587555393172e-01,5.012757974304151709e-01,4.967318372521901670e-01,3.395065430091961378e-01,2.373973799540548546e-01,2.288911865505564025e-01,1.606572873110811983e-01,2.489179861970630681e-01,3.550518045431848568e-01,4.948997261215557497e-01,5.464071047808437553e-01,6.364688426269962118e-01,6.682251819335554011e-01,8.345120296173021979e-01,8.718839220020316860e-01,9.265906185473903323e-01
2.800420000000000000e+05,5.879648930961245412e-01,5.667589797512467831e-01,5.209171236900269619e-01,2.432705535820944842e-01,1.942442564642589131e-01,1.654733080581813898e-01,9.207434778825596133e-02,7.411466328315130525e-02,7.296567228819528239e-02,5.932450558341784141e-02,3.211920016544056455e-02,1.134364997465100444e-01,1.416054220174944867e-01,1.519566534990438589e-01,3.393759185527343014e-01,4.727788941762879338e-01,7.767803646504307657e-01,7.847275735689271947e-01,8.192620462822780558e-01,8.912998634548746635e-01
2.800430000000000000e+05,6.570348371515115637e-01,6.113145707870591972e-01,5.442857934440517020e-01,4.047068511416035408e-01,3.290243282179995399e-01,2.870149080500915550e-01,1.917847569478398073e-01,1.415512671762386709e-01,1.296958728615723588e-01,1.205167712682585490e-01,7.519284289526573239e-02,4.747937331829076291e-01,6.960681486508926152e-01,7.300253155063198829e-01,8.328318645491565864e-01,8.354714851052120750e-01,8.565999731070632617e-01,8.576326992168595842e-01,9.380004085542923420e-01,9.978853963735980770e-01
2.800440000000000000e+05,6.933257037238892417e-01,5.712329773889904816e-01,5.641246125545553713e-01,5.551026534789338385e-01,4.454088208498628854e-01,3.974502260789063435e-01,3.654570558451553097e-01,3.312026677103798722e-01,2.812518326593909102e-01,1.637383837846664303e-01,7.197127504462141889e-02,2.977377899209930900e-01,3.822695806375580041e-01,4.688028126251185812e-01,7.001806838484475604e-01,7.744570542556764581e-01,8.111374057844095153e-01,8.562960875550049700e-01,9.221371446156012563e-01,9.650315376782363508e-01
2.800450000000000000e+05,8.860066806936800488e-01,7.953787345454880198e-01,7.640311238532198068e-01,7.539229860119308624e-01,6.033697332000481639e-01,5.753616965545410578e-01,4.322271639468880933e-01,3.355181556727578895e-01,2.235867785876551883e-01,1.688541704281477651e-01,9.691604460716540803e-02,1.506345455137509948e-01,2.163599125784630983e-01,2.422182452760038851e-01,2.473298958352174726e-01,3.015529586046505894e-01,3.256480854998415886e-01,3.512867543280727700e-01,4.613754696702847546e-01,5.185946399087050240e-01
2.800460000000000000e+05,9.669732549052040271e-01,9.614197214576998274e-01,7.625446771857835593e-01,7.328542873180913242e-01,6.751333314239084116e-01,4.491871194792669275e-01,4.173836954441307867e-01,4.167800872809449553e-01,2.402413240653205051e-01,2.148673700096729311e-01,4.106165327321820158e-02,1.791777247013576213e-01,2.587760821148405999e-01,6.086353777575267410e-01,7.687518888166705588e-01,7.800807278596111338e-01,7.832531077753290827e-01,8.441046660964761639e-01,9.758469886008253047e-01,9.918268757321798690e-01
2.800470000000000000e+05,5.498486811428643373e-01,4.541800148429049333e-01,3.474477310381507422e-01,3.164864305693165791e-01,3.051164160900224909e-01,2.975627311446784606e-01,2.503585533524291806e-01,1.674724631435781097e-01,1.614461005602633170e-01,1.182375832544786398e-01,9.727523267745341595e-02,4.254011394739979357e-01,4.814708727677521338e-01,5.746277477330981043e-01,6.174757354878476212e-01,6.849154422503124229e-01,7.275338588455142474e-01,8.937000681522765388e-01,9.454514597083435445e-01,9.566884893075299212e-01
2.800480000000000000e+05,8.745625612203076216e-01,8.586325431575574374e-01,7.925480705703407125e-01,7.240819805277330934e-01,7.131697818297341174e-01,6.855912814809104194e-01,6.723051133865842743e-01,3.859948377870684455e-01,2.276300228103314005e-01,8.643739843485398477e-02,8.532528572111752752e-02,9.183390342079222890e-02,3.260745681283045982e-01,4.545747568838005570e-01,5.160426449672755878e-01,6.252682768093633658e-01,6.655564148262024249e-01,7.790407868516173728e-01,9.130798950105849521e-01,9.990053666823924816e-01
2.800490000000000000e+05,9.972891611090247688e-01,9.325417610643670363e-01,9.252513324716098442e-01,8.673547574415231276e-01,7.491113877730966042e-01,4.954747691114015362e-01,2.252643181040465681e-01,2.208651253874139853e-01,1.303126656031347030e-01,1.494601593608757550e-02,1.153213653003137829e-03,9.054899687765871619e-02,9.687348902452808108e-02,1.740176645210528283e-01,4.345578836846847315e-01,6.600275564871812550e-01,6.729406612650792319e-01,7.325119414673239016e-01,7.535230340736207566e-01,8.124424023882494961e-01
2.800500000000000000e+05,8.444215376342150137e-01,7.698818183142835947e-01,5.806168472039424655e-01,4.822616477475232255e-01,4.105527588244354265e-01,3.758663800175496839e-01,3.363816700969372020e-01,3.326964151739686404e-01,2.725494125624521313e-01,1.306738238989253453e-01,3.384892351429158452e-02,1.182185397876569510e-01,4.829690730653440900e-01,7.121792102111275113e-01,8.392230418919138790e-01,8.737042292731240778e-01,8.956628411974129067e-01,9.154192597433924439e-01,9.176246647847845495e-01,9.729265570666345564e-01
2.800510000000000000e+05,8.220624083632026569e-01,8.163515738971705016e-01,6.994948445018981387e-01,5.040287360690278717e-01,4.765376045283378215e-01,4.589482789829723020e-01,4.018832538303019897e-01,2.630065881349008539e-01,2.121656905843471996e-01,1.460612509962100347e-01,6.322060931685635765e-03,2.425717256772599306e-01,2.891669903129420183e-01,4.012985182998396461e-01,4.166452407779824840e-01,4.659954525044419649e-01,7.586723429131017049e-01,8.050766789256749156e-01,8.724684311062141928e-01,9.341190326424432255e-01
2.800520000000000000e+05,9.919508182992400336e-01,9.762675516643358753e-01,9.599195453186331051e-01,7.122980317397736849e-01,6.936271493687188316e-01,6.223531012956929898e-01,6.166220952358384411e-01,5.720680340877146719e-01,5.021659703410648046e-01,1.883097763717556106e-01,4.375951623488505415e-02,7.774785324846744672e-02,9.148931605625643115e-02,2.287743051672214145e-01,3.388254409864803751e-01,4.615236070701006499e-01,5.643991713791788323e-01,6.740248261543052566e-01,6.837272900800697162e-01,7.437890626818917106e-01
2.800530000000000000e+05,7.054828908604435789e-01,6.013722099140746957e-01,5.483663612057407821e-01,4.925635740390684747e-01,4.592231007543882138e-01,3.507139342041919461e-01,2.795392660461212264e-01,2.271030323205724955e-01,1.722211405019822283e-01,1.365033378055038327e-01,3.843483440632566861e-02,1.507470733996438828e-01,1.805257805409570260e-01,1.921176277547874678e-01,3.656854458001511654e-01,4.998947615831361713e-01,6.546720027763264227e-01,6.886610518670821524e-01,8.005181881735216054e-01,8.170043346511969284e-01
2.800540000000000000e+05,9.285791456190088944e-01,6.945147633210184690e-01,6.633504446063976934e-01,4.333893554918865076e-01,4.309354417278725702e-01,4.162680279726553856e-01,3.869520263071831723e-01,3.761088199280799849e-01,1.575380614713716154e-01,1.568032104071008792e-01,7.803898224425143137e-02,7.991305639160384278e-02,8.045286625778791390e-02,4.487426142874639812e-01,4.796203577939638363e-01,4.836776637472375295e-01,7.691846156153780978e-01,8.087517659565129913e-01,9.310038127735685842e-01,9.886119385945628668e-01
2.800550000000000000e+05,9.053577513066922711e-01,8.672102622075343881e-01,8.645043441745309254e-01,8.347770513523803393e-01,8.075634571818697260e-01,7.807351364024308626e-01,4.613193916208475631e-01,4.168384623032271863e-01,2.473366842804156640e-01,3.048979478290470002e-02,2.700654488364384598e-02,6.817433503777914350e-02,1.259673321864613893e-01,2.847957721141772813e-01,3.499649840529575062e-01,3.667806473310762927e-01,5.215114338573580977e-01,5.302637634752884743e-01,7.759909452613538150e-01,7.997081775332309794e-01
2.800560000000000000e+05,9.696319283300230962e-01,9.601688230441457472e-01,8.984072327891379217e-01,7.469943149533144755e-01,7.165183538364446880e-01,7.046404786109417007e-01,3.233094268489860035e-01,2.483876971606466810e-01,1.811934675172801601e-01,9.331400845620296813e-02,5.446003872270188673e-02,1.736656209899672954e-01,2.218945487543865225e-01,4.147631429559407445e-01,4.302062673833647599e-01,4.744488683211958158e-01,5.527910484192763985e-01,5.954170711542267069e-01,6.128872178106685720e-01,7.149652533430714829e-01
2.800570000000000000e+05,9.445046709049172984e-01,9.415010302100560446e-01,9.363024252579674744e-01,5.017474846883501760e-01,3.616892678235942293e-01,3.612153159905132638e-01,2.117290051986201460e-01,9.456367395837295131e-02,7.200791954213836554e-02,4.426118084749497417e-02,4.004456979640058645e-02,1.337266984504092981e-01,2.193604098872862229e-01,2.232953779515303161e-01,4.312921850297340987e-01,4.762839201175189663e-01,5.204161752730838142e-01,5.383006668238111692e-01,8.677520288546005656e-01,9.082396627174056380e-01
2.800580000000000000e+05,6.748169997399623421e-01,6.718565755092387182e-01,5.715456862345605904e-01,5.042499890052855038e-01,4.774480474091792326e-01,4.243438753663348884e-01,3.976286653723445363e-01,3.012615530735629488e-01,2.150617561336923833e-01,4.443998689471317931e-02,3.209660767271749204e-02,4.570410414948729017e-01,7.226510972101068964e-01,7.512072572507857426e-01,7.770649699830534107e-01,8.510102535666065338e-01,8.808471464284970409e-01,9.554389321314140648e-01,9.823922860822029701e-01,9.996881270564493827e-01
2.800590000000000000e+05,8.098096245691636108e-01,7.993779917886075781e-01,7.794060992028505330e-01,7.568993523256863920e-01,7.451723046621924196e-01,6.926790490716782100e-01,2.171827890512014747e-01,1.938286641523701004e-01,1.163315057874310110e-01,6.140748028853282303e-02,4.278802771872203259e-03,4.863521321379993267e-02,1.123078761323224040e-01,2.602169101809060914e-01,5.604079816385826307e-01,6.901338490595412267e-01,8.276204945110884337e-01,8.491195537173520380e-01,8.685973757637656112e-01,9.033529250051409720e-01
2.800600000000000000e+05,9.940113817522124862e-01,9.815479960523297853e-01,8.976871174492320193e-01,6.597953981724684613e-01,6.247466447310723314e-01,5.091780616278044347e-01,4.740706413220866500e-01,3.163285713472687721e-01,2.308333044963949421e-01,1.182885828769252301e-01,9.918781337988469282e-02,1.720503018607447698e-01,2.066909203234826853e-01,4.513532155328924267e-01,5.150609812330662063e-01,5.949680288222647384e-01,6.046525597067839985e-01,6.308314292061735218e-01,7.554014202312914206e-01,8.230461144791577643e-01
2.800610000000000000e+05,9.380118507538157679e-01,9.340941240107233368e-01,9.178332232034506211e-01,8.889205313052671587e-01,6.839585254496196587e-01,6.786665205193495032e-01,3.560757354224551863e-01,2.644519780131103781e-01,9.402144376250531899e-02,9.044099028050944789e-02,4.691441732845447188e-02,7.863932819009011865e-02,3.996980815402406684e-01,5.058736705791213595e-01,5.327240672069769589e-01,5.777583990657986224e-01,6.314328450410585658e-01,6.887449057568368893e-01,8.002671162187108278e-01,8.874831839644551357e-01
2.800620000000000000e+05,9.658407469001872858e-01,9.094729027736722093e-01,8.546958543029609112e-01,8.089881239071897712e-01,7.416081468742814486e-01,7.316340594233254890e-01,4.566497229446876416e-01,3.967593475886541654e-01,1.668951283010894349e-01,1.475776147836853625e-01,5.178404936622948984e-02,5.973816998227188257e-02,8.259754979116629148e-02,1.312892174753654828e-01,1.754028096423326799e-01,3.268541407962455292e-01,3.910983941647309114e-01,5.975074419354176047e-01,6.524064480386944087e-01,6.582403608150595442e-01
2.800630000000000000e+05,8.546221821004710284e-01,8.532351530294465247e-01,8.119218576209791260e-01,7.694313552867356742e-01,6.578135314093843666e-01,6.576203868348280412e-01,6.400558578965006573e-01,4.918622133920932393e-01,2.092093392005943686e-01,1.941538500289338165e-01,1.425352943253715976e-01,2.163351652367460076e-01,5.002110722075920890e-01,6.406410541255154190e-01,6.437677140680834187e-01,6.652996242587611020e-01,7.117497789938338482e-01,7.883542811579559162e-01,9.049320591256367896e-01,9.759705390982363893e-01
2.800640000000000000e+05,6.247507231388490512e-01,6.210025480972123368e-01,5.070458189978163110e-01,3.985481396000974952e-01,3.573500190693364997e-01,2.746034294756363181e-01,2.633168142323878413e-01,2.348505072705155960e-01,1.988389744455875130e-01,1.389092527114764719e-01,2.405563919352060598e-02,1.009855917798443414e-01,1.314147453010283684e-01,1.827694199624518845e-01,2.003526221121041395e-01,4.933157498461072654e-01,6.322625565722079788e-01,6.351314554099787291e-01,8.261672632195894428e-01,9.207596832029525391e-01
2.800650000000000000e+05,5.970294129831108521e-01,5.543141654866390322e-01,4.881831812950121474e-01,4.512197599585229257e-01,3.385066743120672683e-01,2.514272241252307749e-01,2.344057229824589861e-01,2.341204671218097833e-01,1.431089141389247921e-01,1.149838864378535108e-01,8.622274644961214207e-02,4.697393287036200071e-01,6.424450439212283648e-01,6.524065621320712660e-01,7.026123904142689280e-01,7.043538802357036666e-01,7.819961788474080189e-01,8.198053417434079115e-01,8.222500888125853225e-01,8.929806062515547316e-01
2.800660000000000000e+05,9.564058838221564107e-01,9.437285542237909830e-01,8.776632846195187021e-01,7.781827183630355416e-01,6.927506685419486665e-01,6.317031690193140037e-01,3.960881053495192150e-01,2.215401059989828836e-01,1.958785415966637355e-01,1.211275721298334940e-01,2.029410145696719514e-02,4.638382301819887754e-02,4.952423875328082481e-02,1.042074781421212792e-01,4.990357029776124609e-01,6.440586139064757853e-01,6.912847009168481272e-01,7.190114270337638613e-01,8.611173662562140452e-01,8.971045423191901236e-01
2.800670000000000000e+05,9.926838530717657649e-01,9.925181280925297056e-01,9.508519846866229086e-01,8.732990162303948534e-01,8.597611655164841826e-01,8.302346716182207320e-01,6.767326744518455950e-01,5.636639331623907179e-01,4.845611697065332901e-01,1.369374831638642265e-01,3.249436020740992248e-02,4.479675169935870560e-02,2.500231933128650441e-01,4.657580042409074084e-01,5.310829360710576097e-01,5.541271858314167353e-01,6.391280658899197720e-01,7.166960534285869988e-01,7.714369161306744438e-01,8.363365824279639371e-01
2.800680000000000000e+05,9.654304842480548876e-01,8.107895970584307888e-01,7.722830926237714833e-01,7.611532846995313628e-01,6.955223014922432556e-01,4.930322842040965048e-01,4.564796395419580266e-01,2.625050884473614232e-01,1.744914315876329169e-01,1.696657400697633156e-01,4.433316964935851701e-02,1.506253400207376858e-01,1.866928335687075835e-01,2.499856110178622082e-01,2.768844436162187783e-01,3.573325263443906108e-01,4.756288044349240574e-01,5.370333251734439317e-01,5.646147247628254817e-01,5.923604214125089973e-01
2.800690000000000000e+05,9.099309733207973094e-01,8.561499036051599676e-01,8.452445565822938045e-01,3.778252173581740925e-01,3.484180646040613283e-01,2.760233966146088402e-01,2.038167926914655759e-01,1.631901539014044555e-01,1.614265031616960444e-01,1.586182205528199329e-01,9.985821423301033395e-02,1.855476368993247416e-01,2.025174819589860009e-01,2.917624491485327765e-01,4.337759546530473020e-01,4.872428699861323098e-01,7.747256889518561174e-01,8.071579599785059234e-01,9.135698851693841993e-01,9.941428616012116803e-01
2.800700000000000000e+05,9.479892290665187238e-01,7.686134663110790743e-01,7.291184856514504320e-01,7.052160762075947442e-01,6.129742820999481978e-01,6.123099324464288395e-01,5.054259240539177300e-01,3.263678353154610967e-01,2.445417511934308008e-01,2.436413488211420786e-01,4.419028229991717183e-02,8.924899491802817941e-02,2.881159225167128080e-01,4.157748214232945827e-01,6.468391953179372100e-01,7.275303598777179692e-01,7.452197693690700842e-01,8.076811739615742392e-01,9.436469908823851283e-01,9.997447799346097508e-01
2.800710000000000000e+05,8.766349568794016278e-01,7.813206630552241849e-01,7.703093899003352618e-01,7.690539154587164861e-01,3.936714305396785685e-01,3.773469555693106381e-01,3.606745511150859507e-01,3.507437650361792114e-01,1.906783011348331947e-01,1.098622838006038105e-01,9.298292716866018992e-02,2.869461893253847373e-01,3.551358149372846329e-01,4.172971622553900417e-01,6.957285335994565223e-01,7.787505628568404115e-01,7.917341550690437657e-01,9.348413036161171696e-01,9.589228370681589508e-01,9.599137495737216641e-01
2.800720000000000000e+05,9.721954994552877150e-01,9.497849471347664663e-01,8.359114909492175727e-01,6.970848315467406131e-01,4.006495194849123420e-01,4.006289520950795380e-01,3.656512871238930540e-01,3.406221708880347032e-01,2.460926807843284436e-01,1.459798619841508049e-01,8.295305877604219891e-02,3.305520757356140704e-01,3.316433193777007515e-01,4.471913315676361300e-01,5.160124100387136759e-01,6.166097296607225831e-01,6.279977369749469851e-01,6.596421204254382387e-01,7.468577279195568464e-01,8.318444093600732003e-01
2.800730000000000000e+05,7.939071076586613485e-01,6.409772262966263456e-01,6.299143866756107268e-01,5.909079103035498326e-01,5.687215779887178080e-01,3.026509623618302003e-01,2.862626881340827323e-01,2.219454669806317781e-01,2.185446460972838567e-01,1.471211136965797639e-01,3.193085396743200466e-02,9.150219713246854347e-02,9.848968027529292346e-02,4.615972854610943532e-01,5.517100995004499131e-01,5.525131632027426853e-01,6.189273184454405774e-01,6.578224162571236766e-01,8.877715664315557476e-01,9.860580932563759449e-01
2.800740000000000000e+05,7.907489273994513512e-01,6.561840823502377296e-01,6.475942771865261793e-01,6.265675771065160049e-01,4.853243640607716181e-01,3.309722972689284060e-01,2.871582766530519359e-01,2.075291913661340137e-01,1.869843224478994204e-01,7.160181778142904463e-02,7.384400573368088416e-04,8.493848158656225333e-02,9.633573635551317960e-02,2.447111198395753862e-01,5.975680219514035718e-01,6.582050129234792157e-01,8.255892912171166609e-01,8.868782796544594227e-01,9.644865062142113921e-01,9.828197650953903741e-01
2.800750000000000000e+05,8.509746041579729914e-01,6.208014027726428408e-01,5.801698278412823484e-01,5.483124749746822735e-01,4.289357005781140320e-01,4.067727139070927977e-01,3.433266478908230113e-01,2.683234725880222493e-01,1.744289454882198553e-01,1.193740548910376953e-01,4.792204968435354040e-03,4.981246955835483270e-02,8.886915649088211744e-02,2.154510918438773404e-01,4.254588718638713241e-01,7.060159641895791260e-01,7.862212386060030145e-01,8.448358267573969904e-01,9.257180315550548322e-01,9.504544757004724786e-01
2.800760000000000000e+05,9.687665935842795228e-01,9.187234365250235291e-01,8.820585003164704840e-01,8.653271935164134065e-01,8.073287086049725225e-01,6.257658285143825605e-01,5.156856680477545085e-01,3.756346782869203205e-01,2.508529328616742049e-01,2.384320000603745715e-01,1.432359793292038441e-01,1.460756275637979940e-01,1.776892966705517773e-01,2.329547268968915619e-01,3.362470840655179538e-01,4.592541106714898014e-01,4.711597863423377941e-01,5.203183319444298904e-01,6.597342650539587128e-01,6.688948572679332960e-01
2.800770000000000000e+05,9.829276954373987740e-01,8.782738242525779393e-01,8.190483881403176625e-01,7.032375200054129527e-01,5.606765650846676774e-01,5.316121726257674318e-01,4.798849671979721343e-01,4.282342123277865786e-01,3.908655816681819717e-01,1.477607116009016508e-01,1.850705097816829348e-02,2.197268960249720848e-02,9.477081278265298003e-02,1.448513071007450081e-01,2.903327986988345488e-01,3.921557625261158364e-01,6.485936788912900486e-01,7.611377570750297306e-01,7.802636154665842927e-01,8.254989517079792671e-01
2.800780000000000000e+05,9.906849423071100169e-01,9.776389983332895994e-01,9.521443730923220272e-01,9.395165586001295033e-01,8.594108111688120166e-01,8.536638195607431090e-01,8.499124216045108593e-01,1.490998400329647255e-01,9.830823430753454772e-02,9.200663803078601433e-03,7.530761811460284783e-03,5.809431926233743493e-02,8.445916116735485701e-02,2.628706721435855043e-01,3.308502028088688984e-01,3.471951872657114135e-01,3.737868976172079583e-01,3.795793184653396546e-01,4.809499967202182091e-01,8.273609324020445577e-01
2.800790000000000000e+05,7.258061999281157917e-01,6.197663651587513867e-01,6.188418520465686079e-01,6.034826595826042750e-01,5.933046713414272810e-01,5.631912201855433509e-01,5.434074549687919475e-01,3.090076550604469174e-01,1.968408131860531762e-01,1.942439989078292850e-01,4.422352606718416013e-02,2.562731013348745757e-01,4.204264091936836811e-01,5.005030827454550746e-01,5.269099879114429452e-01,6.898396985916088742e-01,7.557991811891925371e-01,8.296728914462936366e-01,8.351697863549721879e-01,9.924241203748106477e-01
2.800800000000000000e+05,9.286121618227746177e-01,8.856272550057687765e-01,8.726715228157544413e-01,7.599379767925020790e-01,6.580789639277758729e-01,5.951707003377444405e-01,5.602669258092909388e-01,4.754824585359457290e-01,4.151326369032255492e-01,3.113984979378647822e-01,1.647287665459306050e-01,3.103699481574121455e-01,3.574427424717239177e-01,3.865021401372700227e-01,5.745522952971844344e-01,7.202667941789542283e-01,8.151413564670444423e-01,8.290506288739676322e-01,9.055377662875688793e-01,9.975122109846373819e-01
2.800810000000000000e+05,9.690495232207025911e-01,9.498195324758267333e-01,9.238144413392742615e-01,8.709384984912394989e-01,7.874909523102276987e-01,7.324010347439352531e-01,6.310669178072567664e-01,6.092884152582698221e-01,4.386118795302793583e-01,1.457032571167268253e-01,1.879141619541280228e-02,1.175110241647367992e-01,1.542310319683540820e-01,4.127388610662685586e-01,4.369097656482583414e-01,5.163558958364332652e-01,6.968373707695711960e-01,7.041432446312329008e-01,7.197759327069003232e-01,7.949689918475412176e-01
2.800820000000000000e+05,9.556028148054429572e-01,8.944695126040089761e-01,8.930757481991088431e-01,8.644219252768887696e-01,8.139311121496626278e-01,7.556598302068222583e-01,4.916462102733180073e-01,2.610723196728540474e-01,2.466106697244235813e-01,1.426650159750755265e-01,3.685220544882206184e-02,3.257193469333542479e-01,3.504604823607165853e-01,4.538780821452845782e-01,4.767774664057311540e-01,5.375715256052581159e-01,6.202580341522075935e-01,8.577896872706863851e-01,8.698176184924736321e-01,9.561185972370279673e-01
2.800830000000000000e+05,9.273858094234591620e-01,8.788270252778002112e-01,8.378005813419198144e-01,8.281351452066693097e-01,8.069630527829743105e-01,6.274795345255856915e-01,5.056532960713534530e-01,4.764499832953531522e-01,3.759230392702176404e-01,2.937266610171401782e-01,2.392001443706882613e-01,2.638793320351865423e-01,2.860601809790296324e-01,3.023312500866017771e-01,3.587084224144482247e-01,4.104530826302401625e-01,5.292980476049753413e-01,6.767399996092376968e-01,7.099360653418671507e-01,8.001177605897308309e-01
2.800840000000000000e+05,9.818819901638000669e-01,9.777723139633827110e-01,9.027273585668037503e-01,8.952862623103093886e-01,8.425856871482820809e-01,7.443441720169160503e-01,5.617963773223467738e-01,3.694528202183805510e-01,1.533547202405626253e-01,1.321641290163614313e-01,1.239944334273341831e-01,1.373412659325765617e-01,1.429386943275282595e-01,2.981431439286376106e-01,3.236985126032777549e-01,4.071960196567576684e-01,6.573910683193729954e-01,7.465108232435031521e-01,8.757916758815401659e-01,9.245420117709076679e-01
2.800850000000000000e+05,9.608894998037467161e-01,9.488714849900644621e-01,8.895454611704773917e-01,8.775128019588719352e-01,8.630824541487904789e-01,7.426906454905823907e-01,7.425915914139036289e-01,6.318704283467631022e-01,4.193906152538281473e-01,1.991345660780552418e-01,2.271552746865201922e-02,4.092660579737794624e-02,4.276314273444892233e-02,4.956579773188785065e-02,1.049513094340763786e-01,1.843084470746555459e-01,2.158893725069003233e-01,2.850277678227224332e-01,3.386011888271976966e-01,4.091359097227843522e-01
2.800860000000000000e+05,9.723777493623921853e-01,8.876482604756532613e-01,8.678786881262782194e-01,7.962972558378446086e-01,7.634142669619946586e-01,6.718419706294728178e-01,6.093446041986979589e-01,3.970711848557777479e-01,3.214129008718559222e-01,3.064003747160332081e-01,7.476030555575219338e-02,1.481714016547859281e-01,1.632743597195007723e-01,2.196913304487453367e-01,3.522369890966612349e-01,4.489299347841352317e-01,4.598546257505393697e-01,6.729353791030705523e-01,7.878628720515840067e-01,8.197673894764273550e-01
2.800870000000000000e+05,6.506664331021505543e-01,6.315969220981427767e-01,6.129564095085374698e-01,5.409719811675122170e-01,3.017212657329886305e-01,2.642285995919554376e-01,2.239733922583629910e-01,1.569714560513694179e-01,1.401636711928408996e-01,1.229312196446626926e-01,2.672033148876573616e-02,3.862527517376235231e-02,1.506392200455038966e-01,4.669666461587256290e-01,6.419286056760706849e-01,6.907674178147962252e-01,8.783938551515153570e-01,9.119214174683830665e-01,9.463877080883814630e-01,9.735035005725403146e-01
2.800880000000000000e+05,9.334853651325252244e-01,8.384208969322893834e-01,8.164926471040619971e-01,7.320221496408411133e-01,6.890910329698038961e-01,6.791707145692861269e-01,5.864464821766779412e-01,5.272337259105697171e-01,3.398893877213814418e-01,2.177872051648637175e-01,1.204916767304951009e-01,1.220708069423946940e-01,1.449409616071833939e-01,2.593102186379957486e-01,5.951990669973276082e-01,6.761543735970905189e-01,7.728859743350069422e-01,8.706892810157396134e-01,9.685065795176983627e-01,9.765219781216103456e-01
2.800890000000000000e+05,9.996100427431547919e-01,9.944420927956583167e-01,9.004453720657401572e-01,8.146403178464681760e-01,7.815840515367475927e-01,7.191365438643726460e-01,5.619031913428191860e-01,4.214299405729740045e-01,3.861494902846318578e-01,3.644659353565814497e-01,1.398637124132684484e-03,2.520470866750827987e-01,2.702719608591366285e-01,3.710146878728343145e-01,4.811415813361571425e-01,4.909132370218161068e-01,6.708017089884090733e-01,6.970498688978712387e-01,7.676713352300659210e-01,7.754125679099436175e-01
2.800900000000000000e+05,8.830381530198638806e-01,8.296882751636939224e-01,8.021932874725129503e-01,7.577449583516262521e-01,7.444318420503444056e-01,7.003016744591051834e-01,6.274610432524937442e-01,4.447096049469636547e-01,3.511001180954631540e-01,2.500156439811636044e-01,5.813900767166857442e-02,1.624548528132154779e-01,1.752182934326549368e-01,2.922044303436270862e-01,3.716592948159065379e-01,3.925595692497990674e-01,3.970795871640933061e-01,5.847993376107057939e-01,6.357414167410542216e-01,7.480426142570651971e-01
2.800910000000000000e+05,9.649342958530923164e-01,9.527163223003670689e-01,9.467718573928296522e-01,9.104236105543430657e-01,8.726255117102149628e-01,8.429555722536354878e-01,7.977944977811972649e-01,5.931902807403892641e-01,2.620991016681184504e-01,2.243903107440864408e-01,7.506387187511265324e-02,2.837258634862163120e-01,3.982635233477317405e-01,4.235383586859712279e-01,5.663586928507505780e-01,5.700931954999530760e-01,5.930637143831190006e-01,6.007157495925664614e-01,6.882645874658797069e-01,7.451342754025004345e-01
2.800920000000000000e+05,9.577303076194040310e-01,8.985458848013881950e-01,8.009604163934929133e-01,7.655329081977547689e-01,6.754561765281881236e-01,3.544486301471702072e-01,2.788007899101366815e-01,2.180264981483749365e-01,7.772510828767298374e-02,5.912639361346960776e-02,1.010081578581090156e-02,4.173856951398868809e-02,8.015968032681530797e-02,3.485564292189352598e-01,3.640596833671013721e-01,5.869925635413104636e-01,5.920942201073896571e-01,6.085934728293935780e-01,8.133063465497127886e-01,9.191737034276866725e-01
2.800930000000000000e+05,8.509295641852802072e-01,8.270823383003309548e-01,7.040432685309810923e-01,5.604770838968126112e-01,4.136733570761459422e-01,2.331508467819558561e-01,2.192756106730195942e-01,2.068486761307843924e-01,1.941714030493284504e-01,1.236813659317470560e-01,8.755058777505597689e-03,2.013689681543811005e-01,2.163418286688918446e-01,4.314819709509886136e-01,4.339394372383401643e-01,4.373509504410969528e-01,5.585061872357292012e-01,6.591773131123204177e-01,7.046413244304721157e-01,7.476763838809016294e-01
2.800940000000000000e+05,9.105442989180401181e-01,8.699896557695705468e-01,8.224992053237673018e-01,7.672933580877273618e-01,6.871668329301375833e-01,6.007963015544784957e-01,4.568299454190454245e-01,3.907622864130109175e-01,9.813255053803482397e-02,7.413725629080425428e-02,6.137016097833514205e-02,9.401214815588609941e-02,1.729035762869017834e-01,2.851629320470215889e-01,2.966659266057658506e-01,6.878324594292326566e-01,9.142116744761061842e-01,9.713676089281861881e-01,9.807464280996205375e-01,9.866814637184357917e-01
2.800950000000000000e+05,9.239204835256972226e-01,9.104227641642586022e-01,8.822123637613820124e-01,8.255531369797382002e-01,6.697248392569497000e-01,5.812340301175942248e-01,5.806783383252824837e-01,4.621190599944987598e-01,3.857673775149210726e-01,4.807369466331845587e-02,4.623286829431216827e-02,2.124252654649134708e-01,2.712912566788406865e-01,2.926850057232467384e-01,3.071254996947206939e-01,4.639804660173459938e-01,5.435941598522914253e-01,5.746821471094276657e-01,6.123078390002197890e-01,6.891016975190568106e-01
2.800960000000000000e+05,9.237126822180735664e-01,8.895755455921849908e-01,6.296177942282810136e-01,5.982800192872314016e-01,3.640273790367678508e-01,3.248083320144180552e-01,2.870100794679950607e-01,2.113909306624924822e-01,1.429133868437717503e-01,1.348673264154167661e-01,9.273084300026568361e-02,1.352867729985813838e-01,2.062865726127524058e-01,2.738554550847682734e-01,3.282073838349831574e-01,3.563313583562865983e-01,3.634477398917727031e-01,4.673031574316708348e-01,6.250743880579231471e-01,6.429404425877949247e-01
2.800970000000000000e+05,9.286458404819259993e-01,8.126772290306600866e-01,7.337289731451434038e-01,6.680403304997791780e-01,6.581931924630252118e-01,6.111022778727617233e-01,5.696269106438007768e-01,2.729125041841662380e-01,1.918346923349156796e-01,9.897055089722728294e-02,4.252805080182753272e-02,6.253226397273936588e-02,9.523063138914333869e-02,1.462875469979616483e-01,3.020856966332058358e-01,3.696791933221579285e-01,4.006180308881234220e-01,4.238999791526631977e-01,4.381167298687858036e-01,5.334198212587395460e-01
2.800980000000000000e+05,8.928172381203147712e-01,7.875773143282810418e-01,7.349750742151817118e-01,6.372537750275972801e-01,5.464471606921643687e-01,5.435941703199652641e-01,5.235014497221363028e-01,2.585096341654311569e-01,2.249393830643117154e-01,1.857467345568865058e-01,8.608144551555796387e-02,1.995335674643011759e-01,2.044887504052567140e-01,2.054188523210462858e-01,3.035067396477946211e-01,5.595439445942488321e-01,6.767742971901273830e-01,7.687590356616985643e-01,8.082300558976674987e-01,9.885316828853242255e-01
2.800990000000000000e+05,9.332485139789278294e-01,9.114213670508680698e-01,8.267615384111418608e-01,7.897905518953414195e-01,6.972343635017110852e-01,6.866695218967538983e-01,6.524323045081303896e-01,5.899486210348634518e-01,3.824626426763818587e-01,3.003197016848623280e-01,8.411077331621019670e-02,1.217390959869572020e-01,1.637639841304895372e-01,1.669676728131636034e-01,2.630627759754337047e-01,2.712149890432364874e-01,4.411207896096061010e-01,4.990916842676842435e-01,6.615273579707159346e-01,7.468348268119014977e-01
