6.900000000000000000e+05,8.503574371476700922e-01,8.163684939892515979e-01,7.345938865676400198e-01,7.122602561029444113e-01,4.866078345538422667e-01,4.303598529416494678e-01,3.538252858122532540e-01,2.717736627805562577e-01,2.512915445780898871e-01,6.543741863470653453e-02,1.259655165510153996e-02,1.029659393215780483e-01,2.075034799732233814e-01,3.862892107069022529e-01,4.483997025018432447e-01,5.193110208275087958e-01,7.015578496893808413e-01,8.283752410616986861e-01,9.008764450869682916e-01,9.640190347457088249e-01
6.900010000000000000e+05,8.119523921469183891e-01,8.048434836382426516e-01,6.592869160363536984e-01,5.748214202739980738e-01,4.653908348438953180e-01,4.074848670052616528e-01,3.872839939114659513e-01,3.654951143980528228e-01,2.173710944119066069e-01,3.234410984406788092e-02,9.298056968767287600e-03,2.826220211485108713e-02,2.074866388452755173e-01,3.953945000595032733e-01,5.504433878860076623e-01,6.516288612648998280e-01,6.883121905985324362e-01,8.197552907053489157e-01,8.352731088725164899e-01,9.259344891284467804e-01
6.900020000000000000e+05,9.766140981231629103e-01,9.748842824290842035e-01,9.732072658602957116e-01,9.217799819500055447e-01,8.489472067471556249e-01,7.958848261262589929e-01,7.956580327544824360e-01,7.456839317498392683e-01,4.549860171522966956e-01,9.359221824110575128e-02,6.561348220531548758e-02,1.050491151601838924e-01,1.767024180448899529e-01,3.574293178381934277e-01,4.291212589276784950e-01,4.313713002511241346e-01,4.998937358900528150e-01,6.443495400403184137e-01,6.868235221411318481e-01,7.621245124441061725e-01
6.900030000000000000e+05,9.788150539307803877e-01,8.613380766716847159e-01,8.427216383957923940e-01,8.403659862441977824e-01,8.215223492746709377e-01,7.326175519577735606e-01,6.540956472349016559e-01,4.489835404000026564e-01,3.646374700185670559e-01,1.770311377705321432e-01,1.039629581449622586e-01,1.187428972041705277e-01,3.776582086823727646e-01,4.980725892360969853e-01,5.598052269825825045e-01,6.103359704524786711e-01,6.900204311019455528e-01,7.583504839027167543e-01,7.845913654246242652e-01,9.042896080170342854e-01
6.900040000000000000e+05,8.871240615848098310e-01,7.946669817455990215e-01,6.670350610696531568e-01,3.794175262021651784e-01,2.788402429066934030e-01,1.836809251438517032e-01,1.774340370350925289e-01,1.755225495212600073e-01,1.479674650416727966e-01,6.895026410046833920e-02,1.463847539191143188e-02,2.863689993162115144e-01,3.544772513036417161e-01,4.378423299858518192e-01,4.484457596980860883e-01,5.480618748355653436e-01,6.067277503092509683e-01,7.248278758562342050e-01,7.929101979640487130e-01,8.175713455264549401e-01
6.900050000000000000e+05,9.739215072306438570e-01,9.617019911320779935e-01,9.462651801254176043e-01,9.310589286610414517e-01,9.149345548316830667e-01,8.796409268470033460e-01,5.432697116498872436e-01,3.589702941619233867e-01,3.282859590350685197e-01,7.127561045830832498e-02,4.479917774675779008e-02,5.988461367098352195e-02,8.410504698165943704e-02,1.099177411376949243e-01,2.006751313348600352e-01,2.888761612921022515e-01,4.471327498669744882e-01,6.467459515594689012e-01,7.397103279688975741e-01,7.609776339413487634e-01
6.900060000000000000e+05,6.709975924846346418e-01,5.336133189455357639e-01,4.990886966593673923e-01,3.550844526345343644e-01,2.985223361423832156e-01,2.248623928463050481e-01,2.233399017036413747e-01,1.188140192661912842e-01,2.579434082683718099e-02,2.031380580934183389e-02,6.406354884173848241e-03,1.964633194911521441e-01,2.509194574825084345e-01,3.254596227394135344e-01,3.553975985214345990e-01,4.520565433382531806e-01,5.192376209400408893e-01,6.258290006318436571e-01,8.527562150069276647e-01,9.598094589625927320e-01
6.900070000000000000e+05,9.650963121400321088e-01,8.527385742737256802e-01,8.308558724985417587e-01,8.304021197447095659e-01,7.440294045893490749e-01,6.484929975010218506e-01,6.407470629015913355e-01,6.402845866182137469e-01,4.697739374255746059e-01,4.740082287953706341e-02,3.513770403829652444e-02,3.929222271637189401e-02,7.959698174629059597e-02,1.324744005043817507e-01,4.052495609303112811e-01,4.759477196866014337e-01,5.025558149515023665e-01,5.098419922980285124e-01,5.187360260643720800e-01,5.797468912769735416e-01
6.900080000000000000e+05,6.854384713473482549e-01,6.660819560263101513e-01,4.974088103407128258e-01,3.744893196132965674e-01,3.567862846221010464e-01,3.028469201089180052e-01,2.604997608306314216e-01,1.463923508726687750e-01,1.401239007345070897e-01,1.005486820995157293e-01,9.308509917089757835e-03,3.900041470602932936e-02,2.885810137542547116e-01,3.115683947661603836e-01,6.884033075082851560e-01,7.377544626821390672e-01,7.422543513280347449e-01,7.607853353911083749e-01,8.105447786370304497e-01,8.698819329855640436e-01
6.900090000000000000e+05,6.119865073412501522e-01,5.338835444282927778e-01,5.058116900347325862e-01,2.687344117797724197e-01,2.658173515999495695e-01,2.552571928866529394e-01,1.538303903965212438e-01,7.572543763420014340e-02,6.010812337712512221e-02,2.888807222069555980e-02,1.008761175890215966e-03,7.306913444835916316e-03,1.846210168130434370e-01,3.316787508393924666e-01,3.719965256006113608e-01,6.059536632612840812e-01,6.313525726796258564e-01,7.005701986381699387e-01,7.457907452619987332e-01,7.519276033174607798e-01
6.900100000000000000e+05,9.737637999655598398e-01,9.169561241277510710e-01,7.786523503577470473e-01,6.657777920293462826e-01,6.194835904689822703e-01,5.897424149064439680e-01,4.318965396494007791e-01,3.609666604780781274e-01,3.088909385031426424e-01,1.445874167979805947e-01,5.915086509132283510e-02,7.715623023422979454e-02,1.671991311724979612e-01,1.710488504018162770e-01,3.644399278770128481e-01,6.195355885461603096e-01,7.074716406501390109e-01,7.633845441354519812e-01,8.517950332478976261e-01,9.025538495288875085e-01
6.900110000000000000e+05,7.495511337178788480e-01,7.271785892176131361e-01,7.092660756110119591e-01,6.856056425746650529e-01,4.976052614020820553e-01,4.837433302010613057e-01,4.796568126394891163e-01,2.019343105018257534e-01,1.980727249956486524e-01,1.216256729961863181e-01,5.951937970612897200e-02,6.547680970287317326e-02,1.423225708720911031e-01,1.615306137853138591e-01,2.628255449737252336e-01,3.867350610518980325e-01,4.786578072619607216e-01,4.920953200289115426e-01,6.770549020769115467e-01,7.828081137420032087e-01
6.900120000000000000e+05,9.587161612603904981e-01,7.494771953667904718e-01,7.213529947774739437e-01,6.914958975538597619e-01,6.836916956628835695e-01,6.759206466926368506e-01,6.687236421169036049e-01,6.335347119122649584e-01,5.109669446989304475e-01,3.042982951921757717e-01,7.236685730400249650e-02,1.272465818480430499e-01,1.294263900041036086e-01,2.577434942338751034e-01,3.076824404145845904e-01,3.157200612823978236e-01,3.402465860857624147e-01,3.670158239792766786e-01,4.257870028350866365e-01,5.012703368956172856e-01
6.900130000000000000e+05,9.270704311361864791e-01,9.229670703188513903e-01,9.188744393044255832e-01,8.725907495744051889e-01,5.725266705743518036e-01,5.618090877794326143e-01,5.244798685176083053e-01,3.579799835580301792e-01,3.213381030443416275e-01,9.195794155925385294e-02,8.142670833272136477e-03,2.837946930117063449e-02,3.207080318817001618e-02,7.437146507058278733e-02,1.026232900065082720e-01,1.193949803275774491e-01,2.220591640322808757e-01,2.250986970932328246e-01,6.355676038170127162e-01,8.327567144954035605e-01
6.900140000000000000e+05,9.031402018283796185e-01,8.084702489693275096e-01,8.045990484093736850e-01,7.838990028507802910e-01,6.220839050524921143e-01,4.619579328490416303e-01,3.777023218141019045e-01,3.273984777840209803e-01,3.117870776384502607e-01,2.586393294471938109e-01,1.555322029878735135e-01,2.008333469284381279e-01,3.758017113299152445e-01,5.936905422618969919e-01,6.865618835127779152e-01,7.242384373873131942e-01,8.157050533918984714e-01,8.442622946439362064e-01,9.253614248344290694e-01,9.876813333141172269e-01
6.900150000000000000e+05,9.288817601537149304e-01,8.850363388400036557e-01,7.881506685983097338e-01,5.137937576830347020e-01,4.579838844579121604e-01,4.442279007737696128e-01,4.276215140104985268e-01,1.727431559020250473e-01,1.276559941992930769e-01,7.569036683312146963e-02,7.491144463534493703e-03,6.169686687534181591e-02,9.817469804879275230e-02,1.393848800271273447e-01,3.501724078436513343e-01,4.828711174884623425e-01,6.033817196013286921e-01,6.724118747325575907e-01,8.492696315833442311e-01,9.833313428726927485e-01
6.900160000000000000e+05,9.974979052350229081e-01,9.706637639552253560e-01,8.530702450202726217e-01,8.456235880455179599e-01,8.140553918108188736e-01,8.071805066284064578e-01,6.574143954740520046e-01,2.856528952105068520e-01,2.703447107986551856e-01,1.918051801983310378e-01,6.739494081350216881e-03,1.999857987267756876e-01,2.668751658607707578e-01,3.031325720450248618e-01,4.473192636015301815e-01,4.736401491479543813e-01,5.987189346051831063e-01,6.498404485765935101e-01,7.616391758449326810e-01,9.138321491917293926e-01
6.900170000000000000e+05,9.415534195894013081e-01,8.340467512495263191e-01,7.932215379937326283e-01,7.492057086498754570e-01,7.029192846877979628e-01,5.688511077182401010e-01,3.551906890109172155e-01,3.085552247131017056e-01,1.091217944987972199e-01,4.815195323987331300e-02,6.260169041681362678e-03,1.535890949740656986e-01,2.060346066789918718e-01,2.489146311715153548e-01,2.774488673395937299e-01,3.172509731849346704e-01,3.178778306041448731e-01,3.817466744681589086e-01,4.796162299188742040e-01,7.479045299988774653e-01
6.900180000000000000e+05,9.448153075318286298e-01,5.859625177628663417e-01,4.409442024806730087e-01,3.906597730425290793e-01,3.337495900655446102e-01,2.135400664224796907e-01,2.135157958637110553e-01,1.850848362582567797e-01,1.564546974519600564e-01,1.275346699374290127e-01,2.024280649068999072e-02,2.546926415570505142e-02,3.421410266725577465e-02,9.651950633452222039e-02,1.454560726723789221e-01,5.547322096004353442e-01,5.929909944907221231e-01,8.777563395084295728e-01,9.432294538830400255e-01,9.776678614930646161e-01
6.900190000000000000e+05,9.916447761883024903e-01,9.377426560038378822e-01,8.880984363804861337e-01,8.604827601545470550e-01,7.925016755045904970e-01,7.462373583320919268e-01,7.168322374616028503e-01,6.260930798720278911e-01,3.978655577886334171e-01,3.215897172497489409e-01,1.306508836403664775e-01,2.212955766478337249e-01,2.601106865789707401e-01,2.805487269452265897e-01,3.428372265992420953e-01,3.571066696337598101e-01,5.394280784242216908e-01,6.018343689950212960e-01,7.872175464365575026e-01,9.932336937704995261e-01
6.900200000000000000e+05,9.719805275015392931e-01,9.490983560623799109e-01,9.439691384641598626e-01,9.092069077514571829e-01,5.998001608815468622e-01,5.889029849022645591e-01,3.328083844330352870e-01,2.713670555837425225e-01,1.794335590747260234e-01,1.507254994703817186e-01,7.860325322990890928e-02,1.064971179406041246e-01,1.861677450131263845e-01,3.109515380037354282e-01,3.227989370071389086e-01,4.465269467920128799e-01,7.803433914925286263e-01,7.830740254717526438e-01,8.059835079361274968e-01,9.416278434955255294e-01
6.900210000000000000e+05,7.526951092750420180e-01,7.501985300232226761e-01,4.327487684103641374e-01,4.289945968837953760e-01,4.220208201839236173e-01,3.915736198167979465e-01,3.341379144175787852e-01,3.246762694543545713e-01,2.338283173489540401e-01,1.192998488572811766e-01,4.864967165730060827e-02,2.742897798136788579e-01,3.180607603176860421e-01,3.545204592865659476e-01,6.237443467153085397e-01,7.171782328174223231e-01,8.750432709653158669e-01,8.760363186838294736e-01,9.060968409848317862e-01,9.454508252278401859e-01
6.900220000000000000e+05,9.911599481550866786e-01,9.376472576082224286e-01,6.807703603025905270e-01,6.230655412841707985e-01,6.156024095882336455e-01,5.917142960729044887e-01,4.807086561822924153e-01,3.775755561225666579e-01,1.571859611040261617e-01,1.394871971991691328e-01,8.489466432844450239e-02,1.627641626422349219e-01,2.434116413581010052e-01,2.484204872127235841e-01,2.758595684776505852e-01,2.836785443790629246e-01,3.334648617512868674e-01,4.796739785439031456e-01,4.829209836092288599e-01,4.873751900637107726e-01
6.900230000000000000e+05,9.980359496323112367e-01,7.618494680700940158e-01,7.465009812112924914e-01,7.381724669799603067e-01,7.240473080264903105e-01,6.109537242923008815e-01,6.040410701431471185e-01,5.979140289255234775e-01,5.422004764658520104e-01,2.020477248290643013e-01,3.935555748345409555e-02,1.651938660108589474e-01,2.091656691428360748e-01,2.238519684505855256e-01,3.378788831596004627e-01,3.695542333558418102e-01,4.039430525814348139e-01,5.006907161717171206e-01,6.385360482627779888e-01,7.146775389269928169e-01
6.900240000000000000e+05,9.865540090093630754e-01,9.833906777280688738e-01,7.491252459362980343e-01,5.817234137860796128e-01,5.522570186218651589e-01,5.306819537677934795e-01,5.280348500321359051e-01,4.983808195636750815e-01,2.643403597778819503e-01,7.727392540274913291e-02,3.637890099814800049e-02,1.257337692770393867e-01,2.972816486374186828e-01,4.076973654166010652e-01,4.737676294872752436e-01,4.761809982576911127e-01,5.116243707295028420e-01,6.442012239029065723e-01,7.398132214087337344e-01,9.354453625325872546e-01
6.900250000000000000e+05,3.759853438771910694e-01,3.561205376765956832e-01,3.312676589011720463e-01,3.170205276110095172e-01,2.488898786339075464e-01,2.097947315578464478e-01,1.388100454842905451e-01,1.200826475862057929e-01,8.958483477888423696e-02,7.859752853806256656e-02,3.218005868912299228e-03,1.564824811997425069e-01,3.126525581909312956e-01,3.719868553657960097e-01,3.898511592370864642e-01,4.864277525920173151e-01,6.022689781481352922e-01,6.734044867865390804e-01,7.054332664838744993e-01,8.288554090315809475e-01
6.900260000000000000e+05,6.239725657525667657e-01,5.031179514738075564e-01,4.941319515603107559e-01,3.865440514480988909e-01,3.784655848533075018e-01,3.292733460097473364e-01,2.987344498040408469e-01,2.614137202724544640e-01,2.019240653311159539e-01,1.818746667492877611e-01,3.892836165076307697e-02,3.356218794574277187e-01,4.310843196611862105e-01,6.172234291878138102e-01,6.393597324750230904e-01,6.848820527448045148e-01,7.126759285514121522e-01,7.660674763983549296e-01,9.199979302667007364e-01,9.448866885995568232e-01
6.900270000000000000e+05,9.668940006221921069e-01,9.579884658327302294e-01,9.283009038877576558e-01,9.219428285108836052e-01,7.033205772101508435e-01,5.499955990190112942e-01,4.284670113537835112e-01,3.038985366086481843e-01,2.254699982613040943e-01,1.949559647644101279e-01,6.576126715441565906e-02,1.299932114601503041e-01,3.028180689154137406e-01,3.621356763152400182e-01,4.015483351411777146e-01,4.831031602372821698e-01,5.027512222512210416e-01,6.161600605133868980e-01,6.453054482916336099e-01,7.875638486979141817e-01
6.900280000000000000e+05,9.694044356770483706e-01,9.608780995115158152e-01,8.511707928155761715e-01,7.689103781109861702e-01,7.111166622826865513e-01,6.227822026362735963e-01,2.707810398880823310e-01,2.500841408893819118e-01,1.591007745415299324e-01,9.538926189806351541e-02,7.928023364660763406e-02,1.678509238788535862e-01,2.005588034804077768e-01,2.655771161653652790e-01,2.925167124741728797e-01,3.585719729151621848e-01,5.396165387990600193e-01,7.479929680390571267e-01,7.754532360772060651e-01,8.644883811736290280e-01
6.900290000000000000e+05,8.745252495391506731e-01,7.115308380084847117e-01,6.803264619014237624e-01,6.624769613369488885e-01,5.294426221437372737e-01,4.929051475650344516e-01,3.653255235760276554e-01,2.001831368557198676e-01,1.214803287302149704e-01,6.114586703349789154e-02,2.923417095989733205e-02,5.775170607312374305e-02,1.344613746141025690e-01,2.538437499383541240e-01,4.624299173775324734e-01,6.095128796018461914e-01,6.239068041859878733e-01,8.684119551434962281e-01,8.939869604125850744e-01,9.428556431819989925e-01
6.900300000000000000e+05,7.892340775163980693e-01,7.673272538691497946e-01,7.522905394925276656e-01,7.144717990754607673e-01,7.084830769459554700e-01,6.455431473789638996e-01,5.837768622919908834e-01,4.252838129430681624e-01,2.424661082299819359e-01,1.642958777086860334e-01,8.288721773604035281e-02,1.189443851631041271e-01,3.969228277300891339e-01,4.204718398975403337e-01,5.353347291151085985e-01,6.388984191198636697e-01,8.045294399592621826e-01,9.635080209788401406e-01,9.894542459316768568e-01,9.995610786250803681e-01
6.900310000000000000e+05,8.995509954764862037e-01,7.596186384051664131e-01,6.514282011870609068e-01,5.528963013494547774e-01,4.739756245625745823e-01,4.732994655407347651e-01,4.262584844651312599e-01,2.884881508106942327e-01,2.781506998816312137e-01,1.423334877694900635e-01,8.164984313455359022e-03,9.839746609508925879e-03,1.548203679739288408e-01,2.046182036123432857e-01,3.043746985407184136e-01,3.477311730925028987e-01,5.572831243591911399e-01,5.820050419585495183e-01,8.136124559711618298e-01,9.938013480616099127e-01
6.900320000000000000e+05,9.854649308437919419e-01,8.766424672793818873e-01,8.460096370653671372e-01,8.275819067422993669e-01,7.827858009940052986e-01,6.318755782703778801e-01,2.849009540206727253e-01,2.023109157678530945e-01,1.405085396786849294e-01,1.192931011897444549e-01,1.482381489011819209e-02,3.765845238947684859e-02,5.964258858510884664e-02,6.787803646283685488e-02,2.106818518857695999e-01,2.355389136280643392e-01,4.205575150525912020e-01,4.213255695924773558e-01,5.534848289889054973e-01,6.388326975588334289e-01
6.900330000000000000e+05,9.381133365023917037e-01,8.956310601918284764e-01,8.346615552764719004e-01,7.073581515385000129e-01,6.417378416570060917e-01,6.019054950598794473e-01,5.650615832480999634e-01,5.055488632752246358e-01,7.364764795242118023e-02,1.346086090852915973e-02,1.065320005026249017e-02,7.309046057392942775e-02,1.023887147512064777e-01,2.049038520108186212e-01,3.385922877836279321e-01,3.788763427739781919e-01,4.468849078695955601e-01,4.926135346470300602e-01,5.775274590625537607e-01,6.886563149928148775e-01
6.900340000000000000e+05,8.069119176204035959e-01,7.600264617399636879e-01,6.093406313576905653e-01,4.776179199072283499e-01,3.874355606209725078e-01,3.710779655339648819e-01,3.273370889342388512e-01,2.546102759412156580e-01,1.483901301243391035e-01,8.028395007255351157e-02,6.335290309694585620e-02,1.686241897184007632e-01,2.239871565934430375e-01,2.329440716302489944e-01,3.931426236009987196e-01,5.027250315856062191e-01,6.919965382061195047e-01,7.071982725926923008e-01,7.401538125544649960e-01,9.539373418768052337e-01
6.900350000000000000e+05,9.490723873085998852e-01,8.695227811576622390e-01,8.502527486136315371e-01,8.159183324832733897e-01,7.461209607481439354e-01,7.400405649711065958e-01,6.345928742610172923e-01,6.264405651825263321e-01,4.187980803270103802e-01,1.226245809809785037e-01,4.553457453244591502e-02,2.046979365187227007e-01,2.614076475778412956e-01,3.861354000636291195e-01,4.212085455976918302e-01,4.647394968397835502e-01,4.961761372059503294e-01,5.722530287706441010e-01,7.042140017510476468e-01,7.969317124149591924e-01
6.900360000000000000e+05,9.721083537941513919e-01,9.395961053452533962e-01,8.937875749380457258e-01,7.099164555413156608e-01,6.147419194396144260e-01,6.068769174983031922e-01,5.461069717049410466e-01,3.745983304990651019e-01,2.584938544361518042e-01,1.069608552491908560e-01,7.850773648226094803e-02,3.213977577267913555e-01,3.283338829233636291e-01,3.837018999260293217e-01,4.115612316946344329e-01,5.228330552774026474e-01,6.423891780408790275e-01,7.158819275048656783e-01,7.392161968915920145e-01,8.135478198052866761e-01
6.900370000000000000e+05,7.618977335634510295e-01,7.599701545491988064e-01,6.484658923784299978e-01,5.756386908404689251e-01,4.697653978453566470e-01,3.550757676892654091e-01,3.493673543289199657e-01,3.154242966307321261e-01,9.441108418190025109e-02,4.583549567025069216e-02,1.519000953118654351e-02,4.375142502880461359e-01,6.665378966357510260e-01,8.135833406601182816e-01,8.456522977159721677e-01,9.217922361971164769e-01,9.503279700737885527e-01,9.546770315879377078e-01,9.548085258632810213e-01,9.737870915425713703e-01
6.900380000000000000e+05,9.441461797162966629e-01,9.229888719679790743e-01,8.806467723158664107e-01,8.637664629216507128e-01,6.918817490050609420e-01,6.316502800387892025e-01,5.472926577691628047e-01,3.188190819637027884e-01,2.270346349952571119e-01,7.208855209619702276e-02,3.082334674825559784e-02,1.732913547342496141e-01,2.897119668224781286e-01,3.095834661323876302e-01,3.571756815652655792e-01,5.039982822936923679e-01,7.094293440316851163e-01,7.184523882470741363e-01,7.940668583869679997e-01,8.309697887324403176e-01
6.900390000000000000e+05,7.859443894886564141e-01,7.610681656560620567e-01,7.604903425143486606e-01,6.597238232018546311e-01,5.282224012142296976e-01,4.449656894421268882e-01,3.454421245939205409e-01,1.976790127718267565e-01,1.128804023018641356e-01,2.187314266611950497e-02,1.352591226311816719e-03,5.948261625785666862e-02,2.581122566736774315e-01,6.052835648510856981e-01,6.070296916188502312e-01,6.203800838996706979e-01,6.487758648679389228e-01,7.674613822006116637e-01,8.771937847293310719e-01,9.375692574803814461e-01
6.900400000000000000e+05,9.813518528147997522e-01,8.881459605649097977e-01,8.723686920284222657e-01,8.552603351620035044e-01,7.003848954711143771e-01,6.409202446113975160e-01,5.642479932739649096e-01,4.413965945604153562e-01,4.202277412041077742e-01,1.550480282185930925e-01,2.006963486044233136e-04,1.706771851827874054e-01,2.521266000838995325e-01,2.809611061524556197e-01,3.734057500632506077e-01,4.774917236197407933e-01,5.908868700080872616e-01,6.301905952228278318e-01,6.404363649693234350e-01,6.987179621089167902e-01
6.900410000000000000e+05,7.709360573533394767e-01,7.229978857074784715e-01,7.154606057580606970e-01,6.882954596297513605e-01,6.566298861002157761e-01,3.137899048053770512e-01,2.462011195209260483e-01,2.060434633202274934e-01,1.359223018927134818e-01,1.223349499476900082e-01,2.813904923897447841e-02,1.737844657697992234e-01,3.762572388404155088e-01,3.806201479955757527e-01,3.930214706633798905e-01,5.932092793260338448e-01,6.355852867296960529e-01,7.726672556921622137e-01,9.455083187293489289e-01,9.866293659338545297e-01
6.900420000000000000e+05,9.962887173702388299e-01,8.555276390085769789e-01,8.247800308136441494e-01,7.833022374373231900e-01,7.728175291632036759e-01,7.475561352141304461e-01,7.136082293499539375e-01,5.075374259422992251e-01,4.849076905557564432e-01,3.113648901989622964e-01,1.804057853508809206e-01,2.264358283140752715e-01,2.370007132246938486e-01,3.152235651083384882e-01,3.990272941342442037e-01,4.650550263862593958e-01,5.502295225566046222e-01,5.824083830309724208e-01,6.475725729670135378e-01,6.980963445797943034e-01
6.900430000000000000e+05,7.339927087047974918e-01,6.635666508925172069e-01,4.825793609059281231e-01,3.431432991980691849e-01,3.254632484984585350e-01,2.587848667377753431e-01,1.994352374752644819e-01,1.786692192093981557e-01,1.309559921693219664e-01,5.057514657925954449e-02,3.172330693179681305e-05,1.993240982960671204e-01,2.288766700371437368e-01,3.203932695625003602e-01,5.428238196857775311e-01,6.031610863769936159e-01,7.373023931254488739e-01,8.265267990352275218e-01,8.406276121643703192e-01,8.655053731100740277e-01
6.900440000000000000e+05,8.151577420112312566e-01,5.972818171860808656e-01,5.366519664066204953e-01,3.323066845112141454e-01,3.219370321217800424e-01,2.783109053916443809e-01,2.570744356060491453e-01,1.176007256473444729e-01,9.805999115349528505e-02,8.695085508110445005e-02,1.219195109744874994e-02,1.275007689051791404e-01,2.993568393293570828e-01,3.811070102014755268e-01,6.313749174245560924e-01,6.478902781823011603e-01,7.781747218323402659e-01,8.222484593150650722e-01,8.723014057723550430e-01,9.264339164101349500e-01
6.900450000000000000e+05,8.522432318408085239e-01,7.605973795681127969e-01,6.783374545238356479e-01,5.973985670569825768e-01,4.942239673253375765e-01,4.915696974251464457e-01,4.518241193001921729e-01,3.580557107441675324e-01,8.222921487907008942e-02,2.935532276752428338e-02,1.326081791772015794e-02,3.067205789765709012e-01,4.529144541127211321e-01,5.668692522593914429e-01,6.292759643019554261e-01,8.060250136836679680e-01,8.203669785661840130e-01,9.317958356464846048e-01,9.536973780461343031e-01,9.851049672061542584e-01
6.900460000000000000e+05,9.945580541979716083e-01,9.684876738056747980e-01,8.692002002841416886e-01,5.446501964068914958e-01,3.730257359739993506e-01,3.370479591838821953e-01,3.214726794149882494e-01,3.205987268914208821e-01,1.086201912794196867e-01,6.644538395496901728e-02,4.232132362296947559e-02,1.133473319278718305e-01,1.841253607132826708e-01,2.687017054956436501e-01,3.624892306769629258e-01,3.747977925801307952e-01,4.329894579484178108e-01,5.318633921646160889e-01,5.672100027402030564e-01,6.328877337850125073e-01
6.900470000000000000e+05,8.556891370950948650e-01,8.428763061724788841e-01,6.999162562527655451e-01,6.142391511640119539e-01,5.920247555893419777e-01,4.204183930050608975e-01,3.216552342549027221e-01,3.028405024456062300e-01,2.483235531576136745e-01,1.916731991696313253e-01,6.422671444894756387e-02,8.419097438373424058e-02,1.613455117980989728e-01,4.566810606500897318e-01,4.764578137255573997e-01,5.269502919333091118e-01,7.157054538371391272e-01,7.692388891706742893e-01,9.420824074041133089e-01,9.651900056861589805e-01
6.900480000000000000e+05,5.421349383338074368e-01,4.731880747943664201e-01,4.704807354541229447e-01,4.387234494303027255e-01,4.257884421341583403e-01,4.188418992877996905e-01,3.631865430839590347e-01,2.807719167888959033e-01,1.662348287650766698e-01,1.009785565552127062e-01,8.586239709945564513e-02,4.263192331358371945e-01,4.263729607071244931e-01,5.319785790392259628e-01,5.605175577555399080e-01,7.157990997852764492e-01,7.679257576046079059e-01,7.940574768071919642e-01,8.198477704224181872e-01,9.348293716105597895e-01
6.900490000000000000e+05,8.874167914685940906e-01,8.669810664120036758e-01,8.275374314554312383e-01,7.680488323435488152e-01,7.182764075525874814e-01,5.651303802990894631e-01,4.586751497620301654e-01,1.624499940575673262e-01,1.534217877860307722e-01,1.195730019395164767e-01,9.333409394343317178e-02,9.847511268224917735e-02,2.854807102714516098e-01,3.414186271585698540e-01,3.957534076144807456e-01,4.376430518701345251e-01,4.383459503069154772e-01,7.187770441924358211e-01,8.223804684255960895e-01,8.601326971634615237e-01
6.900500000000000000e+05,7.385043612172372818e-01,6.565404665887334401e-01,5.478360149019320113e-01,5.264742155630424136e-01,4.933281347542644024e-01,4.126446308428705079e-01,4.094306909136028461e-01,3.632358707660290342e-01,2.435721428219215223e-01,8.066053244374116193e-02,6.511809109058053213e-02,5.074912972977878578e-01,5.451698846404322563e-01,7.037883137648006660e-01,7.955997890937573924e-01,8.529740361876345656e-01,8.620361787335909520e-01,9.354249927011745180e-01,9.473973280892392657e-01,9.965761162030041254e-01
6.900510000000000000e+05,7.776084121951131189e-01,7.330194550029053291e-01,7.130358799983305129e-01,6.964291976725026645e-01,6.906697427039139026e-01,5.355378890981524753e-01,4.487769245776528360e-01,2.876328389706487298e-01,2.698144993091889932e-01,2.172004778221298116e-01,7.761543605573462123e-02,8.018034228081349912e-02,2.372839137742623894e-01,2.744054580912806962e-01,3.155488489002132857e-01,4.516309670009285293e-01,5.530057212329889671e-01,7.904856392815979849e-01,9.401544080069139664e-01,9.521864839890278320e-01
6.900520000000000000e+05,9.805112264524601384e-01,7.240165538464730099e-01,6.243763914768287737e-01,5.663481367728743221e-01,5.592535510604098592e-01,3.233266755806233350e-01,2.351295169474789670e-01,2.167776979174393936e-01,1.219726951931520142e-01,9.174722004061874880e-02,6.773462680415809345e-02,1.582090420096212702e-01,3.690084554267252237e-01,5.048387385143480177e-01,5.337067971057032345e-01,5.353050166299185841e-01,5.637268192558300139e-01,6.365851863038605174e-01,8.296138628610695287e-01,9.761102727152433101e-01
6.900530000000000000e+05,6.989095340113630206e-01,6.253088164880108435e-01,5.207727118901568364e-01,4.524573737401585971e-01,3.543141853728826174e-01,2.515861420415176353e-01,1.295045077686620694e-01,9.579646116569295877e-02,8.853941427806277797e-02,7.574549928811902255e-02,2.482251026517712233e-02,1.072125831762635872e-01,1.911954008269713956e-01,2.504683076431422073e-01,3.212615219434707958e-01,3.923937807676253220e-01,6.572428357706615598e-01,9.557601763896753644e-01,9.559366906415303067e-01,9.757138222080050660e-01
6.900540000000000000e+05,9.692234117868935295e-01,8.904359758309071671e-01,8.540053160829739198e-01,8.423680540977511733e-01,7.804125567216888548e-01,4.824337157139529930e-01,3.951840596285789431e-01,2.657965622647973092e-01,2.083816081930124353e-01,7.398086392889269280e-02,5.802057395089632585e-02,1.563659873445637505e-01,1.770994680176466440e-01,2.003678770618407823e-01,4.003979273103644987e-01,4.507192175570180481e-01,4.646933802240239553e-01,5.933737533549364729e-01,7.515282393383682091e-01,7.733297887844510221e-01
6.900550000000000000e+05,8.997796942484992400e-01,8.972119641320166483e-01,6.620242481042104554e-01,5.806017381913025632e-01,5.335168039788680261e-01,2.547324570333199256e-01,2.327793879258810428e-01,2.005168380101181036e-01,1.864228924437768553e-01,1.285697507352523417e-01,2.734757192912151691e-02,1.584960477459163020e-01,2.739126204865099945e-01,3.770660692524037128e-01,4.234375791064705075e-01,5.496359905647263400e-01,6.381296948682431136e-01,7.224859512309278475e-01,8.626687740263478954e-01,8.675407941520781874e-01
6.900560000000000000e+05,9.849973612571581993e-01,9.645158966287702418e-01,9.184981236017482065e-01,8.905812144942505393e-01,8.901574916254889613e-01,7.697658054540806871e-01,7.576036528291443251e-01,7.462546620035646061e-01,6.812718632378250705e-01,5.038565382479786026e-01,2.146227901388467751e-01,2.977631137117262572e-01,4.031754149421800104e-01,4.726400065546569884e-01,5.158017561225424208e-01,6.651745725629245598e-01,7.072467095180198227e-01,7.657210650878273350e-01,7.747632520034987147e-01,8.474311843229139773e-01
6.900570000000000000e+05,9.592075901977360486e-01,9.442763827997935344e-01,6.707625429009869134e-01,6.003168106644555246e-01,4.005514339735958274e-01,3.222510276733379087e-01,3.048589982157251521e-01,2.554525091062385123e-01,1.874814724047813019e-01,9.820781839799119783e-02,7.778359138415691376e-02,1.561546713292089050e-01,2.003250220562803330e-01,3.233832352537270305e-01,3.324723325865003298e-01,4.179602178748131891e-01,5.678681875040870741e-01,6.323160099758317054e-01,6.450941034242151373e-01,6.612365004212413799e-01
6.900580000000000000e+05,8.414301755471728095e-01,8.133967180683450149e-01,7.651608377078950030e-01,7.561509061994975411e-01,6.322777422972444272e-01,5.395717448162291596e-01,4.816154621575552408e-01,4.703393507445440269e-01,4.468671977781620841e-01,1.749769112529137027e-01,2.274302996794574927e-02,1.686232568424472777e-01,1.902108257123649171e-01,2.896427906626012350e-01,3.399382331756931608e-01,4.542031775469744792e-01,7.087691817601011746e-01,8.108426018256319479e-01,9.314918103095548574e-01,9.851305445825818685e-01
6.900590000000000000e+05,9.430999543951161801e-01,9.162093166124197774e-01,9.134040156582967640e-01,8.708438174496534456e-01,6.806101048047590307e-01,6.297371582624213815e-01,5.565855036077711482e-01,4.715104250932876662e-01,3.884794608114711112e-01,3.474943000903173429e-01,6.034342975821871402e-02,4.249687559268788828e-01,4.713951049295920237e-01,5.107582894241726734e-01,5.644026586581787353e-01,5.752032251542048558e-01,9.015970153251222641e-01,9.319530157456704655e-01,9.347325512471243991e-01,9.455767054775598979e-01
6.900600000000000000e+05,4.142977307034220180e-01,3.908566388077134857e-01,2.874495399156730135e-01,2.532618472362527795e-01,2.478003297758654133e-01,1.865263651867230532e-01,1.129263872178326578e-01,1.058975295929984739e-01,9.793953613791739343e-02,8.095301492337658722e-02,6.184096318066001352e-02,3.083206046984309223e-01,4.397669506759011027e-01,6.373954174514508964e-01,6.804710737011235855e-01,7.569198671658505795e-01,7.743627666146281063e-01,7.856300472726753803e-01,9.100899430186121242e-01,9.728546626339495962e-01
6.900610000000000000e+05,8.249364505689409377e-01,8.122246838054959506e-01,8.038735178575928675e-01,4.144907934874995092e-01,3.944056057121926306e-01,2.107346258871580780e-01,1.771511305349656729e-01,1.546384978027878221e-01,1.398955041322250681e-01,3.428234932925267042e-02,7.584372627640667552e-03,1.411430259454129477e-01,1.424544236927518526e-01,3.566969685378090782e-01,6.967113260634986149e-01,8.123193290744461503e-01,8.706287420943523703e-01,8.915626979696221754e-01,9.492675583954197638e-01,9.605809275373542455e-01
6.900620000000000000e+05,9.048636955719767672e-01,8.946409641080133035e-01,8.693472946402557300e-01,8.679023557278636725e-01,8.039452731322195289e-01,7.789605671871020487e-01,4.817265945656187265e-01,4.438906582550850022e-01,3.390589703528539278e-01,3.204599576253436277e-01,1.074929551635145364e-01,2.337421813431137529e-01,2.460047049811333597e-01,2.787381551373925292e-01,2.817434961294956741e-01,3.834126049421285876e-01,3.976384603873973633e-01,4.403796268160807825e-01,6.396529814605907971e-01,8.642382336879370630e-01
6.900630000000000000e+05,9.634561459018631258e-01,9.581805228929017870e-01,9.539002589573056801e-01,8.549786700982010546e-01,7.119585626289991476e-01,4.852105742848431547e-01,3.964120948425041702e-01,3.413015679408206715e-01,2.921066222286050618e-01,6.456604742512894735e-02,2.590455178028272520e-02,1.495403888956133853e-01,3.501426891898737903e-01,4.861255632177433617e-01,5.098059616023538076e-01,5.661562526380528038e-01,5.881698013631451172e-01,6.514188976809388576e-01,8.447866403570374327e-01,8.754293760040758876e-01
6.900640000000000000e+05,8.446567948574905671e-01,8.054296978347860181e-01,7.410695721686723081e-01,7.019092990789940201e-01,5.097211743782409377e-01,4.986152666688425938e-01,4.478077365220418660e-01,3.832401189077259129e-01,3.179733196955518704e-01,2.136957968545015740e-01,4.377812169363604067e-02,1.400433623355193946e-01,3.117056608335797563e-01,3.496309551585604636e-01,5.115633285972902566e-01,7.389491743577161209e-01,7.485651776990529527e-01,8.293165299839579951e-01,8.644677358320786986e-01,9.493120885493006034e-01
6.900650000000000000e+05,7.709055576365551055e-01,7.703761712617436253e-01,7.493865230612043460e-01,5.727602675240374142e-01,5.103705478122388950e-01,3.157490399752531651e-01,2.919897211886992583e-01,2.698536723489671774e-01,1.677659108775310104e-01,1.082419210397534970e-01,7.928208557299798453e-02,1.466776532726983273e-01,1.808738643630498633e-01,2.144786197525950788e-01,2.431823876053579303e-01,2.931733189220216973e-01,3.716004420894696292e-01,6.682249686013579382e-01,7.142692440997211456e-01,7.324355918730506287e-01
6.900660000000000000e+05,8.826882556841781913e-01,8.784771941097212489e-01,8.262798571859154562e-01,6.901196079573557185e-01,4.837638123469121254e-01,4.307053441249033554e-01,3.527497765137205255e-01,3.510693662116551872e-01,1.430171960604933457e-01,9.492112427056753621e-02,8.801407110358538954e-02,2.774592388083959582e-01,3.111752424591996968e-01,3.705970055029137455e-01,3.719535546259462588e-01,4.076646255855332912e-01,5.567979302691391519e-01,5.724748666825159038e-01,6.937008969391653679e-01,7.923922395572114974e-01
6.900670000000000000e+05,9.067140474890068580e-01,7.048218489880408999e-01,6.586686991478003517e-01,5.685017249409309859e-01,5.427861510778008158e-01,5.191848805402106137e-01,4.904855875458468129e-01,3.944348131370191135e-01,3.021656105538833570e-01,1.125072940123175158e-01,7.685423147132386390e-03,7.712942461155347651e-02,8.147485511236773892e-02,9.032645192644339627e-02,9.115275308855608216e-02,1.037687911231452986e-01,6.633144758611938530e-01,6.712754204540443137e-01,7.189243110822637339e-01,7.530392451570252499e-01
6.900680000000000000e+05,9.333793838382186125e-01,8.147631964983430564e-01,7.775811585251261038e-01,7.494003886247733170e-01,6.358541868445873879e-01,6.117071294162368389e-01,5.514856923958517676e-01,5.420716172117113762e-01,4.876306501509284352e-01,1.380108438951156424e-01,3.104180477566986784e-02,5.366033877139542163e-02,1.312160227047090011e-01,1.691055043172519090e-01,2.207479656495299203e-01,3.707292578994156873e-01,4.038718940004666358e-01,4.776332127715414710e-01,4.997568643973930858e-01,5.082280046925450323e-01
6.900690000000000000e+05,7.679315029611876176e-01,7.193962002489957541e-01,5.917559878353561009e-01,5.740238905904544442e-01,5.618214350008079450e-01,3.939860676677264806e-01,3.468876445622772753e-01,2.024817367078739494e-01,1.330114606073453665e-01,5.761604746504023211e-02,8.266326782639055182e-03,1.109124973167616712e-01,1.556367438708707862e-01,3.296081162009992793e-01,3.334345290597842126e-01,5.996924732454376183e-01,8.410184888270775261e-01,8.631321029401882727e-01,8.874814590555397675e-01,9.143324075020705655e-01
6.900700000000000000e+05,9.909138058240032354e-01,9.453882401535671498e-01,9.079334693182861127e-01,7.593334950181882537e-01,6.644768688058317885e-01,6.290305541678173906e-01,3.153936383893416462e-01,2.163747232681153543e-01,1.465549283342846287e-01,2.071625721846037660e-02,1.314547429599144390e-02,9.007184081936869813e-02,1.891293342000954780e-01,1.916440753591480695e-01,5.206717447827922118e-01,6.887200213753550404e-01,7.456804983613523063e-01,8.106547167519395636e-01,8.813148616350157116e-01,9.423258357564677778e-01
6.900710000000000000e+05,7.532507940850894368e-01,7.228917042706377583e-01,5.938697963359271803e-01,5.744791367573323093e-01,5.196609923039262613e-01,4.059655569201826575e-01,2.971701307099606781e-01,2.537847301955479251e-01,1.887986651094242241e-01,4.171030943679365777e-02,3.212219738155586146e-02,4.691594829037981640e-02,6.773599105742631465e-01,7.728661215109405846e-01,8.013684149451555383e-01,8.215144482154659311e-01,8.685762474417356716e-01,9.108682439524208307e-01,9.532931652399543321e-01,9.570165273512669657e-01
6.900720000000000000e+05,8.983561024033622777e-01,8.805524429516969898e-01,7.542176672103930724e-01,5.203222985431732450e-01,3.041795621248798431e-01,2.415270249685034232e-01,2.395938098608598743e-01,1.958889511047726684e-01,1.229965921348761260e-01,8.282669281445642628e-02,2.126950865294152671e-02,3.544731822817237532e-02,1.298881724139816507e-01,4.740550183605879431e-01,5.082342125642983488e-01,6.488338338793120386e-01,6.562238507887239169e-01,6.623962573648857211e-01,6.992256084751771184e-01,7.339768939023181282e-01
6.900730000000000000e+05,7.856303944857978561e-01,6.271577862843167317e-01,2.569951700458653621e-01,2.279144189789218400e-01,2.266317438565205178e-01,2.254509345666227960e-01,1.471714990342333218e-01,1.303784654460135028e-01,1.260525078209545624e-01,1.183389900443608811e-01,1.550884998617674260e-02,4.828803869243858404e-02,1.198488288361033716e-01,2.165391576748704194e-01,6.258798595893163563e-01,6.821239418866288373e-01,6.866667944899135234e-01,7.079229777480459118e-01,8.020537250508213978e-01,8.996002208558491198e-01
6.900740000000000000e+05,7.266630608295510108e-01,6.845424582229181487e-01,6.353851458883570391e-01,5.732608019886251682e-01,4.689073030647391560e-01,3.463586375958102037e-01,3.162617577208315378e-01,2.747902158774444548e-01,2.070899669751788963e-01,1.945202254639123440e-01,5.624531011649525070e-02,2.158195829109030850e-01,3.440062949747800802e-01,3.862851806644712616e-01,7.018204602179483054e-01,8.092877462543069944e-01,8.178887969502548483e-01,8.286381240006055471e-01,8.652305088318209547e-01,9.239777812930164425e-01
6.900750000000000000e+05,9.233530468553348136e-01,9.212596366727739960e-01,8.972053185649409013e-01,8.376746800163338280e-01,7.755234457641677626e-01,7.333896573288798404e-01,4.924672877466302889e-01,4.043946444120295469e-01,2.706730688061945722e-01,2.030482623978019374e-01,1.627493716663167556e-01,1.658532912792873848e-01,2.409245195345135482e-01,2.491068545734088646e-01,3.115939745735678557e-01,5.149330891058389037e-01,5.479265803265351842e-01,5.903895449170186716e-01,6.920153075698974865e-01,7.341684093701751346e-01
6.900760000000000000e+05,9.959364766252615242e-01,9.204829874845116278e-01,8.794878921590446597e-01,8.577100239192355646e-01,8.322693472980804419e-01,8.207132550101378099e-01,6.650769081275560435e-01,6.550618932205258815e-01,5.666285539286806117e-01,2.664067235775078313e-01,2.134090275519964219e-01,3.246766297016683289e-01,3.285562190958136730e-01,3.377798674335064089e-01,4.792530540389150495e-01,6.175302983883694807e-01,6.471171190168695242e-01,7.485818715786162203e-01,8.430561705122493477e-01,8.693998671598219818e-01
6.900770000000000000e+05,9.548991942170586000e-01,7.373537045901130682e-01,6.375534490028939016e-01,5.822205174990825460e-01,5.435284059740840279e-01,5.235967000192702780e-01,4.838438977241942274e-01,4.287133221774477310e-01,1.325341346205297643e-01,4.263211527473265150e-02,1.349176484195302450e-02,3.197718583014275140e-02,1.377202700446547023e-01,4.083399176946977960e-01,5.732902482780924958e-01,6.286285298250109399e-01,6.735530870042005791e-01,6.830567309876370841e-01,8.437751940138215057e-01,8.652100293930247155e-01
6.900780000000000000e+05,6.856701533686629935e-01,6.080061018603316603e-01,5.481061807954819010e-01,4.635194812103321516e-01,4.632659269809389357e-01,4.390437561117794818e-01,3.429137126732627605e-01,2.680361877689046990e-01,2.623699974383932876e-01,1.980568048196340580e-02,1.680129805373598018e-02,2.011358524476749565e-01,3.327089558208344844e-01,3.655024414509507880e-01,5.207516190783054721e-01,6.252156022799972845e-01,6.579610839616140128e-01,7.658097168119171183e-01,8.975267942856689496e-01,9.145957740557730808e-01
6.900790000000000000e+05,9.459274927880799710e-01,9.384779277242277784e-01,8.752102864041924057e-01,8.589094709156360752e-01,8.559962308408051168e-01,7.424089639434697796e-01,7.239608320603763136e-01,3.914197025784104111e-01,2.616270759851774264e-01,8.037714531725270728e-02,5.421676804653596804e-02,7.224504257612396341e-02,9.000333699040508062e-02,3.911609845319450329e-01,4.405233682426729080e-01,4.420457119059383322e-01,4.776965140431715939e-01,4.861419914559045319e-01,5.886201698655880721e-01,8.094746734316287107e-01
6.900800000000000000e+05,9.681109083765534473e-01,9.382139725581528644e-01,7.161468095764630393e-01,6.842369085742343593e-01,6.073821410141553301e-01,5.336065324898435769e-01,4.021632532595388332e-01,1.603687870270115168e-01,9.773498099053445909e-02,6.291148587238193368e-02,3.622245447637717497e-02,1.278727712520092430e-01,2.252429544339538126e-01,2.476474026967397934e-01,4.261747485388809320e-01,5.409819091893744991e-01,5.411486773025848684e-01,5.826535698448881417e-01,6.718557691892345085e-01,7.885605386472411826e-01
6.900810000000000000e+05,9.702211691612244726e-01,7.722340614956639815e-01,7.132109795288755771e-01,4.168030502100548151e-01,4.096126057240911944e-01,3.989022136833799692e-01,3.285491037358402311e-01,2.822225584415054556e-01,2.748214934344376248e-01,1.137142900673605572e-01,1.726489434148825719e-02,4.930971864068467436e-02,3.077106604038862825e-01,3.474378565273058550e-01,3.642381610064311381e-01,3.775392734980055343e-01,4.441309534319151098e-01,5.916268586767526871e-01,7.839841343446507516e-01,8.992456629076992503e-01
6.900820000000000000e+05,8.230191394848700437e-01,8.198576870823102158e-01,7.852630880528780333e-01,7.602945356449276604e-01,6.254401799340333357e-01,6.174064316506054917e-01,5.463914634045379248e-01,2.042271841034044577e-01,1.254166069461621902e-01,4.582401777837419310e-02,1.863596058994654303e-02,9.236973875754972418e-02,3.586848078842557186e-01,5.174280465235339133e-01,5.569389420555688197e-01,8.066237540602326783e-01,8.246986482493285919e-01,8.401965069770654937e-01,8.642541046318824582e-01,9.248110275199883379e-01
6.900830000000000000e+05,8.676978409715052631e-01,8.312960911302839095e-01,6.458688888394223948e-01,5.690242806113043894e-01,4.703447713493333904e-01,4.361755641947532292e-01,4.179185407509176109e-01,3.843958644554911208e-01,2.622084102320837440e-01,3.982999675596377021e-02,3.860195387626585983e-02,1.066512818923984751e-01,5.393093940414034337e-01,5.448637807088637652e-01,5.931762184785897007e-01,7.411668503919363049e-01,8.448659683460590930e-01,8.698344751218074489e-01,8.891730999386325829e-01,9.802091117013824739e-01
6.900840000000000000e+05,9.871254562975179114e-01,9.306278849934535025e-01,8.987986645189389723e-01,8.678857147850180809e-01,8.343347397716613933e-01,6.963172418543380759e-01,6.544847057917591027e-01,3.814048134195670015e-01,2.682829924951483092e-01,2.666053445632193819e-01,7.830970413728211010e-02,8.441250738513550456e-02,1.969144315776211185e-01,2.844906918876602964e-01,2.970034597198799586e-01,3.395526145809739660e-01,4.598778700340573344e-01,6.986409387412093608e-01,8.026159164752794117e-01,8.228066584542060857e-01
6.900850000000000000e+05,7.561938819180361593e-01,6.970919011648128993e-01,6.191751789052547528e-01,5.998494676625917288e-01,5.814382384551893823e-01,5.487268781375146398e-01,2.354874765638790279e-01,2.284541487634236256e-01,1.208566891008705513e-01,1.162615059646721072e-01,2.262093797932174244e-02,2.502647100269499436e-01,7.918455180177993435e-01,8.354077606882507334e-01,8.512480651911230600e-01,8.556741999839304613e-01,8.795642662395593003e-01,9.067655640480450918e-01,9.180769203762672026e-01,9.601899616782049174e-01
6.900860000000000000e+05,8.465849907523603779e-01,7.473030346301758886e-01,7.060676519641729820e-01,5.821675453959019864e-01,5.405061809174800391e-01,3.632524681816776679e-01,3.091298537549155290e-01,2.905705132352431885e-01,2.623641716423613657e-01,2.480368338668819117e-01,1.987657025576350378e-02,7.266020713872878289e-02,2.444510533202586267e-01,2.495514494137405226e-01,2.546243746871553748e-01,2.638408622836700967e-01,4.345957680073654350e-01,5.934872166787664716e-01,8.015561308479287606e-01,8.752826437120478920e-01
6.900870000000000000e+05,9.785468827266976533e-01,9.601129221892091836e-01,9.049969234776816807e-01,7.079571538508291351e-01,6.091219782461764209e-01,4.637540223918246163e-01,4.530235063603424983e-01,4.137530639767390550e-01,3.249549992924225528e-01,7.862198256790475792e-02,2.519296958099392914e-02,1.593313863331786706e-01,1.793957344144730959e-01,1.989987748833862424e-01,2.108360629570239508e-01,3.154792913990269732e-01,3.740377268073769024e-01,4.513221613131167542e-01,5.819016902334712693e-01,5.868073275528399302e-01
6.900880000000000000e+05,7.038600433072969009e-01,6.654422709073535280e-01,6.074413582209855500e-01,5.415739215263021267e-01,5.375212988962208005e-01,5.158571609886560827e-01,4.899570423270800390e-01,4.264873009944549764e-01,3.781981329594559238e-01,9.695992774393535907e-02,3.568337794835951815e-02,1.612011621390356808e-01,2.228975613523137556e-01,3.377017603978289539e-01,3.403174601865890381e-01,4.382972626418312201e-01,6.950700150206983174e-01,7.591004245055155142e-01,7.725237786679729490e-01,8.275247854706880846e-01
6.900890000000000000e+05,9.911961771148363187e-01,9.357133061879687741e-01,9.331995213148182033e-01,8.174434862223145526e-01,5.966018359382747605e-01,2.741259257937177507e-01,2.164851765301455400e-01,1.419550377759548621e-01,1.341878910377456435e-01,2.681100847289807909e-02,5.933569406959771086e-03,4.895858730706115214e-02,2.120338965892865080e-01,3.509414157408841106e-01,4.784595166719097792e-01,5.056782262152633711e-01,6.846008219854173849e-01,7.270947080003306029e-01,7.876727926828807069e-01,8.497914227937902742e-01
6.900900000000000000e+05,9.344841575545030921e-01,9.079934474817816792e-01,8.391916305127955500e-01,7.148092136369171845e-01,7.010559778911911177e-01,4.680098998619666162e-01,4.003963693088996578e-01,3.378744867031370225e-01,3.074089014895441396e-01,1.202460777810187009e-01,1.086741950935419254e-01,2.792540223066612981e-01,3.598204597606609045e-01,6.025720461073910128e-01,6.047675747870455698e-01,6.471006988290226580e-01,7.356177206778298228e-01,8.184466112277337668e-01,9.565936061597067885e-01,9.584099912616427241e-01
6.900910000000000000e+05,8.225687196183605332e-01,8.204158748579114535e-01,5.769196949807784414e-01,5.670436581139275400e-01,5.343685328202413265e-01,5.122767598513431331e-01,5.034207806508718130e-01,4.231910128521758629e-01,3.410574709000804283e-01,3.369994131801911097e-01,6.020674086399135927e-02,1.669856864790655315e-01,2.029578335438788628e-01,3.196950831386179415e-01,6.122698563348130119e-01,6.437456466962314661e-01,8.099279633177209892e-01,8.419971189128253597e-01,8.687848635781814099e-01,9.649478365234978039e-01
6.900920000000000000e+05,9.815145290371837250e-01,9.575623232097089099e-01,6.831226786710122845e-01,6.793204327066232340e-01,6.424844656108312790e-01,5.243051713005925096e-01,4.106628289508696961e-01,3.623311067167868105e-01,2.541904772277784330e-01,1.875648641901884739e-01,1.260519784930478338e-01,1.417633815562227007e-01,1.949970885610451399e-01,2.998846945009666642e-01,5.442410701139632767e-01,6.153939851591240240e-01,6.289805673754526039e-01,7.947202852248649307e-01,8.797817084206072114e-01,8.935549050198028365e-01
6.900930000000000000e+05,5.830586760565411586e-01,5.257798251898966324e-01,5.162742354822329460e-01,5.041529832819530155e-01,4.916399067464565231e-01,4.801356315462904645e-01,4.007681682955750446e-01,2.313264471321069271e-01,2.065885423678062160e-01,1.188895700073713257e-01,6.873783208560724223e-02,5.255535881453580194e-01,6.012755091314631040e-01,6.102042082833641912e-01,7.929490681949905584e-01,8.212041470845066193e-01,8.532425209164129498e-01,8.625121317557629119e-01,8.631245038429637972e-01,8.778667939599247294e-01
6.900940000000000000e+05,5.876762470692373785e-01,5.762229409628322196e-01,5.398844312294789338e-01,5.102882218172268836e-01,4.419671184646805084e-01,4.103024352518439555e-01,3.508809594547215305e-01,2.969245938119092765e-01,1.732565273526212035e-01,1.715448246036096469e-01,6.970703722448123862e-03,8.492811261186650196e-02,3.319295899203454914e-01,6.531746294717424295e-01,6.543023855156145929e-01,6.614993441551004771e-01,6.915529514417759760e-01,7.033675814326461051e-01,8.014145092492874767e-01,9.885348081105795881e-01
6.900950000000000000e+05,9.357115329001446380e-01,8.978641974000673986e-01,8.638206272791232321e-01,8.215887561677573947e-01,8.111790491040861140e-01,6.002485161853794438e-01,5.894109142985202165e-01,5.858551974836515575e-01,5.704122979613011069e-01,4.344757596480536277e-01,3.769723904397959124e-02,6.955949016497731119e-02,1.687560124331770606e-01,2.719330566050307540e-01,3.981342167859300840e-01,4.759324810209081269e-01,5.422559722355742018e-01,5.679743244331925123e-01,7.930370852294891248e-01,8.439743214441174368e-01
6.900960000000000000e+05,8.503554407461056952e-01,7.363011997494721683e-01,7.013235450799832904e-01,6.426197722141245849e-01,5.811120350417303682e-01,4.848703663139238840e-01,4.316044914670440491e-01,3.736546770746069779e-01,1.027260331629888945e-01,3.891771406881994189e-02,8.289347134650681959e-03,4.457184468612318540e-02,1.254770288447013549e-01,3.744956273042150396e-01,4.987656910735802640e-01,6.787439690746499554e-01,7.659699776084616385e-01,8.542807061124723100e-01,9.177889621435806333e-01,9.435047597455278323e-01
6.900970000000000000e+05,8.050158428684539569e-01,7.307564730985479651e-01,6.213356778279250925e-01,5.247131141419572042e-01,5.074994518500535179e-01,4.989737229060172696e-01,4.517894771682158250e-01,2.504593508445212002e-01,2.335216019594906767e-01,1.521815295537249924e-01,5.598952647669297455e-02,1.887258790914259077e-01,1.966573809001987971e-01,2.612495161920954656e-01,4.924067214255276603e-01,5.305768010139935154e-01,5.934228469345904644e-01,6.647749900863987316e-01,6.962369904899092798e-01,8.099523082321076206e-01
6.900980000000000000e+05,9.928435787340496033e-01,8.403471828110989916e-01,7.350398677616249987e-01,6.968659836193366042e-01,4.181971558367580943e-01,3.489975938284155532e-01,2.259196732812850383e-01,1.900150277713457125e-01,7.744478022620826518e-02,5.761238009633096180e-02,5.963894145779580214e-03,1.575505787844748706e-01,2.584806474002333543e-01,3.301951789218871003e-01,3.720062480975100394e-01,4.180595191893162754e-01,4.414037748961822105e-01,7.494816512955422283e-01,7.530506129591935105e-01,8.121799348207923153e-01
6.900990000000000000e+05,9.112609023555445775e-01,7.873151075867494963e-01,6.172956350118726787e-01,5.799403816944841417e-01,4.280069696588518768e-01,2.778608168633988074e-01,2.313232047201272401e-01,1.063295197966848127e-01,2.610531141176664072e-02,2.518384511696114547e-02,4.548401569388516030e-03,1.657356935487874772e-02,1.084210576372065526e-01,2.427652810680019924e-01,3.746459215239893448e-01,4.509359534312074036e-01,4.910780953461000298e-01,7.413292199778702685e-01,7.979988816215440872e-01,8.585266310817019075e-01
