1.300000000000000000e+05,9.370485236937714513e-01,9.329431452168934769e-01,9.069905190070527423e-01,6.880758679145507761e-01,6.661594501321094208e-01,6.629347131527980608e-01,3.932527049671324937e-01,2.724410700912018868e-01,2.468609508522984219e-01,2.444762834791439632e-01,1.158762906954052818e-01,1.350592281708987707e-01,3.692297336934878826e-01,3.947286101405382830e-01,4.158336341040606010e-01,5.523715673301117235e-01,5.596166609302287709e-01,5.964403473013640822e-01,8.915304492710526274e-01,9.030928332170746753e-01
1.300010000000000000e+05,9.662778654584647242e-01,6.793925226441748233e-01,5.955423097320574621e-01,5.246845748390875919e-01,4.853379737642149472e-01,4.579334591708562607e-01,3.057159774575425315e-01,2.056201886028373726e-01,1.224074174694947947e-01,6.616009198051664431e-02,4.284991461865228501e-02,4.942362596609650716e-02,9.887964875021293398e-02,3.617527314915236492e-01,6.396192766117401174e-01,6.573162534741554541e-01,6.697677736646057145e-01,7.666731256160281838e-01,8.093215656986258999e-01,9.144278815153490392e-01
1.300020000000000000e+05,5.733889752220459046e-01,4.618383606118977580e-01,4.432806766782497743e-01,3.508274786620840802e-01,3.156063604228129815e-01,2.897812933912100597e-01,1.498701974435304729e-01,9.945490386830302398e-02,6.071777222631125071e-02,5.306085952799377559e-02,1.896517456585944394e-02,1.327339242464200542e-01,3.013488740543091016e-01,3.380850071698016102e-01,5.740070002993838960e-01,5.860490948783604326e-01,6.505295850645232969e-01,7.091619866400294958e-01,7.762359194806216500e-01,9.136504051191959297e-01
1.300030000000000000e+05,9.670416178665887097e-01,8.001849740610711414e-01,7.344271504790411687e-01,7.145138559251488219e-01,6.607021664977569264e-01,6.500102697152218001e-01,3.963691700672351548e-01,3.875123048843647222e-01,1.244280632740484283e-01,1.101869544106534038e-01,1.106728269883827664e-02,3.373778030860730137e-02,5.136492162560568620e-02,5.819259871866866440e-02,2.745744148399594797e-01,2.794122452121861055e-01,3.300454144930455858e-01,3.408551747880192995e-01,4.041078033663048075e-01,6.532181239184271515e-01
1.300040000000000000e+05,9.317095750430074430e-01,9.151777964629461692e-01,8.893720177407475891e-01,8.146970553543672056e-01,7.393435774086052348e-01,5.848797885223184778e-01,5.240431998390937540e-01,5.112528321438388756e-01,4.797047334733404167e-01,3.851531695065655292e-01,8.929824113759865511e-02,1.378034820501934377e-01,4.714138678511284875e-01,5.460013381851182013e-01,5.557903224904094941e-01,7.294508290569703401e-01,8.311370478583663957e-01,9.612806484665872286e-01,9.732417002651683191e-01,9.824849700807085640e-01
1.300050000000000000e+05,9.925755898410363320e-01,9.056122452434064440e-01,8.213581127966257389e-01,8.113466987729210933e-01,7.496900588262248588e-01,6.324857440136478770e-01,5.769858406774577286e-01,4.421415159114975291e-01,4.310023118220819294e-01,1.695265469023202742e-01,5.583004192148988132e-02,3.570348660143064512e-01,4.433984309666821888e-01,4.683092677602438414e-01,5.881927781427893631e-01,6.284794389759169597e-01,6.462715475658387110e-01,7.015565871503484097e-01,7.717442764470741068e-01,9.173116991371212947e-01
1.300060000000000000e+05,7.920963268744070085e-01,7.443602728128553281e-01,7.013894641913358541e-01,6.989269643868236681e-01,5.396162975256786343e-01,5.294227641386938243e-01,4.113566391085361484e-01,3.016573898828425193e-01,2.747149762749283575e-01,1.943838758443995340e-01,5.655271339239387185e-02,1.560802141217234595e-01,2.391230803589747822e-01,2.523877770699696210e-01,5.336174762889426271e-01,5.580071090234117737e-01,8.801892149712507996e-01,9.035482819161887447e-01,9.493319701982133596e-01,9.525584154027811890e-01
1.300070000000000000e+05,6.703806577845714543e-01,6.646764747453854927e-01,6.096567299758900438e-01,5.988214236797666512e-01,4.959681952850926168e-01,4.876716375921018587e-01,3.598228739461222236e-01,2.230813569971784593e-01,2.071876778235344219e-01,7.669649723485416626e-02,3.219563266676450652e-02,1.788671329072661909e-01,2.481203987580138381e-01,4.578721216351939738e-01,4.612362765247274288e-01,6.225942471769747577e-01,6.717788168906477786e-01,7.165002483178150028e-01,7.402402571332674652e-01,8.532713402263446545e-01
1.300080000000000000e+05,7.397494487678747399e-01,7.004668405525737995e-01,6.117321398570555457e-01,5.353781196543776488e-01,5.035538182736907231e-01,4.584627168826773680e-01,4.365064179834478031e-01,2.423435444300908737e-01,2.246820634511774717e-01,6.790452676018332578e-02,3.908961824144363550e-02,7.927283620068825698e-02,1.986482780192994069e-01,2.245251633150214809e-01,3.966924998694792981e-01,4.175716628324620538e-01,5.948875114646102746e-01,6.171997858578738283e-01,9.197283259645555598e-01,9.378234097976578809e-01
1.300090000000000000e+05,8.741205212902622979e-01,8.533541698312832047e-01,6.292744721485306059e-01,6.032433416422634531e-01,4.495738284652436301e-01,4.491780925354282861e-01,3.395136271432249719e-01,3.138970874469622085e-01,2.415484688225849608e-01,6.091043174984867026e-02,5.689918841888408352e-03,1.362892666731309044e-01,5.626026708597663406e-01,6.403255526604343384e-01,6.438176647274064246e-01,8.584130261890444702e-01,8.689782359139369694e-01,9.121348299054339304e-01,9.271691050916027743e-01,9.698880042367648002e-01
1.300100000000000000e+05,8.726569416721586814e-01,8.340758877546294858e-01,6.043088060769529202e-01,5.851664508554279553e-01,5.114250925264217651e-01,4.638378329732647520e-01,4.638036762819615078e-01,3.230900787452414269e-01,2.656135821044807166e-01,1.124350370232881646e-01,2.828281779476560232e-02,6.303100054814869679e-02,9.851203173196332319e-02,4.095053465637763512e-01,4.135382655589427969e-01,6.678522287590074047e-01,8.646472136932730201e-01,9.171462408111297204e-01,9.440087284520498612e-01,9.613836583906951727e-01
1.300110000000000000e+05,6.181417298927774917e-01,5.314414005107435113e-01,4.658873124978235580e-01,4.201181858287045268e-01,4.075400852063122414e-01,3.806875996813915419e-01,3.695363994160653087e-01,2.885812486605248139e-01,2.559832214410406870e-01,9.859387200327829337e-02,1.365824588893338465e-03,1.500851091391981473e-01,1.788042997845830095e-01,4.404187687531067041e-01,6.886934041508433468e-01,7.089210645620244167e-01,8.085460409605804699e-01,8.396664948219146885e-01,8.695394072864214285e-01,8.719502871762984109e-01
1.300120000000000000e+05,9.667061647141144132e-01,9.174959385991361405e-01,9.031664282121507625e-01,9.004432065947834962e-01,8.286293265485752402e-01,7.693687751264229879e-01,7.086257390648842414e-01,7.043307717124462908e-01,4.535429145082684466e-01,2.069016919684276701e-01,1.857825304186558890e-01,2.528324429296489040e-01,2.715758039971367666e-01,3.698717291370651195e-01,4.966958095944372653e-01,5.108200214446487752e-01,5.974550498025282819e-01,6.629383450600530026e-01,6.693173116337539641e-01,7.018497081272205840e-01
1.300130000000000000e+05,8.690270090442092643e-01,6.302887090556021921e-01,6.263203526839192792e-01,5.648334870046671785e-01,5.427686473419429669e-01,4.463092958889852691e-01,4.444453505437545582e-01,3.051210462949138780e-01,1.241798454648258554e-01,8.614158393786952583e-02,7.892909761739763663e-02,1.004516239261008526e-01,1.030285738003536844e-01,2.761967257600308479e-01,3.655982162633154564e-01,3.778221802179151378e-01,4.005555429593652406e-01,4.586000163997248080e-01,4.755755205469580638e-01,8.454648314569586098e-01
1.300140000000000000e+05,9.136777864669712867e-01,8.213767381658956257e-01,8.194636670380547327e-01,6.317802349313842436e-01,5.776105956400303665e-01,5.245946874913501867e-01,3.826804185581142992e-01,2.280230488008340162e-01,1.339447784528652319e-01,1.208926468546425159e-01,3.440486042140533662e-02,1.931931040208336725e-01,2.035702822387669420e-01,2.575862499560548358e-01,3.928658786981215068e-01,6.143143903033495556e-01,8.010668089956367588e-01,8.294520116443794278e-01,9.000840038657200726e-01,9.531027830804225109e-01
1.300150000000000000e+05,9.933622321475547023e-01,9.515267707124808183e-01,8.998395194944217579e-01,7.199736379930626873e-01,4.139029005522213422e-01,2.816862837179554546e-01,2.418559567486743278e-01,2.347519790763282765e-01,1.910004356630530253e-01,9.286223063241427766e-02,6.672922315091001089e-02,6.806354316378393499e-02,1.497104786568110857e-01,2.396166109490885932e-01,4.154522319585564061e-01,4.310660244837009047e-01,4.836177499889509068e-01,5.321796167044618997e-01,7.308238936324396029e-01,7.528569397370209471e-01
1.300160000000000000e+05,9.213710420655666367e-01,8.841066998923911013e-01,6.007075240064928545e-01,5.584432637676424172e-01,5.087039881458362833e-01,4.702316160921830024e-01,4.684361512090312596e-01,4.448761997895083198e-01,3.453925514740120439e-01,2.843599797984736055e-01,1.391277941263541207e-01,3.452161212016175984e-01,3.895483524939602482e-01,4.022447911014953581e-01,6.382238625228953133e-01,6.442531041932154645e-01,8.134352551134906850e-01,8.474102040228871369e-01,9.088455188779674954e-01,9.406245507789773308e-01
1.300170000000000000e+05,9.657553162263391444e-01,9.486953953921498650e-01,9.252111462233381101e-01,8.684082470821792299e-01,5.398512533520466450e-01,4.514690408968768942e-01,3.398847758624027326e-01,3.248780398063458863e-01,3.207892539685475164e-01,5.262942884122168152e-02,5.232733619275475867e-02,6.581970305515538744e-02,2.106890491135113841e-01,3.490106363656300115e-01,5.945281334647841698e-01,6.905207393358755441e-01,7.116756864487505663e-01,7.513641927178297264e-01,7.594443509268150594e-01,7.807486355198417494e-01
1.300180000000000000e+05,8.844317028330301866e-01,8.788646751378765831e-01,7.284674507158629408e-01,6.909651036516106792e-01,6.106298873699632646e-01,4.679183169594336444e-01,4.632047287257256007e-01,3.014369605056772539e-01,2.271992849778825541e-01,4.884713579217725421e-02,5.420466145774960331e-03,2.306644847521199804e-02,2.169068702947284377e-01,2.429712932875782716e-01,4.297448835268067313e-01,5.666503011717349825e-01,5.821809870579724988e-01,8.515435824181568636e-01,9.266103718976336223e-01,9.524992347020245775e-01
1.300190000000000000e+05,9.181280906527661267e-01,9.019542700457950923e-01,8.614145059976670016e-01,8.368682296921957642e-01,3.752837071052425033e-01,3.418508215782429804e-01,2.232177708495541868e-01,2.045403492950280677e-01,1.188632355555856446e-01,8.419378247455822084e-02,7.970262243289050197e-02,2.047142796471944637e-01,2.589462418535671828e-01,3.907828976861459358e-01,4.774165801684435717e-01,5.129676566757536138e-01,6.340333119707936005e-01,6.931850126213585650e-01,7.637878977343296460e-01,8.205796272223365717e-01
1.300200000000000000e+05,7.675916031635692249e-01,7.642722283848278897e-01,7.507006455401914469e-01,4.278359052998453871e-01,3.190044529026224707e-01,3.042592921793975114e-01,2.729623209268187134e-01,1.109874412884643835e-01,7.797170328597302635e-02,5.841850938794679315e-02,2.765452665179990444e-02,3.302705070106715102e-02,1.944952982115526474e-01,2.211625059733290932e-01,6.974012634499713315e-01,7.791141677885640160e-01,7.831726216593197787e-01,8.971595183720070255e-01,9.311899996034600502e-01,9.754033302573966724e-01
1.300210000000000000e+05,7.028227190993919793e-01,5.692597069687141964e-01,5.353479168575340230e-01,4.232876693185619876e-01,3.980599498876227216e-01,3.818913216599151284e-01,3.466107293076019502e-01,2.960386156511706224e-01,2.503727249637632823e-01,2.155651343993696401e-01,1.201836953015773535e-01,1.652528907148564929e-01,1.785283345140008526e-01,1.830814558399098679e-01,2.422791108385400349e-01,3.462149374103545840e-01,3.657115121057329388e-01,5.973592027363011647e-01,8.267451424866333332e-01,8.415411131666776789e-01
1.300220000000000000e+05,8.010220994860055566e-01,5.073340062548968854e-01,4.453954130935317002e-01,4.363768715731972669e-01,3.299228028171152793e-01,2.942631320825984664e-01,2.690938007720411473e-01,2.523144690960349434e-01,2.490283053255536450e-01,1.615004428653117330e-01,9.163619407093914759e-02,2.754428304570442076e-01,4.909733611737940873e-01,5.872787964326680044e-01,6.274269688358526942e-01,7.182647729950694115e-01,8.269565398279024038e-01,8.807864332682209252e-01,9.035153794562013063e-01,9.540994241301624657e-01
1.300230000000000000e+05,9.817041493112821371e-01,9.713232395119055784e-01,9.180477085263261117e-01,7.836536721400456651e-01,7.751383008355334781e-01,7.652280609601455064e-01,7.618842756273170869e-01,6.147460241755468013e-01,5.155318070710480649e-01,6.586902489557133755e-02,2.392091486832770286e-02,2.487983908189139726e-02,1.381928958667001384e-01,2.859839876777928724e-01,4.022788218925607007e-01,5.392224207342214415e-01,5.565058870421775161e-01,5.991845958465159550e-01,7.076889910298074238e-01,7.107309568883726225e-01
1.300240000000000000e+05,8.949906600164545534e-01,7.683652065402762910e-01,6.388906227369642865e-01,5.899125427915055120e-01,5.331222973190624659e-01,4.702273749043143214e-01,3.316231156085864828e-01,2.461825719733977680e-01,1.720274228206462030e-01,5.585841033479510553e-02,1.935242774990464376e-02,5.731137122469887046e-02,7.394242138039774925e-02,2.596214420324782779e-01,4.700932271395009687e-01,6.928043253492081055e-01,8.087823539897215364e-01,8.791533548360299655e-01,8.861128668267065356e-01,9.422409087002929784e-01
1.300250000000000000e+05,9.911385260244239825e-01,9.474421334816284235e-01,9.236050220760012586e-01,9.100804008261585976e-01,8.959323901711857552e-01,7.639236408694749514e-01,4.686800142942980640e-01,3.079765468322164246e-01,2.005400607518701417e-01,1.950611858078385996e-01,1.368235330905333003e-01,1.968901741604208722e-01,2.254690223155728646e-01,2.270760215770316615e-01,2.911991637562258983e-01,2.959564856828542645e-01,3.725264646901045307e-01,4.915163289336789143e-01,6.090695073884332400e-01,6.485179303521197980e-01
1.300260000000000000e+05,9.761601447777511487e-01,9.744708414746149350e-01,7.789069415734676260e-01,6.689113718969440514e-01,6.654397355918653112e-01,6.315644478220385771e-01,6.296797340793376385e-01,5.893778666973198410e-01,5.757594268789290037e-01,2.876148027944580576e-02,1.432908448904013365e-02,5.500244893284333969e-02,1.213491490974530906e-01,1.634676945687600913e-01,2.175283287592482129e-01,3.884541274095636432e-01,4.741709558462412488e-01,4.758947031448395038e-01,4.940481837820954736e-01,5.057868637283701174e-01
1.300270000000000000e+05,9.982042830494540775e-01,9.941077692696319579e-01,8.692123784148224619e-01,8.636085566302322825e-01,8.567532781171088851e-01,7.126761532415176736e-01,6.431166577729672262e-01,4.497715498050414151e-01,3.542589183090444349e-01,1.608049440295402643e-01,2.066659933964321016e-02,3.403238333601212862e-01,4.284384044117637291e-01,5.024173714836667193e-01,6.514663080182221400e-01,6.774370226171509968e-01,7.839013788892961188e-01,9.058438811662745671e-01,9.219499197064314755e-01,9.697538403251060313e-01
1.300280000000000000e+05,9.808718118765880067e-01,9.390892266474841765e-01,7.333954146434336074e-01,6.515896530330163028e-01,5.623623888679541993e-01,5.301992124204087942e-01,3.599474155361322980e-01,2.648071549784012380e-01,2.528565106761717640e-01,2.428425040966338821e-01,1.161873352314940488e-01,1.524077873762184065e-01,2.788317679275984506e-01,3.497272773279190838e-01,4.500864347551236655e-01,4.851352771648034246e-01,4.888233988661913054e-01,5.951063052966524269e-01,7.931759738003142379e-01,8.673739600331134003e-01
1.300290000000000000e+05,8.897290859371883576e-01,7.741794379889618272e-01,7.627787282071242236e-01,7.558614739455330467e-01,7.002993087843759623e-01,6.670817179086798721e-01,6.371274546163021579e-01,5.582116504755051389e-01,3.714324356700406948e-01,3.212055129026621936e-01,3.598949783112992407e-02,1.482171926245626770e-01,1.744896529580706179e-01,2.482860413989300685e-01,5.336845944632231387e-01,6.392074128928543209e-01,6.917232751417613512e-01,8.122473894859499888e-01,9.596003435617727062e-01,9.767250046773838790e-01
1.300300000000000000e+05,8.626046502110592540e-01,7.822777955464932376e-01,7.809927485349102971e-01,7.006877186911802946e-01,3.519610213526515041e-01,3.181533821650183169e-01,2.230209671282946671e-01,9.215730198897664760e-02,8.286171399484643096e-02,5.915810958006439968e-02,5.960222994437991417e-03,7.350336809960789086e-02,1.824386571399242429e-01,4.323350937874989031e-01,6.023376615705331449e-01,8.770959581509838454e-01,9.358654908967852792e-01,9.490043511748779137e-01,9.713330914277085171e-01,9.984199065436651921e-01
1.300310000000000000e+05,9.740649205030458280e-01,9.459004221020528291e-01,9.029894086385102936e-01,8.232199666375864533e-01,7.523194704823473744e-01,6.319981263643639213e-01,4.747083535110272479e-01,1.353576646575250786e-01,1.187586001009782732e-01,4.542253831786635665e-02,8.608160937289222048e-03,1.732849661845892175e-02,1.677748258962661332e-01,2.841414734055350833e-01,3.818582943971722266e-01,5.625293208422190716e-01,5.990924462760837121e-01,6.440388448137936983e-01,6.556831645619920490e-01,7.162709966182300159e-01
1.300320000000000000e+05,9.927208721344911169e-01,9.813252125297297068e-01,9.079125584162740514e-01,8.578148231838957916e-01,8.370522190614643199e-01,7.334584574746099150e-01,5.347803918335526374e-01,4.191121979563660060e-01,3.892924887163677905e-01,1.760087458296124563e-01,8.703193862461600094e-02,1.749702377706979783e-01,2.027046452128378196e-01,2.793269477790401023e-01,4.634694981754502452e-01,6.431814514720687326e-01,6.481350660286693266e-01,6.856960180629907420e-01,7.049326605544136148e-01,8.806065887228816669e-01
1.300330000000000000e+05,8.504458772526359844e-01,7.967095341808114739e-01,7.436876758994747094e-01,7.184191468240753720e-01,5.174326901702412940e-01,4.134527884462763092e-01,3.729975890804768657e-01,2.102318331197304824e-01,1.926037948600293204e-01,1.428262873002519306e-01,1.102669177958444102e-01,1.486888409321023286e-01,2.660361960488993871e-01,4.481680424187058920e-01,5.504259657055140531e-01,6.896411944660048032e-01,7.209370602895794899e-01,8.907956928445734945e-01,9.241444150464513951e-01,9.785714365309307050e-01
1.300340000000000000e+05,6.973589789163586738e-01,6.869490650369581841e-01,6.776507989803913778e-01,6.564249966091826316e-01,5.726463417209062268e-01,4.769178500371191731e-01,4.768751265010205964e-01,3.884567947529773413e-01,2.629621851377873520e-01,1.929130126133694612e-01,7.637921729593388775e-02,3.938387240740238715e-01,6.717884954058710445e-01,6.755700630818425312e-01,6.931485002913662097e-01,7.501031036027030474e-01,8.179577339176564710e-01,9.321737978205111297e-01,9.461495293090156355e-01,9.857809510971659028e-01
1.300350000000000000e+05,7.437326039749324602e-01,6.911939125066732803e-01,6.850775480401535278e-01,6.551239383034653807e-01,5.756644579124143846e-01,5.137947496968631178e-01,4.818852096422353570e-01,3.968365072450629194e-01,3.802934595165268217e-01,3.289526331768846124e-01,2.351606127949734670e-01,4.369995819630815292e-01,4.862604291089605013e-01,6.394932387100382698e-01,7.107420807664650564e-01,7.467933131696657956e-01,7.634973884840684510e-01,8.030794379901458058e-01,8.317587258499765657e-01,9.503947004253677777e-01
1.300360000000000000e+05,9.821931430663431994e-01,9.747655121241056708e-01,9.364077954335846554e-01,8.295204536635863990e-01,6.463116094623724273e-01,6.209212020676136978e-01,5.315116567128529423e-01,4.039710514268316510e-01,1.851238395731316100e-01,1.149737436287572301e-01,9.948933898505518680e-02,3.643437802128279834e-01,4.214816039902431477e-01,5.080608256647198839e-01,5.725151056436798003e-01,6.029145861978122412e-01,6.257416468171422830e-01,6.490715611816656461e-01,8.173878856890961497e-01,8.523419964681475669e-01
1.300370000000000000e+05,9.487012658936415654e-01,8.272574874604671225e-01,8.203419851757004500e-01,6.248590612159971025e-01,4.573897003335988254e-01,3.420565714946602887e-01,3.067401905532151085e-01,2.813442294639738606e-01,2.790369372873778842e-01,1.505338923647532301e-01,5.486753328042648370e-02,1.832804871605885344e-01,2.534531754973343709e-01,3.122185314780437926e-01,4.985115686457421980e-01,5.278429355716094395e-01,5.984045199073282362e-01,6.361872171122486819e-01,7.689018062119827857e-01,8.576734869012918594e-01
1.300380000000000000e+05,8.999182766799949107e-01,8.805843602921227253e-01,8.506466402430332696e-01,8.321797721435459927e-01,6.283898163292944705e-01,6.053678655939794817e-01,3.627101776781491704e-01,2.130051484457931021e-01,1.877615419008897835e-01,1.595999728700085996e-01,5.788601822726002766e-04,2.035997984543436168e-02,4.840156071062184928e-02,1.032871315842480708e-01,1.474458731679159085e-01,1.589369459376738236e-01,2.015282359771168874e-01,3.064012901431419911e-01,3.382551240621106681e-01,7.352317660871919847e-01
1.300390000000000000e+05,8.684943667480625740e-01,8.595328804395842015e-01,8.428972425637812904e-01,8.314553893249686523e-01,7.787645503761702059e-01,5.615685752458090541e-01,4.535422889713955907e-01,3.188846249812791189e-01,3.174364442654671326e-01,1.905113129680179318e-01,1.746887814119124638e-02,6.788386953203007224e-02,1.068773165001196679e-01,1.161034361347875743e-01,3.207227726040664528e-01,3.962751478353078172e-01,4.355287844047267543e-01,4.847599292301222329e-01,5.956319811536152642e-01,7.721962839788493183e-01
1.300400000000000000e+05,8.879923984193427433e-01,8.431083296230978963e-01,6.757473887099182397e-01,6.539083637060164600e-01,5.823474463361684172e-01,5.588090673544959808e-01,5.428807021862679383e-01,4.339735596582628974e-01,2.345297932662366858e-01,1.487833592881860900e-01,2.656539301332849767e-02,6.598151477513654051e-01,8.152143105251591360e-01,8.943774214202514505e-01,9.135205951796794288e-01,9.141892429615994242e-01,9.171148748343279644e-01,9.327531712590875212e-01,9.637010048478596991e-01,9.691393318727797856e-01
1.300410000000000000e+05,8.450806867807600931e-01,8.199494741365086492e-01,8.022433800042708674e-01,7.249752969354416043e-01,6.536130836304518965e-01,5.487925149301035033e-01,4.537633243703984576e-01,3.782985697663041602e-01,3.152302599729757127e-01,2.370166619466025359e-01,1.091180391804308369e-01,2.504716826512874972e-01,2.639231668446068158e-01,2.768941607725503573e-01,2.779195306082945516e-01,4.006901287433087822e-01,5.055210114642646468e-01,5.814803958850141008e-01,8.715387422146407825e-01,9.960980106080041807e-01
1.300420000000000000e+05,9.702692185497032717e-01,9.700883560634740999e-01,9.389870558898402164e-01,8.394855139141516043e-01,7.818112528714438181e-01,7.777315769048681604e-01,6.964710954712779456e-01,3.916513558778664805e-01,3.831042281236957114e-01,2.528341591418635792e-01,2.043221336554634782e-01,2.316124868536482140e-01,2.732976051609693480e-01,3.200654784482139803e-01,4.358432866974188968e-01,5.175971376704983085e-01,5.314855671381443214e-01,6.778425364834869127e-01,6.935567774154044463e-01,8.572458338903025110e-01
1.300430000000000000e+05,9.231656184732670578e-01,9.165492373332627674e-01,8.936682421346554550e-01,8.370885233666102154e-01,8.071474433911248747e-01,7.180218500873439824e-01,4.926264234278304732e-01,4.682427362901326884e-01,4.244710193786387364e-01,2.564169757919351200e-01,8.010509490450345993e-03,2.528719931134830734e-01,2.576956197587363384e-01,3.040605574272216005e-01,3.854132075858912598e-01,4.553533276960054499e-01,4.562367388943101565e-01,5.608864738938407202e-01,6.125492655288792276e-01,6.464667425190845362e-01
1.300440000000000000e+05,9.732754888668658788e-01,9.586620014636175746e-01,7.290186968590895988e-01,6.159787943012996481e-01,5.358301817519893762e-01,4.982535083446277824e-01,4.515138372672137246e-01,2.437239185704411781e-01,1.845894787882704779e-01,1.087568508537145595e-01,4.689716060800230846e-02,1.600835325971373679e-01,2.444794139305187519e-01,2.623542520827080171e-01,3.667074150705985636e-01,3.902938516390176416e-01,7.656279128919500909e-01,8.147007593075621390e-01,9.462946359299198029e-01,9.636641113290840277e-01
1.300450000000000000e+05,9.887081278817436703e-01,9.242438554434668774e-01,8.888765922540268205e-01,7.613458958450568526e-01,7.613410033593489556e-01,7.380606477885532923e-01,7.354354392322755007e-01,4.791778112515465704e-01,4.259800572993739376e-01,2.015391261966811287e-01,7.188118541852084320e-03,4.197514824342618578e-02,8.055913100701850293e-02,8.465074067100830657e-02,1.435668904299703952e-01,1.907664260208146167e-01,2.099386431220786609e-01,3.020240663364104350e-01,5.322732248738181182e-01,6.552340267568186327e-01
1.300460000000000000e+05,9.842592954447807463e-01,9.268181490676005163e-01,7.964934298190314843e-01,7.383668453264160547e-01,6.124470767027136997e-01,5.531354833279614747e-01,4.832661243130964568e-01,4.766168969832805802e-01,2.584823945878264029e-01,2.320878240457350250e-01,5.302767096355465171e-03,1.876140440442963797e-02,1.175212447766386115e-01,2.980368938976134530e-01,3.144296670904168645e-01,5.431176428068492656e-01,5.930425048437147906e-01,8.011757745292429345e-01,9.848435166524214246e-01,9.912805803066048194e-01
1.300470000000000000e+05,9.208148619964330317e-01,8.949604740265040270e-01,8.940926752892566221e-01,8.841376010630911386e-01,7.178262150427944244e-01,6.682515551309378132e-01,5.855680661087748762e-01,5.199505690466237340e-01,3.317400083827213297e-01,2.353551019131817634e-01,1.387602489488737323e-01,1.702885391852106967e-01,2.065288488059134897e-01,3.758430273090272999e-01,3.853747848171896750e-01,4.994469415199550566e-01,4.997425349198807432e-01,5.130067923444650013e-01,5.242594713108760240e-01,6.098947898047774041e-01
1.300480000000000000e+05,9.985247280336754239e-01,9.937306552823239603e-01,9.389578724052859426e-01,8.772413978370983134e-01,8.681750912479797577e-01,7.278833694870440185e-01,6.866861364174977611e-01,5.144357589131797193e-01,4.240866686441164823e-01,3.309056441152126160e-01,1.229504546263193721e-02,6.939982406800437875e-02,2.592756207879225450e-01,3.408597816823993876e-01,4.569768546808764542e-01,5.838980789700304319e-01,6.060813088788032932e-01,6.115641100384630047e-01,7.553521206832445323e-01,7.750740913070452986e-01
1.300490000000000000e+05,9.621217202297750459e-01,8.886326684177650037e-01,6.715370791240374837e-01,6.410433003151720932e-01,4.565750905744491162e-01,3.684815766852886920e-01,2.805231886602032043e-01,2.479183156611632910e-01,1.639507038861238719e-01,1.423211417621637054e-01,3.263703820050833926e-02,5.187467962990799375e-02,1.663137712030436921e-01,2.180670369064648950e-01,4.638904835389602299e-01,5.873398486730057044e-01,6.104211670755985697e-01,8.047895649859646561e-01,8.147912864442077296e-01,9.300819467635418336e-01
1.300500000000000000e+05,9.579120289671442245e-01,9.169260035578453705e-01,8.926607838351573454e-01,7.844422362787321079e-01,4.173331850719261826e-01,2.213135003078302576e-01,1.932383413687576157e-01,1.680162934920964579e-01,9.529151478664044106e-02,4.036765736209524391e-02,1.865278333928666044e-02,6.879205045090031057e-02,1.481561944832219258e-01,2.866551884528866223e-01,5.772765715778184203e-01,5.903466524850174979e-01,6.184320997787170482e-01,6.560597515070404340e-01,7.580022654360060175e-01,8.593596984642205561e-01
1.300510000000000000e+05,8.820126569940057726e-01,7.955301504946683533e-01,6.448035058778811557e-01,5.233201751897943454e-01,3.840074444078406257e-01,2.743416787183325933e-01,2.212847677471740937e-01,1.322969940665413846e-01,6.915850230862929937e-02,3.172589235595357771e-02,4.047554376205964033e-03,1.549712458853494956e-01,1.840651194407169067e-01,3.439205891514974800e-01,4.763573429512477642e-01,5.597411524465035759e-01,6.095408074011143817e-01,6.316206259516303767e-01,8.834477929378867778e-01,9.176904035254516145e-01
1.300520000000000000e+05,9.140482639314568836e-01,8.791898367902922784e-01,8.678627224095049053e-01,7.255019479309490205e-01,6.658585936510831305e-01,6.322653713218512328e-01,6.183294754824627537e-01,2.275522172510007213e-01,1.931468565870660958e-01,1.056817863786555511e-01,1.154391004642918439e-02,1.869682283025589919e-01,1.980873846106889768e-01,4.529781072818890308e-01,5.008424867676259939e-01,5.401865819208315767e-01,5.589450612131344753e-01,6.085452102522627138e-01,6.439973497348318032e-01,7.112276252889081496e-01
1.300530000000000000e+05,9.562749508229676509e-01,8.943176205183681615e-01,8.794286596994931315e-01,8.663734446249671262e-01,8.473256333057006540e-01,7.851057655070866614e-01,6.046320856792478660e-01,5.779740799433571441e-01,5.129805189046335867e-01,1.171196941576690964e-01,7.873250301379131066e-02,1.160811440458587862e-01,1.509794617411193141e-01,1.799766143187809808e-01,2.332106061833943977e-01,3.531631369583783098e-01,5.040134142018043439e-01,6.564717807122796289e-01,6.661174873258589590e-01,6.718118890133722987e-01
1.300540000000000000e+05,9.782686677877229231e-01,9.113225604882492226e-01,8.062350362332627585e-01,6.798493115086838845e-01,6.157247468339879237e-01,5.100609183635592681e-01,4.912127270838854143e-01,4.741266922708319287e-01,3.356513071277569260e-01,1.613120695287502127e-01,3.086331789737462028e-02,7.417155758414073485e-02,1.334254354737739456e-01,1.555225459151794443e-01,1.709308772845221647e-01,1.963539636503079944e-01,2.094914219926481413e-01,3.587119197677836047e-01,4.822728347225733181e-01,5.477507163676467172e-01
1.300550000000000000e+05,8.960158973752785361e-01,8.742604213000215729e-01,8.546666622655472167e-01,7.204489255293126115e-01,7.178219783875514626e-01,5.869984936319069257e-01,5.759885547344929524e-01,5.612069387763001238e-01,5.382906936349757254e-01,3.757065236559918864e-01,1.434975889111514968e-01,3.608218892152059709e-01,3.990733499149320407e-01,5.352817618764869056e-01,5.641493591437832800e-01,5.853123999720537540e-01,6.663918712438087200e-01,8.565700395043364113e-01,9.690061200786720397e-01,9.845820762080743638e-01
1.300560000000000000e+05,9.349956492715169043e-01,7.277420307031899904e-01,6.115023255918586864e-01,5.674484307457731136e-01,5.612497773022891989e-01,4.375210458840506078e-01,4.278180460504305005e-01,2.650806569095037757e-01,1.390076683372006849e-01,7.913750575436706569e-02,2.970073633573577787e-02,1.402037737621153468e-01,3.209806885645762886e-01,3.688630305036104673e-01,4.562628253077868345e-01,5.421475892955387454e-01,5.924602717424976017e-01,8.925673995146448103e-01,9.077205703570493389e-01,9.368431349524812823e-01
1.300570000000000000e+05,7.904345714421812108e-01,7.514160584677131993e-01,7.077136452202505978e-01,3.997982643930960700e-01,3.042846855035440390e-01,1.919556175961616429e-01,1.835830723098984540e-01,1.684776448671561067e-01,1.626965587966900939e-01,1.309721076927680139e-01,5.614315497198518745e-02,2.071129047084048214e-01,2.153437957546280312e-01,3.321092716157801883e-01,3.435289358699237239e-01,3.725456541899545559e-01,4.352005462438253147e-01,5.032112502541858934e-01,6.689994564877467242e-01,6.735295089528192669e-01
1.300580000000000000e+05,9.330441302394391068e-01,8.866144834427028831e-01,8.262212971204133671e-01,7.831719605296110220e-01,5.939041186310185516e-01,3.801495959990455198e-01,2.702069871494060527e-01,2.312344918318761655e-01,9.085578766410717932e-02,3.941863411990931265e-02,1.931707259705550683e-02,5.964570594030171868e-02,2.901573772337786572e-01,2.958474743131342954e-01,3.679171603672675150e-01,3.844360965690816201e-01,5.226127357927782269e-01,7.083246935393258115e-01,7.422965587397674092e-01,8.456091332581805453e-01
1.300590000000000000e+05,7.308768317324545460e-01,5.946692632201929785e-01,5.654384965146213027e-01,4.667932297641683714e-01,4.129014908184100996e-01,4.046134838775848896e-01,3.838810061125196293e-01,3.273689067698682953e-01,2.666171158886175840e-01,2.589766830478992254e-01,1.382034219296531807e-01,3.503684522513739186e-01,4.963883257110096592e-01,5.844899294021879133e-01,6.401403631729584154e-01,8.428273116820003130e-01,8.845950588730764341e-01,9.247035265066149146e-01,9.452687184488739458e-01,9.596929436705704530e-01
1.300600000000000000e+05,9.939868805707235966e-01,9.388234201287263270e-01,9.317639077838761885e-01,9.138528388374217437e-01,8.147760144493645385e-01,7.141565435934179584e-01,3.884503528267450045e-01,2.394506566606228182e-01,1.755617394935358178e-01,5.992971269209190766e-02,5.494645257318453435e-02,5.904148874089865107e-02,2.800642861503608305e-01,3.020445062451745377e-01,3.475882231736424632e-01,4.024398971076565967e-01,5.370845502626303558e-01,5.590285382324912122e-01,6.845425801717720526e-01,8.993381177040904451e-01
1.300610000000000000e+05,9.893427892367382404e-01,8.527692650496551119e-01,8.425750520479521333e-01,7.267866592676530679e-01,6.784667455973785177e-01,4.940293573585803344e-01,4.676195788292719646e-01,4.391030034665224235e-01,4.355569691342592309e-01,2.677198915508236521e-01,3.996401830089757468e-02,1.271964805090439743e-01,2.105179283270821600e-01,2.511544370550985450e-01,2.592191638290765043e-01,3.001729407932464122e-01,3.062979968466817970e-01,6.055154916667808696e-01,6.634744271175858632e-01,6.726466123989367496e-01
1.300620000000000000e+05,7.593659934828346225e-01,7.540799287686861252e-01,7.402205867723873345e-01,6.685040367853432031e-01,5.747320517240340765e-01,4.989673164844944386e-01,4.759605707011647091e-01,4.758561222188593121e-01,3.894683274257769723e-01,2.159427990765396821e-01,8.379099123417743655e-02,1.514073135538412940e-01,1.588017607514323748e-01,2.157025418578075726e-01,3.573288499878404245e-01,7.683539622215662668e-01,8.384567709027804794e-01,8.401295260985311986e-01,9.167652550093393637e-01,9.880753039736617227e-01
1.300630000000000000e+05,5.675287244195413860e-01,5.047005525233789758e-01,4.839285031235361911e-01,4.049669517133970276e-01,3.171634845032316186e-01,2.903600833676827087e-01,2.830707265656846605e-01,2.731957554656704312e-01,2.005084833917614162e-01,8.355884057046247815e-02,6.518963711910297221e-03,2.211555155939881612e-01,3.336001480380486051e-01,3.850323167171263439e-01,5.673686177468200142e-01,6.725416109050811331e-01,7.335999619555049200e-01,8.290968367083606516e-01,8.543787995226975740e-01,9.224771756769090114e-01
1.300640000000000000e+05,9.184534405017616976e-01,8.497591208224367643e-01,5.916954550475134189e-01,5.746645036705185783e-01,4.627021209577352190e-01,4.146267188292060979e-01,3.323460422104328460e-01,2.179055500157961456e-01,2.020940236324617612e-01,8.827876845874260692e-02,7.461767272011743390e-02,3.100579582292865011e-01,5.277837393245212727e-01,6.829742023536906625e-01,6.879924694038708211e-01,7.535020866223852698e-01,7.680812157508394300e-01,8.598399853484747224e-01,9.553816149015826875e-01,9.786494152671849633e-01
1.300650000000000000e+05,9.270467386416156863e-01,8.839961061523604613e-01,8.792041121358626921e-01,7.755387043163507466e-01,6.059751409947574663e-01,4.334698094549559455e-01,4.323344270667459632e-01,2.978365897778709748e-01,1.210117617894594932e-01,8.398205399732228127e-02,3.992132638052781068e-02,1.673546073861390537e-01,2.459886147085057484e-01,3.148431677004428497e-01,3.819043768257944782e-01,4.593008189084406556e-01,7.169659970116668557e-01,7.946411751795655620e-01,9.111664854368831667e-01,9.799571677876198761e-01
1.300660000000000000e+05,7.268304775532562489e-01,6.830929480347912586e-01,6.533682236097101415e-01,5.949050070378179011e-01,4.548711653661700050e-01,4.468561717126886546e-01,4.460323106594054066e-01,4.131610076793574837e-01,3.619326410627816681e-01,3.157860981916473797e-01,4.353996170287577350e-02,9.805213930722911364e-02,2.519141839078961054e-01,3.072377437696994784e-01,5.984581813101964576e-01,7.838787823682188405e-01,8.936948955467330924e-01,9.092629967038484695e-01,9.185391913917968498e-01,9.838935924250892251e-01
1.300670000000000000e+05,9.944639087445499293e-01,9.608108321032565735e-01,9.350631834070480819e-01,7.226557367019363909e-01,6.736017164024500348e-01,6.135699569223149741e-01,4.737806136411675251e-01,3.961924425192802079e-01,2.452015752573708518e-01,9.668800647327013831e-02,3.932756741146314905e-02,1.484327713279998129e-01,1.631973692431133438e-01,2.735198114692422022e-01,3.142480489263566046e-01,3.704687599939922027e-01,4.579232178035349543e-01,5.738055916291416869e-01,7.296935890359027566e-01,7.404123642859673504e-01
1.300680000000000000e+05,9.128404472649872536e-01,8.318076942832081100e-01,5.968132339501852623e-01,5.558039394563647484e-01,5.533941583595781699e-01,3.151357897706817957e-01,2.466149687581520311e-01,2.427053131252479012e-01,1.933763913531041378e-01,1.505844181473333654e-01,1.244889042632814080e-01,1.272839955019336999e-01,2.045802273182153463e-01,2.455926354735659123e-01,6.074193741180495820e-01,6.520535400181175500e-01,7.419582825333578269e-01,7.869446819926806391e-01,9.150849719583844522e-01,9.685273512987124800e-01
1.300690000000000000e+05,7.496293461164225125e-01,5.656699335867444445e-01,5.465215454303691267e-01,5.370694083507177030e-01,3.944013696952478609e-01,3.155268331251256386e-01,3.150578402696988523e-01,3.026858759506224628e-01,2.865989875806229659e-01,1.005224000622778613e-01,1.644343498878808596e-02,1.765671485236240956e-01,4.804256876246011387e-01,6.247853030406158581e-01,7.589966285165091753e-01,8.045894362326864169e-01,8.252122979710283524e-01,8.656306801023442299e-01,9.072228291711712522e-01,9.563147924041065506e-01
1.300700000000000000e+05,7.770286207554691904e-01,7.236114992360622722e-01,6.777805784253962962e-01,6.476790843719012480e-01,5.890443893225212335e-01,5.339282999610915903e-01,3.209354862210990200e-01,2.952012765461153876e-01,2.941866176759850848e-01,1.771076821749819619e-01,1.202148779991496497e-02,2.471344896279792369e-02,6.322324181914307228e-02,8.695821208826381987e-02,4.245674781350748939e-01,6.262720482586960902e-01,7.413719620337961835e-01,8.651588824395002320e-01,9.395064144423672658e-01,9.713457826538575146e-01
1.300710000000000000e+05,8.178467167774475799e-01,7.697709976165966195e-01,7.538056806574350288e-01,7.079754040923401659e-01,6.956520558789236475e-01,6.425207917078005204e-01,5.615906019362810753e-01,3.287084271453215578e-01,2.559912820953925694e-01,1.247467105304153057e-01,3.331685525857286390e-02,4.451127758745762053e-01,5.039212118427751630e-01,5.071869415618168730e-01,5.082462695618444881e-01,5.247304748052085133e-01,5.697622940036045636e-01,5.750940720269882567e-01,6.414520446422076194e-01,7.023962111829268329e-01
1.300720000000000000e+05,9.731838788131970119e-01,8.388834378043760198e-01,7.906343120917596057e-01,7.668089919635674434e-01,6.375729937647379719e-01,5.020967058247917114e-01,4.483476994063132492e-01,2.870763165312678611e-01,2.840674232734413662e-01,4.076551154215635187e-02,3.165096128201339010e-02,2.321043983903793295e-01,2.453317523330196259e-01,6.333087164176569583e-01,6.411250419310720039e-01,6.534839584175484717e-01,7.457846927989404406e-01,7.826615551810961469e-01,8.035994343753410929e-01,8.981706676020037028e-01
1.300730000000000000e+05,9.632612662878243803e-01,8.625715615481531762e-01,8.351537181449064651e-01,7.465496230870363181e-01,6.480528240283990327e-01,5.274288125169639407e-01,4.720803386668167567e-01,3.037746820999249753e-01,1.662202726387729257e-01,1.042385190978178944e-01,3.052676764533035492e-02,1.276068936835181855e-01,1.644536908748535087e-01,1.955710846143843273e-01,2.214842345161441850e-01,2.604683799910579856e-01,3.235552565488074572e-01,4.271807492127922545e-01,7.511413336811439967e-01,7.581782962477987553e-01
1.300740000000000000e+05,9.946989952953817493e-01,9.935988777329062271e-01,9.690554141472207395e-01,9.635842224217423535e-01,5.795308926618932821e-01,5.722958769506387711e-01,5.516042389457028738e-01,4.460099252465103969e-01,3.031042150074330088e-01,1.827862754741726992e-01,1.614223105679224446e-02,5.244613949869625369e-02,1.059896080032997068e-01,2.388117788822539111e-01,3.064447266308304441e-01,6.163339367845447336e-01,6.218497155027848944e-01,6.900317744042935297e-01,7.831720740133580883e-01,9.434308372117438113e-01
1.300750000000000000e+05,9.900119424486549802e-01,9.257946959235158202e-01,7.586016474050096825e-01,6.970503369823252138e-01,6.847970013274501389e-01,6.503262963484099934e-01,5.483906559069494646e-01,3.754540139740141225e-01,1.177277348836662796e-01,5.571156313357805701e-02,1.639045583595633016e-02,7.997529355267696261e-02,1.632454834960862522e-01,3.013020870985411159e-01,3.827749548927615875e-01,4.588923636109034643e-01,5.869872232929422839e-01,5.972455659804244421e-01,6.107584458907313607e-01,6.334951616697025445e-01
1.300760000000000000e+05,9.885836775818551692e-01,9.245133740980747694e-01,8.752520181100567065e-01,8.688272398169124555e-01,7.144693529695947953e-01,7.023721338453331464e-01,3.764623663431342360e-01,3.254426610446523593e-01,1.351725575860888151e-01,5.940740615969575256e-02,5.413298078005834846e-03,6.267744818265097440e-02,1.576898079041355594e-01,2.576320403773086909e-01,3.167402476193864613e-01,3.901191359195834707e-01,5.925077835763195022e-01,6.762512245647229747e-01,7.703354076943541573e-01,8.380474541728191173e-01
1.300770000000000000e+05,9.560535610885276814e-01,9.508851195475946927e-01,8.761595104739657858e-01,8.095626427671125391e-01,4.972788672135730614e-01,4.551010750382056269e-01,4.390099144692036770e-01,2.719175429447991954e-01,1.747544223579788891e-01,1.412667010488910524e-01,1.367921907017266570e-02,1.872291009689156516e-01,2.733860389651415757e-01,2.960372441937242360e-01,3.029879841768380322e-01,3.820481672581180765e-01,4.671710676579641230e-01,5.476153699567978261e-01,8.367943831302708801e-01,9.245096304020112843e-01
1.300780000000000000e+05,8.718710366311646087e-01,8.034359702808345771e-01,7.835707360367032415e-01,7.627198157675876278e-01,4.440750889758328102e-01,4.159181980144874835e-01,3.456066899346025290e-01,1.682129235447279436e-01,1.549514688461905987e-02,1.284124307267675569e-02,4.992882055617764436e-03,1.044512308231760889e-01,2.000797820902134871e-01,2.159458906532245592e-01,2.750600667984040015e-01,3.299215617041219017e-01,3.317957402252205146e-01,3.921021175963195216e-01,4.025575239462876320e-01,6.856710312721064904e-01
1.300790000000000000e+05,9.246371480748533100e-01,9.158732279793454500e-01,8.978457581094321238e-01,7.846604961838210546e-01,6.431754117949197713e-01,5.644195782256948846e-01,4.245662276658052070e-01,2.693218474143176389e-01,2.139152609145246187e-01,2.102904800175749989e-01,1.645273865564537141e-01,1.694136351919509620e-01,2.950113045736965089e-01,3.482304963361204653e-01,3.569822949918035615e-01,3.936946032404616824e-01,6.053344210332243236e-01,6.591817531989278001e-01,6.772214911586561525e-01,7.239625983441111412e-01
1.300800000000000000e+05,9.615350595488781904e-01,9.288021142420732623e-01,7.019481586123931249e-01,6.121043369463746719e-01,6.039500393050351024e-01,4.405888759553079348e-01,2.552935613776584622e-01,2.485970404792577915e-01,7.609114428314256440e-02,2.354336830977188377e-02,1.665598274381485666e-02,1.097224912942087460e-01,1.226892074821467338e-01,1.887668004488611828e-01,3.011610862335809546e-01,3.755347724208504268e-01,4.268937839957447355e-01,5.176308429959212143e-01,6.503108175505101229e-01,6.790438902810510546e-01
1.300810000000000000e+05,7.329477722094329684e-01,5.936149047562228054e-01,5.592312029730998058e-01,3.930394164103329091e-01,2.988357383511075493e-01,2.700944936830791399e-01,2.001558760554510430e-01,1.277533189435916539e-01,6.433769171185887981e-02,3.394514546883675710e-02,4.399479084772339732e-03,1.056843957550412938e-02,1.240835137475586603e-01,2.972922162151188097e-01,3.916512318992130259e-01,4.512679811412152464e-01,8.521328733284641022e-01,9.009977525762860040e-01,9.619435128005443536e-01,9.673513515182911027e-01
1.300820000000000000e+05,9.915063597616196045e-01,9.281386157730862063e-01,9.190210408707594203e-01,8.943785349664704620e-01,8.625606959291179932e-01,8.506579538257620365e-01,7.548053896750618330e-01,6.129961053878136834e-01,2.831704027604808882e-01,1.037534374448236818e-01,7.641225233541348860e-02,1.919292620345153244e-01,4.102602248379034755e-01,4.644170103706714015e-01,4.683861075146594777e-01,5.841090444282799332e-01,5.955612387203124136e-01,6.067292534460475562e-01,6.221932289181739684e-01,7.196239489955041924e-01
1.300830000000000000e+05,9.190307267999943130e-01,8.858034151380582699e-01,7.712994493598368528e-01,6.797162915852240639e-01,6.538590300829725255e-01,6.491192971750209262e-01,5.771947660850466066e-01,5.457515415157870864e-01,4.917806070383172745e-01,4.745159447885025639e-01,2.670799702038354484e-01,4.169353778964266510e-01,4.211600198806482176e-01,4.482249571702537905e-01,4.741740054736720555e-01,4.787431468276650559e-01,5.441828911028286919e-01,6.031500356572211397e-01,6.501044408116065654e-01,6.679412503362204268e-01
1.300840000000000000e+05,9.981880115429692113e-01,8.478429613605962256e-01,8.166297907978594672e-01,7.178446351143695781e-01,6.778450926296617496e-01,4.990219684785076604e-01,4.382037673768137687e-01,3.034172607066378813e-01,2.566038306082788489e-01,1.604119073715990496e-01,6.480427855644632640e-02,1.499480137706482585e-01,2.962769283254517161e-01,3.301865548280731311e-01,5.586219931398693772e-01,7.812157857457077137e-01,7.929272619507975461e-01,8.697300745068738959e-01,8.845307503103438940e-01,9.630565824161427813e-01
1.300850000000000000e+05,9.084561744140250417e-01,8.379723208423230929e-01,7.455892601066961278e-01,6.789626153630174965e-01,5.757285410684991334e-01,4.255348704177633890e-01,2.687753030813513355e-01,2.528401443256864667e-01,2.474146912377371832e-01,1.635014179506384391e-01,1.424346428147311716e-01,1.577449476129957340e-01,2.199923984949628819e-01,4.115765829052918656e-01,6.555247279917765235e-01,7.017609748504236578e-01,7.031372293724741374e-01,8.310420163014612394e-01,8.334809743840124741e-01,9.122961020648389097e-01
1.300860000000000000e+05,9.141153177370368033e-01,7.611061196598588596e-01,6.845573266554979552e-01,6.463513047056360650e-01,4.269908818052913224e-01,3.208468683019382039e-01,2.701383644866007794e-01,2.224454793903727357e-01,1.750294891979512490e-01,5.393084735422659648e-02,6.675828941515526971e-03,2.092842300295894020e-02,8.763971572300832680e-02,9.059509180115621341e-02,2.596857658748046305e-01,3.418404011835416423e-01,4.077084197539424526e-01,4.813781669276619990e-01,7.732125328936815256e-01,8.833415647305079554e-01
1.300870000000000000e+05,9.344841595176868188e-01,6.296472916347141124e-01,6.254354839464087989e-01,5.873846399018679554e-01,5.536623433253460291e-01,4.556433011635596664e-01,3.931784819983383805e-01,2.796412626689415148e-01,2.314715032720975341e-01,8.405080341776494102e-02,2.017661313424512493e-03,6.106264707340069986e-02,6.841853009784337747e-02,1.301798542389519531e-01,1.580912355552354098e-01,4.302778770624511306e-01,5.528178780859716035e-01,6.269349088169764439e-01,7.109377857528530464e-01,7.516778785587816536e-01
1.300880000000000000e+05,8.532774951894580573e-01,7.168361709838710905e-01,6.917471629156782820e-01,5.654753676478312396e-01,3.656470488180455503e-01,2.873419254216496022e-01,2.219223357728781210e-01,2.113241660123730270e-01,1.871154549776642417e-01,1.824107340703184921e-01,1.767791663826633330e-01,2.116464425428499219e-01,2.697302960876116762e-01,2.931300369564142638e-01,3.213669491502096909e-01,4.084959036091433404e-01,4.467051221315376797e-01,7.953984371624791549e-01,8.785727856961870197e-01,8.833527721740217498e-01
1.300890000000000000e+05,9.446701755179605087e-01,9.057274265436702221e-01,8.968750963815800281e-01,8.674454114725058673e-01,8.364831987050797002e-01,6.692769070286622712e-01,5.459172903622440121e-01,4.583675938421667428e-01,3.230082481329800137e-01,1.128772349530988706e-01,1.779269279319328767e-02,3.274816631568975289e-01,4.536779815428880758e-01,5.577013196544053919e-01,6.131671111846421773e-01,6.158894526911682377e-01,6.730274137885983166e-01,7.280476878138009145e-01,7.880106455521158626e-01,8.036288146573510316e-01
1.300900000000000000e+05,9.424576856899027355e-01,9.061077630250253812e-01,8.126754024118583164e-01,7.978709945572733941e-01,6.705346524336162073e-01,6.430099199261752885e-01,4.836993185407656437e-01,1.653864558952276020e-01,1.138452161536270824e-01,4.988827317295152497e-02,2.092883353833507876e-02,3.481178333830826643e-01,3.514774163963759745e-01,3.697629811685970713e-01,4.109323179660807623e-01,4.182326517519702191e-01,6.371741120906789790e-01,6.397991046885781463e-01,7.596550163681666801e-01,8.477816386221074252e-01
1.300910000000000000e+05,9.737380109368416470e-01,9.568870546995144055e-01,8.408043165479622827e-01,8.389730728377712277e-01,7.866198661911958379e-01,5.981652394188066157e-01,5.625711833518924898e-01,5.067969428453584779e-01,4.687502778671936987e-01,2.842463270172256307e-01,1.402045120172412673e-02,9.853574422764999063e-02,1.480624300364002943e-01,1.533715004823249517e-01,2.908263410391702664e-01,5.277659869359915268e-01,5.483960474906454108e-01,7.284960042915534784e-01,7.926145370029387127e-01,8.148589209902086239e-01
1.300920000000000000e+05,7.732289801732494805e-01,7.135362957679510787e-01,7.088907872579006675e-01,5.735306505375866726e-01,4.270679001260724306e-01,3.909347904381906824e-01,3.751500646126194605e-01,1.942806394201620490e-01,1.600159983014607379e-01,6.285964795125342786e-02,2.540011127213026576e-02,3.493444476568775547e-01,4.177824311655778944e-01,6.615365514571093231e-01,6.657892024147850085e-01,7.347193872131374537e-01,8.246639734872411864e-01,8.974614948751484800e-01,9.904225547303332489e-01,9.955036904565564004e-01
1.300930000000000000e+05,9.818250413795394094e-01,9.261801102787079465e-01,8.793058208400286180e-01,7.880715222828525990e-01,6.904367652389794552e-01,6.662137339478984011e-01,6.647947186173240874e-01,3.300745286758509645e-01,2.210454473669253295e-01,4.223308985356355461e-02,4.181469905883861138e-03,2.862508897161408772e-02,1.754737721617636304e-01,1.927883521804100164e-01,3.731831278697353982e-01,4.848415237910682629e-01,5.314308958385531856e-01,5.900553173986053945e-01,5.983846034828853577e-01,6.353001562692068838e-01
1.300940000000000000e+05,7.697002704414600549e-01,6.335143450859059833e-01,6.052571888359196128e-01,5.622810256323607092e-01,4.052739804685260294e-01,3.923206629279442081e-01,2.801734772282289399e-01,2.687425682055994969e-01,2.538308416189385408e-01,2.316841190084135693e-01,1.984406644107631346e-01,2.227951892534592027e-01,3.338051037025064893e-01,4.168826933830342973e-01,6.519052243220355702e-01,6.849429133215859666e-01,7.511782970913910562e-01,7.730298040418558392e-01,8.431807288663318856e-01,9.658345123643115038e-01
1.300950000000000000e+05,7.491267752578982808e-01,6.384627325806845333e-01,6.191137785646281255e-01,5.583507202442316020e-01,5.409726283359975740e-01,5.271253313520221084e-01,5.231642029032720353e-01,4.304864012732065870e-01,3.493698638615576613e-01,6.494613166449691999e-02,1.816621604190693517e-02,1.309217853582913538e-01,1.512793756466470629e-01,1.691836131527506559e-01,1.890775882801252195e-01,2.899006576560509973e-01,5.071264390832400659e-01,8.692153345228317285e-01,9.019195220362817844e-01,9.971731157581160687e-01
1.300960000000000000e+05,7.930518326248578997e-01,7.930047279039162955e-01,6.587803769948941124e-01,5.747409070116903385e-01,4.805883598567017856e-01,3.123079970410691519e-01,2.543464505312219570e-01,2.410314569170914911e-01,2.043305268102768579e-01,1.837357091454162594e-01,5.532887240894579506e-02,6.870271787494319771e-02,8.255454792580851908e-02,1.726765163262431457e-01,4.677220007775790833e-01,8.046804930721501714e-01,8.652048322047725115e-01,8.938136703074166522e-01,9.083888553633824303e-01,9.980962388712173450e-01
1.300970000000000000e+05,3.900898421027723106e-01,3.552382029855841727e-01,3.528290666639508633e-01,3.136087067259586414e-01,2.724118193363632701e-01,2.555084193652766844e-01,2.542165236767277570e-01,1.473729865169929321e-01,1.325855353163318817e-01,2.830386699240294845e-02,1.546508847895788907e-02,1.870881986279687714e-01,1.873684783924554065e-01,2.166950075461272496e-01,4.893367212409248657e-01,6.075216513083266934e-01,6.915867957717098946e-01,7.804057790424741015e-01,8.346871371048107946e-01,8.492305204758014980e-01
1.300980000000000000e+05,7.687786733618511281e-01,7.678982581157092202e-01,6.946375106048361392e-01,6.228718164930605594e-01,4.792116907897119304e-01,3.523682660780992348e-01,2.413249011427753832e-01,9.756007086414852925e-02,8.917563635060876681e-02,1.666133378426482015e-02,9.130924632480219572e-03,8.585633257132585516e-02,8.840102555331241785e-02,9.880216375151529284e-02,1.083532251829945059e-01,1.638870347604521882e-01,2.158992690963483785e-01,6.391534589104890252e-01,6.653830058109532208e-01,6.692217402545431737e-01
1.300990000000000000e+05,9.942713509220737489e-01,9.795014311153230624e-01,7.940536713495092158e-01,7.885616800364846357e-01,6.451232600342398094e-01,4.581476446677749115e-01,3.342464922164803953e-01,3.038708502613302054e-01,2.846808333426018578e-01,1.162886975606880480e-01,8.438990483881303462e-03,2.653082786542926286e-02,5.348271789682979005e-02,1.079230099453643010e-01,2.248158978127432484e-01,2.516385941531722459e-01,3.874297377695532507e-01,4.642466690845616917e-01,6.891676964088478963e-01,6.922406697614518212e-01
