ID, 0, 1, 2, 3, 4, 5, 6, 7, 8, 9, 10, 11, 12, 13, 14, 15, 16, 17, 18
4.000000000000000000e+04, 0, 98, 63, 39, 36, 22, 12, 6, 86, 86, 57, 36, 36, 22, 12, 6, 2, 0, 0
4.000100000000000000e+04, 0, 1580, 1194, 898, 668, 493, 359, 259, 183, 133, 89, 58, 39, 23, 13, 7, 6, 2, 0
4.000200000000000000e+04, 1, 139, 98, 668, 584, 584, 288, 213, 146, 98, 98, 68, 42, 36, 22, 12, 6, 2, 0
4.000300000000000000e+04, 0, 2, 12, 182, 897, 667, 492, 358, 258, 182, 127, 86, 57, 36, 22, 12, 6, 2, 0
4.000400000000000000e+04, 4, 19, 22, 12, 12, 6, 2, 0, 258, 182, 127, 86, 57, 36, 22, 12, 6, 2, 0
4.000500000000000000e+04, 14, 24, 19, 485, 122, 252, 252, 122, 252, 122, 122, 53, 53, 19, 19, 4, 4, 1, 0
4.000600000000000000e+04, 3, 23, 139, 98, 584, 584, 288, 201, 139, 139, 98, 68, 57, 36, 22, 12, 6, 2, 0
4.000700000000000000e+04, 3, 494, 362, 362, 681, 362, 469, 339, 240, 167, 115, 75, 48, 30, 19, 8, 4, 1, 0
4.000800000000000000e+04, 0, 2, 1199, 1193, 897, 667, 492, 358, 258, 182, 127, 86, 57, 36, 22, 12, 6, 2, 0
4.000900000000000000e+04, 4, 6, 2, 127, 127, 86, 57, 36, 182, 127, 86, 57, 57, 36, 22, 12, 6, 2, 0
4.001000000000000000e+04, 7, 6, 2, 0, 86, 57, 36, 22, 258, 182, 127, 86, 57, 36, 22, 12, 6, 2, 0
4.001100000000000000e+04, 4, 12, 6, 12, 36, 22, 36, 258, 182, 127, 86, 57, 36, 22, 12, 6, 2, 0, 0
4.001200000000000000e+04, 43, 43, 30, 19, 12, 12, 6, 2, 0, 182, 127, 86, 57, 36, 22, 12, 6, 2, 0
4.001300000000000000e+04, 14, 7, 4, 33, 19, 252, 252, 122, 252, 177, 122, 82, 53, 33, 19, 10, 4, 1, 0
4.001400000000000000e+04, 134, 90, 61, 61, 849, 641, 469, 339, 252, 172, 122, 78, 53, 33, 19, 10, 4, 1, 0
4.001500000000000000e+04, 14, 1622, 1260, 942, 712, 522, 388, 260, 191, 136, 122, 78, 53, 30, 19, 10, 4, 1, 0
4.001600000000000000e+04, 0, 87, 6, 964, 712, 667, 492, 358, 258, 182, 127, 86, 57, 36, 22, 12, 6, 2, 0
4.001700000000000000e+04, 4, 1596, 1212, 916, 686, 494, 388, 277, 201, 143, 95, 62, 38, 23, 19, 10, 4, 1, 0
4.001800000000000000e+04, 1, 367, 352, 252, 177, 122, 82, 53, 177, 122, 82, 53, 33, 19, 12, 6, 2, 0, 0
4.001900000000000000e+04, 259, 183, 182, 127, 127, 86, 86, 57, 258, 182, 127, 86, 57, 36, 22, 12, 6, 2, 0
4.002000000000000000e+04, 3, 916, 686, 558, 641, 641, 240, 338, 240, 168, 114, 75, 49, 36, 22, 12, 6, 2, 0
4.002100000000000000e+04, 0, 16, 16, 12, 667, 492, 358, 258, 258, 182, 127, 86, 57, 36, 22, 12, 6, 2, 0
4.002200000000000000e+04, 4, 95, 53, 53, 33, 182, 258, 182, 127, 86, 57, 36, 22, 12, 6, 2, 6, 2, 0
4.002300000000000000e+04, 0, 98, 98, 146, 127, 667, 492, 358, 258, 182, 127, 86, 57, 36, 22, 12, 6, 2, 0
4.002400000000000000e+04, 1, 134, 93, 63, 39, 36, 22, 12, 6, 2, 0, 86, 57, 36, 22, 12, 6, 2, 0
4.002500000000000000e+04, 0, 25, 13, 365, 264, 185, 182, 127, 86, 57, 127, 86, 57, 36, 22, 12, 6, 2, 0
4.002600000000000000e+04, 0, 9, 3, 2, 138, 92, 86, 182, 127, 86, 57, 36, 57, 36, 22, 12, 6, 2, 0
4.002700000000000000e+04, 43, 26, 26, 15, 12, 57, 36, 22, 258, 182, 127, 86, 57, 36, 22, 12, 6, 2, 0
4.002800000000000000e+04, 38, 23, 22, 22, 12, 127, 86, 57, 36, 22, 127, 86, 57, 36, 22, 12, 6, 2, 0
4.002900000000000000e+04, 16, 16, 8, 4, 1, 252, 177, 122, 252, 177, 122, 82, 53, 33, 19, 12, 6, 2, 0
4.003000000000000000e+04, 8, 16, 16, 8, 4, 1, 374, 267, 187, 129, 87, 82, 53, 33, 19, 10, 4, 1, 0
4.003100000000000000e+04, 0, 22, 22, 12, 12, 36, 358, 258, 182, 127, 86, 86, 57, 36, 22, 12, 6, 2, 0
4.003200000000000000e+04, 16, 1579, 1194, 899, 734, 522, 388, 284, 252, 177, 122, 82, 53, 33, 19, 12, 6, 2, 0
4.003300000000000000e+04, 23, 183, 183, 668, 403, 403, 288, 201, 143, 122, 82, 53, 33, 19, 19, 10, 4, 1, 0
4.003400000000000000e+04, 0, 37, 36, 667, 492, 358, 258, 358, 258, 182, 127, 86, 57, 36, 22, 12, 6, 2, 0
4.003500000000000000e+04, 38, 24, 66, 53, 33, 19, 10, 12, 6, 2, 0, 86, 57, 36, 22, 12, 6, 2, 0
4.003600000000000000e+04, 16, 43, 26, 16, 26, 16, 326, 240, 240, 107, 75, 75, 29, 29, 16, 9, 3, 2, 0
4.003700000000000000e+04, 43, 24, 669, 493, 493, 360, 259, 225, 177, 122, 82, 53, 33, 19, 10, 4, 1, 0, 0
4.003800000000000000e+04, 0, 57, 36, 36, 86, 86, 57, 36, 22, 12, 6, 86, 57, 36, 22, 12, 6, 2, 0
4.003900000000000000e+04, 1, 0, 2, 36, 667, 667, 492, 358, 258, 182, 127, 86, 57, 36, 22, 12, 6, 2, 0
4.004000000000000000e+04, 1260, 370, 1260, 511, 370, 511, 370, 270, 201, 139, 98, 68, 42, 25, 22, 12, 6, 2, 0
4.004100000000000000e+04, 0, 2, 1260, 2, 711, 521, 376, 358, 258, 182, 127, 86, 57, 36, 22, 12, 6, 2, 0
4.004200000000000000e+04, 0, 0, 2, 0, 12, 6, 358, 258, 182, 127, 86, 57, 36, 22, 12, 6, 2, 0, 0
4.004300000000000000e+04, 4, 4, 493, 669, 669, 485, 485, 352, 252, 177, 122, 82, 53, 33, 19, 10, 4, 1, 0
4.004400000000000000e+04, 40, 24, 909, 676, 889, 485, 485, 252, 252, 177, 122, 82, 53, 33, 19, 10, 4, 1, 0
4.004500000000000000e+04, 4, 4, 712, 942, 712, 522, 377, 277, 201, 129, 87, 58, 39, 23, 22, 12, 6, 2, 0
4.004600000000000000e+04, 0, 22, 12, 127, 86, 57, 36, 22, 12, 6, 86, 57, 36, 22, 12, 6, 2, 2, 0
4.004700000000000000e+04, 1, 183, 183, 182, 127, 667, 492, 358, 258, 182, 127, 86, 57, 36, 22, 12, 6, 2, 0
4.004800000000000000e+04, 0, 0, 370, 270, 712, 133, 89, 58, 193, 133, 127, 86, 57, 36, 22, 12, 6, 2, 0
4.004900000000000000e+04, 4, 522, 388, 277, 201, 277, 201, 201, 95, 122, 53, 53, 33, 19, 19, 10, 4, 1, 0
4.005000000000000000e+04, 98, 139, 98, 66, 53, 53, 122, 53, 53, 19, 19, 4, 4, 33, 19, 10, 4, 1, 0
4.005100000000000000e+04, 58, 98, 270, 1001, 584, 584, 424, 302, 213, 146, 98, 86, 57, 36, 22, 12, 6, 2, 0
4.005200000000000000e+04, 58, 57, 36, 22, 12, 6, 2, 0, 258, 182, 127, 86, 57, 36, 22, 12, 6, 2, 0
4.005300000000000000e+04, 16, 8, 3, 168, 897, 667, 492, 358, 258, 182, 127, 86, 57, 36, 22, 12, 6, 2, 0
4.005400000000000000e+04, 134, 1200, 901, 849, 641, 469, 338, 240, 167, 114, 75, 48, 30, 16, 8, 8, 4, 1, 0
4.005500000000000000e+04, 43, 26, 1260, 904, 834, 513, 370, 265, 225, 156, 105, 64, 43, 26, 14, 7, 4, 1, 0
4.005600000000000000e+04, 4, 194, 136, 122, 78, 53, 485, 346, 252, 172, 122, 78, 53, 30, 19, 8, 4, 1, 0
4.005700000000000000e+04, 13, 8, 4, 1, 0, 352, 252, 177, 122, 86, 57, 36, 36, 22, 12, 6, 2, 0, 0
4.005800000000000000e+04, 0, 58, 671, 495, 359, 495, 492, 358, 258, 182, 127, 86, 57, 36, 22, 12, 6, 2, 0
4.005900000000000000e+04, 4, 2, 6, 36, 22, 12, 492, 358, 258, 182, 127, 86, 57, 36, 22, 12, 6, 2, 0
4.006000000000000000e+04, 0, 2, 0, 12, 12, 6, 2, 12, 6, 2, 0, 86, 57, 36, 22, 12, 6, 2, 0
4.006100000000000000e+04, 13, 43, 43, 26, 69, 43, 182, 127, 86, 57, 127, 86, 57, 36, 22, 12, 6, 2, 0
4.006200000000000000e+04, 2163, 927, 686, 504, 504, 504, 194, 194, 98, 98, 98, 68, 42, 36, 22, 12, 6, 2, 0
4.006300000000000000e+04, 359, 1197, 904, 834, 614, 446, 320, 225, 225, 156, 69, 43, 43, 26, 15, 7, 6, 2, 0
4.006400000000000000e+04, 189, 189, 98, 98, 64, 43, 423, 305, 225, 146, 98, 64, 43, 25, 13, 7, 6, 2, 0
4.006500000000000000e+04, 43, 43, 7, 14, 834, 446, 485, 252, 252, 177, 122, 82, 53, 33, 19, 10, 4, 1, 0
4.006600000000000000e+04, 0, 0, 1223, 915, 735, 537, 492, 358, 258, 182, 127, 86, 57, 36, 22, 12, 6, 2, 0
4.006700000000000000e+04, 1, 1205, 1031, 767, 511, 404, 288, 288, 258, 182, 127, 86, 57, 36, 22, 12, 6, 2, 0
4.006800000000000000e+04, 24, 19, 906, 889, 653, 485, 352, 252, 177, 127, 86, 57, 36, 22, 12, 6, 2, 2, 0
4.006900000000000000e+04, 0, 7, 6, 2, 0, 667, 492, 358, 258, 182, 127, 86, 57, 36, 22, 12, 6, 2, 0
4.007000000000000000e+04, 8, 4, 2, 6, 12, 183, 2, 127, 86, 57, 127, 86, 57, 36, 22, 12, 6, 2, 0
4.007100000000000000e+04, 1, 2, 2, 495, 359, 359, 185, 185, 182, 127, 86, 57, 57, 36, 22, 12, 6, 2, 0
4.007200000000000000e+04, 0, 686, 686, 359, 288, 201, 201, 201, 201, 63, 57, 86, 57, 36, 22, 12, 6, 2, 0
4.007300000000000000e+04, 0, 0, 511, 388, 277, 258, 182, 127, 86, 182, 127, 86, 57, 36, 22, 12, 6, 2, 0
4.007400000000000000e+04, 4, 1260, 1260, 942, 712, 512, 370, 267, 187, 129, 88, 82, 53, 33, 19, 10, 4, 1, 0
4.007500000000000000e+04, 4, 388, 277, 201, 377, 201, 201, 23, 23, 23, 23, 23, 23, 23, 4, 1, 4, 1, 0
4.007600000000000000e+04, 7, 6, 22, 258, 182, 127, 86, 57, 36, 22, 12, 12, 6, 6, 2, 0, 6, 2, 0
4.007700000000000000e+04, 0, 1260, 1260, 697, 697, 511, 370, 265, 130, 87, 87, 86, 57, 36, 22, 12, 6, 2, 0
4.007800000000000000e+04, 0, 131, 377, 270, 189, 131, 381, 326, 189, 131, 107, 75, 43, 26, 16, 7, 3, 2, 0
4.007900000000000000e+04, 90, 90, 37, 388, 537, 388, 358, 258, 182, 127, 86, 57, 36, 22, 12, 12, 6, 2, 0
4.008000000000000000e+04, 4, 19, 10, 6, 6, 2, 492, 358, 258, 182, 127, 86, 57, 36, 22, 12, 6, 2, 0
4.008100000000000000e+04, 259, 668, 522, 388, 697, 522, 388, 281, 186, 135, 90, 75, 37, 29, 16, 9, 3, 2, 0
4.008200000000000000e+04, 0, 6, 2, 2, 0, 493, 22, 12, 6, 2, 127, 86, 57, 36, 22, 12, 6, 2, 0
4.008300000000000000e+04, 183, 37, 138, 127, 667, 492, 358, 358, 258, 182, 127, 86, 57, 36, 22, 12, 6, 2, 0
4.008400000000000000e+04, 43, 305, 225, 225, 225, 225, 225, 225, 225, 43, 43, 69, 43, 28, 15, 7, 6, 2, 0
4.008500000000000000e+04, 7, 7, 6, 57, 36, 22, 12, 6, 2, 0, 86, 57, 36, 22, 12, 6, 2, 2, 0
4.008600000000000000e+04, 4, 4, 1, 19, 12, 6, 369, 358, 258, 182, 127, 86, 57, 36, 22, 12, 6, 2, 0
4.008700000000000000e+04, 26, 668, 186, 668, 87, 515, 265, 186, 186, 129, 122, 53, 53, 33, 19, 10, 4, 1, 0
4.008800000000000000e+04, 0, 1644, 1260, 916, 686, 511, 183, 183, 183, 128, 87, 61, 39, 23, 13, 9, 3, 2, 0
4.008900000000000000e+04, 0, 139, 93, 69, 43, 28, 447, 320, 258, 182, 127, 86, 57, 36, 22, 12, 6, 2, 0
4.009000000000000000e+04, 1, 2, 130, 127, 86, 57, 36, 358, 258, 182, 127, 86, 57, 36, 22, 12, 6, 2, 0
4.009100000000000000e+04, 26, 16, 16, 16, 168, 114, 75, 49, 29, 16, 12, 6, 2, 22, 12, 6, 2, 0, 0
4.009200000000000000e+04, 0, 87, 127, 86, 57, 36, 22, 12, 6, 182, 127, 86, 57, 36, 22, 12, 6, 2, 0
4.009300000000000000e+04, 0, 183, 2, 127, 86, 57, 36, 22, 12, 6, 127, 86, 57, 36, 22, 12, 6, 2, 0
4.009400000000000000e+04, 16, 167, 107, 75, 48, 30, 16, 252, 177, 122, 82, 57, 36, 22, 12, 6, 6, 2, 0
4.009500000000000000e+04, 88, 61, 75, 48, 16, 75, 75, 338, 240, 167, 114, 75, 48, 29, 16, 8, 3, 1, 0
4.009600000000000000e+04, 4, 4, 2, 903, 670, 510, 492, 358, 258, 182, 127, 86, 57, 36, 22, 12, 6, 2, 0
4.009700000000000000e+04, 4, 19, 889, 889, 485, 485, 352, 252, 177, 122, 122, 53, 53, 33, 19, 10, 4, 2, 0
4.009800000000000000e+04, 16, 9, 6, 2, 22, 12, 6, 2, 258, 182, 127, 86, 57, 36, 22, 12, 6, 2, 0
4.009900000000000000e+04, 13, 22, 12, 6, 2, 127, 86, 358, 258, 182, 127, 86, 57, 36, 22, 12, 6, 2, 0
