ID, 0, 1, 2, 3, 4, 5, 6, 7, 8, 9, 10, 11, 12, 13, 14, 15, 16, 17, 18
7.900000000000000000e+05, 2163, 1644, 1260, 942, 697, 511, 388, 277, 201, 139, 98, 58, 37, 23, 13, 7, 3, 1, 0
7.900010000000000000e+05, 2163, 1622, 1223, 927, 697, 522, 388, 277, 201, 139, 93, 61, 43, 26, 16, 8, 4, 1, 0
7.900020000000000000e+05, 2133, 1644, 1260, 942, 712, 522, 377, 277, 201, 139, 98, 64, 43, 26, 16, 8, 4, 1, 0
7.900030000000000000e+05, 2133, 1622, 1260, 942, 712, 522, 388, 277, 183, 139, 98, 64, 37, 23, 13, 7, 3, 1, 0
7.900040000000000000e+05, 2133, 1644, 1260, 942, 697, 522, 388, 277, 183, 128, 87, 58, 37, 23, 13, 7, 3, 1, 0
7.900050000000000000e+05, 2163, 1644, 1260, 942, 712, 522, 388, 277, 194, 139, 98, 64, 43, 26, 16, 8, 4, 1, 0
7.900060000000000000e+05, 2163, 1644, 1238, 927, 686, 493, 359, 259, 183, 128, 87, 58, 37, 23, 13, 7, 3, 1, 0
7.900070000000000000e+05, 2163, 1644, 1238, 942, 712, 522, 388, 277, 201, 139, 93, 61, 37, 23, 13, 7, 3, 1, 0
7.900080000000000000e+05, 2163, 1622, 1238, 942, 712, 522, 388, 277, 201, 128, 87, 58, 37, 23, 13, 7, 3, 1, 0
7.900090000000000000e+05, 2163, 1644, 1238, 942, 712, 522, 359, 259, 183, 128, 87, 58, 37, 23, 13, 7, 3, 1, 0
7.900100000000000000e+05, 2163, 1644, 1260, 942, 712, 522, 388, 277, 201, 139, 87, 58, 37, 23, 13, 7, 3, 1, 0
7.900110000000000000e+05, 2133, 1622, 1223, 927, 697, 522, 388, 277, 201, 139, 98, 64, 43, 26, 16, 8, 4, 1, 0
7.900120000000000000e+05, 2111, 1622, 1260, 942, 712, 522, 388, 277, 201, 139, 93, 61, 43, 26, 16, 8, 3, 1, 0
7.900130000000000000e+05, 2163, 1644, 1238, 942, 712, 522, 388, 277, 201, 139, 98, 64, 37, 23, 13, 7, 3, 1, 0
7.900140000000000000e+05, 2096, 1596, 1260, 942, 712, 522, 388, 277, 201, 139, 98, 64, 40, 26, 16, 8, 4, 1, 0
7.900150000000000000e+05, 2133, 1644, 1260, 942, 712, 522, 377, 270, 201, 139, 98, 64, 40, 26, 16, 8, 3, 1, 0
7.900160000000000000e+05, 2133, 1644, 1260, 942, 712, 522, 377, 277, 201, 139, 87, 58, 37, 23, 13, 7, 3, 1, 0
7.900170000000000000e+05, 2163, 1644, 1238, 927, 697, 522, 388, 277, 201, 139, 98, 64, 43, 26, 16, 7, 3, 1, 0
7.900180000000000000e+05, 2163, 1644, 1260, 942, 712, 522, 388, 277, 201, 139, 87, 58, 37, 23, 13, 7, 3, 1, 0
7.900190000000000000e+05, 2163, 1644, 1260, 942, 712, 522, 388, 277, 194, 139, 98, 64, 37, 23, 13, 7, 3, 1, 0
7.900200000000000000e+05, 2163, 1644, 1260, 942, 712, 522, 388, 277, 183, 128, 87, 58, 37, 23, 13, 7, 3, 1, 0
7.900210000000000000e+05, 2133, 1622, 1260, 942, 712, 522, 377, 277, 201, 128, 87, 58, 37, 23, 13, 7, 3, 1, 0
7.900220000000000000e+05, 2133, 1644, 1260, 942, 712, 522, 388, 277, 201, 139, 98, 64, 43, 26, 14, 8, 4, 1, 0
7.900230000000000000e+05, 2163, 1644, 1260, 942, 712, 522, 388, 270, 194, 139, 87, 58, 37, 23, 13, 7, 4, 1, 0
7.900240000000000000e+05, 2163, 1644, 1260, 942, 712, 522, 388, 277, 201, 139, 98, 64, 43, 23, 13, 7, 3, 1, 0
7.900250000000000000e+05, 2163, 1644, 1238, 942, 712, 522, 388, 277, 201, 139, 98, 64, 37, 23, 13, 8, 4, 1, 0
7.900260000000000000e+05, 2163, 1578, 1260, 898, 668, 493, 359, 259, 183, 128, 87, 58, 37, 23, 13, 7, 3, 1, 0
7.900270000000000000e+05, 2163, 1644, 1238, 942, 712, 522, 388, 259, 183, 128, 87, 58, 37, 23, 13, 7, 3, 1, 0
7.900280000000000000e+05, 2163, 1644, 1238, 898, 668, 493, 359, 259, 183, 128, 87, 58, 37, 23, 13, 7, 3, 1, 0
7.900290000000000000e+05, 2133, 1644, 1260, 942, 712, 522, 377, 277, 201, 139, 98, 61, 40, 26, 16, 7, 3, 1, 0
7.900300000000000000e+05, 2163, 1644, 1260, 942, 712, 522, 388, 277, 194, 139, 98, 64, 43, 24, 13, 7, 3, 1, 0
7.900310000000000000e+05, 2163, 1644, 1260, 942, 712, 522, 388, 277, 194, 139, 98, 58, 37, 23, 13, 7, 4, 1, 0
7.900320000000000000e+05, 2163, 1644, 1260, 927, 697, 522, 388, 277, 194, 139, 98, 64, 43, 26, 16, 7, 3, 1, 0
7.900330000000000000e+05, 2163, 1622, 1223, 927, 668, 493, 359, 259, 183, 128, 87, 58, 37, 23, 13, 7, 3, 1, 0
7.900340000000000000e+05, 2163, 1644, 1238, 942, 712, 522, 359, 259, 183, 128, 87, 58, 37, 23, 13, 7, 3, 1, 0
7.900350000000000000e+05, 2133, 1622, 1223, 942, 712, 499, 359, 259, 183, 128, 87, 58, 37, 23, 13, 7, 3, 1, 0
7.900360000000000000e+05, 2163, 1644, 1260, 942, 712, 522, 388, 277, 201, 139, 98, 64, 43, 26, 14, 8, 4, 1, 0
7.900370000000000000e+05, 2163, 1644, 1260, 942, 697, 522, 388, 277, 201, 139, 98, 64, 38, 23, 13, 8, 4, 1, 0
7.900380000000000000e+05, 2133, 1622, 1223, 916, 679, 504, 359, 259, 183, 139, 98, 58, 37, 23, 13, 7, 3, 1, 0
7.900390000000000000e+05, 2163, 1644, 1260, 942, 697, 511, 388, 277, 201, 139, 98, 64, 43, 26, 16, 8, 4, 1, 0
7.900400000000000000e+05, 2163, 1644, 1238, 942, 712, 522, 388, 277, 201, 139, 93, 58, 37, 23, 14, 8, 4, 1, 0
7.900410000000000000e+05, 2163, 1644, 1260, 942, 712, 522, 388, 277, 201, 128, 87, 58, 37, 23, 13, 7, 3, 1, 0
7.900420000000000000e+05, 2163, 1644, 1260, 942, 712, 522, 388, 277, 201, 139, 93, 61, 38, 26, 16, 8, 4, 1, 0
7.900430000000000000e+05, 2163, 1644, 1260, 942, 712, 522, 388, 277, 194, 128, 87, 58, 37, 23, 13, 7, 3, 1, 0
7.900440000000000000e+05, 2133, 1644, 1260, 942, 697, 522, 359, 259, 183, 128, 87, 58, 37, 23, 13, 7, 3, 1, 0
7.900450000000000000e+05, 2163, 1644, 1260, 942, 712, 522, 377, 277, 201, 139, 98, 58, 37, 23, 13, 7, 3, 1, 0
7.900460000000000000e+05, 2163, 1644, 1238, 942, 712, 522, 388, 277, 201, 128, 87, 58, 37, 23, 13, 7, 3, 1, 0
7.900470000000000000e+05, 2163, 1644, 1260, 942, 697, 522, 359, 259, 183, 128, 87, 58, 37, 23, 13, 7, 3, 1, 0
7.900480000000000000e+05, 2163, 1644, 1260, 942, 712, 522, 377, 277, 201, 139, 98, 61, 37, 23, 13, 7, 3, 1, 0
7.900490000000000000e+05, 2163, 1644, 1238, 927, 686, 522, 388, 277, 201, 139, 98, 64, 43, 23, 13, 7, 3, 1, 0
7.900500000000000000e+05, 2096, 1607, 1223, 942, 712, 522, 388, 277, 201, 139, 98, 64, 40, 23, 13, 7, 3, 1, 0
7.900510000000000000e+05, 2163, 1644, 1260, 942, 712, 522, 377, 270, 183, 128, 87, 58, 37, 23, 13, 7, 3, 1, 0
7.900520000000000000e+05, 2163, 1644, 1260, 942, 712, 522, 388, 270, 186, 128, 87, 58, 37, 23, 16, 7, 3, 1, 0
7.900530000000000000e+05, 2163, 1644, 1238, 942, 712, 522, 377, 277, 201, 139, 98, 64, 43, 26, 16, 7, 3, 1, 0
7.900540000000000000e+05, 2163, 1644, 1260, 942, 712, 522, 388, 277, 201, 139, 98, 64, 43, 26, 14, 8, 4, 1, 0
7.900550000000000000e+05, 2163, 1644, 1238, 927, 686, 504, 365, 259, 183, 128, 98, 64, 43, 26, 16, 8, 4, 1, 0
7.900560000000000000e+05, 2111, 1644, 1260, 942, 712, 522, 388, 277, 201, 139, 98, 64, 43, 26, 16, 7, 3, 1, 0
7.900570000000000000e+05, 2163, 1644, 1238, 942, 712, 522, 388, 277, 201, 139, 98, 64, 43, 26, 16, 7, 3, 1, 0
7.900580000000000000e+05, 2067, 1578, 1194, 898, 668, 493, 359, 259, 183, 128, 87, 58, 37, 23, 13, 7, 3, 1, 0
7.900590000000000000e+05, 2163, 1644, 1260, 898, 668, 493, 359, 259, 183, 128, 87, 58, 37, 23, 13, 7, 3, 1, 0
7.900600000000000000e+05, 2163, 1644, 1260, 942, 697, 511, 377, 277, 183, 128, 87, 58, 37, 23, 13, 7, 3, 1, 0
7.900610000000000000e+05, 2163, 1644, 1238, 942, 712, 522, 388, 277, 201, 139, 98, 64, 38, 24, 16, 8, 4, 1, 0
7.900620000000000000e+05, 2163, 1644, 1260, 942, 668, 493, 359, 259, 183, 128, 87, 58, 37, 23, 13, 7, 3, 1, 0
7.900630000000000000e+05, 2163, 1644, 1260, 942, 712, 522, 377, 270, 183, 128, 87, 58, 37, 23, 13, 7, 3, 1, 0
7.900640000000000000e+05, 2163, 1644, 1238, 942, 712, 522, 388, 259, 183, 128, 87, 58, 37, 23, 13, 7, 3, 1, 0
7.900650000000000000e+05, 2163, 1644, 1260, 898, 668, 493, 359, 259, 183, 128, 87, 58, 37, 23, 13, 7, 3, 1, 0
7.900660000000000000e+05, 2111, 1622, 1238, 942, 712, 522, 388, 277, 201, 139, 93, 61, 37, 23, 13, 8, 4, 1, 0
7.900670000000000000e+05, 2163, 1644, 1260, 942, 697, 511, 377, 259, 183, 128, 87, 58, 37, 23, 13, 7, 3, 1, 0
7.900680000000000000e+05, 2133, 1644, 1260, 942, 712, 522, 388, 277, 194, 139, 98, 64, 43, 26, 13, 7, 3, 1, 0
7.900690000000000000e+05, 2163, 1644, 1260, 942, 697, 511, 377, 277, 201, 139, 93, 61, 37, 23, 13, 7, 3, 1, 0
7.900700000000000000e+05, 2111, 1622, 1238, 942, 712, 522, 388, 277, 201, 139, 98, 64, 43, 26, 14, 7, 3, 1, 0
7.900710000000000000e+05, 2163, 1644, 1260, 942, 712, 522, 388, 277, 201, 139, 98, 64, 43, 23, 13, 7, 3, 1, 0
7.900720000000000000e+05, 2133, 1644, 1260, 942, 697, 522, 388, 277, 201, 139, 98, 64, 43, 23, 13, 7, 3, 1, 0
7.900730000000000000e+05, 2133, 1644, 1260, 942, 712, 522, 388, 277, 201, 128, 87, 58, 37, 23, 13, 7, 3, 1, 0
7.900740000000000000e+05, 2163, 1644, 1260, 942, 697, 522, 388, 277, 201, 139, 98, 64, 40, 26, 16, 8, 3, 1, 0
7.900750000000000000e+05, 2163, 1644, 1260, 942, 697, 522, 388, 277, 194, 139, 98, 64, 40, 26, 16, 8, 4, 1, 0
7.900760000000000000e+05, 2163, 1644, 1238, 927, 712, 493, 359, 259, 183, 128, 87, 58, 37, 23, 13, 7, 3, 1, 0
7.900770000000000000e+05, 2163, 1644, 1238, 927, 686, 504, 377, 270, 201, 128, 98, 64, 43, 26, 16, 7, 3, 1, 0
7.900780000000000000e+05, 2133, 1644, 1260, 942, 712, 522, 388, 277, 201, 139, 98, 64, 43, 26, 13, 7, 4, 1, 0
7.900790000000000000e+05, 2133, 1644, 1260, 942, 712, 522, 388, 259, 183, 128, 87, 58, 37, 23, 13, 7, 3, 1, 0
7.900800000000000000e+05, 2163, 1644, 1260, 942, 712, 522, 388, 277, 201, 139, 93, 64, 43, 23, 13, 7, 3, 1, 0
7.900810000000000000e+05, 2163, 1644, 1260, 942, 712, 522, 388, 277, 194, 128, 87, 58, 37, 23, 13, 7, 3, 1, 0
7.900820000000000000e+05, 2163, 1644, 1260, 942, 712, 522, 388, 277, 194, 139, 98, 64, 43, 23, 13, 7, 3, 1, 0
7.900830000000000000e+05, 2133, 1644, 1260, 942, 712, 522, 359, 259, 183, 128, 87, 58, 37, 23, 13, 7, 3, 1, 0
7.900840000000000000e+05, 2163, 1644, 1260, 942, 712, 522, 377, 277, 201, 139, 98, 58, 37, 23, 13, 7, 3, 1, 0
7.900850000000000000e+05, 2133, 1644, 1260, 942, 712, 522, 388, 277, 201, 128, 87, 58, 37, 23, 16, 8, 3, 1, 0
7.900860000000000000e+05, 2163, 1644, 1260, 942, 712, 522, 388, 277, 201, 139, 98, 64, 43, 26, 14, 7, 4, 1, 0
7.900870000000000000e+05, 2133, 1644, 1260, 942, 712, 522, 388, 277, 201, 139, 98, 64, 43, 26, 16, 8, 4, 1, 0
7.900880000000000000e+05, 2163, 1644, 1238, 942, 712, 522, 388, 277, 201, 139, 98, 64, 43, 26, 13, 7, 3, 1, 0
7.900890000000000000e+05, 2111, 1578, 1194, 898, 668, 493, 359, 259, 183, 128, 98, 64, 43, 26, 13, 7, 3, 1, 0
7.900900000000000000e+05, 2163, 1644, 1260, 942, 697, 511, 370, 277, 201, 139, 87, 64, 43, 23, 13, 7, 3, 1, 0
7.900910000000000000e+05, 2163, 1644, 1260, 942, 712, 522, 388, 259, 183, 128, 87, 58, 37, 23, 13, 7, 3, 1, 0
7.900920000000000000e+05, 2163, 1644, 1260, 942, 712, 522, 388, 277, 201, 139, 93, 61, 38, 26, 16, 8, 4, 1, 0
7.900930000000000000e+05, 2163, 1644, 1260, 942, 712, 511, 370, 265, 189, 139, 93, 64, 43, 26, 16, 7, 3, 1, 0
7.900940000000000000e+05, 2133, 1622, 1238, 942, 712, 522, 388, 277, 194, 134, 90, 58, 37, 26, 16, 7, 3, 1, 0
7.900950000000000000e+05, 2163, 1644, 1260, 942, 712, 522, 388, 277, 201, 139, 98, 64, 43, 26, 16, 7, 3, 1, 0
7.900960000000000000e+05, 2163, 1644, 1238, 942, 712, 522, 377, 259, 183, 128, 87, 58, 37, 23, 13, 7, 3, 1, 0
7.900970000000000000e+05, 2133, 1644, 1260, 942, 712, 522, 388, 277, 201, 139, 93, 61, 37, 23, 13, 8, 4, 1, 0
7.900980000000000000e+05, 2163, 1644, 1260, 942, 712, 522, 388, 277, 201, 139, 98, 64, 40, 26, 13, 7, 3, 1, 0
7.900990000000000000e+05, 2163, 1644, 1260, 942, 712, 522, 388, 277, 201, 139, 98, 64, 43, 26, 16, 7, 3, 1, 0
