ID, 0, 1, 2, 3, 4, 5, 6, 7, 8, 9, 10, 11, 12, 13, 14, 15, 16, 17, 18
1.200000000000000000e+05, 2133, 1644, 1260, 942, 697, 522, 388, 277, 194, 139, 98, 58, 37, 23, 13, 8, 3, 1, 0
1.200010000000000000e+05, 2133, 1644, 1260, 942, 712, 522, 388, 277, 201, 139, 98, 64, 43, 26, 16, 8, 3, 1, 0
1.200020000000000000e+05, 2163, 1644, 1260, 942, 697, 511, 377, 277, 201, 139, 98, 64, 40, 23, 13, 7, 3, 1, 0
1.200030000000000000e+05, 2133, 1622, 1260, 942, 712, 522, 388, 277, 194, 139, 98, 64, 37, 23, 13, 7, 3, 1, 0
1.200040000000000000e+05, 2133, 1644, 1260, 942, 712, 522, 388, 277, 201, 139, 98, 64, 43, 26, 16, 8, 4, 1, 0
1.200050000000000000e+05, 2163, 1644, 1238, 927, 686, 493, 359, 259, 183, 128, 87, 58, 37, 23, 16, 8, 4, 1, 0
1.200060000000000000e+05, 2163, 1644, 1260, 942, 712, 522, 388, 277, 201, 134, 90, 58, 37, 23, 16, 8, 3, 1, 0
1.200070000000000000e+05, 2133, 1622, 1260, 942, 712, 522, 388, 277, 201, 139, 98, 64, 43, 23, 13, 7, 3, 1, 0
1.200080000000000000e+05, 2163, 1644, 1260, 942, 697, 511, 388, 277, 201, 139, 93, 64, 43, 23, 13, 7, 3, 1, 0
1.200090000000000000e+05, 2133, 1622, 1260, 942, 712, 522, 388, 277, 201, 139, 98, 64, 37, 23, 13, 7, 3, 1, 0
1.200100000000000000e+05, 2163, 1644, 1260, 942, 712, 522, 388, 259, 183, 128, 87, 58, 37, 23, 13, 7, 3, 1, 0
1.200110000000000000e+05, 2163, 1644, 1260, 942, 712, 511, 377, 270, 201, 139, 98, 64, 43, 26, 13, 7, 3, 1, 0
1.200120000000000000e+05, 2163, 1644, 1260, 942, 712, 522, 388, 277, 201, 139, 98, 61, 37, 23, 13, 7, 3, 1, 0
1.200130000000000000e+05, 2163, 1644, 1260, 942, 712, 522, 377, 277, 201, 139, 98, 64, 37, 23, 13, 7, 4, 1, 0
1.200140000000000000e+05, 2163, 1644, 1238, 942, 712, 522, 359, 259, 183, 128, 87, 58, 37, 23, 13, 7, 3, 1, 0
1.200150000000000000e+05, 2163, 1644, 1238, 942, 712, 522, 388, 277, 194, 139, 98, 64, 43, 26, 16, 7, 3, 1, 0
1.200160000000000000e+05, 2163, 1644, 1238, 942, 712, 522, 377, 277, 201, 139, 98, 64, 43, 26, 16, 8, 3, 1, 0
1.200170000000000000e+05, 2163, 1622, 1238, 942, 712, 522, 388, 277, 183, 128, 87, 58, 37, 23, 13, 7, 3, 1, 0
1.200180000000000000e+05, 2163, 1622, 1238, 942, 712, 522, 388, 277, 201, 139, 98, 64, 43, 26, 16, 7, 3, 1, 0
1.200190000000000000e+05, 2111, 1622, 1238, 942, 712, 522, 388, 277, 201, 139, 87, 58, 37, 23, 13, 7, 3, 1, 0
1.200200000000000000e+05, 2163, 1644, 1260, 942, 712, 522, 388, 277, 201, 139, 98, 64, 43, 23, 13, 7, 3, 1, 0
1.200210000000000000e+05, 2163, 1622, 1223, 927, 686, 522, 359, 259, 183, 128, 87, 58, 37, 23, 16, 8, 3, 1, 0
1.200220000000000000e+05, 2163, 1644, 1260, 942, 712, 522, 377, 277, 201, 139, 98, 64, 43, 23, 13, 7, 3, 1, 0
1.200230000000000000e+05, 2163, 1644, 1238, 942, 712, 522, 388, 277, 201, 139, 98, 64, 43, 26, 16, 8, 4, 1, 0
1.200240000000000000e+05, 2163, 1644, 1260, 942, 712, 522, 388, 277, 201, 128, 87, 58, 37, 23, 13, 7, 3, 1, 0
1.200250000000000000e+05, 2163, 1644, 1260, 942, 712, 522, 388, 277, 183, 128, 87, 58, 37, 23, 13, 7, 3, 1, 0
1.200260000000000000e+05, 2133, 1644, 1260, 942, 697, 522, 388, 277, 201, 139, 98, 64, 43, 26, 13, 7, 4, 1, 0
1.200270000000000000e+05, 2111, 1644, 1260, 942, 712, 522, 388, 277, 201, 134, 88, 58, 37, 23, 16, 8, 4, 1, 0
1.200280000000000000e+05, 2133, 1644, 1260, 942, 697, 522, 388, 277, 201, 139, 87, 58, 37, 23, 13, 7, 3, 1, 0
1.200290000000000000e+05, 2163, 1644, 1260, 942, 712, 522, 377, 277, 201, 139, 98, 58, 37, 23, 13, 7, 3, 1, 0
1.200300000000000000e+05, 2163, 1644, 1238, 927, 712, 522, 388, 277, 194, 139, 98, 64, 43, 26, 13, 7, 4, 1, 0
1.200310000000000000e+05, 2111, 1622, 1260, 942, 712, 522, 377, 270, 194, 139, 98, 64, 43, 26, 16, 7, 3, 1, 0
1.200320000000000000e+05, 2133, 1644, 1260, 942, 712, 522, 377, 270, 194, 131, 87, 58, 37, 23, 13, 7, 3, 1, 0
1.200330000000000000e+05, 2163, 1644, 1238, 942, 712, 522, 388, 277, 201, 139, 98, 58, 37, 23, 13, 7, 3, 1, 0
1.200340000000000000e+05, 2133, 1644, 1260, 942, 697, 511, 388, 277, 201, 134, 87, 58, 43, 26, 16, 7, 3, 1, 0
1.200350000000000000e+05, 2163, 1644, 1260, 942, 712, 522, 388, 277, 201, 128, 87, 58, 37, 23, 13, 7, 3, 1, 0
1.200360000000000000e+05, 2163, 1644, 1260, 942, 712, 522, 388, 259, 183, 128, 87, 58, 37, 23, 13, 7, 3, 1, 0
1.200370000000000000e+05, 2163, 1644, 1260, 942, 712, 522, 388, 277, 201, 139, 98, 64, 43, 26, 14, 8, 4, 1, 0
1.200380000000000000e+05, 2163, 1644, 1260, 942, 712, 522, 388, 277, 183, 128, 87, 58, 37, 23, 13, 7, 3, 1, 0
1.200390000000000000e+05, 2163, 1644, 1238, 942, 712, 522, 388, 277, 201, 139, 98, 64, 40, 26, 16, 8, 3, 1, 0
1.200400000000000000e+05, 2163, 1644, 1260, 942, 697, 522, 388, 277, 201, 139, 93, 64, 43, 26, 16, 7, 3, 1, 0
1.200410000000000000e+05, 2163, 1644, 1238, 927, 686, 493, 359, 259, 183, 128, 87, 58, 37, 23, 13, 7, 3, 1, 0
1.200420000000000000e+05, 2163, 1644, 1260, 942, 712, 522, 388, 277, 201, 139, 98, 64, 43, 26, 16, 8, 4, 1, 0
1.200430000000000000e+05, 2133, 1644, 1260, 942, 697, 522, 388, 277, 194, 139, 98, 64, 37, 23, 13, 7, 3, 1, 0
1.200440000000000000e+05, 2163, 1644, 1260, 942, 712, 522, 388, 277, 194, 139, 98, 58, 37, 23, 13, 8, 4, 1, 0
1.200450000000000000e+05, 2163, 1644, 1223, 927, 686, 504, 388, 277, 183, 128, 98, 64, 43, 23, 13, 7, 3, 1, 0
1.200460000000000000e+05, 2163, 1644, 1260, 942, 697, 522, 388, 277, 194, 139, 98, 64, 43, 26, 16, 8, 4, 1, 0
1.200470000000000000e+05, 2133, 1644, 1194, 898, 668, 493, 359, 259, 183, 128, 87, 58, 37, 23, 13, 7, 3, 1, 0
1.200480000000000000e+05, 2163, 1644, 1238, 942, 712, 522, 388, 277, 183, 128, 87, 58, 37, 23, 13, 7, 3, 1, 0
1.200490000000000000e+05, 2163, 1644, 1238, 942, 712, 522, 388, 277, 201, 139, 98, 64, 37, 23, 13, 7, 3, 1, 0
1.200500000000000000e+05, 2163, 1644, 1260, 942, 712, 493, 359, 259, 183, 128, 87, 58, 37, 23, 16, 8, 3, 1, 0
1.200510000000000000e+05, 2163, 1644, 1260, 927, 697, 522, 388, 277, 183, 128, 87, 61, 37, 23, 16, 8, 4, 1, 0
1.200520000000000000e+05, 2133, 1644, 1260, 942, 712, 522, 388, 277, 201, 139, 98, 64, 40, 24, 13, 7, 4, 1, 0
1.200530000000000000e+05, 2163, 1644, 1260, 942, 697, 511, 377, 277, 201, 128, 87, 58, 37, 23, 13, 7, 3, 1, 0
1.200540000000000000e+05, 2163, 1644, 1260, 942, 712, 522, 388, 277, 201, 139, 98, 64, 40, 23, 13, 7, 3, 1, 0
1.200550000000000000e+05, 2163, 1644, 1260, 942, 697, 493, 359, 259, 183, 128, 87, 58, 37, 23, 13, 7, 3, 1, 0
1.200560000000000000e+05, 2163, 1644, 1260, 942, 697, 511, 377, 277, 201, 139, 87, 64, 43, 23, 13, 7, 3, 1, 0
1.200570000000000000e+05, 2163, 1644, 1260, 942, 712, 522, 388, 277, 194, 139, 98, 64, 43, 26, 14, 8, 4, 1, 0
1.200580000000000000e+05, 2133, 1644, 1260, 942, 712, 522, 388, 277, 194, 139, 98, 64, 43, 26, 16, 7, 3, 1, 0
1.200590000000000000e+05, 2163, 1644, 1260, 942, 712, 522, 388, 277, 194, 139, 98, 58, 37, 23, 13, 7, 3, 1, 0
1.200600000000000000e+05, 2163, 1644, 1260, 942, 712, 522, 388, 277, 201, 139, 98, 64, 43, 23, 13, 7, 3, 1, 0
1.200610000000000000e+05, 2163, 1644, 1260, 942, 712, 493, 359, 259, 183, 128, 87, 58, 37, 23, 13, 7, 3, 1, 0
1.200620000000000000e+05, 2163, 1644, 1238, 942, 712, 522, 388, 277, 201, 139, 98, 64, 38, 24, 13, 8, 4, 1, 0
1.200630000000000000e+05, 2163, 1644, 1260, 916, 668, 493, 359, 259, 183, 128, 87, 58, 37, 23, 13, 7, 3, 1, 0
1.200640000000000000e+05, 2163, 1644, 1260, 942, 712, 522, 388, 277, 201, 139, 98, 64, 40, 24, 13, 8, 4, 1, 0
1.200650000000000000e+05, 2163, 1644, 1260, 942, 712, 522, 377, 277, 201, 139, 98, 64, 43, 26, 16, 8, 3, 1, 0
1.200660000000000000e+05, 2163, 1644, 1238, 942, 712, 522, 388, 277, 201, 139, 93, 61, 43, 26, 16, 8, 4, 1, 0
1.200670000000000000e+05, 2111, 1644, 1260, 942, 712, 522, 388, 259, 183, 128, 87, 58, 37, 23, 13, 7, 3, 1, 0
1.200680000000000000e+05, 2163, 1644, 1260, 942, 697, 511, 370, 265, 183, 128, 87, 58, 43, 23, 13, 7, 3, 1, 0
1.200690000000000000e+05, 2163, 1644, 1260, 942, 712, 493, 359, 259, 183, 128, 87, 58, 37, 23, 13, 7, 3, 1, 0
1.200700000000000000e+05, 2133, 1644, 1260, 942, 712, 522, 388, 277, 201, 139, 87, 58, 37, 23, 13, 7, 4, 1, 0
1.200710000000000000e+05, 2163, 1644, 1260, 942, 697, 511, 377, 277, 201, 139, 98, 64, 43, 23, 13, 7, 3, 1, 0
1.200720000000000000e+05, 2133, 1644, 1260, 942, 712, 522, 388, 277, 194, 139, 87, 58, 40, 26, 16, 7, 3, 1, 0
1.200730000000000000e+05, 2163, 1644, 1260, 942, 697, 522, 388, 277, 201, 128, 87, 58, 37, 23, 16, 8, 3, 1, 0
1.200740000000000000e+05, 2133, 1644, 1260, 942, 712, 522, 388, 277, 201, 139, 98, 64, 43, 26, 13, 7, 4, 1, 0
1.200750000000000000e+05, 2163, 1644, 1260, 898, 668, 493, 359, 259, 183, 128, 87, 58, 37, 23, 13, 7, 3, 1, 0
1.200760000000000000e+05, 2163, 1644, 1238, 942, 712, 522, 359, 259, 183, 128, 87, 58, 37, 23, 13, 7, 3, 1, 0
1.200770000000000000e+05, 2163, 1644, 1260, 942, 712, 522, 388, 277, 201, 139, 98, 64, 43, 23, 13, 7, 3, 1, 0
1.200780000000000000e+05, 2163, 1644, 1260, 942, 712, 522, 388, 277, 183, 128, 87, 58, 37, 23, 13, 7, 3, 1, 0
1.200790000000000000e+05, 2163, 1644, 1260, 942, 712, 522, 388, 277, 194, 128, 87, 58, 37, 23, 13, 7, 3, 1, 0
1.200800000000000000e+05, 2133, 1644, 1260, 942, 712, 522, 388, 277, 201, 139, 98, 64, 37, 23, 13, 7, 3, 1, 0
1.200810000000000000e+05, 2163, 1644, 1260, 942, 697, 522, 388, 277, 201, 139, 98, 64, 43, 26, 16, 8, 3, 1, 0
1.200820000000000000e+05, 2133, 1644, 1260, 942, 712, 522, 388, 277, 201, 128, 87, 58, 37, 23, 13, 7, 3, 1, 0
1.200830000000000000e+05, 2163, 1644, 1260, 942, 712, 522, 377, 277, 201, 139, 93, 58, 37, 23, 13, 7, 3, 1, 0
1.200840000000000000e+05, 2163, 1644, 1260, 942, 712, 522, 388, 277, 201, 139, 93, 59, 38, 26, 16, 8, 4, 1, 0
1.200850000000000000e+05, 2133, 1644, 1260, 942, 712, 522, 377, 270, 189, 139, 93, 64, 43, 26, 14, 7, 3, 1, 0
1.200860000000000000e+05, 2163, 1644, 1260, 942, 697, 522, 388, 277, 201, 139, 98, 64, 37, 23, 13, 7, 3, 1, 0
1.200870000000000000e+05, 2163, 1644, 1260, 942, 712, 522, 388, 277, 201, 139, 93, 58, 37, 23, 13, 7, 4, 1, 0
1.200880000000000000e+05, 2111, 1622, 1260, 942, 712, 522, 388, 277, 201, 139, 98, 58, 37, 23, 13, 7, 3, 1, 0
1.200890000000000000e+05, 2085, 1589, 1260, 942, 697, 511, 388, 277, 201, 139, 98, 64, 43, 26, 16, 8, 3, 1, 0
1.200900000000000000e+05, 2163, 1622, 1223, 927, 697, 522, 388, 277, 201, 139, 98, 64, 43, 23, 13, 7, 3, 1, 0
1.200910000000000000e+05, 2163, 1644, 1260, 942, 712, 522, 388, 277, 201, 139, 93, 64, 37, 23, 13, 7, 3, 1, 0
1.200920000000000000e+05, 2163, 1644, 1260, 942, 668, 493, 359, 259, 183, 128, 87, 58, 37, 23, 13, 7, 3, 1, 0
1.200930000000000000e+05, 2163, 1644, 1260, 942, 712, 522, 388, 277, 183, 128, 87, 58, 37, 23, 13, 7, 3, 1, 0
1.200940000000000000e+05, 2163, 1644, 1238, 942, 712, 522, 388, 277, 201, 139, 98, 64, 43, 23, 13, 7, 4, 1, 0
1.200950000000000000e+05, 2163, 1644, 1260, 942, 712, 522, 388, 277, 201, 139, 98, 58, 37, 23, 13, 7, 3, 1, 0
1.200960000000000000e+05, 2133, 1644, 1260, 942, 712, 522, 388, 277, 194, 134, 90, 58, 37, 23, 16, 7, 3, 1, 0
1.200970000000000000e+05, 2163, 1644, 1260, 942, 697, 522, 388, 277, 201, 139, 98, 64, 37, 23, 13, 7, 3, 1, 0
1.200980000000000000e+05, 2133, 1644, 1260, 942, 712, 522, 388, 277, 201, 139, 87, 58, 37, 23, 13, 7, 3, 1, 0
1.200990000000000000e+05, 2163, 1644, 1260, 942, 712, 522, 388, 277, 201, 139, 98, 64, 43, 26, 13, 7, 3, 1, 0
