ID, 0, 1, 2, 3, 4, 5, 6, 7, 8, 9, 10, 11, 12, 13, 14, 15, 16, 17, 18
3.000000000000000000e+04, 2163, 1622, 1238, 942, 712, 522, 388, 277, 201, 139, 98, 64, 43, 23, 13, 7, 3, 1, 0
3.000100000000000000e+04, 2163, 1644, 1260, 898, 668, 493, 359, 259, 183, 128, 87, 58, 37, 23, 13, 8, 3, 1, 0
3.000200000000000000e+04, 2133, 1644, 1260, 942, 712, 522, 388, 277, 201, 139, 98, 64, 43, 26, 16, 8, 4, 1, 0
3.000300000000000000e+04, 2163, 1644, 1260, 942, 712, 522, 377, 277, 201, 139, 98, 64, 43, 26, 16, 8, 3, 1, 0
3.000400000000000000e+04, 2163, 1644, 1260, 942, 712, 522, 388, 277, 201, 139, 98, 64, 43, 26, 16, 8, 3, 1, 0
3.000500000000000000e+04, 2133, 1644, 1260, 942, 712, 522, 388, 277, 201, 139, 98, 64, 43, 23, 13, 7, 3, 1, 0
3.000600000000000000e+04, 2163, 1644, 1260, 942, 697, 511, 388, 277, 183, 128, 87, 58, 37, 23, 13, 7, 3, 1, 0
3.000700000000000000e+04, 2163, 1644, 1260, 942, 712, 522, 388, 277, 194, 139, 87, 58, 37, 23, 13, 7, 3, 1, 0
3.000800000000000000e+04, 2163, 1644, 1238, 927, 712, 522, 388, 277, 183, 128, 87, 58, 37, 23, 13, 7, 3, 1, 0
3.000900000000000000e+04, 2163, 1644, 1260, 942, 712, 522, 388, 277, 201, 139, 93, 58, 37, 23, 13, 7, 3, 1, 0
3.001000000000000000e+04, 2133, 1644, 1260, 942, 712, 522, 388, 277, 201, 139, 98, 64, 43, 26, 16, 7, 3, 1, 0
3.001100000000000000e+04, 2163, 1644, 1260, 942, 712, 522, 377, 270, 201, 128, 87, 58, 37, 23, 13, 7, 3, 1, 0
3.001200000000000000e+04, 2163, 1644, 1260, 942, 712, 522, 388, 277, 201, 139, 98, 64, 37, 23, 13, 7, 3, 1, 0
3.001300000000000000e+04, 2163, 1644, 1260, 942, 712, 522, 388, 277, 201, 139, 98, 58, 37, 23, 13, 7, 3, 1, 0
3.001400000000000000e+04, 2163, 1644, 1260, 942, 712, 522, 388, 277, 201, 139, 98, 58, 37, 23, 13, 7, 3, 1, 0
3.001500000000000000e+04, 2133, 1644, 1260, 942, 697, 522, 388, 277, 201, 139, 98, 64, 43, 26, 16, 8, 4, 1, 0
3.001600000000000000e+04, 2133, 1622, 1223, 916, 679, 504, 388, 277, 194, 139, 98, 64, 43, 26, 14, 7, 4, 1, 0
3.001700000000000000e+04, 2133, 1622, 1260, 942, 712, 522, 388, 259, 183, 128, 87, 58, 37, 23, 13, 7, 3, 1, 0
3.001800000000000000e+04, 2163, 1644, 1260, 942, 712, 522, 388, 277, 201, 139, 98, 64, 43, 26, 16, 8, 3, 1, 0
3.001900000000000000e+04, 2163, 1644, 1260, 942, 712, 522, 388, 277, 201, 139, 98, 64, 43, 23, 13, 7, 3, 1, 0
3.002000000000000000e+04, 2133, 1644, 1260, 942, 697, 522, 388, 277, 201, 139, 93, 58, 37, 23, 13, 7, 3, 1, 0
3.002100000000000000e+04, 2163, 1644, 1260, 942, 712, 522, 388, 277, 201, 139, 98, 64, 43, 26, 16, 8, 4, 1, 0
3.002200000000000000e+04, 2133, 1644, 1260, 942, 697, 522, 388, 277, 201, 139, 87, 58, 37, 23, 13, 7, 3, 1, 0
3.002300000000000000e+04, 2163, 1644, 1260, 942, 697, 511, 370, 259, 183, 128, 87, 58, 37, 23, 13, 7, 3, 1, 0
3.002400000000000000e+04, 2163, 1644, 1260, 942, 697, 493, 359, 259, 183, 128, 87, 58, 37, 23, 13, 7, 3, 1, 0
3.002500000000000000e+04, 2163, 1644, 1260, 942, 712, 522, 388, 277, 201, 139, 87, 58, 37, 23, 13, 7, 3, 1, 0
3.002600000000000000e+04, 2133, 1622, 1260, 942, 712, 522, 388, 277, 201, 128, 87, 58, 37, 23, 13, 7, 4, 1, 0
3.002700000000000000e+04, 2163, 1644, 1260, 927, 697, 522, 388, 277, 183, 128, 87, 58, 43, 26, 16, 7, 3, 1, 0
3.002800000000000000e+04, 2163, 1622, 1238, 942, 712, 522, 377, 259, 183, 128, 87, 58, 37, 23, 13, 7, 3, 1, 0
3.002900000000000000e+04, 2133, 1622, 1238, 942, 712, 522, 388, 277, 201, 139, 98, 58, 37, 23, 13, 7, 3, 1, 0
3.003000000000000000e+04, 2133, 1622, 1238, 942, 712, 493, 359, 259, 183, 128, 87, 58, 37, 23, 13, 7, 3, 1, 0
3.003100000000000000e+04, 2163, 1644, 1260, 942, 697, 493, 359, 259, 183, 128, 87, 58, 37, 23, 13, 8, 4, 1, 0
3.003200000000000000e+04, 2133, 1644, 1260, 942, 712, 522, 388, 277, 201, 139, 98, 64, 37, 23, 13, 7, 3, 1, 0
3.003300000000000000e+04, 2163, 1644, 1260, 942, 712, 522, 377, 270, 189, 139, 98, 64, 43, 26, 14, 8, 4, 1, 0
3.003400000000000000e+04, 2163, 1644, 1260, 942, 712, 522, 388, 277, 201, 139, 98, 64, 43, 26, 16, 8, 4, 1, 0
3.003500000000000000e+04, 2163, 1644, 1238, 942, 712, 522, 388, 277, 201, 139, 98, 64, 40, 23, 13, 7, 3, 1, 0
3.003600000000000000e+04, 2163, 1622, 1238, 942, 712, 522, 377, 277, 201, 139, 98, 64, 43, 26, 14, 8, 4, 1, 0
3.003700000000000000e+04, 2163, 1644, 1260, 942, 712, 522, 388, 277, 201, 139, 98, 64, 43, 26, 16, 8, 4, 1, 0
3.003800000000000000e+04, 2163, 1644, 1260, 942, 697, 522, 388, 277, 201, 139, 93, 61, 37, 23, 13, 8, 4, 1, 0
3.003900000000000000e+04, 2163, 1644, 1260, 942, 712, 522, 388, 277, 201, 139, 98, 64, 37, 23, 13, 7, 3, 1, 0
3.004000000000000000e+04, 2163, 1644, 1260, 942, 712, 522, 388, 277, 194, 139, 98, 64, 43, 26, 16, 8, 4, 1, 0
3.004100000000000000e+04, 2163, 1644, 1260, 942, 712, 522, 377, 277, 201, 139, 98, 64, 40, 26, 16, 8, 3, 1, 0
3.004200000000000000e+04, 2133, 1644, 1260, 942, 712, 522, 388, 277, 194, 139, 87, 58, 37, 23, 13, 7, 4, 1, 0
3.004300000000000000e+04, 2163, 1644, 1238, 942, 712, 522, 388, 277, 183, 128, 87, 58, 37, 23, 13, 7, 3, 1, 0
3.004400000000000000e+04, 2133, 1644, 1260, 942, 712, 522, 388, 277, 201, 139, 87, 58, 37, 23, 13, 7, 3, 1, 0
3.004500000000000000e+04, 2163, 1644, 1260, 942, 712, 522, 388, 277, 183, 128, 87, 58, 37, 23, 13, 7, 3, 1, 0
3.004600000000000000e+04, 2163, 1644, 1260, 942, 697, 522, 388, 277, 201, 128, 87, 58, 37, 23, 13, 7, 3, 1, 0
3.004700000000000000e+04, 2163, 1644, 1238, 942, 712, 522, 388, 277, 201, 139, 98, 64, 43, 26, 16, 8, 4, 1, 0
3.004800000000000000e+04, 2133, 1644, 1260, 942, 712, 522, 377, 277, 201, 139, 98, 64, 43, 26, 16, 8, 4, 1, 0
3.004900000000000000e+04, 2163, 1644, 1260, 942, 712, 522, 359, 259, 183, 128, 87, 58, 37, 23, 13, 7, 3, 1, 0
3.005000000000000000e+04, 2163, 1644, 1260, 942, 712, 522, 388, 259, 183, 128, 87, 58, 37, 26, 16, 7, 3, 1, 0
3.005100000000000000e+04, 2163, 1644, 1260, 942, 697, 522, 388, 277, 201, 139, 98, 61, 37, 23, 16, 8, 4, 1, 0
3.005200000000000000e+04, 2163, 1644, 1260, 942, 712, 522, 388, 277, 201, 139, 93, 64, 43, 26, 16, 8, 4, 1, 0
3.005300000000000000e+04, 2133, 1644, 1260, 942, 697, 522, 388, 277, 201, 139, 98, 61, 40, 26, 16, 8, 3, 1, 0
3.005400000000000000e+04, 2163, 1644, 1260, 942, 712, 522, 377, 270, 201, 139, 98, 58, 37, 23, 13, 7, 3, 1, 0
3.005500000000000000e+04, 2163, 1644, 1260, 942, 697, 522, 388, 277, 201, 139, 93, 64, 43, 26, 16, 8, 3, 1, 0
3.005600000000000000e+04, 2133, 1644, 1260, 942, 712, 522, 388, 277, 201, 139, 98, 64, 43, 26, 16, 8, 4, 1, 0
3.005700000000000000e+04, 2133, 1644, 1194, 898, 668, 493, 359, 259, 183, 128, 87, 58, 37, 23, 13, 7, 3, 1, 0
3.005800000000000000e+04, 2163, 1644, 1238, 942, 712, 522, 377, 277, 201, 139, 98, 64, 43, 26, 16, 8, 4, 1, 0
3.005900000000000000e+04, 2163, 1622, 1223, 916, 686, 522, 388, 277, 201, 139, 98, 64, 43, 26, 14, 7, 4, 1, 0
3.006000000000000000e+04, 2163, 1644, 1260, 942, 712, 522, 388, 277, 194, 134, 87, 58, 37, 23, 14, 8, 4, 1, 0
3.006100000000000000e+04, 2163, 1644, 1260, 942, 697, 522, 388, 277, 201, 139, 98, 61, 37, 23, 13, 7, 4, 1, 0
3.006200000000000000e+04, 2163, 1622, 1238, 942, 712, 522, 388, 277, 194, 139, 98, 64, 43, 26, 14, 7, 4, 1, 0
3.006300000000000000e+04, 2163, 1644, 1260, 942, 712, 522, 388, 277, 194, 139, 98, 64, 43, 26, 16, 7, 3, 1, 0
3.006400000000000000e+04, 2163, 1644, 1260, 942, 712, 522, 388, 277, 201, 128, 87, 58, 37, 23, 13, 7, 3, 1, 0
3.006500000000000000e+04, 2163, 1644, 1238, 942, 712, 522, 388, 277, 201, 128, 87, 58, 37, 23, 13, 7, 4, 1, 0
3.006600000000000000e+04, 2111, 1607, 1238, 942, 712, 522, 388, 277, 201, 139, 98, 64, 43, 26, 16, 8, 4, 1, 0
3.006700000000000000e+04, 2111, 1622, 1238, 942, 712, 522, 388, 277, 201, 139, 98, 64, 37, 23, 13, 7, 3, 1, 0
3.006800000000000000e+04, 2133, 1644, 1260, 942, 712, 522, 377, 277, 201, 139, 87, 58, 37, 23, 13, 7, 4, 1, 0
3.006900000000000000e+04, 2133, 1644, 1260, 942, 712, 522, 388, 277, 201, 128, 87, 58, 37, 23, 13, 7, 3, 1, 0
3.007000000000000000e+04, 2133, 1622, 1223, 904, 668, 493, 359, 259, 183, 128, 87, 58, 37, 23, 13, 7, 3, 1, 0
3.007100000000000000e+04, 2067, 1644, 1238, 927, 686, 511, 388, 277, 201, 139, 93, 64, 43, 26, 16, 7, 3, 1, 0
3.007200000000000000e+04, 2163, 1644, 1260, 942, 697, 522, 388, 259, 183, 128, 87, 58, 37, 23, 13, 7, 3, 1, 0
3.007300000000000000e+04, 2163, 1644, 1260, 942, 712, 522, 377, 270, 194, 139, 98, 64, 43, 26, 13, 7, 3, 1, 0
3.007400000000000000e+04, 2133, 1644, 1194, 898, 668, 493, 359, 259, 183, 128, 87, 58, 37, 23, 13, 7, 3, 1, 0
3.007500000000000000e+04, 2163, 1644, 1260, 942, 712, 522, 388, 277, 201, 128, 87, 58, 37, 23, 13, 7, 3, 1, 0
3.007600000000000000e+04, 2163, 1644, 1260, 942, 697, 511, 377, 277, 201, 139, 93, 61, 43, 26, 16, 8, 3, 1, 0
3.007700000000000000e+04, 2163, 1644, 1238, 927, 686, 493, 359, 259, 183, 128, 87, 58, 37, 23, 13, 7, 4, 1, 0
3.007800000000000000e+04, 2163, 1644, 1260, 942, 712, 522, 388, 277, 183, 128, 87, 58, 37, 23, 13, 7, 3, 1, 0
3.007900000000000000e+04, 2163, 1644, 1260, 942, 712, 522, 388, 277, 194, 128, 87, 58, 37, 23, 13, 7, 3, 1, 0
3.008000000000000000e+04, 2163, 1644, 1260, 942, 712, 522, 388, 277, 201, 139, 98, 64, 40, 23, 16, 8, 3, 1, 0
3.008100000000000000e+04, 2111, 1644, 1260, 942, 712, 522, 388, 277, 201, 139, 98, 64, 37, 23, 13, 7, 3, 1, 0
3.008200000000000000e+04, 2163, 1644, 1260, 942, 712, 522, 388, 277, 194, 134, 87, 58, 37, 23, 13, 7, 3, 1, 0
3.008300000000000000e+04, 2163, 1644, 1260, 942, 697, 522, 388, 277, 201, 139, 87, 58, 37, 23, 16, 8, 3, 1, 0
3.008400000000000000e+04, 2163, 1644, 1260, 942, 712, 522, 388, 277, 201, 139, 98, 64, 40, 26, 16, 8, 3, 1, 0
3.008500000000000000e+04, 2163, 1644, 1260, 942, 712, 522, 388, 277, 201, 139, 87, 58, 37, 23, 13, 7, 3, 1, 0
3.008600000000000000e+04, 2163, 1644, 1260, 942, 712, 522, 388, 277, 201, 139, 93, 61, 38, 26, 16, 8, 4, 1, 0
3.008700000000000000e+04, 2163, 1644, 1260, 942, 712, 522, 388, 277, 194, 139, 98, 64, 43, 26, 16, 7, 3, 1, 0
3.008800000000000000e+04, 2163, 1644, 1260, 942, 712, 522, 388, 277, 201, 139, 98, 58, 37, 23, 13, 7, 3, 1, 0
3.008900000000000000e+04, 2111, 1622, 1238, 942, 712, 522, 377, 277, 201, 139, 98, 64, 43, 26, 16, 8, 4, 1, 0
3.009000000000000000e+04, 2163, 1644, 1260, 942, 712, 522, 377, 277, 201, 139, 98, 64, 40, 23, 13, 7, 3, 1, 0
3.009100000000000000e+04, 2163, 1644, 1260, 942, 712, 522, 388, 277, 183, 128, 87, 58, 37, 23, 13, 7, 4, 1, 0
3.009200000000000000e+04, 2163, 1644, 1238, 927, 712, 522, 388, 277, 194, 134, 90, 58, 37, 23, 13, 7, 3, 1, 0
3.009300000000000000e+04, 2133, 1578, 1194, 898, 668, 493, 359, 259, 183, 128, 87, 58, 37, 23, 13, 7, 3, 1, 0
3.009400000000000000e+04, 2163, 1644, 1238, 942, 712, 522, 388, 259, 183, 128, 87, 58, 37, 23, 13, 7, 3, 1, 0
3.009500000000000000e+04, 2163, 1644, 1260, 942, 712, 522, 388, 277, 194, 139, 98, 58, 37, 23, 13, 7, 3, 1, 0
3.009600000000000000e+04, 2163, 1644, 1260, 942, 712, 522, 388, 277, 201, 139, 98, 61, 38, 23, 13, 7, 4, 1, 0
3.009700000000000000e+04, 2163, 1644, 1260, 927, 697, 522, 388, 277, 201, 139, 93, 58, 37, 23, 13, 7, 3, 1, 0
3.009800000000000000e+04, 2163, 1644, 1238, 927, 686, 522, 377, 277, 201, 139, 98, 64, 37, 23, 13, 7, 4, 1, 0
3.009900000000000000e+04, 2163, 1644, 1238, 942, 712, 522, 377, 277, 201, 139, 98, 58, 37, 23, 13, 7, 3, 1, 0
