ID, 0, 1, 2, 3, 4, 5, 6, 7, 8, 9, 10, 11, 12, 13, 14, 15, 16, 17, 18
6.000000000000000000e+05, 2163, 1644, 1260, 942, 712, 522, 388, 277, 201, 139, 98, 64, 40, 23, 13, 7, 3, 1, 0
6.000010000000000000e+05, 2163, 1644, 1260, 942, 712, 522, 388, 277, 183, 128, 87, 58, 37, 23, 13, 7, 3, 1, 0
6.000020000000000000e+05, 2133, 1644, 1260, 942, 712, 522, 377, 259, 183, 128, 87, 58, 37, 23, 13, 7, 3, 1, 0
6.000030000000000000e+05, 2163, 1644, 1260, 942, 712, 522, 388, 277, 201, 139, 93, 64, 43, 26, 13, 7, 3, 1, 0
6.000040000000000000e+05, 2163, 1644, 1260, 942, 712, 522, 388, 277, 201, 139, 98, 64, 43, 26, 16, 8, 4, 1, 0
6.000050000000000000e+05, 2163, 1644, 1260, 942, 712, 522, 388, 277, 183, 128, 87, 58, 37, 23, 13, 7, 3, 1, 0
6.000060000000000000e+05, 2163, 1644, 1260, 942, 712, 522, 388, 277, 201, 128, 87, 58, 37, 23, 13, 7, 3, 1, 0
6.000070000000000000e+05, 2133, 1644, 1260, 942, 697, 522, 388, 277, 201, 139, 98, 64, 43, 23, 13, 7, 3, 1, 0
6.000080000000000000e+05, 2163, 1644, 1260, 942, 697, 522, 388, 259, 183, 128, 87, 58, 37, 23, 13, 7, 3, 1, 0
6.000090000000000000e+05, 2163, 1622, 1223, 916, 686, 511, 377, 277, 201, 139, 98, 64, 40, 26, 16, 7, 3, 1, 0
6.000100000000000000e+05, 2133, 1622, 1238, 942, 712, 522, 388, 277, 194, 139, 98, 64, 37, 23, 13, 7, 3, 1, 0
6.000110000000000000e+05, 2163, 1644, 1260, 942, 697, 522, 388, 277, 201, 139, 98, 64, 43, 26, 16, 8, 3, 1, 0
6.000120000000000000e+05, 2163, 1644, 1238, 927, 686, 511, 377, 277, 201, 128, 87, 58, 40, 23, 16, 8, 3, 1, 0
6.000130000000000000e+05, 2163, 1644, 1260, 942, 712, 522, 377, 277, 183, 128, 87, 58, 37, 23, 13, 7, 3, 1, 0
6.000140000000000000e+05, 2163, 1644, 1260, 942, 712, 522, 388, 277, 183, 128, 87, 58, 37, 23, 13, 7, 4, 1, 0
6.000150000000000000e+05, 2133, 1644, 1260, 942, 697, 511, 370, 270, 194, 139, 98, 64, 43, 26, 13, 7, 4, 1, 0
6.000160000000000000e+05, 2163, 1644, 1260, 942, 712, 522, 388, 277, 201, 139, 98, 58, 37, 23, 13, 7, 3, 1, 0
6.000170000000000000e+05, 2163, 1644, 1260, 942, 712, 522, 388, 277, 194, 139, 98, 64, 43, 26, 13, 7, 3, 1, 0
6.000180000000000000e+05, 2163, 1644, 1260, 942, 697, 522, 388, 277, 183, 139, 98, 58, 37, 23, 13, 7, 3, 1, 0
6.000190000000000000e+05, 2111, 1644, 1260, 942, 712, 522, 388, 277, 201, 139, 93, 64, 43, 26, 16, 8, 3, 1, 0
6.000200000000000000e+05, 2133, 1644, 1260, 942, 712, 522, 388, 277, 201, 139, 98, 64, 43, 26, 16, 8, 4, 1, 0
6.000210000000000000e+05, 2163, 1644, 1260, 927, 686, 511, 377, 277, 201, 139, 98, 64, 43, 26, 13, 7, 3, 1, 0
6.000220000000000000e+05, 2111, 1622, 1238, 942, 712, 522, 377, 277, 201, 139, 98, 64, 43, 26, 13, 7, 3, 1, 0
6.000230000000000000e+05, 2163, 1644, 1260, 942, 712, 522, 388, 277, 201, 139, 98, 64, 43, 26, 16, 8, 4, 1, 0
6.000240000000000000e+05, 2111, 1622, 1238, 942, 712, 522, 377, 277, 201, 139, 98, 64, 43, 26, 16, 8, 4, 1, 0
6.000250000000000000e+05, 2163, 1644, 1260, 942, 712, 522, 377, 277, 201, 139, 98, 64, 43, 26, 13, 7, 3, 1, 0
6.000260000000000000e+05, 2163, 1644, 1260, 942, 712, 522, 388, 277, 183, 128, 87, 58, 37, 23, 13, 7, 3, 1, 0
6.000270000000000000e+05, 2163, 1644, 1260, 942, 712, 522, 377, 277, 201, 139, 98, 64, 40, 24, 13, 8, 4, 1, 0
6.000280000000000000e+05, 2133, 1644, 1260, 942, 712, 522, 388, 277, 201, 139, 87, 58, 37, 23, 13, 7, 3, 1, 0
6.000290000000000000e+05, 2133, 1644, 1260, 942, 712, 522, 388, 277, 201, 139, 87, 58, 37, 23, 13, 7, 3, 1, 0
6.000300000000000000e+05, 2163, 1644, 1260, 942, 712, 522, 388, 277, 194, 139, 98, 58, 37, 23, 13, 7, 3, 1, 0
6.000310000000000000e+05, 2163, 1644, 1260, 942, 712, 522, 388, 277, 194, 139, 98, 64, 43, 23, 13, 7, 3, 1, 0
6.000320000000000000e+05, 2133, 1644, 1260, 942, 712, 522, 388, 277, 201, 129, 87, 58, 37, 23, 16, 8, 4, 1, 0
6.000330000000000000e+05, 2163, 1644, 1260, 927, 686, 504, 365, 259, 183, 128, 87, 58, 37, 23, 13, 7, 3, 1, 0
6.000340000000000000e+05, 2133, 1622, 1223, 942, 712, 522, 388, 277, 194, 139, 87, 58, 37, 23, 13, 7, 3, 1, 0
6.000350000000000000e+05, 2163, 1644, 1260, 942, 712, 522, 388, 277, 201, 139, 98, 64, 43, 23, 13, 7, 3, 1, 0
6.000360000000000000e+05, 2163, 1644, 1260, 942, 697, 522, 388, 277, 201, 139, 98, 64, 43, 26, 16, 7, 3, 1, 0
6.000370000000000000e+05, 2163, 1644, 1260, 942, 712, 522, 377, 270, 194, 139, 87, 58, 37, 23, 13, 7, 3, 1, 0
6.000380000000000000e+05, 2163, 1644, 1260, 942, 697, 522, 388, 277, 201, 139, 98, 64, 43, 26, 16, 8, 3, 1, 0
6.000390000000000000e+05, 2133, 1644, 1260, 942, 712, 522, 377, 270, 201, 139, 98, 64, 43, 26, 16, 8, 4, 1, 0
6.000400000000000000e+05, 2133, 1622, 1260, 942, 712, 493, 359, 259, 183, 128, 87, 58, 37, 23, 13, 8, 3, 1, 0
6.000410000000000000e+05, 2163, 1644, 1260, 942, 712, 522, 388, 277, 201, 139, 93, 58, 37, 23, 13, 7, 3, 1, 0
6.000420000000000000e+05, 2163, 1622, 1223, 927, 712, 522, 388, 277, 201, 139, 98, 64, 43, 26, 13, 7, 3, 1, 0
6.000430000000000000e+05, 2163, 1644, 1238, 942, 712, 522, 388, 277, 201, 139, 93, 64, 43, 26, 16, 8, 4, 1, 0
6.000440000000000000e+05, 2163, 1644, 1260, 942, 712, 522, 377, 277, 201, 131, 87, 58, 37, 23, 13, 8, 4, 1, 0
6.000450000000000000e+05, 2163, 1644, 1238, 942, 712, 522, 388, 277, 201, 139, 98, 64, 43, 26, 16, 8, 3, 1, 0
6.000460000000000000e+05, 2163, 1644, 1260, 942, 712, 522, 388, 277, 201, 139, 98, 64, 37, 23, 13, 7, 3, 1, 0
6.000470000000000000e+05, 2163, 1644, 1260, 942, 712, 511, 370, 270, 183, 128, 87, 58, 40, 26, 16, 7, 3, 1, 0
6.000480000000000000e+05, 2163, 1644, 1260, 942, 712, 511, 359, 259, 183, 128, 87, 58, 37, 23, 13, 7, 3, 1, 0
6.000490000000000000e+05, 2133, 1644, 1260, 942, 712, 522, 377, 259, 183, 128, 87, 58, 37, 23, 13, 7, 3, 1, 0
6.000500000000000000e+05, 2163, 1644, 1260, 942, 712, 522, 388, 277, 184, 128, 87, 58, 37, 23, 13, 7, 3, 1, 0
6.000510000000000000e+05, 2163, 1644, 1260, 942, 697, 511, 370, 265, 201, 139, 98, 64, 43, 26, 16, 8, 3, 1, 0
6.000520000000000000e+05, 2163, 1644, 1260, 942, 712, 522, 359, 259, 183, 128, 87, 58, 37, 23, 16, 8, 4, 1, 0
6.000530000000000000e+05, 2163, 1644, 1260, 942, 712, 522, 359, 259, 183, 128, 87, 58, 37, 23, 13, 7, 3, 1, 0
6.000540000000000000e+05, 2163, 1644, 1260, 942, 712, 522, 388, 277, 201, 139, 93, 64, 43, 26, 16, 8, 4, 1, 0
6.000550000000000000e+05, 2163, 1644, 1260, 942, 712, 522, 388, 277, 201, 139, 98, 58, 37, 23, 13, 7, 3, 1, 0
6.000560000000000000e+05, 2163, 1644, 1260, 942, 712, 522, 388, 277, 183, 128, 87, 58, 37, 23, 13, 7, 3, 1, 0
6.000570000000000000e+05, 2111, 1607, 1260, 942, 712, 522, 388, 277, 201, 139, 90, 61, 37, 23, 16, 8, 3, 1, 0
6.000580000000000000e+05, 2163, 1644, 1260, 942, 712, 522, 388, 277, 183, 128, 87, 58, 37, 23, 13, 7, 3, 1, 0
6.000590000000000000e+05, 2163, 1644, 1260, 942, 712, 522, 388, 277, 194, 139, 98, 64, 43, 26, 16, 8, 3, 1, 0
6.000600000000000000e+05, 2163, 1644, 1260, 942, 697, 522, 388, 277, 194, 139, 98, 64, 43, 26, 13, 7, 3, 1, 0
6.000610000000000000e+05, 2163, 1622, 1238, 942, 712, 522, 388, 277, 201, 139, 98, 64, 43, 23, 14, 7, 4, 1, 0
6.000620000000000000e+05, 2133, 1644, 1260, 942, 697, 511, 377, 259, 201, 139, 98, 64, 43, 23, 13, 7, 3, 1, 0
6.000630000000000000e+05, 2133, 1644, 1260, 942, 712, 522, 388, 277, 201, 139, 98, 64, 43, 26, 14, 7, 4, 1, 0
6.000640000000000000e+05, 2163, 1644, 1260, 942, 712, 522, 388, 277, 201, 139, 87, 58, 37, 23, 13, 7, 3, 1, 0
6.000650000000000000e+05, 2163, 1644, 1238, 942, 712, 522, 388, 270, 194, 139, 98, 64, 43, 23, 13, 7, 3, 1, 0
6.000660000000000000e+05, 2163, 1644, 1260, 942, 712, 522, 388, 270, 189, 128, 87, 58, 37, 23, 16, 7, 3, 1, 0
6.000670000000000000e+05, 2163, 1644, 1260, 942, 712, 522, 388, 277, 201, 139, 98, 64, 43, 23, 13, 7, 3, 1, 0
6.000680000000000000e+05, 2163, 1578, 1194, 898, 668, 493, 359, 259, 183, 128, 87, 58, 37, 23, 13, 7, 3, 1, 0
6.000690000000000000e+05, 2163, 1644, 1260, 942, 712, 522, 388, 277, 201, 139, 98, 64, 40, 23, 13, 7, 3, 1, 0
6.000700000000000000e+05, 2133, 1644, 1260, 942, 712, 522, 388, 277, 201, 139, 98, 64, 43, 26, 13, 7, 3, 1, 0
6.000710000000000000e+05, 2163, 1644, 1260, 942, 712, 522, 377, 277, 201, 128, 87, 58, 37, 23, 13, 7, 3, 1, 0
6.000720000000000000e+05, 2163, 1644, 1260, 942, 712, 522, 388, 277, 194, 134, 87, 58, 37, 23, 13, 7, 3, 1, 0
6.000730000000000000e+05, 2163, 1644, 1260, 942, 712, 522, 388, 277, 194, 139, 98, 58, 37, 23, 13, 7, 3, 1, 0
6.000740000000000000e+05, 2163, 1644, 1260, 942, 712, 522, 377, 270, 194, 139, 98, 64, 43, 26, 13, 7, 3, 1, 0
6.000750000000000000e+05, 2163, 1644, 1212, 898, 668, 493, 359, 259, 183, 128, 87, 58, 37, 23, 13, 7, 3, 1, 0
6.000760000000000000e+05, 2163, 1644, 1238, 942, 712, 522, 388, 277, 201, 139, 98, 64, 40, 24, 13, 8, 4, 1, 0
6.000770000000000000e+05, 2163, 1644, 1260, 942, 712, 522, 388, 277, 201, 139, 98, 58, 37, 23, 13, 7, 3, 1, 0
6.000780000000000000e+05, 2163, 1644, 1260, 942, 712, 522, 377, 277, 201, 139, 87, 58, 37, 23, 13, 7, 3, 1, 0
6.000790000000000000e+05, 2163, 1644, 1260, 942, 712, 522, 388, 277, 201, 139, 98, 64, 37, 23, 13, 7, 3, 1, 0
6.000800000000000000e+05, 2133, 1622, 1238, 942, 712, 522, 377, 270, 201, 139, 98, 64, 43, 26, 13, 7, 3, 1, 0
6.000810000000000000e+05, 2163, 1644, 1238, 942, 712, 493, 359, 259, 183, 128, 87, 58, 37, 23, 13, 7, 3, 1, 0
6.000820000000000000e+05, 2163, 1644, 1260, 942, 712, 522, 388, 277, 201, 139, 98, 64, 40, 26, 16, 8, 4, 1, 0
6.000830000000000000e+05, 2133, 1622, 1260, 942, 712, 522, 359, 259, 183, 128, 87, 58, 37, 23, 13, 7, 3, 1, 0
6.000840000000000000e+05, 2163, 1644, 1212, 909, 686, 504, 370, 277, 201, 139, 98, 64, 43, 26, 13, 7, 3, 1, 0
6.000850000000000000e+05, 2133, 1644, 1260, 942, 712, 511, 370, 265, 189, 139, 93, 64, 43, 26, 16, 8, 3, 1, 0
6.000860000000000000e+05, 2163, 1644, 1238, 942, 712, 522, 388, 277, 194, 139, 98, 64, 43, 23, 13, 7, 3, 1, 0
6.000870000000000000e+05, 2133, 1644, 1260, 942, 697, 522, 388, 277, 201, 139, 98, 64, 40, 26, 13, 7, 3, 1, 0
6.000880000000000000e+05, 2163, 1644, 1238, 942, 712, 522, 388, 277, 201, 128, 87, 58, 37, 23, 13, 7, 3, 1, 0
6.000890000000000000e+05, 2163, 1644, 1260, 942, 712, 522, 388, 277, 201, 139, 98, 64, 43, 26, 16, 8, 4, 1, 0
6.000900000000000000e+05, 2163, 1644, 1260, 942, 712, 522, 388, 277, 194, 128, 87, 58, 37, 23, 13, 7, 3, 1, 0
6.000910000000000000e+05, 2163, 1644, 1260, 942, 697, 522, 388, 277, 201, 139, 98, 64, 43, 26, 16, 8, 4, 1, 0
6.000920000000000000e+05, 2163, 1644, 1260, 942, 712, 522, 388, 277, 201, 139, 98, 64, 40, 26, 16, 7, 3, 1, 0
6.000930000000000000e+05, 2133, 1644, 1260, 942, 712, 522, 370, 270, 194, 139, 98, 64, 40, 24, 13, 8, 3, 1, 0
6.000940000000000000e+05, 2163, 1644, 1238, 927, 686, 511, 362, 259, 183, 128, 87, 58, 37, 23, 13, 7, 3, 1, 0
6.000950000000000000e+05, 2163, 1644, 1260, 942, 697, 511, 377, 277, 183, 128, 87, 58, 37, 23, 13, 7, 3, 1, 0
6.000960000000000000e+05, 2111, 1622, 1223, 916, 712, 522, 388, 277, 201, 139, 93, 58, 37, 23, 13, 7, 4, 1, 0
6.000970000000000000e+05, 2163, 1644, 1260, 942, 712, 522, 388, 277, 201, 139, 87, 58, 37, 23, 13, 7, 3, 1, 0
6.000980000000000000e+05, 2163, 1644, 1238, 942, 712, 522, 388, 277, 194, 128, 87, 58, 37, 23, 13, 8, 4, 1, 0
6.000990000000000000e+05, 2163, 1644, 1260, 942, 697, 511, 377, 277, 201, 139, 98, 64, 37, 23, 13, 7, 3, 1, 0
