ID, 0, 1, 2, 3, 4, 5, 6, 7, 8, 9, 10, 11, 12, 13, 14, 15, 16, 17, 18
3.500000000000000000e+05, 2163, 1644, 1260, 942, 697, 522, 388, 277, 201, 139, 98, 64, 40, 24, 13, 8, 4, 1, 0
3.500010000000000000e+05, 2163, 1644, 1238, 927, 712, 522, 388, 277, 201, 139, 98, 64, 43, 26, 13, 7, 3, 1, 0
3.500020000000000000e+05, 2163, 1644, 1260, 942, 712, 522, 388, 277, 194, 134, 90, 64, 43, 26, 16, 8, 4, 1, 0
3.500030000000000000e+05, 2163, 1644, 1260, 942, 697, 522, 388, 277, 201, 139, 98, 58, 37, 23, 13, 7, 3, 1, 0
3.500040000000000000e+05, 2133, 1644, 1260, 942, 712, 522, 388, 277, 201, 139, 98, 58, 37, 23, 13, 7, 3, 1, 0
3.500050000000000000e+05, 2163, 1644, 1260, 942, 712, 522, 377, 277, 201, 139, 98, 64, 43, 23, 13, 7, 3, 1, 0
3.500060000000000000e+05, 2163, 1644, 1238, 927, 712, 522, 388, 277, 194, 128, 87, 58, 37, 23, 13, 7, 3, 1, 0
3.500070000000000000e+05, 2163, 1644, 1260, 942, 712, 522, 388, 277, 201, 139, 98, 64, 43, 24, 14, 8, 4, 1, 0
3.500080000000000000e+05, 2163, 1644, 1238, 942, 712, 493, 359, 259, 183, 128, 87, 58, 37, 26, 16, 8, 4, 1, 0
3.500090000000000000e+05, 2163, 1644, 1260, 942, 712, 522, 388, 277, 201, 134, 93, 64, 43, 26, 13, 7, 3, 1, 0
3.500100000000000000e+05, 2163, 1644, 1238, 942, 712, 522, 388, 277, 194, 134, 90, 58, 43, 26, 16, 7, 3, 1, 0
3.500110000000000000e+05, 2163, 1644, 1260, 898, 668, 493, 359, 259, 183, 128, 87, 58, 37, 23, 13, 7, 3, 1, 0
3.500120000000000000e+05, 2133, 1622, 1260, 916, 697, 511, 388, 277, 201, 139, 98, 64, 43, 26, 16, 8, 4, 1, 0
3.500130000000000000e+05, 2163, 1644, 1238, 942, 712, 522, 388, 277, 183, 128, 87, 58, 37, 23, 13, 7, 3, 1, 0
3.500140000000000000e+05, 2163, 1644, 1238, 927, 686, 493, 359, 259, 183, 128, 87, 58, 37, 23, 13, 7, 3, 1, 0
3.500150000000000000e+05, 2163, 1644, 1260, 942, 712, 522, 388, 277, 201, 139, 98, 64, 43, 26, 13, 7, 3, 1, 0
3.500160000000000000e+05, 2133, 1644, 1260, 942, 697, 511, 377, 277, 201, 139, 98, 64, 40, 26, 13, 7, 3, 1, 0
3.500170000000000000e+05, 2163, 1622, 1238, 942, 712, 522, 388, 277, 201, 139, 98, 64, 40, 23, 13, 8, 4, 1, 0
3.500180000000000000e+05, 2163, 1644, 1238, 927, 697, 522, 388, 277, 201, 139, 98, 64, 43, 26, 13, 7, 3, 1, 0
3.500190000000000000e+05, 2163, 1644, 1238, 942, 712, 522, 377, 270, 183, 128, 87, 58, 37, 23, 13, 7, 3, 1, 0
3.500200000000000000e+05, 2163, 1644, 1238, 942, 712, 522, 388, 277, 201, 139, 87, 58, 37, 23, 13, 7, 3, 1, 0
3.500210000000000000e+05, 2163, 1644, 1238, 942, 712, 522, 388, 277, 201, 139, 98, 64, 37, 23, 13, 7, 3, 1, 0
3.500220000000000000e+05, 2163, 1644, 1238, 927, 686, 504, 365, 262, 183, 128, 87, 58, 37, 23, 13, 7, 4, 1, 0
3.500230000000000000e+05, 2133, 1644, 1260, 942, 712, 522, 388, 270, 189, 131, 87, 58, 37, 23, 16, 7, 3, 1, 0
3.500240000000000000e+05, 2111, 1607, 1212, 898, 668, 493, 359, 259, 183, 128, 87, 58, 37, 23, 16, 8, 3, 1, 0
3.500250000000000000e+05, 2163, 1644, 1260, 942, 697, 522, 388, 259, 183, 128, 87, 58, 37, 23, 13, 7, 3, 1, 0
3.500260000000000000e+05, 2163, 1644, 1260, 942, 712, 522, 388, 277, 201, 134, 87, 58, 43, 26, 16, 7, 3, 1, 0
3.500270000000000000e+05, 2163, 1644, 1260, 942, 712, 522, 388, 277, 201, 139, 98, 64, 43, 26, 14, 8, 4, 1, 0
3.500280000000000000e+05, 2163, 1644, 1260, 942, 686, 511, 377, 277, 183, 128, 87, 58, 37, 23, 13, 7, 3, 1, 0
3.500290000000000000e+05, 2163, 1644, 1238, 942, 712, 522, 388, 277, 201, 139, 98, 64, 37, 23, 13, 7, 4, 1, 0
3.500300000000000000e+05, 2133, 1644, 1260, 942, 712, 522, 377, 270, 201, 139, 98, 58, 40, 23, 13, 7, 3, 1, 0
3.500310000000000000e+05, 2163, 1644, 1260, 942, 697, 511, 377, 277, 201, 128, 87, 58, 37, 23, 16, 7, 3, 1, 0
3.500320000000000000e+05, 2133, 1622, 1223, 916, 679, 493, 359, 259, 183, 128, 87, 58, 37, 23, 13, 7, 4, 1, 0
3.500330000000000000e+05, 2133, 1622, 1223, 916, 679, 511, 370, 277, 201, 139, 98, 64, 43, 26, 16, 7, 3, 1, 0
3.500340000000000000e+05, 2163, 1644, 1260, 942, 712, 511, 359, 259, 183, 128, 87, 58, 37, 23, 13, 7, 3, 1, 0
3.500350000000000000e+05, 2163, 1644, 1260, 942, 712, 522, 388, 277, 201, 128, 87, 58, 37, 23, 13, 7, 3, 1, 0
3.500360000000000000e+05, 2163, 1644, 1238, 942, 712, 522, 388, 277, 201, 139, 98, 58, 37, 23, 13, 7, 3, 1, 0
3.500370000000000000e+05, 2111, 1622, 1238, 942, 712, 522, 377, 259, 183, 139, 98, 58, 43, 26, 16, 8, 4, 1, 0
3.500380000000000000e+05, 2163, 1644, 1260, 942, 712, 522, 388, 277, 201, 139, 98, 64, 43, 26, 16, 8, 3, 1, 0
3.500390000000000000e+05, 2163, 1644, 1238, 927, 712, 522, 388, 277, 201, 139, 93, 64, 43, 23, 13, 7, 3, 1, 0
3.500400000000000000e+05, 2163, 1644, 1260, 942, 697, 493, 359, 259, 183, 128, 87, 58, 43, 23, 13, 7, 3, 1, 0
3.500410000000000000e+05, 2163, 1644, 1260, 927, 697, 522, 388, 277, 201, 139, 98, 64, 43, 26, 16, 8, 4, 1, 0
3.500420000000000000e+05, 2163, 1644, 1238, 942, 712, 522, 388, 259, 183, 128, 87, 58, 37, 23, 13, 7, 3, 1, 0
3.500430000000000000e+05, 2163, 1644, 1260, 927, 697, 522, 388, 277, 201, 139, 98, 64, 43, 26, 16, 8, 4, 1, 0
3.500440000000000000e+05, 2163, 1644, 1238, 942, 712, 522, 388, 277, 201, 139, 98, 58, 37, 24, 16, 8, 4, 1, 0
3.500450000000000000e+05, 2163, 1644, 1260, 942, 712, 522, 377, 277, 201, 139, 98, 64, 43, 26, 14, 7, 4, 1, 0
3.500460000000000000e+05, 2133, 1622, 1238, 942, 712, 522, 377, 270, 189, 139, 87, 58, 37, 23, 13, 7, 4, 1, 0
3.500470000000000000e+05, 2163, 1644, 1260, 942, 697, 511, 388, 277, 201, 139, 98, 64, 43, 26, 16, 8, 4, 1, 0
3.500480000000000000e+05, 2163, 1644, 1223, 909, 668, 493, 359, 259, 183, 128, 87, 58, 37, 23, 13, 7, 3, 1, 0
3.500490000000000000e+05, 2163, 1644, 1260, 942, 712, 522, 388, 277, 201, 128, 87, 58, 37, 23, 13, 7, 3, 1, 0
3.500500000000000000e+05, 2163, 1644, 1238, 942, 712, 522, 388, 277, 194, 134, 90, 58, 43, 26, 16, 7, 3, 1, 0
3.500510000000000000e+05, 2163, 1644, 1260, 942, 712, 522, 388, 277, 201, 139, 98, 64, 43, 26, 16, 8, 4, 1, 0
3.500520000000000000e+05, 2133, 1644, 1260, 942, 712, 522, 377, 270, 201, 139, 98, 64, 43, 26, 14, 8, 4, 1, 0
3.500530000000000000e+05, 2163, 1644, 1260, 942, 712, 522, 388, 277, 194, 139, 87, 58, 37, 23, 13, 7, 3, 1, 0
3.500540000000000000e+05, 2163, 1644, 1260, 942, 712, 522, 388, 259, 183, 128, 87, 58, 37, 23, 13, 7, 3, 1, 0
3.500550000000000000e+05, 2133, 1644, 1194, 898, 668, 493, 359, 259, 183, 128, 87, 58, 37, 23, 13, 7, 3, 1, 0
3.500560000000000000e+05, 2163, 1644, 1260, 942, 712, 522, 377, 265, 189, 128, 87, 58, 37, 23, 13, 7, 3, 1, 0
3.500570000000000000e+05, 2163, 1644, 1260, 942, 712, 522, 388, 277, 201, 139, 93, 61, 37, 23, 16, 7, 3, 1, 0
3.500580000000000000e+05, 2163, 1644, 1260, 942, 697, 522, 388, 277, 201, 128, 87, 58, 37, 23, 13, 7, 3, 1, 0
3.500590000000000000e+05, 2163, 1644, 1260, 942, 712, 522, 388, 277, 201, 139, 98, 64, 43, 26, 16, 8, 4, 1, 0
3.500600000000000000e+05, 2133, 1644, 1260, 942, 712, 522, 388, 277, 201, 139, 98, 58, 37, 23, 13, 7, 3, 1, 0
3.500610000000000000e+05, 2163, 1644, 1260, 942, 697, 511, 388, 277, 201, 139, 93, 64, 43, 26, 16, 8, 4, 1, 0
3.500620000000000000e+05, 2163, 1644, 1238, 942, 712, 522, 388, 277, 201, 139, 98, 64, 43, 26, 16, 7, 3, 1, 0
3.500630000000000000e+05, 2163, 1644, 1223, 927, 697, 522, 388, 277, 183, 128, 98, 64, 37, 23, 13, 7, 3, 1, 0
3.500640000000000000e+05, 2163, 1644, 1260, 942, 712, 522, 377, 259, 183, 128, 87, 58, 37, 23, 13, 7, 3, 1, 0
3.500650000000000000e+05, 2163, 1644, 1260, 942, 712, 522, 388, 277, 194, 139, 98, 64, 37, 23, 13, 7, 3, 1, 0
3.500660000000000000e+05, 2163, 1644, 1260, 942, 712, 522, 377, 277, 201, 139, 98, 58, 37, 23, 13, 7, 3, 1, 0
3.500670000000000000e+05, 2133, 1644, 1260, 942, 697, 522, 388, 277, 201, 139, 98, 64, 43, 26, 13, 7, 3, 1, 0
3.500680000000000000e+05, 2133, 1644, 1260, 942, 712, 522, 388, 277, 201, 139, 87, 58, 37, 23, 13, 7, 3, 1, 0
3.500690000000000000e+05, 2163, 1644, 1260, 942, 712, 522, 388, 277, 201, 139, 87, 58, 37, 23, 13, 7, 3, 1, 0
3.500700000000000000e+05, 2096, 1644, 1260, 942, 712, 522, 388, 277, 201, 139, 93, 61, 43, 26, 16, 8, 4, 1, 0
3.500710000000000000e+05, 2163, 1644, 1238, 942, 712, 522, 388, 277, 201, 139, 98, 58, 37, 23, 13, 7, 3, 1, 0
3.500720000000000000e+05, 2163, 1644, 1260, 942, 697, 522, 388, 277, 201, 139, 93, 64, 43, 26, 14, 7, 4, 1, 0
3.500730000000000000e+05, 2163, 1644, 1238, 942, 712, 522, 377, 277, 201, 139, 98, 58, 37, 23, 13, 7, 3, 1, 0
3.500740000000000000e+05, 2133, 1644, 1260, 942, 712, 493, 359, 259, 183, 128, 87, 58, 37, 23, 13, 7, 4, 1, 0
3.500750000000000000e+05, 2163, 1644, 1260, 942, 712, 522, 377, 277, 201, 131, 90, 61, 40, 26, 16, 8, 4, 1, 0
3.500760000000000000e+05, 2163, 1644, 1260, 942, 697, 511, 388, 277, 194, 128, 87, 58, 37, 23, 13, 7, 3, 1, 0
3.500770000000000000e+05, 2163, 1644, 1260, 942, 712, 522, 388, 277, 201, 139, 98, 64, 37, 23, 13, 7, 3, 1, 0
3.500780000000000000e+05, 2163, 1644, 1238, 927, 686, 511, 388, 277, 183, 128, 87, 58, 37, 23, 13, 7, 3, 1, 0
3.500790000000000000e+05, 2163, 1644, 1260, 942, 712, 522, 388, 277, 201, 139, 98, 64, 43, 26, 13, 7, 3, 1, 0
3.500800000000000000e+05, 2163, 1622, 1238, 942, 712, 522, 388, 277, 194, 139, 98, 64, 43, 26, 16, 8, 3, 1, 0
3.500810000000000000e+05, 2163, 1644, 1260, 942, 712, 522, 388, 277, 201, 128, 87, 58, 37, 23, 13, 7, 3, 1, 0
3.500820000000000000e+05, 2163, 1644, 1238, 942, 712, 522, 377, 277, 201, 139, 98, 64, 40, 23, 13, 8, 4, 1, 0
3.500830000000000000e+05, 2163, 1644, 1260, 942, 712, 522, 388, 277, 201, 139, 98, 64, 43, 26, 16, 8, 4, 1, 0
3.500840000000000000e+05, 2163, 1644, 1260, 942, 712, 522, 377, 277, 201, 139, 98, 64, 43, 26, 13, 7, 3, 1, 0
3.500850000000000000e+05, 2163, 1644, 1260, 942, 712, 522, 388, 277, 201, 128, 87, 58, 37, 26, 16, 7, 3, 1, 0
3.500860000000000000e+05, 2163, 1644, 1260, 942, 712, 522, 388, 277, 201, 139, 98, 64, 43, 23, 13, 7, 3, 1, 0
3.500870000000000000e+05, 2163, 1644, 1260, 942, 712, 522, 388, 277, 201, 139, 93, 58, 37, 23, 13, 7, 3, 1, 0
3.500880000000000000e+05, 2133, 1644, 1260, 942, 712, 522, 377, 277, 201, 139, 98, 64, 43, 26, 14, 8, 4, 1, 0
3.500890000000000000e+05, 2163, 1622, 1238, 942, 712, 522, 388, 277, 201, 139, 98, 64, 37, 23, 13, 7, 3, 1, 0
3.500900000000000000e+05, 2163, 1644, 1260, 942, 697, 522, 388, 277, 201, 139, 98, 58, 37, 23, 13, 7, 3, 1, 0
3.500910000000000000e+05, 2133, 1644, 1260, 942, 712, 493, 359, 259, 183, 128, 87, 58, 37, 23, 13, 7, 3, 1, 0
3.500920000000000000e+05, 2163, 1644, 1260, 942, 712, 511, 377, 277, 201, 139, 98, 64, 40, 23, 13, 7, 3, 1, 0
3.500930000000000000e+05, 2133, 1622, 1260, 942, 712, 522, 388, 277, 201, 139, 98, 64, 43, 26, 16, 7, 3, 1, 0
3.500940000000000000e+05, 2163, 1644, 1260, 942, 712, 522, 388, 277, 201, 139, 98, 64, 40, 24, 13, 7, 3, 1, 0
3.500950000000000000e+05, 2163, 1644, 1260, 942, 712, 522, 388, 277, 201, 139, 98, 64, 43, 26, 16, 8, 4, 1, 0
3.500960000000000000e+05, 2163, 1644, 1238, 942, 712, 522, 377, 277, 201, 139, 98, 58, 43, 24, 14, 8, 4, 1, 0
3.500970000000000000e+05, 2163, 1644, 1238, 927, 712, 522, 388, 277, 201, 139, 98, 64, 37, 23, 13, 7, 4, 1, 0
3.500980000000000000e+05, 2163, 1644, 1260, 942, 712, 522, 388, 259, 183, 128, 87, 58, 37, 23, 13, 7, 3, 1, 0
3.500990000000000000e+05, 2163, 1644, 1260, 942, 712, 522, 388, 277, 201, 139, 98, 64, 37, 23, 13, 7, 3, 1, 0
