8.300000000000000000e+05,4.995744089621323436e-02,1.740889889277823510e-01,5.655118714209426134e-01,8.382897711521750672e-01,1.293711691320751367e+00,1.949518251633058030e+00,2.286674449278907062e+00,2.766800664185333325e+00,4.508588432028093784e+00,5.353408319571709484e+00,6.268017332550628318e+00,7.025054094450484676e+00,9.043795045715432579e+00,1.011209603688185510e+01,1.135470368194088309e+01,1.237304097045431739e+01,1.397497266497929935e+01,1.521789836510135707e+01,1.811266624435790362e+01,1.912298617373849297e+01
8.300010000000000000e+05,5.324312677510323333e-03,7.301053748093289109e-02,1.286999986529300255e-01,2.246244621495887550e-01,3.960515702586342446e-01,8.164238476621723528e-01,1.106455055248664943e+00,2.664601325163365786e+00,4.314368392471307878e+00,4.883420447151904931e+00,5.975920325892419172e+00,7.843835329373971099e+00,9.303964269171821400e+00,1.008839617553852364e+01,1.125214567430464463e+01,1.276738077544758632e+01,1.409953407108687529e+01,1.572789096212304116e+01,1.821953523553096588e+01,1.993415873328339671e+01
8.300020000000000000e+05,3.256925114305309066e-02,1.556749979694502795e-01,4.323795155665958179e-01,8.571093770694404590e-01,1.211215199041728585e+00,1.457087336751708095e+00,1.967634063440457659e+00,3.019497289398110240e+00,3.605877431775823538e+00,4.007371390544809842e+00,4.468709326010603000e+00,4.949982079007761548e+00,5.393161828402687874e+00,6.241329469368749550e+00,7.105601322159181166e+00,9.873139428962153019e+00,1.117655991864180365e+01,1.233889139449524386e+01,1.356090748193415330e+01,1.600524672805574156e+01
8.300030000000000000e+05,3.160246762644980389e-02,2.855173824052774645e-01,4.479813903056784063e-01,1.033305603569147468e+00,1.846698812403306356e+00,3.005631387696125589e+00,3.584619131776213052e+00,4.804641571528772914e+00,5.782432246713026025e+00,6.827086595732452245e+00,7.841036041184358929e+00,8.992149044463259244e+00,9.762492288271769070e+00,1.066218000837458035e+01,1.191773245129670933e+01,1.372418731578224893e+01,1.470088686680284340e+01,1.621624189678531636e+01,1.786951556187860035e+01,1.994728871729413555e+01
8.300040000000000000e+05,4.873221884744727284e-02,2.190340246061444063e-01,4.779946787460062074e-01,6.869858523956802188e-01,9.571386015916533152e-01,2.428620599008765701e+00,2.918810350912194096e+00,3.471226909585116260e+00,4.338973600102169925e+00,5.244968875249594653e+00,5.799267580574493763e+00,6.601818679010726498e+00,8.866944041584423175e+00,9.550695288078795642e+00,1.088657360159970722e+01,1.174486546969358436e+01,1.300371441738334610e+01,1.443203851471200672e+01,1.769236727845533963e+01,1.913740589769230382e+01
8.300050000000000000e+05,7.858745263017441474e-04,5.040302780947358841e-03,1.645859546279124785e-01,6.727652790159166507e-01,1.018350068257098950e+00,1.289545342983936083e+00,2.283686307995499210e+00,2.693224755253700309e+00,3.453468718286110573e+00,4.045865471690316184e+00,5.240273168117561831e+00,7.455298430334083015e+00,8.280240085093833358e+00,9.030863191306739424e+00,1.052921775058789322e+01,1.180915582130160502e+01,1.436098769487291626e+01,1.551984966647462549e+01,1.639379743249432764e+01,1.992276969246448104e+01
8.300060000000000000e+05,7.450591997830180446e-02,2.662099839070033447e-01,4.450104749463595910e-01,9.519342366046639192e-01,1.318850940239339575e+00,2.446847058640668315e+00,3.098117168263874177e+00,3.911257120029500989e+00,4.430353328264492241e+00,4.980817996066562614e+00,7.112166387708263926e+00,8.328311864997278491e+00,9.613937931742402299e+00,1.131967565361794215e+01,1.228994592552995968e+01,1.328202061145887747e+01,1.415334048634420938e+01,1.553873305746094324e+01,1.701948659567015554e+01,1.935433822413649096e+01
8.300070000000000000e+05,6.935404689183854998e-03,1.695478133511540975e-02,5.576218199002841436e-01,8.989218026944851836e-01,1.263426108864516451e+00,1.939572838710124314e+00,2.628029100271140006e+00,3.522644052922779601e+00,4.225920368822222883e+00,4.862020790728744046e+00,5.509729384578579747e+00,6.535961382865894009e+00,7.628230266618477806e+00,8.369551181724803612e+00,9.506715904887204971e+00,1.078018667931187480e+01,1.170859059657883705e+01,1.584915726319654361e+01,1.826418587315305686e+01,1.934185915276760426e+01
8.300080000000000000e+05,1.412688593986799468e-02,5.713899799560673287e-02,3.314576610460203687e-01,4.900813048413508177e-01,7.835505814154131166e-01,1.854126853538364594e+00,2.463017941051373505e+00,3.106369119014001257e+00,3.843057022297903913e+00,4.289031840516264182e+00,6.353855182587454742e+00,7.518894063024248453e+00,8.173004841916656105e+00,9.497198950458281885e+00,1.048116973598062351e+01,1.128238496344063968e+01,1.254789390325807652e+01,1.468173533525617280e+01,1.563635950945210062e+01,1.870559855440052743e+01
8.300090000000000000e+05,5.286352163393381876e-02,1.763591050647395075e-01,4.750138223369949619e-01,7.690185628794261596e-01,1.041574037854849255e+00,1.333271053603426015e+00,1.710455328770547956e+00,2.221721349626376352e+00,2.605173614551952177e+00,3.517620702691312218e+00,4.201117663592463636e+00,4.692686849219118272e+00,8.171260504045292805e+00,1.059357930021204020e+01,1.228474880531119595e+01,1.316071103298136791e+01,1.406584702859724878e+01,1.543207896441306204e+01,1.653787968186315283e+01,1.999500333325046242e+01
8.300100000000000000e+05,2.397257912337003027e-02,5.765470057424471051e-02,1.309731455707265901e-01,6.681023555192449059e-01,1.156292760701991718e+00,1.448554214033356935e+00,1.973328261402040429e+00,3.308203597720415168e+00,3.851920830655606309e+00,5.426126897742049593e+00,6.173089993679448995e+00,7.810102022116619302e+00,8.522526019186413393e+00,9.373450397984871785e+00,1.064540221779803986e+01,1.159870966040524642e+01,1.343633602951942407e+01,1.445653655741677568e+01,1.726181084842489355e+01,1.860083807429175096e+01
8.300110000000000000e+05,4.787544034819457561e-02,3.851600824354255437e-01,7.599974188668500164e-01,1.395750602898663484e+00,1.863898144820368863e+00,2.519781894972344283e+00,3.288986640815922957e+00,3.957586889072496561e+00,4.831249674484416445e+00,5.801473045475132650e+00,8.618989303924328382e+00,9.724711971244268227e+00,1.061937748067804499e+01,1.151528086246997873e+01,1.278342985431349810e+01,1.373249838765797115e+01,1.462972791150841090e+01,1.551814997956611997e+01,1.691523995638662115e+01,1.811987810832318502e+01
8.300120000000000000e+05,9.958536015839214439e-02,4.391309021445986005e-01,7.634805272484452843e-01,1.174794381142289623e+00,2.108212569613831633e+00,2.844363144941549848e+00,3.350621192258942393e+00,3.834165498691160856e+00,4.407738683723568585e+00,4.933595443124381141e+00,5.752131566059015988e+00,6.824071050933589788e+00,7.480340714622311538e+00,1.029338687865247159e+01,1.117617253221096618e+01,1.197904641011521498e+01,1.389481861867132118e+01,1.500003908207681036e+01,1.604234682788614208e+01,1.824571042936604570e+01
8.300130000000000000e+05,4.490696901952362374e-03,7.887764080877923689e-02,1.265976150875648409e-01,9.681714366512772507e-01,1.313602948473445053e+00,1.757530779107684182e+00,2.918468485798759282e+00,3.362077153890474790e+00,3.991436294248550176e+00,4.493971573039283740e+00,5.587790328582221022e+00,7.934963321304865147e+00,8.724998346704328611e+00,9.433653217800046065e+00,1.073541172812187305e+01,1.229976750930831919e+01,1.314734599933122361e+01,1.400264624162678473e+01,1.538068575883538358e+01,1.997421710193199829e+01
8.300140000000000000e+05,1.660223815503125699e-03,3.569213192414766311e-03,3.734399757121187324e-02,7.581039731330241338e-02,5.801714827761683679e-01,7.803365381793454514e-01,1.486542314419227795e+00,1.835136590996971684e+00,2.456552589529972686e+00,2.763036538125710706e+00,4.995478375653941150e+00,5.700214253170403644e+00,6.295574765390730576e+00,8.289665539553285001e+00,9.178366054091261717e+00,1.025420708493315303e+01,1.184014702206004088e+01,1.520932884294741605e+01,1.760033244122960738e+01,1.950407149973807819e+01
8.300150000000000000e+05,5.403165180994629058e-02,2.294179425616296175e-01,9.016696478750981791e-01,1.396546614783154006e+00,1.782518296548257108e+00,2.176438966552892929e+00,2.563327113824396708e+00,3.008887665753155360e+00,3.558048050968404041e+00,4.824264404235396597e+00,5.561555970702478646e+00,6.772688641155815148e+00,7.511469983257916816e+00,8.561909246407283902e+00,9.427199033704564357e+00,1.114054841116231565e+01,1.213997717747550809e+01,1.413051694196504826e+01,1.655613084657801082e+01,1.984947438466429048e+01
8.300160000000000000e+05,2.700843033992506026e-02,1.632155276912614639e-01,6.519593055926142799e-01,1.105509385227767538e+00,1.460856890363385618e+00,2.106937208975840914e+00,3.281018345568494254e+00,4.085658394308534724e+00,4.962234154831841160e+00,5.708237454787181697e+00,6.288245901485917777e+00,7.186413280000751413e+00,8.215098539930997035e+00,9.936105866422586530e+00,1.082361120046212122e+01,1.175102808619455885e+01,1.351158194667963208e+01,1.683386964843631617e+01,1.798447848368940782e+01,1.982178848480366540e+01
8.300170000000000000e+05,8.289933282247252677e-03,1.331207521265185267e-01,2.048240805979004708e-01,3.981227133761962023e-01,5.589979625350893766e-01,8.631770696617053762e-01,2.809554175236868012e+00,3.792339867450125190e+00,5.056628593283850392e+00,5.651824386321008475e+00,6.433578723213571493e+00,7.086581216106628389e+00,8.080828692498634780e+00,8.746608397089557840e+00,9.376020752993841967e+00,1.010164485914010690e+01,1.081595855187521771e+01,1.221836508334918037e+01,1.635784515033207853e+01,1.966152236669180908e+01
8.300180000000000000e+05,5.261770139703858540e-03,1.577493729451995286e-02,9.085382434969924148e-02,3.372469283155838937e-01,1.252597484226682933e+00,1.814944521457935611e+00,2.347005717710729300e+00,2.721809465233248737e+00,3.111816238930237954e+00,4.341518924444553562e+00,6.645623282241916563e+00,7.660873156101713377e+00,9.358999348633391335e+00,1.032424897500863992e+01,1.145918859101217002e+01,1.227830575727846174e+01,1.473383233943927273e+01,1.564217028552858402e+01,1.675196279611802908e+01,1.920421308958441031e+01
8.300190000000000000e+05,1.639302296153800631e-01,3.608212044279315300e-01,5.770940787129277272e-01,1.151554342035758793e+00,1.461469212118414740e+00,1.826783130495597929e+00,3.640035661002407164e+00,4.628130800812088275e+00,5.508829717795780567e+00,7.138415057902797400e+00,8.250139689408889865e+00,1.041448314585910140e+01,1.128274111294689419e+01,1.227253937273336604e+01,1.345580697985448282e+01,1.446938471884943311e+01,1.561890680198285608e+01,1.654673130788830093e+01,1.766395630023820829e+01,1.908414508868024484e+01
8.300200000000000000e+05,7.597973660935619655e-02,2.508109402624987272e-01,7.623600331503478378e-01,1.083676035818345706e+00,1.709281942595610726e+00,2.394297033400635044e+00,2.800729661136291071e+00,3.394082748988772380e+00,4.151219976232931153e+00,5.320913504953229456e+00,6.233611606478235423e+00,8.211802340446055837e+00,1.050585528881560471e+01,1.133728492208092575e+01,1.235787625239533227e+01,1.393984655338370970e+01,1.489567731227600511e+01,1.582094342016043420e+01,1.712236724916468589e+01,1.966915470251838016e+01
8.300210000000000000e+05,1.108768154600864309e-01,4.317073814174783308e-01,8.381069829412818306e-01,1.217559520405170126e+00,1.598638484885516853e+00,2.022881592861860867e+00,2.745553879199868597e+00,3.164211615094149721e+00,3.733677631597212887e+00,4.993259047676317230e+00,5.939096362373313731e+00,8.155792787835345337e+00,9.517208086508862408e+00,1.040676252537096502e+01,1.247379037676215319e+01,1.363977289275684157e+01,1.456934208477958315e+01,1.556224054211196517e+01,1.715881422083519325e+01,1.842499093526645382e+01
8.300220000000000000e+05,3.836786387931456765e-02,1.791501594583373436e-01,4.518698857129758162e-01,1.234930678206402455e+00,1.681162490035810197e+00,2.203588512618580353e+00,2.586994755359599552e+00,2.976640028130296045e+00,4.298586215426981383e+00,5.197023415829158388e+00,5.825975247567621196e+00,6.954360218203328614e+00,7.582813281935981919e+00,1.002118663873821980e+01,1.118467290638423961e+01,1.227567524667779608e+01,1.318807632172952715e+01,1.525724583558572434e+01,1.837882586273088137e+01,1.963583724686496623e+01
8.300230000000000000e+05,3.289864938392006444e-03,6.626071025334345777e-02,2.360902066651965336e-01,5.984957866402762505e-01,9.951765404788343039e-01,1.581630559736965314e+00,2.301900340816485091e+00,2.651966389651302158e+00,3.033867260317672176e+00,3.709865736052248231e+00,4.313867327862836554e+00,4.718898092643406983e+00,5.597451502667887269e+00,6.288242186111535403e+00,6.742870014329186645e+00,1.206502995970130243e+01,1.305044179779723201e+01,1.596436210395558675e+01,1.686456673241205451e+01,1.932357542102627335e+01
8.300240000000000000e+05,7.166937362705905201e-02,2.435752417097611922e-01,4.905520847562412357e-01,8.035177340358425901e-01,1.219910947914752963e+00,2.098060794770826298e+00,2.529872820187254234e+00,3.150903472733012300e+00,4.596346938216017364e+00,5.389656966494207779e+00,6.184604402299613390e+00,6.867892829893008866e+00,8.353665490078402200e+00,9.334244737374298495e+00,1.055633553863209251e+01,1.133009330698579831e+01,1.316433457911333882e+01,1.398919576029827105e+01,1.683197294992117676e+01,1.799718654509675630e+01
8.300250000000000000e+05,5.444949250280384234e-02,1.955953058487731600e-01,3.266435798773055232e-01,7.473428799424524094e-01,9.366853304406219660e-01,1.453474726845369380e+00,1.952286072350947199e+00,2.232203929892691896e+00,5.247960490186549976e+00,5.969422540690207057e+00,6.729290882647959826e+00,8.270238847255575010e+00,9.210555686845072643e+00,1.050897247013937807e+01,1.163250467702222224e+01,1.256336439839776808e+01,1.401980031112607605e+01,1.519272546025701587e+01,1.629265601412288333e+01,1.798552174665181980e+01
8.300260000000000000e+05,1.760754716939838538e-02,4.030714265648538408e-02,1.355165598968971485e-01,7.545786470740178942e-01,1.086490684143058827e+00,1.581367629915610751e+00,1.959789928851286334e+00,2.424197033871336338e+00,2.770695959993240809e+00,3.217740979558654235e+00,4.140593659935160709e+00,4.670426265795718734e+00,6.878391112776988336e+00,7.540203204746366517e+00,8.118076457677505076e+00,9.724226942669561780e+00,1.186180542401243976e+01,1.357440968921340385e+01,1.573442617241081543e+01,1.855033232172737101e+01
8.300270000000000000e+05,5.935101704819845114e-02,2.084418613444758428e-01,4.405248447826149993e-01,7.284268018531974143e-01,1.321375678496328643e+00,1.905877339473454057e+00,2.332670688404403503e+00,2.915172039413993055e+00,3.348048106267837110e+00,4.015318681284449021e+00,4.440972840992802873e+00,5.375465508998458652e+00,6.913485590243586998e+00,7.720844842258427043e+00,1.034528614224144683e+01,1.131086970836397754e+01,1.247883615606028052e+01,1.480392481679179006e+01,1.752965952708479591e+01,1.997656233407372994e+01
8.300280000000000000e+05,1.240778749598279163e-01,4.027662506104632278e-01,6.611040906759461100e-01,1.570681492121641654e+00,2.237724743691408946e+00,2.814639581061920914e+00,3.307336335123472359e+00,3.934852334282253672e+00,5.121334152166025611e+00,6.216690434216999961e+00,7.042800600019762491e+00,7.852725695997603950e+00,8.811413189253133993e+00,1.028941858277802268e+01,1.306853168609339733e+01,1.396335588903067304e+01,1.596147127105705721e+01,1.697244341985032889e+01,1.810393148508600447e+01,1.948294875492764788e+01
8.300290000000000000e+05,3.155157556827969945e-02,1.911943080706708376e-01,8.473272844575022722e-01,1.232866394320585979e+00,1.822112808445439658e+00,2.314042743504615807e+00,2.809886505828765202e+00,3.567891456475035028e+00,4.028412219134385630e+00,4.645163564267261513e+00,6.384468889794512769e+00,8.852252105002428095e+00,9.795937925533397816e+00,1.108551128032723376e+01,1.212573043720532695e+01,1.552247714494057362e+01,1.656990792729114403e+01,1.779512405258696006e+01,1.879244935026037666e+01,1.999446893174574313e+01
8.300300000000000000e+05,1.568236123541622007e-03,1.788406352028362178e-01,3.183771300971593998e-01,4.606154463869933657e-01,9.253378041767962303e-01,1.505961113112969540e+00,1.894191718848888151e+00,2.222848200441977617e+00,4.537211087917870422e+00,5.209535128429751971e+00,6.056759403167637501e+00,6.662905048286843268e+00,8.040386145838731125e+00,8.976168784643112630e+00,9.619584127432048604e+00,1.089422547500460148e+01,1.249530244256769684e+01,1.428350658332827194e+01,1.728968292135581919e+01,1.852378594743639439e+01
8.300310000000000000e+05,9.468921010513442482e-03,2.429929468809020054e-01,5.062543797299632331e-01,6.903675811831635478e-01,1.231513482164815487e+00,1.489021995613704297e+00,2.053073161885222486e+00,2.778803758424762016e+00,3.525365431362317725e+00,4.448036829250733071e+00,5.646538597224596501e+00,6.517011375217981239e+00,7.078107861193109862e+00,8.898152611290512937e+00,1.028731373201137700e+01,1.323178043484687905e+01,1.407877246108064639e+01,1.539660656700353414e+01,1.631747598353936368e+01,1.768732657310695089e+01
8.300320000000000000e+05,3.967050914836178777e-03,4.324555285515110370e-01,6.531499574170588351e-01,1.124327547629452972e+00,2.544477259648134204e+00,3.610747601035335208e+00,4.261648984491377412e+00,5.169088610364270586e+00,6.124927356932715838e+00,6.846496662125442612e+00,8.645536597627080155e+00,9.598364047740872707e+00,1.119595555601004122e+01,1.225813230382459196e+01,1.324994219287316000e+01,1.438233944120193364e+01,1.530214976988423281e+01,1.647975877661570010e+01,1.739732751293178836e+01,1.909688606791754850e+01
8.300330000000000000e+05,1.727031595940775599e-02,4.770437885035527792e-02,1.259860715533597242e-01,1.732911953269908878e-01,8.986408343182933356e-01,1.102401623977052658e+00,1.687565834202142234e+00,3.011322393310399193e+00,4.259846111805023483e+00,5.033189551399164685e+00,5.642164348808360153e+00,6.761655861797429168e+00,8.187727046387259122e+00,9.006046872449536167e+00,1.009998941982491694e+01,1.240326088951845307e+01,1.348934302991409773e+01,1.548307705565079218e+01,1.675561156941333962e+01,1.990022535043279817e+01
8.300340000000000000e+05,5.050847704326422161e-02,4.165730346521365757e-01,7.056957350628820791e-01,1.125336626451436839e+00,1.603634842611620481e+00,2.023722334770174491e+00,2.460685768897158621e+00,2.982658080980042925e+00,4.368543638867447676e+00,5.489008732409057956e+00,6.395443825177876462e+00,7.827100892742898886e+00,8.857770424210542615e+00,9.789624525719082371e+00,1.110015609291419203e+01,1.235758015343712302e+01,1.511637948722588831e+01,1.617375932198766009e+01,1.775591902067098005e+01,1.998441487154431684e+01
8.300350000000000000e+05,5.353680179610087464e-02,4.205494965339493518e-01,9.786360164379098725e-01,1.410706551147680177e+00,1.899227285427455669e+00,2.400258998146862943e+00,3.057890420242520779e+00,3.498929148946811729e+00,5.492893016216257251e+00,6.496697707017185408e+00,7.209040681773746684e+00,8.040220474058340727e+00,9.055459553979661180e+00,1.078862542076588049e+01,1.175591268416745017e+01,1.287649967098308501e+01,1.437047441442756934e+01,1.713823885692370297e+01,1.871891520995970382e+01,1.992170703400169529e+01
8.300360000000000000e+05,4.514048515385016280e-02,2.293683904011478703e-01,4.367170893685831112e-01,6.809069503457481076e-01,1.121571274396497397e+00,1.447113113735912338e+00,2.718028474932811633e+00,3.289219952927340707e+00,3.904570228940190901e+00,4.746153095680035960e+00,6.638547678639724836e+00,8.559283348875560193e+00,9.383798380472638812e+00,1.061429566901469812e+01,1.175915464754378448e+01,1.383199122134807268e+01,1.470635921898075438e+01,1.573934537438754866e+01,1.711209680415015555e+01,1.917299894309473629e+01
8.300370000000000000e+05,1.942693716858767683e-02,2.846123661586807962e-01,7.064806326875047171e-01,1.253669620774611637e+00,1.629858186063313230e+00,2.191550575552635660e+00,2.908627719730139560e+00,3.504282520586941452e+00,4.651768690217575219e+00,5.530524915873699321e+00,6.535598182488662644e+00,7.238035957303200263e+00,8.035365217120185477e+00,8.799498042655892860e+00,1.098751392213170064e+01,1.175613274732627289e+01,1.268766043809705124e+01,1.450271011502839080e+01,1.562389575232296046e+01,1.751632558588919863e+01
8.300380000000000000e+05,1.907239355708756356e-02,1.742424034011729184e-01,3.329443131745677409e-01,5.379145304662134031e-01,7.744595986294883216e-01,9.329790406279712123e-01,1.143292231534339454e+00,2.615090836956984077e+00,3.151209758844452313e+00,4.288326685722871012e+00,4.736303802069672386e+00,6.093404169345731702e+00,7.002195824939124513e+00,8.564177161008100114e+00,9.772109812049157185e+00,1.055282025462083340e+01,1.356910566484735803e+01,1.536849190130868514e+01,1.686692966482010192e+01,1.954516463045332841e+01
8.300390000000000000e+05,1.061530944211042105e-02,2.068309822127818443e-01,4.508765154991140056e-01,6.104862482343311747e-01,1.406874059799394505e+00,1.850297563283395563e+00,2.265408976205053104e+00,2.838961825003341488e+00,3.388898882276874858e+00,4.938824477343563224e+00,5.449691577423431355e+00,6.372326897441658033e+00,6.971157539954072391e+00,1.091403607564373957e+01,1.189876205637066597e+01,1.292874193199976851e+01,1.411481080869544336e+01,1.646358663418072155e+01,1.758001070553737222e+01,1.921692977756630327e+01
8.300400000000000000e+05,1.094139929904902608e-02,1.823546916698315368e-01,3.341481842525777513e-01,9.759926361263890904e-01,1.318186848315276549e+00,1.796529344705966480e+00,2.635240280473968966e+00,3.082289980483071901e+00,5.123882453885680199e+00,5.985940912238168821e+00,7.257132069647232342e+00,8.042748713068700539e+00,9.043362235225380630e+00,1.076790981321691731e+01,1.211378001346822764e+01,1.338247526231820927e+01,1.443024651855006546e+01,1.609228964225983916e+01,1.802276867770917690e+01,1.967247196260185405e+01
8.300410000000000000e+05,2.335813017649512879e-03,1.493614166079644257e-01,3.974240457350476374e-01,6.085063103567414089e-01,9.845170029796035394e-01,1.384471442059109325e+00,1.907679472454467895e+00,2.583866789811972708e+00,3.024482418957630259e+00,4.516065412481701458e+00,5.332441644661536806e+00,5.924586265787500139e+00,6.465520251750102254e+00,7.017564056331176303e+00,8.549993328019514394e+00,1.125899567830560244e+01,1.522039651816153771e+01,1.731791729173295380e+01,1.853189756688282586e+01,1.980722885453403848e+01
8.300420000000000000e+05,1.508060652635057064e-02,1.053072594591053512e-01,2.532407090586025200e-01,4.538332136665950145e-01,8.135224755594189228e-01,1.100473928540971036e+00,1.417134725192277678e+00,1.755985060654896124e+00,2.213801503444882357e+00,3.093617398221092607e+00,3.462565102494768787e+00,4.568044371746744048e+00,5.308696863917273134e+00,6.121555970804113400e+00,7.388208216036950660e+00,9.511463410176270727e+00,1.011719026039962799e+01,1.235355145622206052e+01,1.636985020515008671e+01,1.756127375048322037e+01
8.300430000000000000e+05,1.064417205207190964e-02,2.646918330779390871e-02,4.559067687250292211e-01,1.110752101366243139e+00,1.527543085041072501e+00,1.841312155670535855e+00,2.692523468981778301e+00,3.078504670561503787e+00,4.273912843889077884e+00,4.876289775009748695e+00,5.849487685918645319e+00,6.694036430592694487e+00,7.280546845728949279e+00,8.754379592709161884e+00,1.099000653475384404e+01,1.197162295965258316e+01,1.277626490739031340e+01,1.510339374809915114e+01,1.738859354137716196e+01,1.842719840195431402e+01
8.300440000000000000e+05,2.077167312974315116e-02,2.530605522695690279e-01,3.967889948270979517e-01,7.250486080528659727e-01,1.565797105885481377e+00,2.200953380741403009e+00,2.580414217722394099e+00,4.130101340240749153e+00,4.993736590854908286e+00,5.672875774683687311e+00,8.227396200467138598e+00,9.365718207118829852e+00,1.049109999455666653e+01,1.130071576363632779e+01,1.232258722346985103e+01,1.338151483208327086e+01,1.478559987617859228e+01,1.593378112052402074e+01,1.863959816577313688e+01,1.984356322995935429e+01
8.300450000000000000e+05,3.644871056658560704e-02,1.801715877178096115e-01,3.309817488147543951e-01,6.032802588948356082e-01,9.090354489420626738e-01,1.281295776953959242e+00,1.731603269625717978e+00,2.093229683628165638e+00,2.831816453359535579e+00,4.099657847813884537e+00,4.739411024186566124e+00,5.432268197848937774e+00,7.424237751103656358e+00,8.558366708514455468e+00,1.016105074991802226e+01,1.221181956389841794e+01,1.448116558901325313e+01,1.615701360967695521e+01,1.726964139494150530e+01,1.936770519109543542e+01
8.300460000000000000e+05,6.989684761608216945e-03,2.245139343809590127e-01,6.247818749518291304e-01,1.192522965452004424e+00,1.907102029050795178e+00,2.384892887310681608e+00,2.955632059277854218e+00,3.581175236952788943e+00,4.821050914204790594e+00,6.536088349531963715e+00,7.553949453672711201e+00,8.591918960658926352e+00,9.613180891638979375e+00,1.097663156181124222e+01,1.189345302769593538e+01,1.284249457652231996e+01,1.447173442882069061e+01,1.575405010751495638e+01,1.813969528166616740e+01,1.986560818982173160e+01
8.300470000000000000e+05,5.235916008796182020e-02,3.154729705844572241e-01,5.432564738623959499e-01,7.347079548642132529e-01,9.929286456747959955e-01,1.366744612016802751e+00,2.125685738106390055e+00,2.444213983521218658e+00,3.178975603754806922e+00,3.718764045271295338e+00,4.779829886492258595e+00,5.300083086863836002e+00,7.228238992964412191e+00,8.474983734870630059e+00,1.074445312123818752e+01,1.160956533454260153e+01,1.287132622447398944e+01,1.429467563173230715e+01,1.684620699407485134e+01,1.806187183138864683e+01
8.300480000000000000e+05,7.056794630493357090e-03,2.229485364284671256e-01,5.863782504239039017e-01,1.134270862369025856e+00,1.480495428448710404e+00,2.122815438766637808e+00,2.662819194987273708e+00,3.184131968681374047e+00,3.683414987297401133e+00,5.090202253303309554e+00,6.041539491462495803e+00,6.724807479552461942e+00,8.355281461862105630e+00,9.404068528452215858e+00,1.203140173810134073e+01,1.317139167171981740e+01,1.445970389328471128e+01,1.574368320718719438e+01,1.838430257149417102e+01,1.956907969059215802e+01
8.300490000000000000e+05,1.614300403816461005e-01,3.496038493057636032e-01,5.497631838256729075e-01,7.884604135770505451e-01,1.037322397222702364e+00,1.774112221460395489e+00,2.180132517886927968e+00,2.698979488407827532e+00,3.304820959790178314e+00,3.804498637839794917e+00,4.560406743727440926e+00,6.007322958524830447e+00,8.558028744768819251e+00,9.517156160060912029e+00,1.032760782195945204e+01,1.212642577799737431e+01,1.302531724577514005e+01,1.562956100773965673e+01,1.656340537389189649e+01,1.973232840808848110e+01
8.300500000000000000e+05,1.070414698846419155e-01,2.379882128739185809e-01,3.586626436667443851e-01,5.290163172791979562e-01,7.298350397124425681e-01,1.189311296305435972e+00,1.444532645766350321e+00,1.827620090625292626e+00,3.035509057908149622e+00,3.399867304314951877e+00,3.773002040021764092e+00,4.119788709248522807e+00,6.467527694942563521e+00,8.163224830928280440e+00,9.269300874787253619e+00,1.062228071538468299e+01,1.136146459456447744e+01,1.234415671669159131e+01,1.669915665224435841e+01,1.799886900002440981e+01
8.300510000000000000e+05,7.790974128295102830e-03,4.220139662420208104e-02,3.715934220592216342e-01,8.105227167678652478e-01,1.148074928971224429e+00,1.391282932777130998e+00,1.732024662517962055e+00,2.557488276582703612e+00,2.884764656257250426e+00,3.759376526906446081e+00,5.617206717631836099e+00,7.163068291370116469e+00,8.956721823552012296e+00,1.072736376347806875e+01,1.213892994155046878e+01,1.298763082917445466e+01,1.402860783450826787e+01,1.572024431337258932e+01,1.696206182814110619e+01,1.979076927311315970e+01
8.300520000000000000e+05,5.464451281215476630e-02,2.673346037664767749e-01,5.247395009340348748e-01,7.589799259382763452e-01,1.363012508556635805e+00,1.701600216758800688e+00,2.203398848382945197e+00,2.767414506690274223e+00,3.490583266383202599e+00,3.897440500522492357e+00,4.586154937016126532e+00,5.187794350101536445e+00,7.511197057827732060e+00,8.656092588538840005e+00,1.007607797463394661e+01,1.130657594188439674e+01,1.550660799141961199e+01,1.649367488160379480e+01,1.829582366885998468e+01,1.998308351591524001e+01
8.300530000000000000e+05,4.191418241653444010e-02,2.314821722753346300e-01,4.353662256086130444e-01,8.114460974993296105e-01,1.086356536511745130e+00,1.492318072392773143e+00,2.718556856118759857e+00,3.425425190803654374e+00,4.874231117281388137e+00,5.580261821269948186e+00,6.285031180965006570e+00,6.967358482379835571e+00,9.472730895572851750e+00,1.042988490749236696e+01,1.158612617583972693e+01,1.245435705177164465e+01,1.333853381316816211e+01,1.489002923673422707e+01,1.726701621572707523e+01,1.876714023143843235e+01
8.300540000000000000e+05,1.355025083163490240e-01,4.916087755196334452e-01,7.490930882021387127e-01,1.091261873317836528e+00,1.610814371247970556e+00,2.036731081292577183e+00,2.476258689098467691e+00,2.954909768249431856e+00,3.493054261854926956e+00,4.873195197724421668e+00,6.790147484779483378e+00,7.456183471927406714e+00,8.185531276878309725e+00,9.098321070107230568e+00,9.842033313820207852e+00,1.228096330788331159e+01,1.364521795320101738e+01,1.557300769753763880e+01,1.721613684455662963e+01,1.957075134322284171e+01
8.300550000000000000e+05,5.952956205645731913e-03,1.366328254092714634e-01,2.202538928780386485e-01,4.130173992078347567e-01,5.388268010608016079e-01,9.273127545375345893e-01,1.349586061629714395e+00,1.797924933841849260e+00,2.351272353689763062e+00,2.665692647216783229e+00,3.251291559049270141e+00,4.785800333803795326e+00,5.317467079053890266e+00,5.804433078980415495e+00,7.170401907278912468e+00,9.495869821984856074e+00,1.210166805269097701e+01,1.639385079870365303e+01,1.777941055420327743e+01,1.882026017508728799e+01
8.300560000000000000e+05,1.239436812148819733e-02,1.738840734833324575e-01,2.634822135636355478e-01,1.322289803536988995e+00,1.693368487448341675e+00,2.239229576827295176e+00,2.653271038987118580e+00,3.108442271210065222e+00,3.556349738913841207e+00,6.200187508121953961e+00,7.171621250313425122e+00,8.349501290045846957e+00,9.810280593474066890e+00,1.075784531994121984e+01,1.213582236369842171e+01,1.310492728147144703e+01,1.537232728007112570e+01,1.656364285486351307e+01,1.774550279017894283e+01,1.960355737155721201e+01
8.300570000000000000e+05,3.623347977174806722e-02,1.918440246622394874e-01,3.240990786223937326e-01,1.167393196258305288e+00,2.390672585644960435e+00,2.883481803395761212e+00,3.573849923482619761e+00,4.085909990590735674e+00,4.902466457528263710e+00,5.768777776034116123e+00,6.532141100089285501e+00,8.660855364846700155e+00,9.425254449229852227e+00,1.057332676352384482e+01,1.200163034649814442e+01,1.282950695338207225e+01,1.548662656307106289e+01,1.644878372510325804e+01,1.779869451730409224e+01,1.880030263370282739e+01
8.300580000000000000e+05,3.319238332389584656e-02,8.349145246148337307e-02,3.069359692057397337e-01,4.473254382297668919e-01,5.668862829804321990e-01,7.494750787286987848e-01,9.103519459564382021e-01,1.171769909465337989e+00,1.860683633568884332e+00,3.118839244067729055e+00,4.608314463298472496e+00,5.340948741693873458e+00,7.026067806179178810e+00,7.611832603059672131e+00,8.174786448021762908e+00,1.056622219660713569e+01,1.306718189923872764e+01,1.563376075765968132e+01,1.697802183899026218e+01,1.900546864492194388e+01
8.300590000000000000e+05,2.671474071598800570e-02,8.094224188934484587e-02,1.781947597585525900e-01,3.053885682185781825e-01,3.837990863406898212e-01,4.827606105406119230e-01,9.319233119886486394e-01,1.100487597263375861e+00,1.482809146330542838e+00,4.453297991880255324e+00,5.539710355249207296e+00,6.642915449307162490e+00,9.562819292103007740e+00,1.109054190149993246e+01,1.206175694220001482e+01,1.350197043072384240e+01,1.469593151330600556e+01,1.616289297319264406e+01,1.767828339923456582e+01,1.928699796473933148e+01
8.300600000000000000e+05,2.558204114278517238e-02,2.683730035989699836e-01,7.281487957297362312e-01,1.057979434455255774e+00,2.068598412763271721e+00,2.568363558263784263e+00,3.136486685915735428e+00,3.596554707693294439e+00,4.581700403974767966e+00,5.329911553300156868e+00,6.348380040014533598e+00,7.303789320070340985e+00,7.953964789880096475e+00,8.994611540232737568e+00,1.155890649749593813e+01,1.278868651374524212e+01,1.493091684647491313e+01,1.663590981518156653e+01,1.787934623489224251e+01,1.888166424011503253e+01
8.300610000000000000e+05,7.226216761765047458e-03,1.131188942239989004e-01,2.375736343252057292e-01,5.895918437984457583e-01,1.366319952535195004e+00,1.707697204413434866e+00,2.099056569921713855e+00,3.072768601212636952e+00,3.579696276453478099e+00,4.472281195459121506e+00,6.301556758774466971e+00,7.330747235451224419e+00,8.717087482409793253e+00,9.394935516096305506e+00,1.065278466617465725e+01,1.141299479049221155e+01,1.391140372934938441e+01,1.570310697605878758e+01,1.691692602238481058e+01,1.992111153686150615e+01
8.300620000000000000e+05,4.001437856809930693e-02,1.230096924112371592e-01,3.457897653837956886e-01,7.027842766002794228e-01,1.052681373349089178e+00,1.631513689485126317e+00,2.491748135681069343e+00,3.310967309816025050e+00,4.098129961353765616e+00,4.624114932164226310e+00,5.370231244160036610e+00,6.080888508250650304e+00,6.596892139921957998e+00,7.419352412181647871e+00,8.451439326190090640e+00,1.098776239817149580e+01,1.459966507650845458e+01,1.733362975307027654e+01,1.846881089902051443e+01,1.974554331714417899e+01
8.300630000000000000e+05,2.793764425088407499e-02,1.659590105222816803e-01,4.542806216608222813e-01,1.085717011268237275e+00,1.411621873814765227e+00,1.808774084417246852e+00,3.086793991418485206e+00,4.485744342893720926e+00,5.276681805565988981e+00,5.873754273555961802e+00,6.631217865569039027e+00,8.330118436343882493e+00,9.039355760048236377e+00,1.030921705278673173e+01,1.110765573497599590e+01,1.251311576299000272e+01,1.443614541764420345e+01,1.595143969041878051e+01,1.714047105556065986e+01,1.856968031150455545e+01
8.300640000000000000e+05,8.809764866857494603e-02,1.777924471166549836e-01,7.911568178897732118e-01,1.262439086320634285e+00,2.123294595813988828e+00,3.032988874144579405e+00,3.910532922414506452e+00,4.472150568274193994e+00,5.250772710015795930e+00,5.865304282991960605e+00,6.741232072486726068e+00,7.608421151844144248e+00,9.336558634917979660e+00,1.064481737549143503e+01,1.261371116487628896e+01,1.356464274806522674e+01,1.560636813593077044e+01,1.678393439106671536e+01,1.803093979661444735e+01,1.900226771322981634e+01
8.300650000000000000e+05,7.090602179320337761e-03,6.175632123743857171e-02,1.424231597808370831e-01,2.790987389515593442e-01,9.178223830890930302e-01,1.491531343169575363e+00,2.092947532333422345e+00,2.440794539604755897e+00,2.884333176676312060e+00,3.247079046055088014e+00,3.710280296287250756e+00,5.918628036869126419e+00,6.448951340214910566e+00,7.321238780757694187e+00,8.059549205222499069e+00,9.299915213830157512e+00,1.117821654850275159e+01,1.525315353362351267e+01,1.775934718413913416e+01,1.893793280718224636e+01
8.300660000000000000e+05,1.015044675883924885e-02,3.120569102583081733e-01,1.293011779384630522e+00,1.783611709590737338e+00,2.287479249661184433e+00,3.509303533428404620e+00,4.194940572981584737e+00,5.153524290564911681e+00,5.965416634275035435e+00,6.725077468263086722e+00,8.114941283792310500e+00,9.159177301501618018e+00,1.092217595854122969e+01,1.200822126239043897e+01,1.288982223775727931e+01,1.401097054223687444e+01,1.538521436521355135e+01,1.694367554039718016e+01,1.880063772689269896e+01,1.993009530801802853e+01
8.300670000000000000e+05,6.707966932877340582e-04,8.435964671422735428e-02,2.676231940114569552e-01,5.782401233034963894e-01,9.505602871617108152e-01,1.259319657137947246e+00,1.926359009864231808e+00,2.955992166075697369e+00,3.669149488782158741e+00,4.755121478041163030e+00,5.653492275867533223e+00,7.838711159496607905e+00,8.909503100810464815e+00,9.788236616436410742e+00,1.072820095890965142e+01,1.332229794856644922e+01,1.419803401554618993e+01,1.576653533628435966e+01,1.731168451564770194e+01,1.910816860286917418e+01
8.300680000000000000e+05,6.503950649299072850e-02,1.925645944064444670e-01,7.422822773864431456e-01,1.246057587690089896e+00,1.930376090163119063e+00,2.318954156719432724e+00,2.869456285931496708e+00,3.371091961957704441e+00,4.635114989494880433e+00,5.426725861818955998e+00,6.911856559567597813e+00,7.715290819947867362e+00,9.081187817073036683e+00,9.874972427932318553e+00,1.070486891234440918e+01,1.219429285810647379e+01,1.343976346164076574e+01,1.547496966270527885e+01,1.743541056657776878e+01,1.974537482508506159e+01
8.300690000000000000e+05,2.131961250711544853e-02,2.073081820944575604e-01,3.393479581034584136e-01,6.303736911796540276e-01,1.166007225421310967e+00,1.544836884535448984e+00,2.191893625060709283e+00,2.624321419792228660e+00,3.015941293417003344e+00,4.042158211078597851e+00,4.615769830907780147e+00,5.788057606351373785e+00,7.154085169795043164e+00,8.874871925650072768e+00,1.006968754870530525e+01,1.099484657218419770e+01,1.265906353174395171e+01,1.457570792242456470e+01,1.583083154010260429e+01,1.793014219214428806e+01
8.300700000000000000e+05,1.475873343267031235e-02,1.484078693223023215e-01,4.122209683140796166e-01,6.318007314161846466e-01,9.628001953547826730e-01,1.500166370836714558e+00,1.815683241761769207e+00,2.314655582760702934e+00,2.882519861194563049e+00,3.541597499806248273e+00,4.129086225025783818e+00,5.705655912317467049e+00,6.183290670092351782e+00,7.261416268645294103e+00,9.241194179466972969e+00,1.018932762103065670e+01,1.113279394624088958e+01,1.208424487430108307e+01,1.412314232483495147e+01,1.883623263874915921e+01
8.300710000000000000e+05,4.810385225585522839e-03,2.469947358658783898e-01,3.758160090883985172e-01,5.278319189958602387e-01,9.777786765400559021e-01,1.173546058448612373e+00,1.932997154266260065e+00,2.623975051635254019e+00,3.162320735320204079e+00,4.294075865993555396e+00,5.147736275568076003e+00,6.483019351429563315e+00,8.430884096087877921e+00,1.084117037021430008e+01,1.165483972973720306e+01,1.260850476754524152e+01,1.466999567009377792e+01,1.554932891362039626e+01,1.782751298386725125e+01,1.893556060310462996e+01
8.300720000000000000e+05,3.449665746403696165e-02,7.642259476230561788e-02,3.015850802306860867e-01,5.445376636182213126e-01,8.597259207777058210e-01,1.231658035808435914e+00,1.466988702557095570e+00,1.883794050238563500e+00,4.236598160412626157e+00,5.527672195268533706e+00,6.550615074979854846e+00,8.097489726013449740e+00,8.851728042620086612e+00,9.712239756332468943e+00,1.181053414012890279e+01,1.269052861377735297e+01,1.416367083056874421e+01,1.587817824926718835e+01,1.710377424356442333e+01,1.843101487466014632e+01
8.300730000000000000e+05,2.591740311355894555e-02,7.433059763918148377e-02,1.544939151130230170e-01,9.319731086523401764e-01,1.363697641956197470e+00,1.911755910148550841e+00,2.850906683042539580e+00,3.613915190603510297e+00,4.437071470358978864e+00,4.989208946549032575e+00,5.987138483358457108e+00,7.677663749941196158e+00,8.453738854541203551e+00,9.560196422542723838e+00,1.069822004119045822e+01,1.255931882486996187e+01,1.454009512513778368e+01,1.593144847678640907e+01,1.814251498952176078e+01,1.963561362642563068e+01
8.300740000000000000e+05,7.933219818159398251e-02,2.312283057484316728e-01,5.975054859861571588e-01,8.562709240824695200e-01,1.513174562883898400e+00,1.993428201653685283e+00,2.683006657642714288e+00,3.260584344059087591e+00,4.096764001822818635e+00,5.147713100360150840e+00,6.531435639790329262e+00,7.448105422804979447e+00,8.178922942129531748e+00,9.591868786967129523e+00,1.152636973367162909e+01,1.334058072660542038e+01,1.448697875243674460e+01,1.624525432913455703e+01,1.803005491975502750e+01,1.932097154983654974e+01
8.300750000000000000e+05,9.705283900265382346e-02,3.212692142696425002e-01,7.535061270620596607e-01,1.158732312325886138e+00,1.795772912716900205e+00,2.177665411838782816e+00,2.748346449989463203e+00,3.175987782113197433e+00,4.164538344521568902e+00,5.228995100153625231e+00,5.835683769834155044e+00,6.529629476825330237e+00,8.579767741661472158e+00,9.258076855841059327e+00,1.111590736089163123e+01,1.269552916018004218e+01,1.444501707716422345e+01,1.546380503212846946e+01,1.746364148480079592e+01,1.915982439099609991e+01
8.300760000000000000e+05,5.537304130890652321e-02,1.792288843516935959e-01,3.181868169968837812e-01,4.251353898519587560e-01,6.591451382527974134e-01,1.023926530862156348e+00,1.599435025333900029e+00,2.637376030986994913e+00,3.740755309756821134e+00,4.262698480504316656e+00,4.707563141155133302e+00,5.248925832043132012e+00,5.706876525814466916e+00,6.436712134426946008e+00,7.498782538682846166e+00,8.778481172385392384e+00,9.808974959809331651e+00,1.301764846360308425e+01,1.381047596069268479e+01,1.763696762370147297e+01
8.300770000000000000e+05,2.739424847070459634e-02,4.231479280750420902e-01,7.278329220622704598e-01,9.712663402585937078e-01,1.403734145825824564e+00,1.977511760078003444e+00,2.351043864579320353e+00,2.886635071471831182e+00,3.410160912429321733e+00,3.863406013730520172e+00,4.364335169045628682e+00,6.344111272159456583e+00,7.197488187552049332e+00,7.996045342123876409e+00,8.764566987629326178e+00,9.964737734530425328e+00,1.064814338299013841e+01,1.229536070091793221e+01,1.377339396406118510e+01,1.497755581781464329e+01
8.300780000000000000e+05,2.751271291321744084e-02,1.880712260786596701e-01,3.400783526127341139e-01,5.963031314247024817e-01,7.912956328032177966e-01,9.964759057133243392e-01,1.469170660956155672e+00,1.827229689873143492e+00,3.078242477832192847e+00,4.428427924752975642e+00,5.179892420806174513e+00,6.781872493974985261e+00,7.634254168362343940e+00,1.005798132726754979e+01,1.097501592710814045e+01,1.211296667434868013e+01,1.340250126376032647e+01,1.482986654644619051e+01,1.673508012556824553e+01,1.914843984849470715e+01
8.300790000000000000e+05,9.406504772864088260e-03,6.476087915649841875e-02,1.187284590358608227e-01,1.975291243990455747e-01,4.477349396674656923e-01,7.002072947922277635e-01,8.707302197114153985e-01,1.112898735497664937e+00,1.601286531431548310e+00,2.202926630293247090e+00,3.093122714689119146e+00,4.128633439697955154e+00,5.888493465281301020e+00,7.703739952035775218e+00,9.462692144175843367e+00,1.016833487093884436e+01,1.198939342213974690e+01,1.456001020933825707e+01,1.632505211374087395e+01,1.744303047247517213e+01
8.300800000000000000e+05,2.905529076862334303e-02,1.798590695559123542e-01,5.149506924935560725e-01,7.734291433614033373e-01,1.047472519854840023e+00,1.699699316751560163e+00,2.555290819027391525e+00,3.021696072625982055e+00,3.922541049621572462e+00,5.222705482089674334e+00,6.113048684349936757e+00,7.105458459256658976e+00,7.942017016537084473e+00,9.289716473784878303e+00,1.102819818997778256e+01,1.401084402960556652e+01,1.517749770677802168e+01,1.641262211847405084e+01,1.814845508476212643e+01,1.970767328896151227e+01
8.300810000000000000e+05,1.950512970308660998e-01,6.209562095243694735e-01,1.066336322445171403e+00,1.437544771889803563e+00,1.876307485946451692e+00,2.608223479985062987e+00,3.336628617146665032e+00,4.448816327543609894e+00,5.370601658772786280e+00,6.473702820622184717e+00,7.266215402356774433e+00,8.047046051607125605e+00,9.044574030494818118e+00,9.855908962238064674e+00,1.063946980249519925e+01,1.166185033665528614e+01,1.274838603731142506e+01,1.530470227785916926e+01,1.626461733188011749e+01,1.821720592925172610e+01
8.300820000000000000e+05,1.523186143513188817e-02,2.706997354661864197e-01,4.345531056968937600e-01,1.026859556484406077e+00,1.375510931100665246e+00,1.963792514180478621e+00,2.603640284899242374e+00,3.015936406669655234e+00,4.099158878710435161e+00,4.902430674182422621e+00,5.555261088377870138e+00,7.669520519854282625e+00,8.763523713513098556e+00,9.538817136404633246e+00,1.059794435020007874e+01,1.261664183863845068e+01,1.374846216746992233e+01,1.476374362537854168e+01,1.692353807722702896e+01,1.834548015973525281e+01
8.300830000000000000e+05,2.742008829052744456e-02,1.653386016358888710e-01,3.891704214307838416e-01,6.543545844229790021e-01,9.522259081264650149e-01,1.479099768822541794e+00,2.440609639579780499e+00,3.584739454847627904e+00,4.143842518949085729e+00,5.434251960166990969e+00,6.874721098314216405e+00,9.009710933541281719e+00,1.019802372073329266e+01,1.100610490301217226e+01,1.202141953771712934e+01,1.296616196040061375e+01,1.503489783502421950e+01,1.719617758334909752e+01,1.835845424373483681e+01,1.993781679431470621e+01
8.300840000000000000e+05,3.488129289834218660e-02,1.547181762211795597e-01,3.000110020912862829e-01,8.446627973740090667e-01,1.329766509498518934e+00,1.739876448601797243e+00,2.217850896065133526e+00,2.627751699312555367e+00,3.001859637571930861e+00,3.407003474327483517e+00,3.779360057418545971e+00,4.757002863068064968e+00,6.367378315327641758e+00,7.899648193751882985e+00,8.726468015065755424e+00,1.035065435317349092e+01,1.122021670864852005e+01,1.262604164557800779e+01,1.360088047139441869e+01,1.830560964437258065e+01
8.300850000000000000e+05,1.016210174279430500e-02,5.037770276025010929e-02,7.977852629055193212e-02,4.022472237261180972e-01,6.182202648529822042e-01,1.060533083252062303e+00,1.590171129772075753e+00,3.445540477005015312e+00,3.878802684054893479e+00,4.358977245954806179e+00,5.382937773523917890e+00,7.208185627066406198e+00,7.884951388289736407e+00,8.871934548076909621e+00,9.515328626550763502e+00,1.057464967804251543e+01,1.230242200671920472e+01,1.504502765828790700e+01,1.632295556854680640e+01,1.786626169878627479e+01
8.300860000000000000e+05,3.618339685352400803e-02,1.065079663655896791e-01,3.641149381480514036e-01,6.796330586231000837e-01,9.971788959247473993e-01,1.208366989230773347e+00,2.333094115682376568e+00,3.372356727177335145e+00,3.906407915833727706e+00,4.419214146597902015e+00,5.222421107386313821e+00,5.783900845831771775e+00,7.267873934684838666e+00,8.041252098048715879e+00,9.485509077663827782e+00,1.181404568796362931e+01,1.507717177317536716e+01,1.601682324085874143e+01,1.698150728668115761e+01,1.984164358274838591e+01
8.300870000000000000e+05,1.051203084571652457e-01,4.283790787561350122e-01,8.225246623221841302e-01,1.184838769945346204e+00,1.497066653523087432e+00,1.879616770806311843e+00,2.213479896809647407e+00,3.005432602465389458e+00,3.660014703558106763e+00,4.655017889576107848e+00,5.406511643497080577e+00,6.183349580589411865e+00,6.852574447761315746e+00,8.386160547575046920e+00,1.020318201887148923e+01,1.107246448003279227e+01,1.263315833727689963e+01,1.360023755893169906e+01,1.832682020355606767e+01,1.996681861173194150e+01
8.300880000000000000e+05,1.265930316430829983e-02,3.657450690270813709e-02,1.995845844088803833e-01,4.657709571098629375e-01,8.976367626530329380e-01,1.154706023175575025e+00,1.487791131529578870e+00,2.047596202741713611e+00,3.270366595619131900e+00,4.066477127755042886e+00,5.047986855327661004e+00,5.533506387662708192e+00,6.707068968857619495e+00,8.055289473261117550e+00,9.007191591675972830e+00,9.807529237798561894e+00,1.079146348662708732e+01,1.284814409761566090e+01,1.413105732553277960e+01,1.635346646535676385e+01
8.300890000000000000e+05,3.378074730110658397e-02,7.397503693701268368e-02,2.443423016364917322e-01,5.185639585307244559e-01,1.141629195263664354e+00,1.373243773233807641e+00,2.104208522171427731e+00,2.717336550251234328e+00,3.290799258641261549e+00,4.207014487928026014e+00,4.955744052646684494e+00,5.615854675725350020e+00,6.714153622234303675e+00,7.243655312502136567e+00,8.010855714944762340e+00,8.565341949166663582e+00,1.031817766449405482e+01,1.169135353533971511e+01,1.613767450438202999e+01,1.931249704893670582e+01
8.300900000000000000e+05,1.838849351938787180e-02,2.841315634956294023e-01,5.946237548766382108e-01,8.528215272652821533e-01,1.070025539418753002e+00,1.630334092709251337e+00,2.015315960701483444e+00,3.351616078265297283e+00,3.826080990632076073e+00,5.063895052129537611e+00,7.373064015047068764e+00,8.436300464008789746e+00,9.497810119665093254e+00,1.037468867235771697e+01,1.117968335087297049e+01,1.210180949140013951e+01,1.351858859113662881e+01,1.448783801433052965e+01,1.556932990207190315e+01,1.997559660560349926e+01
8.300910000000000000e+05,3.427127492354142824e-02,1.046520031148248098e-01,3.673997052758524173e-01,5.218177587150791830e-01,6.794849613670655986e-01,8.367490478709112001e-01,1.437455597113100225e+00,1.643431922726509065e+00,2.909293175655194297e+00,4.566417419037406944e+00,5.123462428026786419e+00,5.613342459706020193e+00,7.643211739332037347e+00,8.625163821752272142e+00,1.092048299347098528e+01,1.223170043848465127e+01,1.520174892467587568e+01,1.628842567693274290e+01,1.824344681181155892e+01,1.954049551245558902e+01
8.300920000000000000e+05,1.187187018322388710e-02,2.696412283194697945e-01,7.106276249127856381e-01,1.011423129528447706e+00,1.987551188875343211e+00,2.414786071809015056e+00,3.277079061363551205e+00,4.015181275826907203e+00,4.525306614762214963e+00,5.321341214059998492e+00,6.766178729694071414e+00,7.741137588705369055e+00,1.004653589163474869e+01,1.102181597379661149e+01,1.246197522645030631e+01,1.372307485107871194e+01,1.509033036513740988e+01,1.635638379729655867e+01,1.736303248563996249e+01,1.856552133706187746e+01
8.300930000000000000e+05,6.443822121430142769e-02,1.408785094425155648e-01,3.549862103383613077e-01,6.574016226411170116e-01,9.720265213538148430e-01,1.398984115245538673e+00,1.982748787808706004e+00,2.546481281885833781e+00,3.139157071096441154e+00,3.846865370116318239e+00,4.770808733902776488e+00,5.455524742281149031e+00,6.204823763874686371e+00,8.032418155144558369e+00,9.241191902566480820e+00,1.118590707724844080e+01,1.189665558734317585e+01,1.318509751065096047e+01,1.554196372412485694e+01,1.913540312512737174e+01
8.300940000000000000e+05,4.750308987555751372e-02,1.037755001070927996e-01,1.574485654895532161e-01,3.582694492938953701e-01,4.527970651504464872e-01,6.429330853103991661e-01,9.382004568658733890e-01,1.178105659985281051e+00,1.907669864573628526e+00,2.894752867252483597e+00,4.746667196808088462e+00,5.532352570833537264e+00,6.987443850094957831e+00,7.916525368296646548e+00,8.885171992923270423e+00,9.633893344087887556e+00,1.076571556479884606e+01,1.365217179807500081e+01,1.561290950493944329e+01,1.657835432857530833e+01
8.300950000000000000e+05,2.124195058654254620e-02,8.622340797321048633e-02,2.260820907357914411e-01,4.755354241678544369e-01,8.630565659108752063e-01,2.061418721832201317e+00,2.436061173823000914e+00,2.800620264164772166e+00,3.733926561146116541e+00,4.320770903982738886e+00,4.865110448079597916e+00,5.735689223634276246e+00,6.910676021606275476e+00,7.594178733281083282e+00,8.140114275340534888e+00,1.027099563168397367e+01,1.231951334423806088e+01,1.339924776010594876e+01,1.775773045754387880e+01,1.915254988732789343e+01
8.300960000000000000e+05,1.456675718826520027e-01,3.015863266959362132e-01,5.024390140585430764e-01,6.958120339765136997e-01,1.275116071064101853e+00,1.647244442771648609e+00,2.184435528792732839e+00,2.510726980577167033e+00,2.833997753407032416e+00,3.211765770201772341e+00,4.498398299817925050e+00,4.982694696571734028e+00,5.642330033356072860e+00,7.392378385383556960e+00,1.102392802970223507e+01,1.286275689819025025e+01,1.425365125363821761e+01,1.540710654456022866e+01,1.722587674116259393e+01,1.832182991359520585e+01
8.300970000000000000e+05,9.981748033109127949e-02,2.116684757282938367e-01,5.518908623099895161e-01,1.121603686064284400e+00,1.447326925727481228e+00,1.806654297634917139e+00,2.745081937337715772e+00,3.177740662985114817e+00,4.182225746269018885e+00,5.367957396731137365e+00,5.994196239088195099e+00,7.330853830216388367e+00,1.006383317771927821e+01,1.106935448988612514e+01,1.203118077225771643e+01,1.368739660268861869e+01,1.508051990071209403e+01,1.656378933442021406e+01,1.852335814887141296e+01,1.983087367039647475e+01
8.300980000000000000e+05,1.552596624292024163e-02,4.300591108263551732e-02,9.106771718450046293e-02,4.266252060680697511e-01,5.973000865932726056e-01,7.917601341738551568e-01,1.233897398094125020e+00,1.714127799205478198e+00,2.532463415535739948e+00,4.826021144559771159e+00,5.879588941148734982e+00,7.133047210688943984e+00,7.759173702941279060e+00,8.544523180679322039e+00,9.172120673386945811e+00,1.009526772066728739e+01,1.307688301920706131e+01,1.447754003480728180e+01,1.798451493925406197e+01,1.910524093973607762e+01
8.300990000000000000e+05,5.632385947787377223e-02,1.461603467523251432e-01,5.289484595510259846e-01,8.440982001281271963e-01,1.100551280201805149e+00,1.515230368351543788e+00,2.118747798946719385e+00,2.777217841692864120e+00,4.090568455828524463e+00,4.780601713311945389e+00,5.490234135357477285e+00,6.231982150977911417e+00,8.225841632165394657e+00,8.922817494574978525e+00,9.585280524721934370e+00,1.068301792100731085e+01,1.171569937542615847e+01,1.439031175493646586e+01,1.538060717079431150e+01,1.713450405280095623e+01
