2.300000000000000000e+05,1.150616465982989833e-02,1.799979543975172014e-01,3.174783211236279490e-01,1.055288684182026149e+00,1.342802754448283453e+00,1.646768324623190338e+00,2.080554235086879533e+00,2.483823485819053545e+00,2.998460040185491060e+00,4.058700940259308609e+00,5.323339297030493356e+00,8.396535715848370884e+00,9.624087653979353618e+00,1.080278471176077915e+01,1.229247180728734001e+01,1.341880060217676274e+01,1.431142857340522845e+01,1.530716999181082549e+01,1.635356874784904946e+01,1.730866959896109591e+01
2.300010000000000000e+05,1.535692150079925877e-02,7.433597950815840072e-02,2.276092664919073805e-01,3.142546362507019353e-01,7.345626812930433625e-01,8.826255210270037566e-01,1.602719886977155728e+00,1.962367224352783879e+00,2.785901741150535571e+00,4.054391684002245810e+00,4.915119744460620943e+00,5.537987471440887433e+00,6.500983267270633803e+00,7.186146665111888154e+00,1.015105362426548830e+01,1.361133277709462241e+01,1.588555231006237811e+01,1.703931783471788108e+01,1.811685105452061961e+01,1.978639782783807277e+01
2.300020000000000000e+05,1.920255591285568997e-02,2.103931558758447284e-01,3.250911966063591008e-01,4.890096069970706338e-01,9.015066817159456125e-01,1.269453050281986073e+00,1.553938771504085992e+00,1.859553526743786378e+00,2.262845755896016886e+00,3.632064473058556064e+00,4.039795642655993113e+00,5.551194302578839057e+00,6.147752641838622800e+00,7.184464484817700836e+00,9.037985244619477498e+00,9.931946148043078182e+00,1.104279854124169447e+01,1.299336330489150804e+01,1.538289417259990621e+01,1.880172290217686282e+01
2.300030000000000000e+05,3.859740140902623295e-03,1.822832325208454396e-01,4.160800276967978606e-01,1.106940122452298780e+00,1.679532801498982986e+00,2.187617219617528086e+00,2.673087899941545942e+00,3.487621698432545436e+00,3.992309851022153300e+00,4.636784683626826720e+00,5.886279230554283259e+00,7.112071077939557284e+00,8.021646543658460971e+00,9.999574277842402381e+00,1.168793085344307237e+01,1.341713253980831411e+01,1.555361717315570935e+01,1.660723152973846339e+01,1.812657876908394883e+01,1.908453572267964304e+01
2.300040000000000000e+05,4.569584519493852248e-02,2.209890783890497978e-01,4.499855798235301574e-01,6.064950065827874326e-01,7.956558025195964445e-01,9.693418327181893002e-01,1.283988850800005910e+00,1.683829234364140781e+00,2.468620243451899121e+00,2.928637880114108860e+00,3.299011115121190496e+00,3.903222704608849458e+00,6.412074770237462751e+00,7.085351161514124918e+00,7.830375054710580152e+00,8.623463164966752359e+00,1.155751094323046679e+01,1.293352201271587276e+01,1.840226458469739867e+01,1.956219125696445005e+01
2.300050000000000000e+05,1.933565413791160648e-02,7.438234223067419215e-02,1.915920640824857468e-01,4.705319684777191647e-01,6.700595896977307175e-01,1.328530619551821612e+00,1.709784568465940291e+00,2.080910182078496540e+00,2.612557379787864065e+00,3.317833050745718992e+00,3.800511965938798031e+00,6.240489608641468067e+00,7.292932113854184273e+00,8.947503198492919196e+00,9.932950431416513126e+00,1.213277834289258372e+01,1.383221027929516289e+01,1.578454893710399709e+01,1.764774574436408372e+01,1.960626488582332172e+01
2.300060000000000000e+05,3.074886410860588892e-02,1.112287159445748408e-01,4.800879837710428921e-01,7.391317756805881878e-01,1.151472959532314766e+00,1.753092166862492807e+00,3.071999057127539068e+00,3.961768191557093921e+00,4.757352701821137231e+00,5.983287247582395274e+00,7.111697220533481634e+00,8.005477151734014640e+00,9.016554304562092170e+00,9.825011982148311063e+00,1.140967742832937937e+01,1.265992424819691742e+01,1.350922038998556118e+01,1.478919283796086148e+01,1.787951504705305794e+01,1.906259754638240267e+01
2.300070000000000000e+05,6.543630125698485234e-02,1.710369641422821996e-01,3.495615059836083560e-01,5.094715022455482689e-01,1.000534641260923507e+00,1.703140347926326958e+00,2.154477414752650866e+00,4.507949252371412641e+00,5.651685036604897405e+00,6.456905853104260018e+00,7.422776880174795977e+00,8.405477258803539797e+00,9.974880257767086533e+00,1.199548575210928192e+01,1.309182148409699131e+01,1.408846385273508872e+01,1.503889738772719831e+01,1.617088642071713167e+01,1.867498773831973580e+01,1.991369520986442154e+01
2.300080000000000000e+05,1.765916515466148251e-02,2.374540246961482914e-01,3.761893550312127577e-01,5.594131840843608039e-01,7.179945815666377573e-01,1.364015699902452416e+00,1.615882981709854116e+00,2.405768477945231076e+00,2.906186354652154691e+00,3.428622877513212153e+00,4.151132436960247141e+00,4.642132447151835706e+00,5.224727458363556565e+00,6.076061992918860177e+00,7.591101654903619433e+00,8.888929132771812291e+00,1.091644291594749916e+01,1.162216627704476934e+01,1.733725080174236766e+01,1.873296013570169549e+01
2.300090000000000000e+05,2.549198702924093674e-02,8.163917718561353176e-02,3.538920517634563945e-01,6.864559926451465621e-01,1.149370030403605858e+00,1.435505462801159204e+00,1.951193415864332481e+00,2.589775898630040984e+00,3.460086060027476762e+00,4.425730942919879674e+00,5.638534259777235214e+00,6.739063320637336929e+00,7.496019267299214306e+00,8.372744114932045179e+00,8.976270295364395579e+00,9.881109811339038984e+00,1.200441263465102182e+01,1.552257777262878236e+01,1.781369765051759657e+01,1.986575823289662779e+01
2.300100000000000000e+05,5.669637198063726125e-02,1.955557486911261300e-01,5.273082636751883490e-01,8.069718116354671622e-01,1.041712652851926713e+00,1.446181674628371105e+00,1.716293642885106330e+00,2.272053938234390280e+00,3.229423949430903829e+00,3.660083776238055364e+00,4.352809588267828822e+00,5.753808101549042320e+00,6.312568391880231111e+00,7.135837125423098115e+00,8.621777489027889985e+00,9.912586895722677482e+00,1.110387986122540838e+01,1.675139543046439883e+01,1.882477516990712729e+01,1.995557615843192423e+01
2.300110000000000000e+05,1.083886149708489510e-01,2.329482831145170962e-01,4.014888925076731674e-01,5.395101907524493257e-01,1.091869744224483352e+00,1.577630009955484081e+00,2.082800330437017955e+00,2.499706701025600886e+00,3.269855604824185136e+00,5.648460554116558008e+00,8.065210848695508972e+00,8.868101820229309595e+00,9.685353900160814433e+00,1.090947703985828809e+01,1.181606987144445498e+01,1.371500439524221981e+01,1.463428433980109666e+01,1.668604827248982758e+01,1.866573319539584830e+01,1.969090045413857482e+01
2.300120000000000000e+05,1.296229700312924171e-01,2.668355892902274373e-01,5.394738516881524282e-01,7.542184459391982898e-01,1.096411748154908938e+00,1.709732108042282483e+00,2.380643855165345713e+00,2.980188916443550440e+00,3.480288487117323193e+00,4.924600823777573133e+00,5.486771162088907694e+00,6.270137024133274117e+00,7.261462881539300085e+00,7.839239736571208539e+00,9.128795416190387257e+00,1.134389165726435778e+01,1.328639919109213885e+01,1.626032520280021387e+01,1.805702901165691543e+01,1.952439780530869129e+01
2.300130000000000000e+05,1.267192476052815264e-01,3.516754129520567318e-01,8.116631620285672533e-01,1.219732079318723628e+00,2.021331658181605206e+00,2.527126412397764366e+00,3.274287220696062040e+00,4.005281028947551114e+00,4.539797492504602516e+00,5.291308105267777506e+00,6.059970192835406166e+00,7.300807052754116455e+00,8.432228512438502577e+00,9.666656533555054054e+00,1.068429979947962671e+01,1.262032139723822688e+01,1.454482044626009518e+01,1.564690882528965155e+01,1.662005044060009240e+01,1.992313041258311301e+01
2.300140000000000000e+05,8.770580717067266718e-03,8.344457866368082399e-02,1.393750551216340616e-01,4.617341688156466617e-01,1.084559913328029257e+00,1.569582014585884977e+00,2.103607841132669076e+00,3.296211657023850883e+00,3.880470416486951901e+00,4.860017792942694648e+00,6.632195705468545199e+00,7.931032367860462173e+00,9.116801825537576676e+00,1.179112770995910076e+01,1.337417575262904457e+01,1.428625347962544900e+01,1.612261580919589576e+01,1.786691075052681654e+01,1.886834586929152735e+01,1.992156534856203720e+01
2.300150000000000000e+05,5.972198098951075895e-02,2.252032116482018953e-01,3.675161423659993876e-01,5.436527323545017332e-01,8.206550311710014700e-01,2.248419028142213172e+00,2.941666754443550857e+00,3.600910528756982032e+00,4.306525698209442865e+00,5.438381109538143576e+00,6.417558747441254319e+00,7.120879698780882450e+00,8.038796303828943834e+00,9.284063254828430090e+00,1.114174404213358116e+01,1.354495492509216348e+01,1.454896122116545776e+01,1.631935055051102879e+01,1.756221838443692462e+01,1.938783778525155554e+01
2.300160000000000000e+05,1.192271305816139382e-01,2.495462092757416706e-01,4.136929792317479704e-01,7.769704468968074984e-01,1.157078326450032169e+00,2.064286721081850295e+00,2.430853520692039194e+00,3.007202574762565028e+00,3.406847070162656976e+00,5.051484283326281854e+00,5.992651197237682581e+00,7.383369375590872252e+00,8.526693419677023655e+00,9.234781120026218204e+00,1.070558800433346391e+01,1.206110044733921605e+01,1.374360299433811328e+01,1.545650021864529577e+01,1.641452887412872741e+01,1.865147621830948310e+01
2.300170000000000000e+05,1.899653639612852718e-02,9.178567242965152140e-02,3.076720484222850160e-01,1.049281043898782073e+00,1.366279372390907909e+00,1.993607913788813857e+00,2.681522400471811007e+00,3.493857098760330793e+00,4.041619106498314018e+00,5.657126348649452297e+00,6.946961681944779698e+00,8.714900212703591720e+00,9.673298252587338553e+00,1.054572152217763481e+01,1.154296208392360157e+01,1.439659872476529934e+01,1.539875206167189603e+01,1.659233300489507457e+01,1.796148819592211865e+01,1.940492512830252991e+01
2.300180000000000000e+05,1.287638974907190370e-02,2.370911562557458385e-01,3.886760632125829673e-01,6.744275552289198394e-01,9.301901461156747430e-01,1.137699713173628613e+00,2.322104606641889113e+00,3.234587775462650860e+00,4.193875504838399770e+00,5.221909855102087050e+00,6.737393470248005833e+00,7.685175444836964687e+00,8.641328025944039481e+00,9.932908906675132599e+00,1.069561612987701338e+01,1.162001600494548903e+01,1.364221196142570491e+01,1.454632592815063497e+01,1.549598366746639933e+01,1.993420882758707080e+01
2.300190000000000000e+05,5.980603386368055219e-02,2.798382155430370055e-01,4.686057835636443514e-01,6.496401430247114028e-01,1.167215494432342737e+00,1.616971737221670091e+00,2.374648721999137901e+00,3.169316968518585576e+00,3.717616146146219158e+00,4.289745483325376085e+00,5.327695187879817773e+00,5.903118884335135874e+00,8.079024589340857432e+00,9.975069731099347692e+00,1.109352266521916341e+01,1.381028245735711657e+01,1.476252059254711035e+01,1.573883725514780707e+01,1.701168713406298849e+01,1.851630397315984311e+01
2.300200000000000000e+05,7.385622798591673366e-02,2.727855791496522908e-01,4.371262820999535226e-01,6.735272741233777616e-01,9.740079846693666665e-01,1.188931542665072172e+00,1.399010988556583346e+00,1.863007917378276090e+00,2.357589405318409437e+00,2.628423979688427004e+00,3.344594858111113123e+00,4.013894489031315516e+00,6.560535298577848451e+00,7.717702882874025505e+00,8.593404264448551544e+00,9.687157928298532283e+00,1.109432228741278514e+01,1.293376122973188380e+01,1.464752913833817871e+01,1.754983207686323254e+01
2.300210000000000000e+05,2.135171562367754738e-03,9.677576906286744496e-02,2.504930173727629716e-01,4.752170125538630607e-01,6.995014033022556310e-01,1.392884576723583123e+00,1.726133241316957445e+00,2.290211904369968465e+00,2.940004565181870255e+00,3.636343581097871702e+00,4.197858936027797583e+00,5.802854129578937759e+00,6.651896306051670038e+00,8.943240034172291075e+00,9.604282316736695080e+00,1.153791763280932692e+01,1.241165453428852317e+01,1.509308568760551417e+01,1.697851897699079160e+01,1.841867148950927557e+01
2.300220000000000000e+05,1.057518123625198481e-01,3.412122050511314786e-01,7.397337430918394796e-01,1.302089910821346397e+00,2.259941739289867968e+00,2.814549684907926341e+00,3.585140443628498819e+00,4.439198980368987968e+00,5.057420562326722546e+00,6.500992438698201425e+00,7.679458431232474958e+00,8.414927632860496942e+00,9.236827068140716079e+00,1.072818751525779213e+01,1.176089991836205328e+01,1.273414569497827742e+01,1.441216320053351829e+01,1.559620318498671132e+01,1.821737540528540578e+01,1.991868519021946327e+01
2.300230000000000000e+05,9.024031831769507850e-02,1.823648557266468462e-01,2.977892317310349979e-01,4.830288028173592707e-01,1.023779683619218117e+00,1.747659682575765538e+00,2.769953676244711893e+00,3.355447894515241281e+00,3.870171840492707904e+00,4.419768570241931371e+00,5.372824310965722105e+00,7.373674474586138672e+00,8.279015028491162553e+00,9.071282568094927612e+00,9.780350903644187355e+00,1.215280599356833058e+01,1.380580382949844953e+01,1.522412973537235992e+01,1.717724027423443900e+01,1.830522099018611470e+01
2.300240000000000000e+05,2.596833694451616825e-02,1.657844086447708420e-01,2.501395822425237503e-01,1.099913946235780760e+00,1.429316651529065618e+00,2.241066800831488237e+00,3.082765501577801270e+00,3.645254754621119808e+00,4.259772898536096974e+00,5.008623706094843087e+00,5.856966702125447455e+00,6.593419326872469455e+00,7.368025471629326972e+00,7.988099887304893620e+00,8.659334304983321573e+00,1.092908557174062345e+01,1.231788102578497934e+01,1.397575020224376452e+01,1.482966563132409021e+01,1.768453915359661011e+01
2.300250000000000000e+05,5.467593715659968545e-03,9.309281039852623785e-02,2.729276806830965851e-01,5.495093452454695715e-01,8.507155261225196607e-01,1.058268558069211052e+00,1.287681919768663974e+00,1.930888262246498677e+00,2.183395691872272781e+00,2.887859523658462546e+00,3.986985899885684415e+00,6.044571838426683108e+00,6.655374399301750010e+00,8.432283084553958474e+00,9.499566042711483860e+00,1.134500738423672672e+01,1.242721340579112521e+01,1.573599147704054069e+01,1.680916092911391857e+01,1.881845396786313529e+01
2.300260000000000000e+05,1.209419435079162053e-01,3.375465882972681353e-01,5.206192813926284746e-01,7.870575058658597634e-01,1.366813620848382760e+00,1.707343192503305129e+00,2.226659641420365432e+00,3.135383559753653238e+00,3.961290328417837792e+00,5.460626877733442797e+00,6.019983696042062071e+00,6.879828068155157794e+00,8.632478632550407482e+00,9.584064631346629781e+00,1.043367704411693353e+01,1.125348045022611920e+01,1.205349056242131311e+01,1.378653660404853554e+01,1.498006073518469172e+01,1.864909898764524954e+01
2.300270000000000000e+05,5.614857240750148470e-02,6.722599118428791432e-01,1.089888601175897254e+00,1.481149365628374959e+00,1.908110654893327318e+00,2.930578956255367906e+00,3.882135564004911110e+00,4.519311228446150075e+00,5.087102940540624729e+00,5.953106949186164343e+00,6.602222857505122278e+00,7.503351304098604402e+00,8.623445356920150573e+00,9.294355191003685235e+00,1.065796306544402761e+01,1.164570664312564041e+01,1.271851498841822981e+01,1.557547878642097672e+01,1.781917815027873786e+01,1.892191710649991521e+01
2.300280000000000000e+05,5.852607656926123170e-02,1.630855253764855739e-01,3.636251151362016598e-01,5.130400702058022233e-01,9.659004613878324763e-01,2.242224666142262901e+00,2.845610013386836723e+00,3.325278643323450467e+00,4.128104682085286470e+00,4.885586425320351367e+00,5.762082956682739621e+00,7.320642885148716417e+00,8.132230134567061341e+00,9.778605844660383184e+00,1.165114551057960668e+01,1.247329328116354041e+01,1.426002890489685981e+01,1.601043723474802505e+01,1.807036006838863074e+01,1.963821733689533033e+01
2.300290000000000000e+05,1.010592371716398929e-01,2.382954973348838656e-01,3.644394599621346709e-01,6.237161837817293275e-01,9.534506898714251166e-01,1.191373668457179180e+00,1.413134892846834800e+00,1.929696907735887201e+00,2.524634280797755981e+00,4.152097639505259785e+00,5.122740749625018353e+00,5.643863058626694240e+00,6.336474151880186589e+00,7.370831632803361622e+00,8.263386120295676207e+00,1.002383221893429344e+01,1.149299457339620645e+01,1.608667364161809488e+01,1.763142918560937034e+01,1.998034053803878152e+01
2.300300000000000000e+05,1.855361186622772607e-03,1.906346094343212005e-01,3.100162224058308214e-01,5.139984685619318761e-01,7.712873677408615958e-01,1.071157478800907503e+00,2.135192065688580332e+00,2.664445938744105291e+00,4.116037305047509420e+00,6.860239281374366449e+00,7.826281861698196174e+00,8.708120239964570075e+00,9.859305242351746656e+00,1.094198488457040064e+01,1.210788484354002748e+01,1.443251293498033228e+01,1.596794687395087919e+01,1.747601550940181170e+01,1.858214596196757995e+01,1.993949276547977334e+01
2.300310000000000000e+05,3.362409532878229967e-02,1.831449930576194429e-01,3.269584671983574164e-01,6.114057216486750157e-01,9.122854216380327230e-01,1.203675998216240828e+00,1.565629204481234105e+00,2.274905377637683301e+00,2.688408403535314850e+00,3.008256630822321309e+00,4.000835471900727747e+00,5.468208006679707189e+00,6.627496237133465584e+00,7.265618080282209235e+00,9.012845856566629621e+00,1.035015375241779090e+01,1.113493074214573575e+01,1.237573826712705127e+01,1.512510677358170597e+01,1.888877475005386231e+01
2.300320000000000000e+05,9.022747701514266527e-02,2.411315141011833862e-01,4.432222170572444053e-01,1.144142466336237618e+00,1.473495706626533508e+00,2.928765096788924716e+00,3.573656815827670474e+00,4.257214976527741612e+00,5.309084193016942343e+00,6.472213528131280924e+00,7.268283907535500354e+00,8.153982810789813129e+00,9.751433685679256058e+00,1.173419690580393038e+01,1.307337507782429142e+01,1.441395680543594082e+01,1.580855904973667769e+01,1.697351652185060189e+01,1.808767720136629009e+01,1.987248792639899619e+01
2.300330000000000000e+05,5.125956258192898574e-04,4.975116703757520575e-02,4.942611531710615624e-01,7.476936708921018138e-01,1.033096193859618372e+00,1.246758026798031160e+00,1.504470329199575795e+00,1.841678951879371695e+00,2.781899970276362932e+00,3.598364687478756707e+00,4.480555711402227637e+00,5.710942415862137800e+00,6.355664223065078389e+00,7.649835538517451461e+00,8.733242146192356614e+00,9.611060763012373442e+00,1.266017049871092759e+01,1.516722971880695958e+01,1.737869626729360206e+01,1.907326880599361374e+01
2.300340000000000000e+05,2.527845428107211578e-02,1.821812759571828089e-01,6.819703069953101382e-01,9.701390342280000745e-01,1.268256794622907302e+00,1.562277652902371416e+00,1.984476432648743405e+00,3.008643599075511155e+00,3.450248920460840196e+00,4.299534079543581022e+00,4.989147969754241352e+00,5.957779815403871027e+00,6.742434636309480922e+00,7.666347184695112560e+00,8.610763074444040654e+00,9.986820753627478453e+00,1.079865796805043310e+01,1.163205863695210240e+01,1.633659270977634748e+01,1.793482847541350722e+01
2.300350000000000000e+05,4.675029606097425017e-02,1.059399010645933892e-01,2.412915711136698338e-01,5.493361971091408336e-01,9.718172275973940843e-01,1.675751441906923489e+00,2.049864415825716879e+00,2.720900007880132421e+00,3.191088526118829094e+00,3.821466574829688323e+00,4.820034837911428838e+00,5.775142947352855494e+00,7.160838861672936595e+00,9.114512400195994957e+00,1.006802931378536670e+01,1.208593656512775638e+01,1.289019864256259851e+01,1.476708342963956255e+01,1.686753469351083368e+01,1.874828832331405692e+01
2.300360000000000000e+05,3.886982847183251266e-04,2.554977438633865283e-02,6.341193760767938059e-02,1.988999527278978441e-01,4.320949720531086502e-01,7.634039451401770648e-01,1.314319461606940909e+00,2.359031795221211425e+00,3.200748314422124263e+00,3.747861643424218236e+00,4.460478419728284294e+00,5.417721099152725373e+00,5.929602216691776562e+00,6.438164391977803547e+00,8.430956724439385042e+00,1.065805087605780876e+01,1.139079226177692306e+01,1.276172034548042511e+01,1.475667962801420785e+01,1.849405209355471058e+01
2.300370000000000000e+05,7.368025132870215099e-02,3.037703450643758352e-01,8.302505171257730243e-01,1.128458710816379273e+00,1.569006230848121186e+00,2.101102484875911447e+00,2.597177454060124013e+00,3.150111580825596391e+00,4.523730367364266591e+00,5.279921337759962086e+00,6.226347254973433110e+00,7.360996701009024257e+00,8.551894019996046481e+00,9.430199865051383412e+00,1.028158949679386147e+01,1.245183882028940658e+01,1.375304291505385024e+01,1.539783162851651710e+01,1.737988395947289177e+01,1.956568020525608986e+01
2.300380000000000000e+05,1.572673031729443505e-02,7.274619605328269678e-02,1.736414622045845402e-01,2.750550430042322247e-01,4.634444119650499294e-01,6.278052528596773652e-01,1.977400396728101306e+00,2.782383193297151003e+00,3.558844239867301695e+00,5.480550479217848547e+00,6.067808241083556986e+00,7.333836483186388477e+00,8.112418171713041914e+00,8.853219223841774621e+00,9.813098232700179224e+00,1.067895334949177943e+01,1.156124328725224970e+01,1.334375532859558788e+01,1.433148201545212785e+01,1.687241693025433875e+01
2.300390000000000000e+05,7.338114815692364790e-02,1.892991544342699228e-01,6.361049462092444040e-01,1.088223149157868441e+00,1.403754004924344656e+00,1.697522964136330748e+00,2.768861602605110050e+00,3.260786741089150453e+00,3.854877862998864479e+00,4.482336824677174647e+00,5.268309443141928838e+00,6.494483604991591719e+00,7.728341159742541322e+00,9.271472905117654761e+00,1.028858646378522579e+01,1.141555872147399775e+01,1.240675949426697322e+01,1.369046907346411501e+01,1.750405028695221432e+01,1.962835855273040409e+01
2.300400000000000000e+05,7.634414408562428811e-02,2.457027967314606709e-01,4.792154020146565108e-01,7.977340549069551479e-01,1.213468521984244930e+00,1.738388189314185039e+00,2.447118281372085757e+00,2.855122200430263213e+00,3.571091101798031353e+00,4.408578646707733917e+00,5.744767945166490364e+00,6.992288947705603164e+00,7.868584803008279671e+00,8.728669318305662728e+00,9.908986333514727463e+00,1.162700231461028189e+01,1.268014439661938297e+01,1.549175781599428348e+01,1.851758706454511483e+01,1.998722472318490517e+01
2.300410000000000000e+05,3.599302886999766748e-02,2.687547195032671254e-01,4.886587070223862295e-01,7.075780975229650771e-01,1.462327403505651047e+00,2.045727820607740277e+00,3.048773707886385687e+00,4.008129120369274823e+00,4.713132245100935869e+00,5.961722267812032960e+00,7.977291301875056639e+00,8.800602295253050045e+00,9.604709227681869521e+00,1.043515514204532124e+01,1.148921642371320218e+01,1.236597916550699061e+01,1.366190448421158976e+01,1.522046808262815532e+01,1.656930075369389499e+01,1.819795814582528592e+01
2.300420000000000000e+05,4.632768733999270694e-02,5.116858760757854174e-01,9.577286593997611508e-01,1.360222207773429837e+00,1.772645300600456775e+00,2.357140998072629667e+00,2.953168345077574308e+00,3.444424255479837882e+00,4.401312473215682530e+00,5.170678122984742053e+00,5.747816739504031602e+00,7.712679612014762043e+00,8.471749988611463777e+00,1.002318594494805204e+01,1.136600233396870330e+01,1.314180580733822801e+01,1.411653424412996571e+01,1.520123498058155675e+01,1.628554102359071365e+01,1.878102361939579978e+01
2.300430000000000000e+05,4.219028727717277771e-02,1.159480318567391866e-01,2.167719990483597536e-01,5.396613823519484932e-01,7.943426020860455683e-01,1.968008005188919496e+00,2.700328923473628961e+00,3.098188873463858961e+00,3.848411319165041089e+00,4.718877937028796765e+00,5.821359731939836024e+00,6.892005997219429858e+00,7.485783968596736671e+00,8.642100058071967794e+00,9.447298831349657533e+00,1.037287828271205470e+01,1.255966561439855056e+01,1.432985681828100688e+01,1.599715236876830815e+01,1.889192687964553841e+01
2.300440000000000000e+05,9.838977879345345290e-02,2.865721790385389323e-01,4.901655472064778696e-01,8.443024312525917452e-01,1.656257318219628294e+00,2.326420138744696775e+00,3.205750633949066675e+00,3.736315873072102889e+00,4.223881133696672840e+00,4.736947081827653783e+00,5.356256099955947647e+00,6.387210539627392158e+00,7.517037006422460976e+00,8.231144171552029931e+00,8.879868089896204353e+00,1.229492714502373651e+01,1.477845426919256511e+01,1.680195744494651677e+01,1.810185675282332340e+01,1.956388640683614000e+01
2.300450000000000000e+05,1.290432547333250080e-01,5.191863016056252889e-01,7.914027855062101269e-01,1.273392734979001517e+00,1.947395366069238243e+00,2.422830746086146014e+00,3.354394917004732246e+00,4.291860144449880288e+00,4.885370340846371562e+00,5.455099804861569979e+00,6.878492337004086465e+00,7.766378494395279830e+00,1.001668995587835020e+01,1.092805940509841456e+01,1.274352929830128467e+01,1.379937683876922883e+01,1.477878685501846512e+01,1.594389263487976649e+01,1.744196804576316850e+01,1.942129135370410253e+01
2.300460000000000000e+05,7.336557722010539351e-02,1.477718982592313157e-01,3.916098550194286876e-01,6.246419205959834464e-01,9.623834988065360641e-01,1.192113793327035820e+00,1.756308584636929293e+00,2.132618251843469537e+00,2.619895728541050683e+00,3.186017676411103672e+00,4.289592198882363761e+00,5.038459544778252308e+00,6.878760513520149722e+00,9.129976454762648075e+00,9.828746943440032524e+00,1.102672939711590594e+01,1.260382595910016867e+01,1.365074785046729744e+01,1.823595612062466031e+01,1.919968180403727942e+01
2.300470000000000000e+05,4.433881805345896154e-02,2.401153572949117354e-01,4.737693113363777853e-01,6.466056017832411129e-01,1.017564597003389748e+00,1.424132993682471815e+00,1.766953637628594809e+00,2.395077210883949093e+00,3.578540316956133616e+00,4.017540879978652058e+00,4.543399334266924328e+00,5.271595914685772044e+00,6.165379284127870285e+00,7.481846722175238718e+00,8.485974739215999207e+00,9.165144215400022887e+00,1.063116250351412440e+01,1.398771743897597375e+01,1.523170352162384589e+01,1.844389642205578639e+01
2.300480000000000000e+05,6.748541330621071754e-02,3.345869051934133864e-01,5.231262862729263441e-01,1.024831604589818923e+00,1.409733495331939590e+00,2.304149713115668074e+00,2.825083907493263879e+00,3.343405500392306884e+00,5.738398700292330012e+00,6.997754946470054804e+00,7.860716773195344231e+00,8.946103094430331026e+00,1.030677687141705867e+01,1.177434460350748680e+01,1.338077150791100678e+01,1.434738413571690607e+01,1.639920288427600781e+01,1.773082650284211326e+01,1.885077271077595640e+01,1.999344880125497070e+01
2.300490000000000000e+05,2.135062834954075672e-01,5.272564827252879116e-01,9.658180524745427764e-01,1.401864174684403608e+00,1.771267801244613693e+00,2.450903304294515195e+00,3.013549410558061581e+00,4.015267211479551790e+00,5.915723893799426314e+00,6.626535606633481734e+00,7.870594639346952803e+00,8.592065023626712872e+00,9.641702769653999638e+00,1.096764299909117391e+01,1.359004582056329014e+01,1.487278166576685656e+01,1.594983101353337851e+01,1.729531408341302523e+01,1.854703187957846566e+01,1.995283043159518854e+01
2.300500000000000000e+05,3.671673231066219234e-02,1.028337755118704511e-01,6.067131783595237637e-01,1.077600607748051331e+00,1.438888939472650730e+00,1.840697789715878052e+00,2.715288669377560637e+00,3.149435911331257998e+00,4.037915189265182114e+00,5.068738545125976103e+00,5.775994933149591226e+00,6.356388154359875031e+00,7.075515799193087929e+00,7.879465025307903936e+00,8.547277471886367550e+00,1.135648546642888590e+01,1.262302156689125709e+01,1.440203056257697156e+01,1.606095750654271015e+01,1.740991190376109898e+01
2.300510000000000000e+05,2.659555801246027418e-02,5.767377777399573802e-02,4.017555883894445845e-01,5.523025552303706398e-01,1.672862971168473489e+00,2.200212701911623991e+00,2.691894327070475157e+00,3.279457455845903979e+00,4.123377648868364886e+00,4.981412357802481594e+00,6.348790068613377358e+00,7.349593519394734820e+00,8.610839938176610531e+00,9.384293973664124877e+00,1.031339350633949792e+01,1.127628267002116047e+01,1.242322473035205199e+01,1.346731891191495123e+01,1.531506128298029878e+01,1.834930654936242433e+01
2.300520000000000000e+05,5.071197795093385086e-02,1.513002799080478411e-01,2.782277776148845971e-01,4.318734249846101214e-01,7.604948353103457848e-01,9.163702159157407490e-01,1.460188942095073550e+00,1.966135913405864244e+00,3.111956861364160165e+00,3.835942900022704105e+00,4.623541978520051998e+00,6.085627609546397032e+00,6.900051714165161165e+00,7.444056488862381471e+00,9.999555899329887865e+00,1.109856445851071349e+01,1.242751855781159520e+01,1.430426265190035018e+01,1.635930952584646292e+01,1.770560215335597931e+01
2.300530000000000000e+05,1.801151862918626279e-03,3.214809791566830555e-02,1.827843950875023271e-01,3.353795498152862820e-01,6.718876337162416057e-01,1.417662569238270942e+00,1.743916929082655276e+00,2.391245386884938817e+00,2.851843301772355233e+00,3.383221741924554493e+00,4.697264527400470513e+00,5.491149443481157633e+00,6.984734039093208224e+00,7.739238025189157710e+00,8.428763057909478107e+00,1.000622051941862090e+01,1.388412632181137241e+01,1.607624252852966862e+01,1.755979650656174940e+01,1.975341576422487577e+01
2.300540000000000000e+05,1.942453171536606682e-02,6.318367106187494642e-02,3.452624831716210041e-01,5.883191934761047293e-01,1.055330026320248749e+00,1.527018908508665840e+00,2.382769751114191870e+00,3.411941560878637425e+00,4.365250220730517050e+00,5.559703300095113931e+00,6.223714769954165504e+00,6.823458606653416858e+00,8.178191012031813756e+00,1.066723419665873784e+01,1.182656564205794325e+01,1.265270735019072568e+01,1.396714493252003919e+01,1.481324221823740928e+01,1.669548889326798147e+01,1.866804937388756613e+01
2.300550000000000000e+05,1.777422666933906603e-01,6.381483241217711377e-01,1.118433844858845561e+00,1.528703476862841359e+00,1.977967729508946615e+00,2.961467073055073840e+00,3.830627408147442292e+00,4.466852309422473688e+00,5.054031919235995929e+00,5.678282692984772950e+00,6.266898293434514322e+00,6.850548350368153905e+00,8.027743745670044007e+00,9.356482035238361306e+00,1.033235283861644405e+01,1.192253514176533535e+01,1.422971672953958588e+01,1.518227187436885472e+01,1.618832847643144035e+01,1.961537329502808902e+01
2.300560000000000000e+05,1.213500466061134819e-01,3.942298742500738307e-01,6.231574524953111816e-01,8.664851216320510474e-01,1.273438179548096905e+00,1.769165076727222008e+00,2.264862456113961198e+00,2.727537721489267319e+00,3.393637538196077497e+00,3.948871776949158807e+00,4.449618790123687440e+00,5.845272766904076711e+00,1.040078458857968258e+01,1.134318602500515816e+01,1.217331053892038994e+01,1.337270280570966285e+01,1.438417703314646268e+01,1.549974901200644695e+01,1.728027390502812466e+01,1.957993596606375419e+01
2.300570000000000000e+05,2.432331570123957842e-02,1.761064862396228836e-01,3.221679551475189474e-01,4.656478149407159428e-01,8.730994522325369323e-01,1.161605242253044290e+00,1.742179742079733140e+00,3.196615352025985679e+00,4.403575673363756771e+00,5.504212169499693275e+00,6.307278180307113402e+00,7.258460632756566611e+00,7.924759391256629648e+00,8.981136299416368374e+00,1.002762823573624829e+01,1.138651434748864055e+01,1.293962383886350054e+01,1.402895640827895463e+01,1.481618122521965297e+01,1.822939880640062427e+01
2.300580000000000000e+05,4.206074021967420862e-02,1.007153755923944072e-01,2.785756381272644910e-01,4.404488136867614756e-01,1.288774675910988154e+00,1.558576394775419205e+00,1.849193177957426215e+00,2.315035980110524250e+00,2.776877784420407558e+00,4.248039461058250588e+00,5.882665801865785582e+00,6.469456859277050498e+00,8.554236939280004393e+00,1.080978789326278644e+01,1.169763304711485219e+01,1.257176331666818569e+01,1.386113537772019910e+01,1.581819243592211244e+01,1.703616324175254348e+01,1.892263806127906989e+01
2.300590000000000000e+05,7.287080851964589101e-02,2.380399135845143732e-01,3.634794903402737143e-01,6.094259857777770684e-01,1.180275258430512064e+00,1.525436692241456393e+00,2.022941133783797252e+00,3.215081521764830974e+00,4.193332237885056379e+00,5.114322976358330664e+00,6.139044405862159159e+00,7.026078021017038822e+00,7.764318791489153604e+00,8.826432027642608702e+00,1.041214639537379583e+01,1.129308143099431661e+01,1.328814413993277910e+01,1.503409129257545729e+01,1.637917823730558453e+01,1.765185846056002816e+01
2.300600000000000000e+05,4.547926456596729228e-02,3.147312304971421337e-01,5.500501331246666625e-01,7.490236631690794233e-01,9.468051101616598020e-01,1.176080138963609523e+00,1.686107830037342881e+00,2.831165294216440920e+00,3.513358847091974102e+00,4.052366085513869898e+00,5.498378849626850418e+00,6.480206122781054567e+00,7.101290513633148116e+00,9.125411958815028868e+00,1.106816904296858617e+01,1.282588604908560548e+01,1.372388661082431760e+01,1.575547672535895671e+01,1.762148887892096027e+01,1.918993842235354208e+01
2.300610000000000000e+05,5.764934541449984184e-02,2.502769698270803644e-01,6.292722303344372436e-01,9.491583392029170341e-01,1.382126287370016193e+00,1.718138788930378968e+00,2.556240571371037440e+00,3.207100702173135254e+00,3.633511682706098256e+00,5.131801037291031875e+00,6.318346869901936280e+00,7.268782710898587851e+00,8.393528329449813086e+00,9.966588676691909399e+00,1.109349232890069281e+01,1.189612618958670964e+01,1.306675599809151755e+01,1.567271546406680116e+01,1.681466974451308616e+01,1.879594033674683828e+01
2.300620000000000000e+05,2.769109915268763711e-02,7.884725563989558594e-02,3.120416350802247551e-01,5.243798576748210927e-01,9.145052344404408506e-01,1.145610188872514090e+00,2.021470352442553242e+00,2.421771947238299028e+00,3.102576355781629047e+00,3.917406339064963827e+00,4.329159036106172920e+00,4.894877236730817316e+00,5.894853962077931442e+00,7.054452947680796449e+00,8.760516452002148569e+00,1.103044699828178210e+01,1.341281576456234426e+01,1.486025719299359160e+01,1.617241323274593512e+01,1.893339402053706877e+01
2.300630000000000000e+05,3.579616082389081022e-02,1.439380221728212561e-01,2.688857718963997279e-01,3.621898171731010585e-01,8.568142500189762645e-01,1.126468876791115070e+00,1.328214153667081510e+00,1.526692526118547555e+00,2.293466978807148227e+00,2.617118025368483369e+00,3.957446813245474093e+00,5.282732373537739612e+00,6.599647674244966566e+00,7.821588046419467588e+00,8.918228179061616245e+00,1.015791911544420856e+01,1.161474459425984307e+01,1.419749363488254978e+01,1.759647835599410470e+01,1.862765724031304870e+01
2.300640000000000000e+05,4.706450301480524789e-02,1.623057597715038547e-01,1.095559286295332280e+00,1.532446295710894191e+00,2.134929511727104767e+00,2.719522016082165372e+00,3.519193207611842844e+00,4.183270515511686050e+00,4.785831986758929624e+00,5.485884257704193523e+00,6.298118221408793183e+00,7.721045410292401989e+00,9.062073131209238852e+00,1.093119808926380898e+01,1.178930146894115794e+01,1.288793771807539379e+01,1.502314532422097493e+01,1.640350221794454910e+01,1.834124222138631666e+01,1.934080859440938482e+01
2.300650000000000000e+05,1.107457573810366469e-02,1.964213157517498143e-01,3.326239896195621881e-01,7.828734798589644939e-01,1.020515672621622905e+00,1.273626472818742084e+00,1.898466392696077865e+00,2.281573757558161830e+00,3.237517232861403471e+00,4.400994843087310926e+00,5.756447394873621448e+00,7.452776318352807294e+00,8.555719179670882468e+00,9.619790134077701893e+00,1.042861196032306559e+01,1.160554702708141761e+01,1.460347290663978015e+01,1.594237985499356824e+01,1.708286618232267173e+01,1.940279232901016826e+01
2.300660000000000000e+05,2.503959022146728941e-02,8.575931396827152220e-02,4.153860610900719230e-01,7.073016564296010777e-01,9.284650589119669561e-01,1.378944638602879413e+00,1.863730927416257677e+00,3.797515712345091110e+00,5.020280725158960067e+00,6.660846714740430663e+00,7.374127329536710462e+00,8.132777191900981251e+00,8.897824670885297493e+00,1.021538361140189721e+01,1.127938975667733068e+01,1.223777711779371202e+01,1.456931470492369485e+01,1.551190272540353021e+01,1.670210164453421342e+01,1.983809706180281651e+01
2.300670000000000000e+05,1.171138970996117301e-01,5.016713156312826438e-01,8.439713246277505965e-01,1.226120703285038971e+00,1.659220852886059694e+00,2.729198531349937618e+00,3.207821747644639565e+00,4.420320863871546990e+00,5.279945866408768396e+00,6.654255269135386897e+00,8.190698792227832925e+00,8.955638188270210520e+00,1.088616015759529354e+01,1.188796461607545929e+01,1.288069036711488025e+01,1.452749833479382779e+01,1.613564337800112014e+01,1.740468993738992154e+01,1.861047294636873417e+01,1.983913475406297877e+01
2.300680000000000000e+05,1.384452222981740199e-01,4.342011192092374294e-01,6.969002625729036060e-01,1.082247762819215087e+00,1.511511640702119408e+00,1.857053423072409837e+00,2.442793705981794350e+00,3.261201653625068531e+00,3.699615546857497606e+00,4.441159644115561633e+00,5.282537260060196971e+00,5.830872728012199246e+00,7.230425279141284634e+00,8.228328810738020138e+00,9.225981823030934947e+00,1.025826031280968387e+01,1.227690536569441804e+01,1.376341010905304962e+01,1.577705049935437920e+01,1.875178681471477304e+01
2.300690000000000000e+05,6.658398074227223074e-02,1.474517093188207895e-01,4.085742364483775368e-01,6.038713327425875299e-01,1.575564715498319890e+00,2.150374807217472650e+00,3.783660963187334580e+00,4.809427610151086441e+00,5.492573099996141295e+00,6.380436973910679654e+00,7.188244087571053598e+00,8.075465351090382882e+00,8.967056347254516169e+00,1.020072960031252052e+01,1.157605360287916518e+01,1.300507455618109454e+01,1.456036441411328219e+01,1.544263102727039083e+01,1.678785939757838364e+01,1.863201437113346159e+01
2.300700000000000000e+05,1.181529783123247412e-03,8.012753920918336270e-02,3.172464421475836849e-01,1.061190838794076274e+00,1.407001982268675899e+00,2.034877099618857876e+00,2.611124018878633546e+00,4.052468327857220665e+00,5.003809316894018977e+00,5.829548716308727840e+00,6.723165340222490016e+00,8.526363321858330124e+00,9.260107880677459491e+00,1.043671729004793036e+01,1.195381121859278650e+01,1.303968985115097290e+01,1.477720197062419594e+01,1.659064346033379778e+01,1.765980242958360691e+01,1.904934065751752570e+01
2.300710000000000000e+05,1.690015493043850459e-02,8.712673948507387855e-02,1.922597242964582120e-01,2.690162971058605024e-01,4.439978998334753735e-01,7.695748099114434471e-01,1.697545270050024868e+00,2.201602402446376949e+00,2.658186503623638952e+00,3.185874210211305790e+00,3.643912140382536080e+00,4.872627947223653777e+00,6.274402908754755259e+00,8.834036525363163861e+00,9.651093516050647025e+00,1.187594272304438192e+01,1.311609878281595698e+01,1.412255304015116231e+01,1.651079866036533161e+01,1.984403059591925711e+01
2.300720000000000000e+05,1.353591474872017919e-02,1.258390324601001975e-01,7.756452949043534106e-01,1.333474613989104718e+00,1.934813079504469346e+00,2.519830259283185825e+00,3.391959402302392679e+00,4.623096649256991597e+00,5.393642316092175371e+00,6.500956318589009797e+00,7.246254336303199040e+00,7.968807281978214085e+00,9.126289842244339923e+00,9.879406620880487822e+00,1.059161901289524721e+01,1.272025400004261009e+01,1.368453260166637797e+01,1.489112292838057172e+01,1.600760430499335740e+01,1.794329258680429717e+01
2.300730000000000000e+05,6.278372088550743246e-02,2.115774221677040323e-01,4.447229223173172485e-01,6.004993187233047536e-01,7.662837003937933433e-01,9.235249513325429760e-01,1.746132088322371878e+00,2.325829185907424268e+00,2.805110081374935227e+00,3.230449691048868921e+00,4.472927279705272596e+00,4.942145510908886763e+00,5.657536078544400659e+00,7.781681664633863349e+00,8.928259704604242231e+00,1.152643741902316243e+01,1.322876577362091943e+01,1.518437934568304470e+01,1.650872979153085041e+01,1.884809572972349656e+01
2.300740000000000000e+05,7.393471515109339975e-02,1.566949908580526074e-01,3.202883613571791965e-01,8.026747845003563420e-01,1.402478023790294959e+00,1.803776689068955719e+00,2.779079503426550524e+00,3.595027627614029164e+00,4.322904155629720080e+00,6.102006478732400652e+00,6.917811430654691840e+00,7.671115420324627010e+00,8.592906234310319746e+00,9.341952340113628850e+00,1.013333389720885336e+01,1.152983551449530530e+01,1.493730259212171951e+01,1.597603637343902072e+01,1.708405854874212082e+01,1.973011102205961720e+01
2.300750000000000000e+05,6.173692701203636890e-02,2.469101426627535734e-01,3.918486256359995368e-01,7.066626541536433770e-01,1.173207723670728786e+00,1.862386894194120845e+00,2.182480410106266255e+00,2.927420289302087753e+00,3.516821093355808614e+00,4.838975335423045365e+00,5.495318536235278550e+00,6.221375860481352049e+00,6.870540570431158400e+00,7.933767793340244623e+00,9.708200549158554793e+00,1.038450228791362484e+01,1.120474202605959135e+01,1.521140858649619609e+01,1.770541026167898124e+01,1.957518694798413250e+01
2.300760000000000000e+05,7.219091254099763155e-02,1.575280995476520118e-01,3.305013384388053588e-01,5.039034134420319333e-01,6.476612049068902754e-01,8.429426814914895427e-01,1.076672489768147667e+00,1.432387212409484967e+00,2.101733789929136620e+00,2.819182900837149397e+00,5.061223369782795523e+00,6.655794096763122170e+00,8.364687064813224993e+00,9.380874810542700004e+00,1.021696979791608051e+01,1.115987351889011947e+01,1.328736971593771976e+01,1.434709849152010896e+01,1.723920687857980738e+01,1.989123096381088374e+01
2.300770000000000000e+05,8.788924726810509735e-02,2.401301203891761382e-01,5.164099159711366127e-01,1.041193114409440845e+00,1.460381230530561902e+00,2.154738441632890744e+00,3.157075654105959028e+00,4.072728415909279143e+00,4.965213825305388795e+00,6.203153993697587687e+00,7.487175757993454361e+00,8.210422205619339664e+00,9.167777875244482289e+00,1.075182831990424681e+01,1.226665914528390289e+01,1.317022388539197131e+01,1.424720462617021788e+01,1.631690094784632450e+01,1.770379655482303605e+01,1.881400026425874117e+01
2.300780000000000000e+05,2.021439924267431909e-02,1.685883491033484116e-01,2.744201923306442970e-01,3.984618696335364696e-01,7.662451457034291646e-01,9.242954773121598855e-01,1.176149392942053229e+00,2.127528082820846933e+00,3.321308564495220050e+00,4.070469196552291002e+00,5.725284624459569649e+00,6.813004243094009205e+00,9.333393055686300954e+00,1.206859450458841465e+01,1.296085237934111056e+01,1.420158010063436826e+01,1.575360377935842315e+01,1.727830075523952047e+01,1.842267013974936418e+01,1.996386833475678912e+01
2.300790000000000000e+05,1.794787963428767785e-02,6.991053946809566710e-02,6.559675382345306893e-01,1.056108414205664037e+00,1.473482698301278315e+00,1.773273056533118952e+00,2.259497684534049533e+00,2.661704214240668165e+00,3.108459886619822310e+00,4.063017609787643813e+00,6.049059326931314651e+00,7.799956682693630405e+00,8.831803203180967898e+00,1.040185345306040432e+01,1.175643833956571882e+01,1.272031369590345484e+01,1.407102893777844344e+01,1.659686856658528598e+01,1.789345950406008257e+01,1.974521541471397157e+01
2.300800000000000000e+05,6.981724955746426708e-02,2.097736034900639090e-01,4.522947658289425688e-01,9.596584122015774376e-01,1.353075417843149220e+00,1.715721533489329875e+00,2.765500730229537574e+00,3.539579094676792437e+00,4.216889460950414836e+00,4.994170425217419940e+00,5.598389010011434408e+00,7.446410304940149771e+00,8.103970938384835065e+00,9.593013752401789773e+00,1.070674797819441437e+01,1.238806417713561459e+01,1.336850105226053209e+01,1.489755665898725034e+01,1.659490172807402075e+01,1.815957730394629976e+01
2.300810000000000000e+05,9.733543504824671011e-02,1.987101077943875804e-01,3.846688171387870891e-01,5.796139177813555143e-01,1.091056537482029132e+00,1.718280581084455028e+00,2.207350393967431934e+00,3.291289701626984865e+00,3.907824356580765546e+00,5.842272593713635942e+00,6.560876056498903708e+00,7.425521680255316781e+00,9.177900906453713148e+00,1.008063332252874034e+01,1.194198685169232377e+01,1.306047780654914447e+01,1.396904396423591166e+01,1.488128492495845023e+01,1.619191736065451792e+01,1.824378666860366849e+01
2.300820000000000000e+05,4.101624494293076850e-03,6.200752096305128802e-02,2.728611972146111064e-01,4.574522623548586964e-01,5.929537120071787237e-01,9.606319154267641824e-01,1.453935296179185821e+00,1.911629806858118563e+00,2.172441801907584846e+00,3.459997506135127132e+00,4.233305353330110599e+00,5.174882289369858057e+00,6.527944301229934965e+00,7.176077407049108459e+00,7.856146772473940665e+00,1.057346396047659454e+01,1.235206859713908933e+01,1.429254721127313310e+01,1.534620913742690007e+01,1.722506123845350601e+01
2.300830000000000000e+05,1.334561422843949519e-02,2.592681817088255958e-01,3.959831542707714647e-01,1.008583815881082035e+00,1.769051511189819070e+00,2.504129234919344249e+00,2.999158083003083952e+00,3.715019221764221946e+00,4.575847594675548358e+00,5.168274857035248360e+00,6.112061835754528438e+00,6.811182864687273408e+00,7.975859142676473112e+00,9.410637204975612846e+00,1.114919276409303173e+01,1.271527211037232341e+01,1.401182434015038147e+01,1.513400306544945373e+01,1.719852622256653873e+01,1.869984649397896703e+01
2.300840000000000000e+05,1.876127043691022678e-02,4.180642827811402729e-01,9.216673849822318854e-01,1.297775168963787085e+00,1.967665356029257406e+00,2.621945842645182267e+00,3.334206675196333070e+00,4.552418776111106347e+00,5.306364486356373256e+00,5.927502682105427745e+00,6.904620555060370535e+00,8.090865653302898863e+00,9.177297874282631440e+00,1.037680590147754778e+01,1.258641099666389884e+01,1.364090449383688508e+01,1.459901978821066670e+01,1.614037371252581465e+01,1.733251956078566280e+01,1.950615483991534305e+01
2.300850000000000000e+05,2.773953071159829253e-02,6.264579774109679811e-02,1.476538205042436935e-01,3.277767691029582764e-01,6.569071873305121212e-01,1.083462653315919955e+00,1.432912869677386070e+00,3.077979594977820810e+00,3.760874931753424466e+00,4.255462337402774686e+00,4.872645319294912625e+00,6.317847318417181057e+00,8.003584221714376667e+00,9.479402375914101953e+00,1.191037781318545541e+01,1.324771093145819911e+01,1.503266724302571511e+01,1.737314697453768275e+01,1.889654609418393960e+01,1.998903471985509483e+01
2.300860000000000000e+05,4.276390104195570974e-02,1.421057724771215280e-01,2.506409615346518738e-01,4.865165085522082933e-01,9.096424659852031525e-01,1.208359666775137509e+00,1.636390680597127112e+00,2.526082388800452883e+00,2.884129259575686888e+00,3.816767616604362701e+00,4.420957752031679178e+00,5.996942742183605901e+00,7.020774101204823481e+00,8.456758102354905660e+00,9.501702581221589838e+00,1.086597574318773241e+01,1.174353501958441015e+01,1.367266922690159880e+01,1.526552154885034795e+01,1.751613076541136493e+01
2.300870000000000000e+05,2.311448441867314241e-02,5.994044573539891729e-02,1.548291746915618772e-01,2.562935876391949641e-01,9.143217676945075700e-01,1.534691191615568995e+00,2.165600797212415607e+00,3.278470829539674725e+00,3.735863272133292057e+00,4.907390117598168011e+00,5.705211531427188731e+00,6.322206329531392832e+00,7.139214958228846442e+00,8.054147912070597215e+00,8.878677932725265620e+00,9.680143951580383543e+00,1.044998889128252806e+01,1.162949772623370492e+01,1.250407183458122873e+01,1.453476380817153313e+01
2.300880000000000000e+05,7.007357130197178208e-03,1.034488968543192389e-01,1.577237115006392409e-01,2.490925720333372340e-01,8.579918262133412465e-01,1.035914567930981356e+00,1.520156566318419333e+00,2.325953660861403982e+00,2.808073074909809730e+00,3.453932018844009022e+00,3.965619616246543355e+00,7.104278467805229091e+00,8.878668629779996380e+00,1.034229716286769651e+01,1.122478926537774946e+01,1.200549313944236296e+01,1.298639701582207273e+01,1.554290924622505621e+01,1.720655266996219979e+01,1.906092559111113971e+01
2.300890000000000000e+05,1.493479439041245360e-02,7.398022454341912635e-02,3.526730326955569428e-01,5.923462994552313177e-01,8.303128953593297279e-01,1.217839522173383093e+00,1.922703886995302813e+00,2.429439240455042892e+00,2.787393662675784256e+00,3.276873173368851866e+00,5.061842376702532675e+00,5.684467211755459104e+00,6.528704896999292018e+00,8.131403515097336054e+00,9.300134666587121401e+00,1.266760204585677130e+01,1.532585851597533200e+01,1.626395679541706230e+01,1.745974712959325714e+01,1.854947908643655907e+01
2.300900000000000000e+05,5.953427506195207997e-03,3.012767589491205378e-02,1.393939290863794866e-01,1.076013708911936817e+00,1.474478553011073778e+00,1.824727907566344731e+00,3.431484386179314949e+00,4.284767852229537155e+00,5.085624920495363632e+00,5.835235644253473630e+00,6.451487971366740126e+00,7.616996148624005869e+00,9.891029833057658038e+00,1.072481500665312737e+01,1.176289168088659487e+01,1.318551524428936084e+01,1.427887057490636380e+01,1.535844393018146548e+01,1.729308370419864360e+01,1.820700494951329773e+01
2.300910000000000000e+05,1.470737006248301615e-02,8.510892186403018478e-02,2.499931021540100495e-01,5.325262583508623138e-01,9.746382710098366875e-01,1.642653611594809160e+00,2.203632438861166776e+00,3.027498048198004277e+00,4.648290482716109118e+00,5.447476276300151632e+00,6.948748313823167599e+00,8.552770417422042470e+00,9.442900722135936675e+00,1.060886905505756062e+01,1.249447075738798674e+01,1.358777883804461339e+01,1.488454266023396144e+01,1.597167882413950402e+01,1.742016474059668596e+01,1.963870660668898438e+01
2.300920000000000000e+05,1.106626551654954493e-02,3.870987473344400520e-02,2.938959063613558742e-01,5.916170351231788693e-01,7.935737161492628644e-01,1.546904079962872380e+00,1.934660030895636762e+00,3.693106609703059817e+00,4.726506576228182155e+00,5.782183360229802283e+00,6.586375153827768614e+00,7.932202247883189727e+00,9.320149161334956744e+00,1.091031351901949087e+01,1.180979630855508766e+01,1.299358877690971426e+01,1.393560251038779896e+01,1.560058542304043705e+01,1.698779172815388705e+01,1.980852925910325979e+01
2.300930000000000000e+05,2.937324087279535867e-03,9.562234673663083662e-02,2.224414953552933394e-01,3.003444966085360157e-01,8.104040741175905227e-01,1.364968299162258702e+00,1.638437764934079777e+00,1.930040653037926823e+00,2.730657670621490229e+00,3.508493767447611322e+00,3.961954522677649582e+00,4.837463029153436622e+00,7.250220471825142177e+00,8.993450399846270926e+00,1.100009886217353738e+01,1.200520258121282957e+01,1.317253828580717645e+01,1.651546383055966771e+01,1.805653676802458563e+01,1.950853846314623397e+01
2.300940000000000000e+05,3.262085962536420691e-02,2.263040757688801197e-01,4.134224582703421857e-01,6.356882244554391548e-01,1.844564025546217012e+00,2.419771461880036778e+00,3.014361347666688395e+00,4.183960072308361866e+00,5.272057123246787214e+00,6.089701856762196996e+00,6.846644839446673458e+00,9.242408264633114712e+00,1.002482072722309958e+01,1.097149095972598687e+01,1.238216163588831797e+01,1.325723794419178425e+01,1.545858869214571563e+01,1.684658140768676304e+01,1.778792166793955687e+01,1.897179524697816788e+01
2.300950000000000000e+05,8.730342544910674185e-03,8.906905202230253060e-02,4.679232684546681398e-01,6.284316311029960467e-01,7.870597678735180569e-01,1.651407940734212154e+00,2.520922982491958564e+00,2.931292401516764734e+00,3.408051378104487217e+00,3.878937566379010438e+00,4.275774835482548220e+00,4.711825530466395406e+00,5.969103260992743465e+00,6.867308354610857535e+00,7.571560574311926750e+00,1.055397801959434823e+01,1.167990303553346543e+01,1.441122341526114958e+01,1.688286983412238840e+01,1.867745534375783478e+01
2.300960000000000000e+05,1.178022723030847096e-02,6.644894993912986436e-02,1.642462785740531617e-01,2.815438864743087244e-01,7.788360634627489176e-01,1.214102199136533056e+00,2.437225760395788754e+00,3.324479093597451751e+00,4.935878941701367317e+00,5.634430756678197483e+00,6.299736665554423354e+00,9.154367151194234609e+00,1.005161011588772446e+01,1.160512757824502295e+01,1.250568033730934658e+01,1.345337494631151465e+01,1.517366686421510202e+01,1.680233368479071032e+01,1.856397230992138958e+01,1.967059177558537897e+01
2.300970000000000000e+05,1.185401540045922797e-01,2.427298318677924005e-01,8.291819432031232173e-01,1.392650393358301653e+00,1.806663017669840166e+00,2.499217849372974865e+00,3.112515476587684127e+00,4.006841111496859398e+00,4.559418639986855482e+00,5.070087921676949883e+00,5.858530956373058096e+00,7.419002939773475802e+00,8.929009689847296372e+00,9.871466008867297859e+00,1.110911231458849535e+01,1.187999227407824776e+01,1.265984905295448648e+01,1.345271173510222695e+01,1.737773619818958792e+01,1.844000556090620435e+01
2.300980000000000000e+05,7.912474034991301419e-02,1.949375547447005363e-01,3.793403786912005193e-01,7.649870811488148625e-01,9.824376691421921048e-01,2.257936751130579900e+00,2.903530518389059178e+00,3.549784500297520573e+00,4.286416237940901652e+00,4.779492333902450873e+00,5.510889399880125161e+00,6.770475584767991606e+00,7.528219176724173067e+00,1.040914437836282502e+01,1.183086997261373874e+01,1.310976887325226947e+01,1.454062800929636623e+01,1.556392036388911748e+01,1.796912512015276064e+01,1.900819140003257957e+01
2.300990000000000000e+05,1.167708015585444681e-02,1.558432210841296239e-01,2.375390464230383580e-01,3.837740461206475828e-01,5.240220613057150478e-01,8.075604922840282640e-01,9.948018715942631429e-01,1.711335372246958642e+00,2.098376990067466696e+00,4.176794827943060007e+00,5.120001860606224753e+00,5.756338691565772159e+00,7.479714515129452401e+00,8.396355932668946309e+00,1.031552810999470360e+01,1.253527725128616410e+01,1.425675183699051374e+01,1.566059003758457280e+01,1.675659480745095564e+01,1.819002222248108325e+01
