5.400000000000000000e+05,9.298511833403552140e-01,9.187704597448080879e-01,9.154761443765369044e-01,8.507564772642189910e-01,8.309162132984995175e-01,8.288556596598114501e-01,7.959382527293029641e-01,7.846119984614337017e-01,7.534990419775450254e-01,6.842230750038472697e-01,6.490884916239090252e-01,6.044772139828303859e-01,5.708257422103157896e-01,5.654502893262269847e-01,4.893921708296815609e-01,4.246357658937834900e-01,1.692834247626865407e-01,1.632467056270909822e-01,9.448139091282503621e-02,2.050613174954907247e-02
5.400010000000000000e+05,9.720208002996774121e-01,9.655014974947094819e-01,9.636796412033844517e-01,9.287284350751009443e-01,9.137362920870620853e-01,8.513320956695571429e-01,7.468849074177725811e-01,6.625099856529992337e-01,6.525426186543185070e-01,5.814844234343555796e-01,5.700439065366113001e-01,4.929855587781748483e-01,4.177422404337123307e-01,3.861339600911422032e-01,3.271614149988117948e-01,2.396180435934762709e-01,2.123029908866921334e-01,1.817600896246098774e-01,1.452611583921293859e-01,5.554109782630989312e-02
5.400020000000000000e+05,8.530962185055802616e-01,8.132603978479563400e-01,8.089429797665098620e-01,7.101119197333214395e-01,6.876852569838746154e-01,6.782322864164437304e-01,6.450695192681488166e-01,5.563483315736282853e-01,5.292654417157304225e-01,5.095232367256196104e-01,3.808816591453041411e-01,3.610256612413428323e-01,3.267943506666843856e-01,3.245440118123288364e-01,2.664222519615468965e-01,1.908436797351427128e-01,1.434466545631559731e-01,1.235956077776915185e-01,1.003576770912381066e-01,3.408823205696120962e-02
5.400030000000000000e+05,8.964428086782673111e-01,8.673082294760936506e-01,8.532808056806002739e-01,8.520997646453861707e-01,7.334111985337301576e-01,5.113609544281723096e-01,5.091058174929269375e-01,4.916712517687811257e-01,4.434863910642727891e-01,4.355329306133072231e-01,4.266678864155923900e-01,4.112441697157686038e-01,3.476496937284077049e-01,3.204402256616712963e-01,2.959326078095363410e-01,2.796653098297079421e-01,2.647947975726752112e-01,1.428499931857939442e-01,1.214698789040146165e-01,4.505778601981857978e-02
5.400040000000000000e+05,9.469463849886762263e-01,8.292410531350694614e-01,7.885575558255133455e-01,7.872385002161655931e-01,7.867785048085620403e-01,7.637710838265461266e-01,6.739238740622440771e-01,5.359055391394523804e-01,5.198272374938941454e-01,3.923227193823287662e-01,3.897641378583601712e-01,2.846730930944433302e-01,2.737767329420444096e-01,2.725466425574579743e-01,2.130535963087927254e-01,1.870878992055725609e-01,1.411318314779450578e-01,5.046515884445579303e-02,1.829041524578267630e-02,1.027025317359531176e-02
5.400050000000000000e+05,9.894759577583217558e-01,8.616881324602851944e-01,8.530006588688575642e-01,8.092286313477436988e-01,7.912111409202624568e-01,7.241006637792212208e-01,7.239395640676800081e-01,7.223172510672843938e-01,5.424811818967426591e-01,5.081372396131853542e-01,4.829126781891961429e-01,4.562461321666405611e-01,4.328712689756848420e-01,4.216010512920107534e-01,3.655019966979220492e-01,3.295004023785848002e-01,3.282446463814570059e-01,3.064766460168782958e-01,1.710180308240121239e-01,3.654877080568352810e-02
5.400060000000000000e+05,9.750933961485482859e-01,9.429596669904731776e-01,9.247729832303882569e-01,8.918332160219133442e-01,8.826494684361130272e-01,8.703434225433541727e-01,8.017077723344342433e-01,7.833541099532070895e-01,7.601616672893579674e-01,5.582050801668790863e-01,5.217113147353414915e-01,5.099030948993565904e-01,4.510857452427282643e-01,3.993903652994558184e-01,3.858471258865141529e-01,3.812801277709504388e-01,2.913435734555875900e-01,2.822116747313524465e-01,1.462495283702358595e-01,2.337231944882534052e-02
5.400070000000000000e+05,9.182754158619822471e-01,9.043119650552896571e-01,8.780275501622419876e-01,8.015033295621760701e-01,5.971446618482163515e-01,5.934906823945402810e-01,5.267328042460721615e-01,5.072481078348420880e-01,4.818792103454759834e-01,3.479604215463437678e-01,3.250327460515463063e-01,3.084299269072501293e-01,2.929956411663601212e-01,2.167275685827059206e-01,2.047267072032031843e-01,1.963165913813000873e-01,1.674983889566432627e-01,7.160541846227819196e-02,5.771738615942545447e-02,4.375074533694844892e-02
5.400080000000000000e+05,9.800953797573670467e-01,9.719032199562908092e-01,8.680808752481424806e-01,8.123441846067754879e-01,7.606409879085676007e-01,7.376170992735653353e-01,6.707588270442085276e-01,6.526883987835031542e-01,6.482214155350318752e-01,5.343704986767581211e-01,4.987736513432684538e-01,4.043942243249465385e-01,4.030447609040065382e-01,3.709435179633500113e-01,3.670984950477141906e-01,3.590531366974751837e-01,2.295205265104842685e-01,1.773339611944361183e-01,1.462766751344074523e-01,1.388211651584314588e-01
5.400090000000000000e+05,9.914362987339603306e-01,9.699162445786471132e-01,9.669652720577287530e-01,9.096296519853221962e-01,8.640111539696736509e-01,6.836303275346820030e-01,5.653368342517492984e-01,5.304051141210551767e-01,4.927687823687961766e-01,4.857319173998837503e-01,4.167684592395416443e-01,3.284285134519123739e-01,2.691096381215221101e-01,2.500338136798706534e-01,2.004913947152383580e-01,1.578764571201020095e-01,1.464146730423898646e-01,1.158314834609438515e-01,1.112085209294908505e-01,5.757536594812118214e-02
5.400100000000000000e+05,9.225108274031398325e-01,8.569237507470224280e-01,7.978106778498275098e-01,7.827481139614930195e-01,7.472141158262964877e-01,6.998097434388966809e-01,6.304112191982051971e-01,6.113724610126671788e-01,6.096236825056287056e-01,5.868763844167511623e-01,5.818419084339783165e-01,5.362624015609313011e-01,5.309665035546055067e-01,4.101710469333808007e-01,3.198656347026912483e-01,3.009085596046114919e-01,2.675608321663583977e-01,1.149561198236985771e-01,1.127421639004009268e-01,5.651303842391941501e-02
5.400110000000000000e+05,9.912602123679687960e-01,9.872438257563866948e-01,9.510244870390975880e-01,8.495187355597566548e-01,8.186201387021374565e-01,7.672750314037489749e-01,7.306174660954080080e-01,7.230422576036499294e-01,7.152731318917490144e-01,6.315188099439190683e-01,6.079490649026149107e-01,6.063369347801716991e-01,4.757857992635069477e-01,4.646589928866248220e-01,3.443573186751177628e-01,1.319461412774812770e-01,3.057369754285621521e-02,2.999070573704054610e-02,1.630490516844795845e-02,1.839981762612241667e-03
5.400120000000000000e+05,9.466196752572390016e-01,9.266330707832231006e-01,8.559051781535591541e-01,8.313349439485617776e-01,7.712218667034853592e-01,7.107611152495257878e-01,6.582775673104128700e-01,6.457536120818503367e-01,5.407717377689360561e-01,4.430446452005863955e-01,4.029824063477428497e-01,3.094956778111913609e-01,2.901328355741864540e-01,2.662417978423835541e-01,2.569152187460598258e-01,1.698901242706302162e-01,1.157834741489196517e-01,1.065502420010421281e-01,2.351238606502148443e-02,4.135303947077506592e-03
5.400130000000000000e+05,9.806886882722622989e-01,9.766322561905149691e-01,9.134096254197311415e-01,8.750815531155382576e-01,8.346886575452171497e-01,7.739730541257281438e-01,7.615119224641891948e-01,7.455849620558074875e-01,7.445500183314552878e-01,6.986003296763724224e-01,6.773500974543795738e-01,6.679772268174201111e-01,5.247098422855516198e-01,4.086964728257721502e-01,3.966117932793369327e-01,3.543684565481111104e-01,3.235457095449594256e-01,2.421564336000811002e-01,2.322092403885209766e-01,3.803566709460437512e-02
5.400140000000000000e+05,9.753642067039034469e-01,9.253157653485342138e-01,9.067224428077974574e-01,8.658577512659419995e-01,8.654583885584336000e-01,7.275133008022991454e-01,6.897137673853659390e-01,6.473776598137588323e-01,4.740596424553441546e-01,3.963055652078175672e-01,3.514057257341743901e-01,3.465485753612634889e-01,3.036106880988054257e-01,2.503094607700743213e-01,1.960325277244775455e-01,1.118444968351777202e-01,9.273756517157982771e-02,3.717884974632157391e-02,3.156054577195688271e-02,1.567961561570907492e-03
5.400150000000000000e+05,8.966549870162908720e-01,8.186465496381388762e-01,7.904589622508459978e-01,6.734121650099752499e-01,6.685395715155667551e-01,5.804185186973483956e-01,5.769967557171236106e-01,5.490293958481022862e-01,5.063815461163653220e-01,4.663689144985642132e-01,4.535749042558611110e-01,4.409478922526133271e-01,4.330344502129332973e-01,3.861372905714005599e-01,3.518315606626023495e-01,1.598516546290538187e-01,1.529102275639339092e-01,1.285258879799651144e-01,1.239661259945011862e-01,3.782939189845391237e-02
5.400160000000000000e+05,9.478883994529390122e-01,9.384771988136516585e-01,8.729219699923179698e-01,8.623514592813595891e-01,7.832487415991227220e-01,7.501459672518279165e-01,7.290335680840771548e-01,7.187213625245143511e-01,6.386605899764110639e-01,5.388035607514477521e-01,5.267806927399554251e-01,5.054425308495160696e-01,4.717890298762430490e-01,4.642801826812118504e-01,3.857387763136786996e-01,3.755606948142353740e-01,2.772259594997507071e-01,2.111446410938705442e-01,1.122093139562688746e-01,1.800677184902732542e-03
5.400170000000000000e+05,8.844923130676797252e-01,8.160525759145204061e-01,7.884354432981860450e-01,7.846794798333676102e-01,7.391164980728536227e-01,7.247224694612822704e-01,6.528499835533766449e-01,4.874494435105682921e-01,4.646906990034854745e-01,4.620376907484770035e-01,4.526246261291630990e-01,4.441849934426451707e-01,4.228675892435167505e-01,4.117350183171725186e-01,2.491334816515542450e-01,2.383335963897883492e-01,2.050928645460349253e-01,1.714259634317827352e-01,6.731822886187177613e-02,4.853432749655683942e-02
5.400180000000000000e+05,8.959111106566729488e-01,8.379777051486076989e-01,8.351671425725460951e-01,7.470671760270380934e-01,7.388296946361403439e-01,6.337242914031002705e-01,5.842763038668650211e-01,5.648375658918460829e-01,4.404755791057949343e-01,4.378671949617473080e-01,3.914055116339292262e-01,3.046782708333345413e-01,2.429530059934416064e-01,1.128376955851928543e-01,1.120329180088706078e-01,9.454887993493021892e-02,6.174320106306729894e-02,5.893472246438180573e-02,4.883504430777241279e-02,1.247514699075136235e-03
5.400190000000000000e+05,9.896266056527699417e-01,9.768274573302588859e-01,9.251203111867708495e-01,7.881103851541089167e-01,7.815678225562058268e-01,6.142774849965773054e-01,5.711009807498381718e-01,5.268312904759514526e-01,5.115706941825802767e-01,4.639873732028210185e-01,4.547163634479509664e-01,4.445540026600904859e-01,3.438908683766477292e-01,3.052012566574990871e-01,2.224915579183260883e-01,1.474302457647040931e-01,8.684224739309942542e-02,7.355375025274391021e-02,6.504979140014854888e-02,3.294636580133281090e-02
5.400200000000000000e+05,8.911904981025379202e-01,8.328876115460384089e-01,7.839027607626829486e-01,7.785497436582354824e-01,7.780082032323016872e-01,7.325523127315823890e-01,6.508503845796433929e-01,6.032864099872276009e-01,5.956557116000950058e-01,4.478680793136776694e-01,4.380113161946469491e-01,4.338326098919538243e-01,3.939425178976184716e-01,3.598297470681095511e-01,3.427365977128795649e-01,3.335031085144674057e-01,1.943881737776508301e-01,1.668904868355177706e-01,1.168418725331662467e-01,7.789735697217037291e-02
5.400210000000000000e+05,9.368816163864370772e-01,8.532490360043873956e-01,8.387181281264974864e-01,8.375605187884506142e-01,8.312307384345136718e-01,8.133146874895470502e-01,7.202739726244028473e-01,6.601581705628436492e-01,5.768160107958025806e-01,5.673738504824393791e-01,4.479052550850421976e-01,4.333175649265955665e-01,3.625835079432948582e-01,3.133765946455714380e-01,1.842018958668595330e-01,1.595392342455844714e-01,1.305653708536566038e-01,1.121968773255084262e-01,6.921902767694887437e-02,3.851753169069194183e-02
5.400220000000000000e+05,9.798277219492641521e-01,9.492696690087054634e-01,9.390494791819536946e-01,8.923000809747543283e-01,8.736309656349926511e-01,7.930941041084960119e-01,7.859442387074059289e-01,7.438519038231469205e-01,7.019313393760957531e-01,6.483500094512040235e-01,5.984384586583848531e-01,5.475664338467434167e-01,4.910873734667421386e-01,4.764867332140462208e-01,4.541291398720573858e-01,3.453752767993463202e-01,3.334471192072591128e-01,1.972243960816872921e-01,1.779160301842044323e-01,2.883025720001319847e-02
5.400230000000000000e+05,9.962776029589547333e-01,9.786631949881110515e-01,8.981600423925524268e-01,8.733608357701679870e-01,8.576566263813613089e-01,7.992802390264840406e-01,6.616748379561422366e-01,5.422243601333148755e-01,5.164309610301509590e-01,4.925485133397721205e-01,4.601700542902159574e-01,3.381202008112309532e-01,3.157173622763578269e-01,3.095129043581621442e-01,2.389659004890299920e-01,2.170630325896841795e-01,1.433866839175446106e-01,9.007059587212673524e-02,5.490624020380696635e-02,1.415764483678638719e-02
5.400240000000000000e+05,9.963421166729706790e-01,9.539780908265073078e-01,9.002712994037411764e-01,8.874099170127108804e-01,8.830074231183039357e-01,8.563666553410697047e-01,8.398716925358177265e-01,7.473279819764852006e-01,6.012494188633024095e-01,5.610341533360941879e-01,5.218941728948298664e-01,4.503791729828310331e-01,3.902020024242708329e-01,3.842149430432711954e-01,3.511078013344469673e-01,3.156766524055982792e-01,1.712313705970129885e-01,1.487687312203742618e-01,2.277719651281784330e-02,1.468377440591928096e-02
5.400250000000000000e+05,8.256418046980895653e-01,8.204916219013685952e-01,7.574030190188426603e-01,7.521186740885996702e-01,5.426442249777545523e-01,4.946402359923878223e-01,4.879162962713862184e-01,4.801673596267751476e-01,4.542001220234824777e-01,4.513039430343763758e-01,4.156353231924765357e-01,3.923893537033901202e-01,3.346277274455676798e-01,3.184934706554357620e-01,3.113049454174706687e-01,2.964709076117209019e-01,2.722112597564798619e-01,2.036202188347960851e-01,1.603861729760989174e-01,7.468092260478076394e-02
5.400260000000000000e+05,9.655536781669894486e-01,8.866087835740045220e-01,8.563095701434578766e-01,7.594201091766982215e-01,7.399778486544541511e-01,7.165216892969960005e-01,6.617411138284953198e-01,6.578980376296634791e-01,5.878243234502945613e-01,5.757834281404380361e-01,4.870223075703763449e-01,4.563414557466549670e-01,4.345420884661662653e-01,4.196036621062382288e-01,3.911878934620772741e-01,3.409626595965634666e-01,3.125095074969915787e-01,2.729230627232865913e-01,7.676384384852785736e-02,5.756348975611835783e-04
5.400270000000000000e+05,9.744868935699474433e-01,9.710311461230737295e-01,8.948547554327467290e-01,7.369080656586860512e-01,7.190224286794479891e-01,6.946271459556541128e-01,6.641803997830003636e-01,6.244982607855148471e-01,5.656094336363661768e-01,5.402107016651819249e-01,5.153690186449350064e-01,5.101967274396472796e-01,3.957043975384245682e-01,3.446028708815335184e-01,3.180584924492144694e-01,3.119064494941423682e-01,2.728169315515692750e-01,9.811660368514663055e-02,5.067570639225826845e-02,2.853926144445761981e-02
5.400280000000000000e+05,9.590585554136410451e-01,8.699491615711554271e-01,8.561992127835434951e-01,6.477914439973099237e-01,5.721687469621873356e-01,5.551608622792776337e-01,5.100709101358945619e-01,3.888270675624111439e-01,3.858178211628841003e-01,3.756262394827565299e-01,1.855889439975116906e-01,1.825169672811471910e-01,1.823483277185594664e-01,1.822477702824981671e-01,1.529695151798639019e-01,4.317291591106608983e-02,4.286189617743785263e-02,2.505249033798540026e-02,1.056327788706246107e-02,5.269662908183980754e-03
5.400290000000000000e+05,9.338480038389749271e-01,9.218685627450126097e-01,8.429854404752411545e-01,8.103402902979688349e-01,7.082856093205508463e-01,6.507134733198907117e-01,6.497034762957720755e-01,5.968018515902761001e-01,5.874873064590876437e-01,5.572439912731211864e-01,5.313056184394183701e-01,5.140883798941182636e-01,5.082140743100231894e-01,4.629508261079859910e-01,4.421084524173587438e-01,2.532494972490817453e-01,2.445788831111617156e-01,2.145773946715171521e-01,7.179277569807707149e-02,4.417227444245763746e-02
5.400300000000000000e+05,9.998715710188115224e-01,9.560745777625552222e-01,9.496473530542343111e-01,9.230184732013390070e-01,8.111954362273415819e-01,7.718962638123194608e-01,7.653710777661157927e-01,7.575445596035843554e-01,7.240764490998919944e-01,7.086683313463125744e-01,6.346757096453550240e-01,6.207471577755372394e-01,4.519057401641511929e-01,2.685675945725116698e-01,1.414792755381538703e-01,1.161891894149392757e-01,1.019934644678947011e-01,2.702057989524531134e-02,2.632519191660476210e-02,2.171850474741576775e-02
5.400310000000000000e+05,9.497687064291150394e-01,8.330088580918081353e-01,8.109670463121593231e-01,7.833286775163627036e-01,7.796885274388797304e-01,7.544936888432695055e-01,7.243573130981226793e-01,6.838516701124373043e-01,6.439300367927762725e-01,6.371736810046334520e-01,5.958746427195031892e-01,5.697477027664594740e-01,5.462645104127196172e-01,4.688768335462948356e-01,4.338912762578456261e-01,3.547180941864680470e-01,3.114709632595943356e-01,2.910373430912319703e-01,2.295726443134913364e-01,1.906966141050709940e-01
5.400320000000000000e+05,9.944432151966060562e-01,9.603824044027826634e-01,8.557335757632720252e-01,8.203494994750586411e-01,7.876219763578982125e-01,7.756951901057564935e-01,6.491392166844317524e-01,6.412732859061918145e-01,6.242874623639285137e-01,5.852248560642953068e-01,4.758817851806657062e-01,4.621425286314227998e-01,4.046273446516742700e-01,3.702249750480794965e-01,2.925659122665160705e-01,2.892793160915185791e-01,2.723957781707868619e-01,2.033203240597513117e-01,1.135657581028298724e-01,2.712106228301369715e-02
5.400330000000000000e+05,9.560464688947944989e-01,7.132079289095791808e-01,6.891538309057994027e-01,5.706278549179768511e-01,5.594914412655425107e-01,5.306679844654169642e-01,5.126207204831161324e-01,4.519613015514275522e-01,4.340552113166122883e-01,4.121494962634588699e-01,3.266681492546790189e-01,2.469741523872597266e-01,2.432632805563696987e-01,1.999576937300807655e-01,1.787710854439477082e-01,1.713016201614206979e-01,1.526425353933111850e-01,8.095525542704851141e-02,6.939551743257876826e-02,5.278633999335591298e-02
5.400340000000000000e+05,9.950888178122103689e-01,8.891977406665605432e-01,8.884318165249317500e-01,8.738742175691337488e-01,8.440384671837206643e-01,8.227340854547379179e-01,7.207776870677189418e-01,7.086328560787540365e-01,6.887025459800870664e-01,5.901081241369323660e-01,5.301547819255495453e-01,4.741636104434242549e-01,4.664800182994912614e-01,4.310068328589947706e-01,3.704122886307139595e-01,3.183072706017940900e-01,2.720982129471085642e-01,2.465898345939827596e-01,2.287317779858253353e-01,6.385515506455718970e-02
5.400350000000000000e+05,9.828535385410750447e-01,8.635422304012886352e-01,8.452217956902378093e-01,8.148931073925228530e-01,7.978503312689192439e-01,7.782611718217655739e-01,7.705701045536443861e-01,7.694798913054139433e-01,7.464673363803466799e-01,6.290648417997041220e-01,6.144784829633888057e-01,5.477598828131755582e-01,4.639257143954667040e-01,4.591334021344496419e-01,4.196128050237648566e-01,3.794186431181110208e-01,1.441571139793648149e-01,1.095829628655091703e-01,9.810899170545561709e-02,2.421161242599889629e-02
5.400360000000000000e+05,9.922971638765353264e-01,9.330013341079586020e-01,9.059769171975318169e-01,8.958050901510721253e-01,7.921801406898850706e-01,7.560467049868608846e-01,7.534844700996842226e-01,7.400483624746558853e-01,7.143584404106790853e-01,6.844808316543927740e-01,5.520833208974842421e-01,4.561061693666620398e-01,3.907489766399619979e-01,3.708051354779788866e-01,2.982547793069255659e-01,2.478425273177554677e-01,2.305818107757789948e-01,2.233534162924958322e-01,1.675306048131722791e-01,3.427851825182126611e-03
5.400370000000000000e+05,9.821886084391368010e-01,9.102612169288714083e-01,8.656236555385896647e-01,7.148910373906184335e-01,6.891712863782468723e-01,6.484149920502163544e-01,6.301682338693471719e-01,5.848319142876767796e-01,5.700681754628363906e-01,5.086236558118553130e-01,4.934995992589715774e-01,4.442493987285222046e-01,4.376107273902075656e-01,3.954037689277382084e-01,3.707794096108483206e-01,3.302616140127728750e-01,3.001364035871803004e-01,1.568368095303674936e-01,3.370241619156955082e-02,6.161912780297651437e-03
5.400380000000000000e+05,9.630689248551662640e-01,9.527065290349706617e-01,9.194513697154341747e-01,8.339455634303869491e-01,8.153182040710038603e-01,7.698232974709564580e-01,7.642704523828942609e-01,7.027321444307669251e-01,6.948448613571589494e-01,6.326405135397239476e-01,5.693593482128675998e-01,5.656216796020215876e-01,4.635909182044978261e-01,3.992323734705245375e-01,3.888098318115322805e-01,3.864275934769746401e-01,1.025750419299114036e-01,9.444185047575592851e-02,4.714758762366366707e-02,3.817379353764638328e-02
5.400390000000000000e+05,9.970953171435353868e-01,9.047849204273251678e-01,8.835419379216218339e-01,8.378044073327154395e-01,7.792335875988317673e-01,7.482661264376769816e-01,7.436305339771527301e-01,7.136617711826052091e-01,6.552957392859949382e-01,6.173626499412028235e-01,6.065930727588643157e-01,5.685439156803540062e-01,4.719719251500986701e-01,4.590604312068330417e-01,4.499045214760085676e-01,3.556175561999074253e-01,2.598657753194100195e-01,1.560188252905526651e-01,5.827940471320214311e-02,6.631329386297846185e-03
5.400400000000000000e+05,8.735984052181569037e-01,8.553078032741546766e-01,7.961343156590205972e-01,7.936024753836625756e-01,7.904746135937743556e-01,6.900590101098135198e-01,6.782209483108743164e-01,6.607673442775284789e-01,6.606697174113237425e-01,6.443278110642975953e-01,6.021409677226576829e-01,4.995177565722110913e-01,4.217777903496126024e-01,3.669649367584997268e-01,2.821058381113850100e-01,2.792610053732268449e-01,2.299293016456874783e-01,1.620760866219310703e-01,1.431911507344483248e-01,1.378351815376214207e-01
5.400410000000000000e+05,9.959770041795014128e-01,7.737797548631546452e-01,7.661195780489051810e-01,6.551430786320002753e-01,6.225244448390420127e-01,5.499062608196250146e-01,5.417609531566920378e-01,5.338245623562606346e-01,5.234608287455952969e-01,4.612477773538068426e-01,4.145254034058100112e-01,3.930396862026043214e-01,2.715916535731462966e-01,2.545898359765608188e-01,1.806522569049617832e-01,1.581737064364517886e-01,8.211749911742394215e-02,6.107782705484066099e-02,5.016149564783811687e-02,3.487596459259867387e-02
5.400420000000000000e+05,9.181951387355853367e-01,8.135326624628541614e-01,7.984260431447935957e-01,7.561538636032574257e-01,6.420357470447223269e-01,6.056387299552448145e-01,4.829788746218379725e-01,4.823854068981570098e-01,4.684082958897196614e-01,4.250546844919658174e-01,3.506138623623473727e-01,3.409307477964406141e-01,3.400115539905393947e-01,2.293501257833923113e-01,1.933174229329771565e-01,1.885847234896752544e-01,1.710719382318992565e-01,6.945871887336974027e-02,3.496974693183885208e-02,2.933475006473529323e-02
5.400430000000000000e+05,9.463654938806983496e-01,9.453745905121928583e-01,9.278030240306303078e-01,8.712125083120475511e-01,7.864996111340132323e-01,6.392436361565312364e-01,6.244430814849133426e-01,6.122333444607940267e-01,5.761043556697821311e-01,5.634930152232402456e-01,5.490848567891328802e-01,5.211590995111395896e-01,4.361039586978321392e-01,4.354468050874961138e-01,3.382781229981930426e-01,3.004680461173685480e-01,1.327106759055419749e-01,1.145082564208380616e-01,1.127441636631784094e-01,6.393473653674985879e-02
5.400440000000000000e+05,9.540421483047237805e-01,9.535000265953010867e-01,9.281785613866335716e-01,9.050956640697178646e-01,8.624820744786508842e-01,7.949992205468752182e-01,7.726034636448202431e-01,6.417141680358612321e-01,5.869161160794622578e-01,5.466489887210717047e-01,5.108440595137196949e-01,4.206279243262792678e-01,4.035550870897713915e-01,3.556982204489472776e-01,3.137016227989607442e-01,2.821979646313047541e-01,2.028960987465522336e-01,1.566660998326467880e-01,1.166217485057053915e-01,2.212615571491671762e-02
5.400450000000000000e+05,9.840970908196748912e-01,9.590462104041044267e-01,7.944527366598211904e-01,6.760621749643188627e-01,6.519017481675872805e-01,6.456526651851818288e-01,6.156622227616693754e-01,6.041274703725350026e-01,4.136187758566546302e-01,3.882087245293657229e-01,3.597193971236893884e-01,3.574880945961427248e-01,3.552689181192919543e-01,3.500016639746474922e-01,3.281747236510832444e-01,2.838613753761471958e-01,2.829903344181510239e-01,2.120446642454479891e-01,2.055602171584521853e-01,1.020425564373332872e-01
5.400460000000000000e+05,9.628523875732482029e-01,8.980482389755605199e-01,7.226268569392217955e-01,6.893523819668724295e-01,6.392096061809601215e-01,6.114351762197818285e-01,6.041640452561110042e-01,5.823666727694705170e-01,5.653754281220942923e-01,4.992223696064567173e-01,4.931076164248308080e-01,4.886281468538570261e-01,4.645823738363660249e-01,4.150322570177154002e-01,3.519033504553625846e-01,2.141368293233041342e-01,1.673302476734775945e-01,1.127646915049860254e-01,5.725154559792755560e-02,3.395569331804060287e-02
5.400470000000000000e+05,9.947216789707391538e-01,9.666880207932808666e-01,9.228754615013862184e-01,9.121954924916394480e-01,8.562011234775991353e-01,7.894751319345203466e-01,7.762233262081790208e-01,7.417355965692509212e-01,7.140976501020017686e-01,6.452696864717180070e-01,6.249712267881649685e-01,4.865136301677700503e-01,3.942822062699534724e-01,3.322017494345261834e-01,3.187641630500184231e-01,2.699538742472835651e-01,2.623201794967190414e-01,1.893447781090384918e-01,1.404082303736099435e-01,3.209775908828649271e-02
5.400480000000000000e+05,9.691499817685443885e-01,8.814369528227892214e-01,7.767845887282702755e-01,6.917838930133951569e-01,6.627011284050069451e-01,6.276501352912861043e-01,5.563490623282119074e-01,4.582590294485450189e-01,4.355878647543370841e-01,3.094290241852868384e-01,2.662447789453070701e-01,2.186108037739673549e-01,2.139131019010497292e-01,1.994192389724266379e-01,1.927128800339177328e-01,1.605672240251054816e-01,1.161918184367226603e-01,8.365767508970001209e-02,8.240709090626074929e-02,5.310225306901039666e-02
5.400490000000000000e+05,9.544558855007684306e-01,8.973354358049575596e-01,8.914561432994201340e-01,8.725175455155492754e-01,8.355870784535363027e-01,7.775869347484396510e-01,6.702763494419352597e-01,6.296358583798096209e-01,5.928575282034412863e-01,4.534664893707694988e-01,4.294303384742075291e-01,3.864535304360472434e-01,3.496086447349358028e-01,2.597671034864853512e-01,2.277396845102778178e-01,2.180152816352822764e-01,1.289519204854795431e-01,7.327768318997063268e-02,7.170835135770714519e-02,3.819833765803892778e-02
5.400500000000000000e+05,9.214700780539952785e-01,8.840007597338791490e-01,7.598870413070824004e-01,7.311911494169435199e-01,7.063587976908177746e-01,6.636047280135275450e-01,6.538651631309888579e-01,6.463562104175542000e-01,5.925936431366349844e-01,4.695472659986904551e-01,4.674383785455548113e-01,3.485586160413045587e-01,3.461536913026558304e-01,3.139736278246202383e-01,2.542621303489350781e-01,2.490500877474960406e-01,2.176387235143210086e-01,1.757914490064563795e-01,5.804446172476906973e-02,5.654296750624632217e-02
5.400510000000000000e+05,9.712114287432640491e-01,9.622533168236734324e-01,9.205236679998578531e-01,7.824090013179344494e-01,7.716228129648251555e-01,7.452190452625349071e-01,7.392372204048750506e-01,6.896676711792566472e-01,6.294005426412927484e-01,5.561545981346538436e-01,5.518521654177429570e-01,5.277584887446140627e-01,4.940979694594038740e-01,4.237488156577426945e-01,3.256092655251270340e-01,2.612609711373991006e-01,2.316996236883396287e-01,5.163363877591908846e-02,4.142802992161631614e-02,2.423527405082226416e-03
5.400520000000000000e+05,9.815127180785361283e-01,9.579712860584387313e-01,9.172921043930429841e-01,9.121418086443751072e-01,9.107003942102759320e-01,8.165536274546847384e-01,8.084452943413266146e-01,6.243826112161308117e-01,6.158979839707703352e-01,6.074626114128071075e-01,6.000184219352968640e-01,5.016024723420190456e-01,4.928984997227108256e-01,4.700585284613403303e-01,3.909364535344848068e-01,3.362815163941095253e-01,1.609090037177118848e-01,1.589846215674101115e-01,1.528499249035245589e-01,3.004497799891081566e-02
5.400530000000000000e+05,9.481904597618864283e-01,8.817395528447382613e-01,8.396812471547450141e-01,7.940644490354631380e-01,7.826636687837287276e-01,7.784651544701667314e-01,6.672242085550610380e-01,6.241116820821834832e-01,6.203022543249249177e-01,4.712803371988970591e-01,4.455896624056170374e-01,4.308279027953890727e-01,4.158519824961446343e-01,3.653713431034446568e-01,1.969452846941968094e-01,1.267618874187045330e-01,1.222161104227001971e-01,6.475752966268277788e-02,5.929434952126189096e-02,4.261518427601151959e-02
5.400540000000000000e+05,9.610409074448521549e-01,8.944843781969429308e-01,8.800229307677350787e-01,7.983381787049420586e-01,7.219091636178054383e-01,7.012021551080956927e-01,6.686944820065047201e-01,6.610467861014374114e-01,6.090362977732842742e-01,5.800161185901584471e-01,5.554110057096179887e-01,3.404725798521458513e-01,3.165997170102200498e-01,3.084109802905954378e-01,2.991698935213661370e-01,2.907680660314514443e-01,2.808753906855401272e-01,1.904935745957593296e-01,1.715594139598939361e-01,2.816034488432961336e-02
5.400550000000000000e+05,8.486673852805159957e-01,8.273096821868212158e-01,7.088462312864101111e-01,7.023397734059644293e-01,6.770159414285242816e-01,6.529851126299973663e-01,5.368564094942492870e-01,5.117520876419403564e-01,5.108376236908354073e-01,4.475554005781113842e-01,3.121114520071531784e-01,1.434543470337781290e-01,1.422857070033868299e-01,1.409178094059351238e-01,1.402590507938030751e-01,1.309504087766530933e-01,1.285965729273967906e-01,1.154320749059950524e-01,8.463248221031383078e-02,4.359129891162860648e-02
5.400560000000000000e+05,9.801787012827914980e-01,9.642374243320879224e-01,9.438038864466686828e-01,8.723007621960082725e-01,8.052203817986163248e-01,7.407331479350310888e-01,6.738055654874144373e-01,6.516827638925172250e-01,6.309989695396760467e-01,6.251412758711741846e-01,5.437224282205647130e-01,5.367276573092206737e-01,4.640628666135059310e-01,4.555327571627699745e-01,4.067458226659066423e-01,3.736514056198424472e-01,1.455352685342289343e-01,9.682189304180799372e-02,5.401061978578725054e-02,9.070318926553744276e-03
5.400570000000000000e+05,8.993048412989834706e-01,8.052269084979073455e-01,7.637901996778216906e-01,5.894009516039462326e-01,5.842587008239146229e-01,5.746046534623424629e-01,5.700990147969040578e-01,5.534339730025932269e-01,5.514367383818780111e-01,5.468173119500054913e-01,5.129300312887585811e-01,4.827320926476347251e-01,4.194244126639421477e-01,2.904214049250650742e-01,1.249160929709738355e-01,1.197385391169811797e-01,9.593643747548963319e-02,5.677727653717334899e-02,2.058546419091134005e-02,3.622534921103426342e-03
5.400580000000000000e+05,9.630043261147286371e-01,9.466337713803328890e-01,9.314298952497699347e-01,8.867542278350495355e-01,8.695375753950995712e-01,8.165769218033522847e-01,7.409710196093377554e-01,7.385353791752052866e-01,6.964210615320380882e-01,6.196307769263117438e-01,6.017069943888242456e-01,3.330807615809510125e-01,3.218198636040614513e-01,1.976514599599263899e-01,1.829649343176714682e-01,1.822052761133591270e-01,1.518050937006837353e-01,1.394691296592738272e-01,7.268173063689409297e-02,4.714831539115305059e-02
5.400590000000000000e+05,8.528062002495772065e-01,8.473726605559098735e-01,8.129803065981807686e-01,7.473767166034278597e-01,6.176257905485100785e-01,6.032041815406750107e-01,5.328126721030412849e-01,5.295747319346733040e-01,5.258634319969821558e-01,4.740195959021458183e-01,3.985196082517031835e-01,3.140172679709031245e-01,2.567872815324396818e-01,2.039213979392342502e-01,1.834428862901362756e-01,9.020275973665514702e-02,6.286174252540488450e-02,5.265661011984157369e-02,3.545628167708658740e-02,1.857708175928374228e-02
5.400600000000000000e+05,8.923313625739923705e-01,8.767128409712097170e-01,7.896667448185602511e-01,7.649076903482282530e-01,7.447422126711201740e-01,7.108686748048425041e-01,6.155639382071926846e-01,6.016956619184323785e-01,5.947727561380011796e-01,5.644888306384945320e-01,5.486989620291056191e-01,5.444325557962657047e-01,4.856299686930902748e-01,4.396010612404909201e-01,3.825598293360311652e-01,3.385038734845130515e-01,2.884765279629499801e-01,2.079431435452101518e-01,1.968188964397804552e-01,1.310424746360611126e-01
5.400610000000000000e+05,8.539730729875200099e-01,7.720710915925445006e-01,7.526969959084585104e-01,7.455199072788588621e-01,6.237477917164663266e-01,6.189145665185664669e-01,6.084227507215058672e-01,5.856916452222811209e-01,5.504518520378821611e-01,4.784784171789878693e-01,4.415280972563135897e-01,3.699221704420752044e-01,2.899130617765526274e-01,2.779757847421482353e-01,2.584829739221673472e-01,1.814669203148896459e-01,1.543576347881882027e-01,1.042868403704759750e-01,3.476600484841951832e-02,2.035344174670161710e-02
5.400620000000000000e+05,9.523990442433549752e-01,7.823887313583284264e-01,7.814752040276251588e-01,7.799114397703655888e-01,7.613539391506104481e-01,7.437981337289883976e-01,7.097897126968674142e-01,5.921833949384588403e-01,5.662068501467855119e-01,5.013513723082178020e-01,4.666993009643365387e-01,3.774051311747484982e-01,3.760493256751080704e-01,3.181661351054553277e-01,2.421915715228880606e-01,1.561074671709550277e-01,1.397127390554974147e-01,1.266353072175858685e-01,4.630438789164326163e-02,1.335156593795971958e-02
5.400630000000000000e+05,8.636105284264009585e-01,8.302314894909813558e-01,8.231546133655451847e-01,8.029022945126714772e-01,7.812142538172309747e-01,7.432994416103669844e-01,6.283836439909616933e-01,5.293140247240214480e-01,5.191728092159841879e-01,4.644409289791605611e-01,3.802538338605233603e-01,3.775879066115419569e-01,3.524578799441729915e-01,3.492509310379473542e-01,2.803594910694972020e-01,1.993489838248746482e-01,1.243199930239567985e-01,1.134496834020880529e-01,8.448022084661754860e-02,8.064424045362372784e-02
5.400640000000000000e+05,9.153029384050189732e-01,8.983694037521900988e-01,8.609798890659937642e-01,8.330380305561628784e-01,8.082509523648903071e-01,7.587909958213890915e-01,7.313871351781094932e-01,6.697411102893257029e-01,6.546644715510380186e-01,6.402564915123887257e-01,6.381871716811107209e-01,5.210884241330488997e-01,4.802578827560179953e-01,3.929913477190409843e-01,2.917059221863741447e-01,2.881817671911274248e-01,2.690700323403815153e-01,2.409820246526674925e-01,2.219774679598449652e-01,1.866118620347041457e-01
5.400650000000000000e+05,9.335794984971798050e-01,8.887503539911859596e-01,8.446555423773147719e-01,7.628213234221143946e-01,7.246942290145149679e-01,5.971251740328687996e-01,4.880477158865760279e-01,4.482605681483434745e-01,4.090741596846608763e-01,4.031710521230620348e-01,3.571873745606527484e-01,2.851348637887434201e-01,2.747553975394698700e-01,2.015067764164832909e-01,1.500574702651836789e-01,1.355153918825285908e-01,1.148130759847363347e-01,9.131197052375639167e-02,6.153277225792752603e-02,5.805324929742627926e-02
5.400660000000000000e+05,9.882202623385500928e-01,9.777229489822840680e-01,9.313548864223084589e-01,8.138877233591693683e-01,7.311205750143106030e-01,7.278544596210186901e-01,6.425313952728464173e-01,6.153612591889066064e-01,5.691485181101200164e-01,5.458748470858285629e-01,4.348281299533264255e-01,4.198483031225141993e-01,3.511127899019059750e-01,3.139906073586954394e-01,3.030405908549704819e-01,2.761966977081893315e-01,2.737272835626354262e-01,2.661333926823493679e-01,1.866871922299041531e-01,3.124255985080082176e-02
5.400670000000000000e+05,9.910600959564080936e-01,8.596413735594158334e-01,8.081896377796227160e-01,7.985022256911061822e-01,7.617633688490188515e-01,7.425873391596798934e-01,6.889121012405822198e-01,6.742363963130522109e-01,4.826609739572581548e-01,4.669021898335171672e-01,4.435134167961870544e-01,4.085929965224821547e-01,3.867675926492485372e-01,3.096856642367795676e-01,2.760232205975301500e-01,2.578555323664888377e-01,2.173716473339381006e-01,1.227732252997355555e-01,1.224411329367666168e-01,5.775622061824314812e-02
5.400680000000000000e+05,9.982595741604070039e-01,9.636079882737945690e-01,9.201360014444237567e-01,9.012227644055187392e-01,8.130352173597834575e-01,7.056373976741142640e-01,6.467736401028412185e-01,6.128226482360721317e-01,6.092383500848443934e-01,6.004505043784414964e-01,5.942294859250053518e-01,4.863758327382359248e-01,4.840704134042135287e-01,4.757125499107721645e-01,3.850338529247996355e-01,3.624301264924387755e-01,2.302393758732803608e-01,1.878095419859246995e-01,1.552993146739984898e-01,1.437676096656490543e-01
5.400690000000000000e+05,9.759489413867344920e-01,9.748239406065528634e-01,9.636356146428400882e-01,8.858944474043717321e-01,8.417886654330851703e-01,8.264423805033167536e-01,7.681395561613660883e-01,7.557950636439555447e-01,7.149786836278881896e-01,7.149671780785107345e-01,6.987978857951741007e-01,6.831207642815969594e-01,6.502736902731726110e-01,5.931275855246821438e-01,4.750512803749387114e-01,4.594311502866824659e-01,4.589626616540365411e-01,4.421280076946024762e-01,2.847962331552357229e-01,2.111027403151140014e-01
5.400700000000000000e+05,9.516434321182158929e-01,8.263989758204097757e-01,7.123269468045086983e-01,6.045435692194266464e-01,5.722900862645340370e-01,5.685018467292302091e-01,5.354510842362287804e-01,4.688977674172866150e-01,4.577829238954974622e-01,3.719317487572608716e-01,2.760280181239976871e-01,2.584127572227509217e-01,2.347792860074313648e-01,2.086916410512466014e-01,1.475983929532476147e-01,7.422568098515236468e-02,5.557968004521618433e-02,4.622046764500176153e-02,6.284222285558138665e-03,1.883195103485446609e-03
5.400710000000000000e+05,9.626021292101868410e-01,9.571521061184500301e-01,8.209012076595891827e-01,5.612459530494566806e-01,5.422237398275866482e-01,4.818187898518918599e-01,4.729053966865057745e-01,4.701113637938968415e-01,4.674580289088616780e-01,4.558333750597836076e-01,4.483250820366125877e-01,4.452254245474697170e-01,3.962525286805167468e-01,3.915467728291988081e-01,2.929928842942886025e-01,2.582366068229381417e-01,2.194942080449415744e-01,1.613752287142270481e-01,1.506879890968683133e-01,9.105078435171498619e-03
5.400720000000000000e+05,9.821722782142019437e-01,9.504570127282948588e-01,8.648836914568637235e-01,8.524416459139105839e-01,8.515780099916047119e-01,8.507903684390627497e-01,7.836592405108511183e-01,7.719094308174033747e-01,6.880243300645343396e-01,6.668606106568127911e-01,6.214136512803519752e-01,5.712804240703190928e-01,4.893360677274138926e-01,4.053780750872737482e-01,3.732942697983188118e-01,3.375439768085024550e-01,2.441739548951465943e-01,1.079952518008301388e-01,9.852291998065176859e-02,2.651963652809508076e-03
5.400730000000000000e+05,9.296116256320031690e-01,8.896177138465933831e-01,8.530571684269174781e-01,7.970185011628257987e-01,6.888304164641955163e-01,6.777201948443668522e-01,5.651435872777593739e-01,5.512078830670418261e-01,5.449876111186738870e-01,5.334125919692307427e-01,3.619996522036209585e-01,3.307657079920774956e-01,1.986394712853719602e-01,1.798771981855572522e-01,1.490676617410726656e-01,1.196196655239301077e-01,8.924489939645940950e-02,4.253230780303707270e-02,2.869384389201456997e-02,1.911780688130859662e-02
5.400740000000000000e+05,9.367308464501308274e-01,9.254874748694484898e-01,8.989410650379239254e-01,8.810668148166030944e-01,8.544715616193481189e-01,8.408715753047849573e-01,7.874192158176670508e-01,7.494794535844261363e-01,7.491129949121213549e-01,7.081149169688290002e-01,4.445882380482527596e-01,2.834387450120553487e-01,2.750918657039109760e-01,2.714933362529206029e-01,2.111814199248316370e-01,1.433123476129452012e-01,1.158140757084998862e-01,1.139884627132969896e-01,6.917496100233377909e-02,4.316508772107641168e-02
5.400750000000000000e+05,9.989453099825799098e-01,9.338345828888621192e-01,8.570957408230350794e-01,7.338033988370206151e-01,7.184212348644501978e-01,6.599073199308299609e-01,6.216370760990612698e-01,6.121192298374543705e-01,6.066011674541946785e-01,5.704500508909573497e-01,5.379769561047451631e-01,4.375618099473073119e-01,3.896120771129600868e-01,3.693025269546317269e-01,3.623467740684758187e-01,3.334523243541640536e-01,1.908846585254344586e-01,1.542701869772735712e-01,1.514866969470866076e-01,1.485582326569360179e-01
5.400760000000000000e+05,9.705600989050486849e-01,9.701338130532451975e-01,9.026429738530163949e-01,8.625653139886385601e-01,8.386770763183484245e-01,8.266501928216322126e-01,8.098995541362786765e-01,7.994541119713015620e-01,7.980408272268085801e-01,5.919333926166949755e-01,5.635551337343454037e-01,5.526936405652705941e-01,5.087415016574057258e-01,4.889254482363163401e-01,4.787309293500212615e-01,4.053415136595287516e-01,3.853442445086215917e-01,3.815635906059298144e-01,3.206380030739031106e-01,2.527230017653125937e-01
5.400770000000000000e+05,9.870367460609427157e-01,9.209450230841013108e-01,9.174560480257755168e-01,9.145900253648615585e-01,7.848138634546882875e-01,7.788712505900570182e-01,7.664245620877427889e-01,7.345396842618768796e-01,7.292352679722321485e-01,6.520972599934861114e-01,6.136700162180729334e-01,5.350780266729089352e-01,4.916683688894855075e-01,4.057630005813955831e-01,3.529354362633816411e-01,2.700840303474372206e-01,2.013007098648501580e-01,1.828183032124321983e-01,1.336531993182926703e-01,1.087300108573037161e-01
5.400780000000000000e+05,9.516612338695292772e-01,9.516206036036617411e-01,9.106579508187298000e-01,9.094970398570845216e-01,8.922060602398639295e-01,8.853852867351432732e-01,8.733552380929209269e-01,8.342590686169957248e-01,7.924110832504672741e-01,6.931144858852421597e-01,6.907112144509581775e-01,6.539557280502457104e-01,6.015109408868573038e-01,5.012895449362503308e-01,3.610211128194156238e-01,3.128702119054400654e-01,1.348687732059314914e-01,1.254748442821310705e-01,1.053303724813769993e-01,4.516664646024348695e-02
5.400790000000000000e+05,9.552952840337995966e-01,9.013750128047484100e-01,8.896250867991405409e-01,8.460173095226194429e-01,8.378195914584201098e-01,8.139868859503812670e-01,7.040004180063927919e-01,6.687994298408809213e-01,5.269317291385198221e-01,5.058133319673890904e-01,2.853338567966995365e-01,2.494501044731808337e-01,2.271850249011242440e-01,2.093524840957083910e-01,2.076901576411523953e-01,1.763243544232765414e-01,1.611648495570811024e-01,1.014174324893498680e-01,9.861581288283738367e-02,2.587113248108197094e-02
5.400800000000000000e+05,9.620530232467979781e-01,9.435028220115738717e-01,9.205807335114318812e-01,8.696826698315895943e-01,8.053296743673203917e-01,7.921446098203015485e-01,7.847235222439854496e-01,7.795411052857605938e-01,7.272434471898627795e-01,5.348428757773370235e-01,4.212709594311172534e-01,3.409780906223882635e-01,2.824506032383008458e-01,2.757724225825609610e-01,1.145481895071377432e-01,9.291386026578740687e-02,9.280532820721854037e-02,7.045748427297304772e-02,3.660549944887026008e-02,2.745732517781152016e-02
5.400810000000000000e+05,9.541336275179690407e-01,9.249010547707715579e-01,9.005656011878611089e-01,8.701917776157374051e-01,8.627492077883504029e-01,8.143880870550690432e-01,8.030495986142159870e-01,7.038169975316537208e-01,6.282139389687513287e-01,5.908914770595469212e-01,5.800031809255452586e-01,5.200487688279750165e-01,3.877261903755940819e-01,3.568546521801675420e-01,3.308708001880349414e-01,2.774192274340039344e-01,2.309880074100748582e-01,2.151624258055429006e-01,3.993017532486098364e-02,1.575505136142507645e-02
5.400820000000000000e+05,9.696481648481608540e-01,9.568660022297172940e-01,9.090451943231344645e-01,8.816991383351663325e-01,8.768476162187885947e-01,8.707997479932941820e-01,8.520390004707321108e-01,7.617544410074015282e-01,7.433505338300737675e-01,6.770576317849988923e-01,6.024686160510039912e-01,4.065983292657979753e-01,3.621820170796509197e-01,3.480571348734903259e-01,2.422511023190873081e-01,2.051927595133864468e-01,1.205960542928025125e-01,6.542028939308652813e-02,3.858045157215961307e-02,4.827807512069348661e-03
5.400830000000000000e+05,9.811215283208222226e-01,9.749206361862343684e-01,9.334555668351649516e-01,8.275360392033281887e-01,8.212793794661940039e-01,7.950864093244057740e-01,7.372507606405450664e-01,6.973768705971383763e-01,6.650471184145202441e-01,6.554561676111820834e-01,6.356821611321616938e-01,5.245422234162424591e-01,5.022848884383062096e-01,2.778567575796436762e-01,2.581664463631834217e-01,2.397976920230665554e-01,1.844276372640981654e-01,1.336286353290869755e-01,7.149736569034803590e-02,2.259860959001025460e-02
5.400840000000000000e+05,9.380317998028309123e-01,9.368740680865285109e-01,7.992044811321928899e-01,7.971877888258867006e-01,7.399415960388255886e-01,7.381632221195784105e-01,6.836526745673997540e-01,6.176652367123136589e-01,5.999055177904025760e-01,5.644872583815339073e-01,4.543580537392035712e-01,4.418587098744907182e-01,3.474259433855737544e-01,3.083973667001397301e-01,2.753843011882556313e-01,2.690981095350261088e-01,1.748849472328699584e-01,1.535517271207667012e-01,1.167995285970202524e-01,3.713056552769700147e-02
5.400850000000000000e+05,8.791352827815914761e-01,8.169249914250820144e-01,7.942441688663315347e-01,7.823851629508055128e-01,7.670612224246009525e-01,7.312502216033319735e-01,5.217754797572156100e-01,5.154230694068721030e-01,4.489240569502978007e-01,3.638444768813297037e-01,3.346205165734211784e-01,3.274897308599080681e-01,2.429281256820078339e-01,1.716073165384205401e-01,1.261067316705272168e-01,9.794590478667619671e-02,9.182695607392010739e-02,6.044496185019587742e-02,3.902727629242119800e-02,3.645742738843982256e-02
5.400860000000000000e+05,9.820939114443513196e-01,9.732813472398060828e-01,9.524863672812031723e-01,8.976145491254828856e-01,8.790762368987492525e-01,8.335736081518283491e-01,7.837878379369448423e-01,6.970521107860607746e-01,6.450564962596893048e-01,6.246626783864501764e-01,5.362794983807644966e-01,4.270873960623988719e-01,3.643921044141912313e-01,2.589491904897526231e-01,2.571318985035930815e-01,1.950721982219676409e-01,1.848606037949764858e-01,8.548770126469817932e-02,7.227048534852120731e-02,3.709814375461228941e-02
5.400870000000000000e+05,9.768681053402078485e-01,9.228097964636631234e-01,8.995316822091871112e-01,8.715462794187416318e-01,8.553914490911340707e-01,8.342185808219512166e-01,8.284335856474736026e-01,7.803078564382719406e-01,7.784718171265910813e-01,7.735263078580613127e-01,7.263303858975821425e-01,7.250664292797328603e-01,4.982916547348809067e-01,4.337436702037137382e-01,3.778521225093164349e-01,3.299568586854795260e-01,3.115207383159714905e-01,2.814853103276518942e-01,1.732863688142745051e-01,1.587076114171002139e-01
5.400880000000000000e+05,9.534418819095692443e-01,8.064560141625402023e-01,8.048610006761106606e-01,7.810909284165661326e-01,7.799114319765944048e-01,7.768790995678002131e-01,7.691640104672216038e-01,7.607537667165057416e-01,7.013453478658165929e-01,5.212599598832218240e-01,4.853528582571589034e-01,4.782165929183269659e-01,3.709096946544314655e-01,3.431031107784945355e-01,3.258109418120878065e-01,3.207767272085791932e-01,2.980678942680364818e-01,2.934268798444686910e-01,2.802838823448291494e-01,9.637661892467652702e-02
5.400890000000000000e+05,9.578657685671133626e-01,9.493024024292429086e-01,8.869773059020255035e-01,7.414371558966965647e-01,5.713944210057482209e-01,5.707398417667834956e-01,5.535404522614523204e-01,5.070583355561324446e-01,5.069668647163844133e-01,4.536647159180079436e-01,4.464363170248201174e-01,3.969681530399106206e-01,2.704324275128596744e-01,2.639356079053053472e-01,2.184045813328130414e-01,2.031843771160334322e-01,1.671256986171116843e-01,1.278142408243233552e-01,8.045775136981780928e-02,2.574974440797761499e-02
5.400900000000000000e+05,9.807418114611337057e-01,9.139547278241251238e-01,8.652409144403055974e-01,8.014043276860336462e-01,7.793930750355364534e-01,7.495654302913397071e-01,7.025707411496538990e-01,7.025706708291911129e-01,5.727841372195983105e-01,5.424524361747405932e-01,5.107943479887993021e-01,4.942264647680063572e-01,4.744178700884145172e-01,3.259674000737584620e-01,3.204898961248965339e-01,2.910828443273180133e-01,2.514304282774001420e-01,2.282590974460129152e-01,1.157092642720596309e-01,7.420119845571870876e-02
5.400910000000000000e+05,9.633604628508680712e-01,9.229949755079720486e-01,8.387588770350362655e-01,7.210974151123449305e-01,6.697234948292150047e-01,6.662718883967787553e-01,5.305795866843561193e-01,5.247511926844956598e-01,5.068832663703746189e-01,4.545712349157768895e-01,4.299809659450199995e-01,3.966206224954972326e-01,3.912030486755478931e-01,3.892777165450108656e-01,3.787548199778241198e-01,1.524978395504782425e-01,1.125004950372632262e-01,1.016839294286089324e-01,8.221140423973227751e-02,7.442069055783240294e-02
5.400920000000000000e+05,9.976492213980890922e-01,9.869099132354826054e-01,8.320488148756989277e-01,8.187878720056682713e-01,8.125180721098238523e-01,8.093287187659142790e-01,7.756257496439343813e-01,6.845863587827614172e-01,6.749113814992137028e-01,6.162045833870531952e-01,5.803794011539629150e-01,5.584093695710924399e-01,4.348245284951942624e-01,3.735694674120602077e-01,3.442479334535952784e-01,2.810273523037792875e-01,2.576263469817900997e-01,2.020923275946343578e-01,1.768311411355021345e-01,1.455760983123995933e-01
5.400930000000000000e+05,9.979607714132100460e-01,9.545365029465748830e-01,9.200310852333759559e-01,8.662124105048102374e-01,7.467480365438304846e-01,6.888442291966813125e-01,6.864279996722364441e-01,5.995044294376588034e-01,4.494671714616185199e-01,4.413491511073913687e-01,4.181888837943846804e-01,4.149346109314145936e-01,4.147607688631160805e-01,3.153649393127773148e-01,2.790985337240280417e-01,2.371134271088168877e-01,1.867294106374887130e-01,1.720986915912651183e-01,5.450129197695074978e-02,1.518062348211612900e-03
5.400940000000000000e+05,9.843404813549329058e-01,8.908334200119223389e-01,8.715121579584722555e-01,8.632312181573169596e-01,8.420834508125348838e-01,7.923709272916591440e-01,6.977156692516328640e-01,5.837544002535814958e-01,5.739385103229217577e-01,4.916994589901700907e-01,4.905798506329074327e-01,4.098333509832290389e-01,3.174370232853054308e-01,2.677375409363593750e-01,1.700958390732214554e-01,1.350566020686682078e-01,1.163644917100913334e-01,9.131282157967945956e-02,7.380008214874889116e-02,3.978041853844238585e-02
5.400950000000000000e+05,9.075740655628037334e-01,8.768424600120136025e-01,8.293830410394069652e-01,6.851972874172009842e-01,6.307417565343925725e-01,5.967933214507177286e-01,4.946727310853974435e-01,4.738632468686652111e-01,4.702583754867968313e-01,4.471632913076465377e-01,4.425237952056422230e-01,3.803666066657270806e-01,3.546174704716220649e-01,2.956005681119153738e-01,2.830848672015416900e-01,2.406841321299774128e-01,2.288266048847014122e-01,1.118778695668980472e-01,6.047881162279999945e-02,4.413464033670932984e-02
5.400960000000000000e+05,9.648963413288661473e-01,9.495549297913603581e-01,9.436233661484283441e-01,8.510966414132445923e-01,8.130942914200024463e-01,6.977472511762368157e-01,6.853522201108287470e-01,6.835843885163037648e-01,6.531902944298996205e-01,5.993655408523007599e-01,5.825033100375534012e-01,5.723599176410829603e-01,4.596365821805672436e-01,4.517975011346849756e-01,3.427938478870057315e-01,2.916341503649575451e-01,2.861086331042267394e-01,1.891136017551786619e-01,2.961178192840774326e-02,2.105446453029546916e-02
5.400970000000000000e+05,9.750004478952820630e-01,8.977804536366784660e-01,8.578053426449375740e-01,8.094693782711017693e-01,7.679637921100673781e-01,7.433948093710061045e-01,6.857558678114472617e-01,6.458756774143868951e-01,4.930881312723779386e-01,4.618866906100528302e-01,4.495432480950092291e-01,4.233857288075942860e-01,4.014447405208555475e-01,4.011958279672057648e-01,3.842193561747118125e-01,3.742938751656218477e-01,3.573412004212370707e-01,3.565900740263440172e-01,2.510562605159842864e-01,1.759147019452517169e-01
5.400980000000000000e+05,9.894229059179229235e-01,9.489347693696209562e-01,9.314974192037712708e-01,9.295079645933002066e-01,9.064369685316322478e-01,9.008544064687841191e-01,8.285212600608483635e-01,7.361262982411983513e-01,7.232774790456538705e-01,7.025227482314705396e-01,6.982030022172170947e-01,5.622620177612029924e-01,5.506061401612348805e-01,5.033596074266857290e-01,3.493878935583301093e-01,2.874701868361672075e-01,2.647738557966727857e-01,2.352738668401352928e-01,2.343535323684767802e-01,1.669037006483430341e-01
5.400990000000000000e+05,9.917540128938523436e-01,9.544956661544489185e-01,9.487712763603368682e-01,8.729046430114648647e-01,8.665669169314834663e-01,8.594134236707280383e-01,8.480901156883711156e-01,8.211135318172023689e-01,8.106483512632839394e-01,6.731803870739508922e-01,6.599048782510361644e-01,6.470742982734811743e-01,5.858742164051554679e-01,5.175715955912332245e-01,3.816137604937819283e-01,3.614727401970234677e-01,2.205198201544106285e-01,1.526133555047589629e-01,1.438999215522200892e-01,1.132393357356886732e-02
