1.600000000000000000e+05,9.446448943489473837e-01,8.696249322884554989e-01,8.462316424605745846e-01,7.522459236733934906e-01,7.193497646665867329e-01,6.003316447158623115e-01,4.993803985444434934e-01,4.609249511821420509e-01,4.553105288614756052e-01,4.546079048882005758e-01,4.537756555625839239e-01,4.266493866393581413e-01,3.710815821309618734e-01,3.005080617149550326e-01,2.476494730877722983e-01,2.259968532351845916e-01,1.930290222913328968e-01,1.088599435287450623e-01,1.013671301426574134e-01,9.036708902158585577e-02
1.600010000000000000e+05,9.484444194948674633e-01,9.475589315839660909e-01,9.462050524894111136e-01,7.844620307455882902e-01,7.823108880456048908e-01,7.738049034322825870e-01,7.350186544155032919e-01,7.335719282397770158e-01,6.817750385555244597e-01,6.057655608809291437e-01,4.498304162630318848e-01,4.036430123712420048e-01,3.847183241877726312e-01,3.709839805056582840e-01,2.251129898269008667e-01,2.162347243883021575e-01,1.235091560655733334e-01,7.407850766582091406e-02,6.612235038627767292e-02,5.554011607523035021e-02
1.600020000000000000e+05,9.879755474073910193e-01,9.749840078669061993e-01,9.637784582221050611e-01,9.436537449052898596e-01,8.760483125165144935e-01,7.947722935055124838e-01,7.872627219149548328e-01,7.286243663735024745e-01,6.941982639663362153e-01,6.772134839240401272e-01,6.163351416301154906e-01,6.124739411748324480e-01,5.925704399661295696e-01,5.822376015866754795e-01,5.216516790698111361e-01,4.521621185498504447e-01,3.346545897490024180e-01,3.163076584753174991e-01,2.273598878626016395e-01,7.945527383828376866e-02
1.600030000000000000e+05,9.989776532140636212e-01,8.773275225676337996e-01,8.058088826728334597e-01,7.675887610601525024e-01,6.753998774661761351e-01,6.580929470674820037e-01,5.080792532282909502e-01,4.747161932198576961e-01,4.503286634477889905e-01,4.155868903596574571e-01,4.093239025815919030e-01,3.981071076470770187e-01,3.452124439776178555e-01,2.906790577006124199e-01,2.773461642599913679e-01,2.388050888451929143e-01,2.252319149077088856e-01,2.087719891190890076e-01,5.795949031921587835e-02,2.574559036389256761e-02
1.600040000000000000e+05,9.936420363547964207e-01,8.161496855624488234e-01,8.134758093648538635e-01,8.123874633926588817e-01,8.024679208561836807e-01,7.592357666273106265e-01,5.497882762463887074e-01,5.216628795144705455e-01,4.807459304503660658e-01,4.185299688971245713e-01,3.604354882828523232e-01,2.977513621294657353e-01,2.166902653145881263e-01,1.406505620742648510e-01,8.213313371656227879e-02,6.890143371479595658e-02,6.610261915046944381e-02,3.370103997382678518e-02,3.006471743865413160e-02,2.173709687864255891e-02
1.600050000000000000e+05,9.157375228651672971e-01,9.053044024232305143e-01,8.376162120565995295e-01,7.688154127070726540e-01,7.488119465709618394e-01,7.426357069075590900e-01,6.640603626035346263e-01,6.381432410542389189e-01,5.563676222066751276e-01,4.883564186783848626e-01,4.070837479812016158e-01,3.727916492194666143e-01,3.400982852854432803e-01,2.405914581225986337e-01,2.387690618191380398e-01,2.215978077882457820e-01,2.079735251124698037e-01,1.841176640201142023e-01,8.933524653470126253e-02,1.843900048069357922e-02
1.600060000000000000e+05,9.828516701748530870e-01,9.722122614927278805e-01,7.358246123837524078e-01,7.142530740882087059e-01,5.921980981584727965e-01,5.900748788557187430e-01,5.743139108338318755e-01,5.148377516340992832e-01,5.079528365839490744e-01,4.555741615053288118e-01,4.207023760878422225e-01,3.950631179891469502e-01,3.949872443285381562e-01,3.690809314940698416e-01,3.106353475677365861e-01,1.933380199828615975e-01,1.657478819510368462e-01,1.515032627635334306e-01,1.046234760665881725e-01,1.369803699835137056e-02
1.600070000000000000e+05,9.758725608161910037e-01,9.370932184181078872e-01,9.117906420499413134e-01,9.081948234496528549e-01,8.289779053621022520e-01,7.954952856146328966e-01,6.570357189875124515e-01,6.367273607119184886e-01,5.856693570717229624e-01,5.144753821204040012e-01,5.003617371256204871e-01,4.422590339759741029e-01,4.238653549073060356e-01,3.778076032911548143e-01,2.559406002861834839e-01,1.984110114426799187e-01,1.368605815968823025e-01,2.037751329771619879e-02,1.336702185501359441e-02,4.746359123643739686e-03
1.600080000000000000e+05,9.913575017230132902e-01,9.389854754782653856e-01,8.885366210500798001e-01,8.203563024260154268e-01,7.635042779105581934e-01,7.281140338413155666e-01,6.926765078122844033e-01,6.851386268500320176e-01,6.738160939365043234e-01,6.073853394373648351e-01,5.928089717884018617e-01,5.031048209996992204e-01,4.936852076399114164e-01,4.715304098968412516e-01,3.704238240138205684e-01,3.421342971356605700e-01,1.170880453830936974e-01,7.608740014776860239e-02,3.026821898817355638e-02,2.577448754869948733e-02
1.600090000000000000e+05,9.811365772787584705e-01,9.738955753399558546e-01,9.735662236518433099e-01,9.650399057406254810e-01,9.553516041019656235e-01,8.475534346657165319e-01,8.289248109728521996e-01,7.466482375586578346e-01,6.820478174662272242e-01,5.738367709830698438e-01,3.954412618286502479e-01,3.700115525306100217e-01,2.486998252098256978e-01,1.201188067104895785e-01,1.006674943315596371e-01,7.889732888318845561e-02,5.590689071615684291e-02,5.094097640595307563e-02,3.990172198266062065e-02,8.007358117985474699e-03
1.600100000000000000e+05,9.724745247993775710e-01,9.249853338346116782e-01,9.146017881567590768e-01,8.995821151966260087e-01,8.108995644993194363e-01,7.863930691383225202e-01,7.712430481851321185e-01,7.513720370525548420e-01,7.063630486814409526e-01,5.348972650298804421e-01,4.774049003982274719e-01,4.477292219518238525e-01,4.162729891708017993e-01,2.940180553353559656e-01,2.272924680885639592e-01,2.222904079304341973e-01,2.199572643031780794e-01,9.443712930793268789e-02,4.977158405629400484e-02,4.795910013167548058e-02
1.600110000000000000e+05,9.894531975102184296e-01,8.993186997968927177e-01,8.912274105942465940e-01,8.038016122031627075e-01,7.657720716248006543e-01,7.456151948809892627e-01,7.390670379033837945e-01,7.283274961102288447e-01,7.156212310118775788e-01,6.605713344239400042e-01,4.014015618884605452e-01,3.627978097712042382e-01,3.127445194364952830e-01,2.943035945951264498e-01,2.731840063259383111e-01,1.860674872779064515e-01,7.395288719884762774e-02,7.024951637054155373e-02,3.490086189646701698e-02,2.499374877621696189e-02
1.600120000000000000e+05,9.843132359831568978e-01,9.132612461361216960e-01,8.354068537197096855e-01,8.125511300733738729e-01,7.208178666054458894e-01,7.127227629215219240e-01,6.519948631637888514e-01,5.749414082540877935e-01,4.785810753216254154e-01,4.569897823711147611e-01,4.260281911194370164e-01,4.073528068500351651e-01,3.724107869842051555e-01,3.081565796683969349e-01,2.821220355222365805e-01,1.961532991602082943e-01,1.835035641280490237e-01,8.814875215984563361e-02,2.948557766519577239e-02,9.665940004469963931e-03
1.600130000000000000e+05,9.708205174706884266e-01,7.962707978470892067e-01,7.902525698046114488e-01,7.274540362252482906e-01,7.231127480500950666e-01,7.227213575873303597e-01,6.976069007095907493e-01,6.679598881296288093e-01,6.457902458765992781e-01,5.678861619720941833e-01,4.298403462154309906e-01,3.833565963137555155e-01,3.224055749858917297e-01,3.194862856309810262e-01,2.787051965191573721e-01,2.421914630783866818e-01,2.304004273201023523e-01,1.083997145498276637e-01,8.817550776739813134e-02,6.029564201777448673e-02
1.600140000000000000e+05,9.792111568580612602e-01,9.511025008840376938e-01,8.798385006743844050e-01,8.337445067072082328e-01,8.229366034604130853e-01,8.053255897557362042e-01,8.015888669394934940e-01,7.834363432480080380e-01,6.579166447721168653e-01,5.901348483587397498e-01,5.409700383667601642e-01,5.393822556899495746e-01,5.307607241771128415e-01,5.146912882185432636e-01,4.842249548541538440e-01,4.463491590306557510e-01,4.420713443745888371e-01,3.450222171692093331e-01,3.235768829614227293e-01,1.201614322757161846e-01
1.600150000000000000e+05,8.882545106525551182e-01,8.489595874590842861e-01,7.102089170934204887e-01,6.757483728816775503e-01,6.438105555722807294e-01,6.274953312821215379e-01,5.472449290296448332e-01,5.438464629594632616e-01,3.963689901316911346e-01,3.228715655745763025e-01,3.196518285398156634e-01,2.494312825114950449e-01,2.275103325361022000e-01,2.060818604506895468e-01,1.699982989547248469e-01,1.284831323295261285e-01,9.217059126494198118e-02,3.661868448753780036e-02,2.752617849369787262e-02,1.651664474523240056e-02
1.600160000000000000e+05,9.775496211205662034e-01,7.902522675131886665e-01,7.216870012940354018e-01,7.058769070153056990e-01,6.720010679262733433e-01,5.496456072404176663e-01,5.202571359883911839e-01,4.484342808262068436e-01,4.241838755220957990e-01,3.732425424187143514e-01,3.498514940707024845e-01,3.412297369504416755e-01,3.104862799120085004e-01,2.936670060743052924e-01,2.502088861275806320e-01,2.486122149437245410e-01,1.867386835013131741e-01,1.093122426358426047e-01,7.856321972208402116e-02,5.590381595493276734e-02
1.600170000000000000e+05,9.967136958513409528e-01,9.320731331186984381e-01,9.130939892974893057e-01,8.523948491038856323e-01,8.164584690596363714e-01,7.946484576405158373e-01,7.736144873787396126e-01,7.354257037231312077e-01,7.338772602975438542e-01,7.120690097637143445e-01,6.789180462429382779e-01,5.900477068104890144e-01,5.546358692677012536e-01,5.461842464264057284e-01,5.085903162197116245e-01,2.155904200090462686e-01,2.054010823404128772e-01,7.933764202856097292e-02,7.008514194235426764e-02,6.023716755678520940e-02
1.600180000000000000e+05,9.844738305518087040e-01,9.470523563484081198e-01,9.099703789573079238e-01,8.993444290546415143e-01,8.509752005472540626e-01,7.923890561670839938e-01,7.439145967196221232e-01,7.124498220799144743e-01,5.639013025047771022e-01,3.972497942330421861e-01,3.713076516833243579e-01,3.357633282689247434e-01,2.700151506804852053e-01,2.537924804809567059e-01,2.383577097620673824e-01,2.183220833694946572e-01,1.280267735873933388e-01,1.242900931923874852e-01,5.800055640197154805e-02,5.127618637166053706e-02
1.600190000000000000e+05,9.495053007470641848e-01,9.433867430062863324e-01,9.131148174869835321e-01,8.243355873818937196e-01,8.218927633912529451e-01,7.328610236481793994e-01,7.297397938790095573e-01,7.116979976926572915e-01,6.310344904671019162e-01,5.271857078580025613e-01,5.009295507781948986e-01,4.270411406221650275e-01,2.966014661446523260e-01,2.880804314868171678e-01,2.806266979628555536e-01,2.596660808490202088e-01,2.159092311259270813e-01,1.388863556924051501e-01,1.172939224445956885e-01,3.309062810177088032e-02
1.600200000000000000e+05,9.679585364266926062e-01,9.375710021918282067e-01,7.970932209068675167e-01,7.381118879973894709e-01,7.098771264955672233e-01,7.072850860020659658e-01,6.939072361486896545e-01,6.793064080855228948e-01,6.708397845944238380e-01,5.672364386412032111e-01,4.726929460298872065e-01,4.427189963508169068e-01,3.516442829166194217e-01,3.389111096256901545e-01,1.750167334060482860e-01,8.074762773991617237e-02,6.878818100285766235e-02,6.370276274353048329e-02,1.802327695412175856e-02,1.122502051169571580e-02
1.600210000000000000e+05,8.526825397020743047e-01,7.871772177172223772e-01,7.670729041341511900e-01,6.818085846591293020e-01,6.701803059096937965e-01,6.213418369415947273e-01,6.089265650332152946e-01,5.240051604822467679e-01,4.687104666601812353e-01,4.542519265779002557e-01,4.369657896920949858e-01,4.359588881677631811e-01,3.125405942877383936e-01,2.586270270690338435e-01,2.458758724274552332e-01,2.383667440315669905e-01,2.207465127984119535e-01,1.316894196798948924e-01,1.210724517563630531e-01,6.136683718617830241e-02
1.600220000000000000e+05,9.183458562418983506e-01,9.126311943103324609e-01,8.879385375759825116e-01,8.675846661255942616e-01,8.081422450201294350e-01,7.898764455019197106e-01,7.525504157006986938e-01,7.096301277736960511e-01,6.645846257676406577e-01,6.399269588465545944e-01,4.816456015610651731e-01,4.698863933581701735e-01,4.574798670478897877e-01,3.672682930985099459e-01,2.498400326144210037e-01,2.480930676477102192e-01,2.177424452619872719e-01,1.681609368914576130e-01,1.122536610373885413e-01,2.417352819432849742e-02
1.600230000000000000e+05,8.856697414069965024e-01,8.664434609755576888e-01,8.587011460508163774e-01,8.505413595591977405e-01,8.241254432808150510e-01,7.532976810755618313e-01,7.486579154326820085e-01,6.406684274080038932e-01,5.892044546222515722e-01,5.446582064538457724e-01,4.867843776606476380e-01,4.297340333634529497e-01,3.891679840935409196e-01,3.627615411849726135e-01,3.334945717016533084e-01,3.007614069603571361e-01,1.820064077395017188e-01,1.717641631010966563e-01,1.644235775547336909e-01,4.008498296728368882e-02
1.600240000000000000e+05,9.241333336444346180e-01,8.962540327439695309e-01,7.721968735509512349e-01,7.690036136254219112e-01,6.676825383394341396e-01,5.968335775753899064e-01,5.836185398748393593e-01,3.434571728114964584e-01,3.336527182664850155e-01,2.698307801249505422e-01,2.460579374890803361e-01,2.211032319343086971e-01,2.077439577632181900e-01,1.795022025585125691e-01,1.553388218157452094e-01,1.095141921141272734e-01,7.778294172904876014e-02,5.021820703158441646e-02,4.109145574326955597e-02,2.027312177535822713e-03
1.600250000000000000e+05,9.398770470238518859e-01,9.322873432972406116e-01,8.984043629198372738e-01,8.373048050435931700e-01,7.135166284873288856e-01,6.957426979757429519e-01,5.736567176463863715e-01,5.627329129281660736e-01,5.574583988515641186e-01,4.937231718955847892e-01,4.325929083213123638e-01,4.312592464769344769e-01,3.784392309835074020e-01,3.237171075564834188e-01,2.688240607561294127e-01,2.556146339893143882e-01,1.433696807821069896e-01,8.324839326577393450e-02,7.664084986176400438e-02,3.161961114062872280e-02
1.600260000000000000e+05,8.528306477426684795e-01,8.166690529932584264e-01,7.930615610969846685e-01,7.460262809926700989e-01,7.437550514380372180e-01,7.261273342192351432e-01,6.783565528758044305e-01,6.337584776966969091e-01,5.858193706560708147e-01,5.659971790366241651e-01,5.019867922315506270e-01,4.996424532425590703e-01,3.951426253477001715e-01,3.606510895361448865e-01,2.117099356313131286e-01,1.677538820267174824e-01,1.266835452141458207e-01,7.159475439075702052e-02,4.454080984185415648e-02,3.267912043930665256e-02
1.600270000000000000e+05,9.333747574167585714e-01,8.745014359384379876e-01,8.722675496745252444e-01,8.673129413782326713e-01,7.173183714535364963e-01,6.393832730586025415e-01,6.361480667706185255e-01,6.113709482458483668e-01,5.780845956261787544e-01,4.952014012621005490e-01,4.647869587285343718e-01,2.856786009526235404e-01,2.601069292102966557e-01,2.365523016014244861e-01,2.300679130523848315e-01,2.112831611778699381e-01,2.075148398485110457e-01,1.683747346891169006e-01,1.440010624160886765e-01,1.394461714608696834e-01
1.600280000000000000e+05,9.914411673839910177e-01,9.103843668131633704e-01,8.990505621499351729e-01,8.632553425810706171e-01,8.051558800303327823e-01,8.031549915240905335e-01,7.730998038804890449e-01,7.576872745528758779e-01,7.144546805972850079e-01,7.059212048624546876e-01,5.058476702902493516e-01,4.144866496560111191e-01,3.569647394328647749e-01,2.807308208825171070e-01,1.976897996471451702e-01,1.731874044233184806e-01,1.700526214931507019e-01,1.698616878569311206e-01,1.218741611149551929e-01,1.194977442422273661e-01
1.600290000000000000e+05,9.650552153150155910e-01,9.618125150739781359e-01,9.156706409218263731e-01,8.994273074138932067e-01,8.963173363524254977e-01,8.899373193454158670e-01,8.599312126575806570e-01,7.871756580971988049e-01,5.585008978080263642e-01,4.258481172648543867e-01,3.673579747918898075e-01,3.165720186605909259e-01,2.834465087855890797e-01,2.761212297580616370e-01,2.665162171760110388e-01,1.426381493864629091e-01,1.080247829530169845e-01,7.524413716486144654e-02,1.957321359516106529e-02,1.671805261274417198e-03
1.600300000000000000e+05,9.969367184073867350e-01,9.810000025136813573e-01,7.566987834717027184e-01,7.436626624211679637e-01,7.270946267246788386e-01,6.714083644557122810e-01,6.305884111503301526e-01,5.577967540604099606e-01,5.517220643874974906e-01,5.084491872658528644e-01,4.760374004400631520e-01,4.729314889593289051e-01,4.092565939710675060e-01,3.723007876180584041e-01,3.512806000085550995e-01,2.023927395938357465e-01,1.437177932938271674e-01,1.003071965600925708e-01,8.092510554319054528e-02,8.246149805389069165e-03
1.600310000000000000e+05,9.937509280674865497e-01,9.363886860569868853e-01,9.007154316383532144e-01,7.416238808742464661e-01,7.104511678393528040e-01,7.085919180128128492e-01,6.057121588328933104e-01,5.962827631885563306e-01,5.876834760364538779e-01,5.646557780135627036e-01,5.518045030058633671e-01,4.440558054860413995e-01,3.705584487977032770e-01,3.574016114721607629e-01,2.914289852518349155e-01,2.711272572708404160e-01,1.641826944513912201e-01,1.128420117197477257e-01,1.012656989702755972e-01,5.242273939745234479e-02
1.600320000000000000e+05,9.909547178770182763e-01,9.538992133516402960e-01,9.484626952978105763e-01,7.401227536980929944e-01,7.018276974712880367e-01,6.403139408431983703e-01,6.342662077490907047e-01,5.685724172680934885e-01,5.156371409964330965e-01,5.136587742359358666e-01,4.068446998254879876e-01,3.746034420509108953e-01,3.638166668968150219e-01,3.541057229760218306e-01,3.437563226643490788e-01,2.536210634789382024e-01,2.490394525971796336e-01,8.067932926356602419e-02,7.429076464983452865e-02,9.032908648468174206e-03
1.600330000000000000e+05,9.693891521115783894e-01,9.666557414746043131e-01,8.862424065931353567e-01,8.347596856595911330e-01,8.308178939432286914e-01,8.211112320204246862e-01,8.048857934673787629e-01,6.688725089650505717e-01,5.664301731378930116e-01,5.460311021888240024e-01,5.180324395298273599e-01,4.803683450197959726e-01,3.887337165174947762e-01,1.900119471747678812e-01,1.794454947104403564e-01,1.540024543130951162e-01,1.364842153374959954e-01,1.102578292325874232e-01,1.076992347952897555e-01,6.449797507639021266e-02
1.600340000000000000e+05,9.110710673640513013e-01,8.778628918822573013e-01,8.520781590444965747e-01,7.613962610987051738e-01,7.511024723679576853e-01,7.394030809906612101e-01,6.894432822254371596e-01,6.565503571311323006e-01,6.405545060514575839e-01,6.378326047694833356e-01,5.139051632521510760e-01,4.415796815285585319e-01,4.307294119441639202e-01,3.381219919033718879e-01,2.958660292370369760e-01,2.664314531777718376e-01,1.836071199084604588e-01,2.296150582706246723e-02,1.435616226541980289e-02,4.754594577783710641e-03
1.600350000000000000e+05,9.698188250035308933e-01,7.970513540156098919e-01,7.394425871711054477e-01,7.334797780633897091e-01,7.084372901771054387e-01,5.648394670781369253e-01,5.160980425711600983e-01,5.137099181654438684e-01,4.762781093593958515e-01,4.309872681331136102e-01,3.933255196451568292e-01,3.841309750914717602e-01,3.394754984410248699e-01,2.609693970566273613e-01,1.150002380548577063e-01,1.121663959978080882e-01,1.036914321995368038e-01,7.067491484227417242e-02,4.621609361473044686e-02,1.413657833803583230e-02
1.600360000000000000e+05,9.809827288420138736e-01,9.771541586316226935e-01,9.516688149036675037e-01,7.796131834674634442e-01,6.983695655234332111e-01,6.863230059896568980e-01,6.676096338065460323e-01,6.652582911069655491e-01,5.535997030310116918e-01,3.781767572840082359e-01,3.710092136482825431e-01,3.416192950780854165e-01,2.844388828933959168e-01,2.443545663228224862e-01,2.282137327072215616e-01,2.132320373061080687e-01,1.744285561607709090e-01,1.566118019697223529e-01,6.840210361245713244e-02,3.561622096485217437e-02
1.600370000000000000e+05,9.392949886275308025e-01,8.957771722687623006e-01,7.907147748720010361e-01,6.731758019051853337e-01,6.329913938736507761e-01,6.051403319228287891e-01,6.011321487167634592e-01,5.855783801751470730e-01,5.853012516625055728e-01,5.315597107167124857e-01,4.599750701589114810e-01,4.549894723268759211e-01,4.174772642075216256e-01,3.979317969874460736e-01,3.970908395932016832e-01,3.744970715866914324e-01,3.537013685047427636e-01,3.342076907932807206e-01,1.022865329653243061e-01,1.022614370005443529e-01
1.600380000000000000e+05,9.281109492147965323e-01,8.294375848444561772e-01,8.052312798495064872e-01,6.150003487994090134e-01,5.622165269206070848e-01,4.777768047245709582e-01,4.669665366216747548e-01,4.552453965886622544e-01,4.435962318646847757e-01,3.615784924349736418e-01,3.520031025774580380e-01,2.513214070330322958e-01,2.235587063719538525e-01,1.871692355919983841e-01,1.072796384596781394e-01,1.033771263219133152e-01,8.538722300324375070e-02,4.425675197181611065e-02,3.438100183582648572e-02,2.571540469704047815e-02
1.600390000000000000e+05,9.596853734113269807e-01,9.512598506750348237e-01,9.401484438645848485e-01,8.760779342115213586e-01,7.283652751310485396e-01,6.942307043123724375e-01,6.586191222577439941e-01,6.290757323340623319e-01,5.351760218511395495e-01,3.818050474238292580e-01,3.602075381769384022e-01,3.173557091225642779e-01,2.891975050643330603e-01,2.856601681822945604e-01,2.812571402454302483e-01,2.432954901735245867e-01,1.877125494101119507e-01,1.099517787375378086e-01,9.871867545805335098e-02,1.975845391748998203e-02
1.600400000000000000e+05,9.936475131120744431e-01,9.293733322653925377e-01,9.035088035568086262e-01,8.591544579883650945e-01,8.343155446332132241e-01,7.117552789523621248e-01,6.809423082598033972e-01,5.973421071084165090e-01,5.601070635618559113e-01,5.513115176803822237e-01,5.369497095286434041e-01,5.281589302862518265e-01,4.385565346310418278e-01,3.949870821477954319e-01,3.823255045995511692e-01,3.693077200314452968e-01,2.177509391990830601e-01,1.333667584031635878e-01,9.364244539212274177e-02,3.286680363267779903e-02
1.600410000000000000e+05,9.860161076302895733e-01,9.071226687988228621e-01,8.560622501993612188e-01,8.102920865757076152e-01,8.043795726205419383e-01,7.978092004243710900e-01,7.521845181541864100e-01,7.371318742528071288e-01,6.807580923192971811e-01,5.265265880202951720e-01,5.160537586218388872e-01,5.093486743695875285e-01,5.068469689894780084e-01,3.989359138756414236e-01,3.847555343885754597e-01,2.626860354449631618e-01,1.458769634845015206e-01,8.687813691559020945e-02,6.753840059472748791e-02,1.860018895692616692e-02
1.600420000000000000e+05,9.924338615243887274e-01,8.645870612986817916e-01,8.202160110621929956e-01,7.141674544509353240e-01,7.014758265046239227e-01,6.268367959041071247e-01,6.164577243995950084e-01,5.817981028704487523e-01,4.241123696417421485e-01,4.231230494217012028e-01,3.723161445678063730e-01,3.260881042974688171e-01,3.063681933035590221e-01,2.787182882633211234e-01,2.671751613655063418e-01,2.182741113852100234e-01,1.564335078091104725e-01,9.770800897140208274e-02,1.607888911079879968e-03,4.894898485701126845e-04
1.600430000000000000e+05,9.540936205297904094e-01,9.024392581814104641e-01,9.022161328438222938e-01,8.830688828632105025e-01,8.662065313124294175e-01,7.553311387139158839e-01,6.202321509461262705e-01,5.949189622836291713e-01,5.291315593162391195e-01,5.281094544641902200e-01,4.697631254502351306e-01,4.521634344123770521e-01,4.174230703900714268e-01,3.765312749120592883e-01,1.881485591851920214e-01,1.817585593699055924e-01,1.510654749550055520e-01,1.401073447544841644e-01,1.006695819626797217e-01,8.370958370679393301e-02
1.600440000000000000e+05,9.881543905398738614e-01,9.593517595988145796e-01,8.839401079191336885e-01,7.395021298067226967e-01,7.233092591452249254e-01,7.073132477039337784e-01,6.843900932524993319e-01,5.943469519888200381e-01,5.942246691629552435e-01,5.776868546544585703e-01,5.753294704204915400e-01,5.539371806242222585e-01,2.243928182410970251e-01,2.044696652562554284e-01,1.932351854543212788e-01,1.526535752663888967e-01,1.246745997142310047e-01,7.611404864872817200e-02,4.725085792473926460e-02,4.627953651444705052e-02
1.600450000000000000e+05,9.410611350101029116e-01,9.309750237178645582e-01,9.194025841129379595e-01,8.694731849257619771e-01,8.528690065336604897e-01,8.421590399748657418e-01,7.486095198185142019e-01,7.180911294713753223e-01,7.098235637245556839e-01,6.862923262003023384e-01,5.528591079216124138e-01,4.890992392814289547e-01,4.785713707183687493e-01,3.463991956710464892e-01,3.123856095963783996e-01,2.963471331831996070e-01,2.520905414442518033e-01,1.667773022832638175e-01,1.556062097634971497e-01,9.277502925859171246e-02
1.600460000000000000e+05,9.603772460280062262e-01,9.374831591665226949e-01,8.807028658163719159e-01,8.768531257163025838e-01,8.170860116863002398e-01,7.857372915448650463e-01,7.597442982977221648e-01,7.179009540426155578e-01,7.158795089587600691e-01,6.696457481507686049e-01,5.742947091039970475e-01,5.121454405404961552e-01,3.397276870266152660e-01,2.798716254054992580e-01,2.159863753820807641e-01,1.559731917165645410e-01,1.097497449183799656e-01,9.808677609414373499e-02,8.778097406567364480e-02,3.749693672447640402e-02
1.600470000000000000e+05,8.745682146814771629e-01,7.080327128056822517e-01,7.017978485295824909e-01,6.424650784733526576e-01,6.353995349397829617e-01,6.274798159607748449e-01,5.623602169620148805e-01,5.233017692481201077e-01,5.172701764145686276e-01,4.821129743774411613e-01,3.981098511714207255e-01,3.863060083969747094e-01,3.236912972903018826e-01,3.094085113646897200e-01,2.791732249171310354e-01,2.563797664289326761e-01,2.271600438369794084e-01,1.246541431157155433e-01,3.264456822128625202e-02,5.995427723935575770e-03
1.600480000000000000e+05,9.549456926428404602e-01,9.077160340553621642e-01,8.534052053530637449e-01,8.183297579106270092e-01,7.172052764579439632e-01,6.915081218939391761e-01,6.580495915882068614e-01,5.994177342056279389e-01,5.977592108051535957e-01,5.720951737627583134e-01,4.019507996438257402e-01,3.950908427298948089e-01,3.406420596028844061e-01,2.263425407014831858e-01,2.039743797655386714e-01,1.963776680142929054e-01,1.703051000513466917e-01,1.277390948493014600e-01,1.025419401678057119e-01,4.525040991477824459e-02
1.600490000000000000e+05,9.708064574749971642e-01,9.385796754222569538e-01,9.027556816637947179e-01,8.927318193718764006e-01,8.683842070365082044e-01,8.513387393271988346e-01,7.622441765209634346e-01,5.969763662413988259e-01,5.936534085384235215e-01,5.778546552324614893e-01,5.759284693857913418e-01,4.105590856078473738e-01,3.860716206243005599e-01,3.393388277744970871e-01,2.591442703330821828e-01,2.411603824535970553e-01,1.407165643419309164e-01,1.315557486108509533e-01,1.031070839363642522e-01,6.639995051416858196e-02
1.600500000000000000e+05,9.658451297990313655e-01,9.327330533404747381e-01,8.840373269927891409e-01,8.448222167495960111e-01,7.940301652136290134e-01,7.572400123761279245e-01,7.503354116538607510e-01,7.341879796836707772e-01,6.355152302640664219e-01,5.286705379792430159e-01,5.149297508757829656e-01,4.735136469962484274e-01,4.557065602592210718e-01,3.520990968258799203e-01,3.285583060509940090e-01,2.442733870714459687e-01,2.255008180325231981e-01,2.149647469220657969e-01,6.641225846997989013e-02,6.276026594805572678e-02
1.600510000000000000e+05,9.706384094063670309e-01,8.993957822191210871e-01,8.306222452061331474e-01,8.049138042180814523e-01,7.912123045754634321e-01,7.880029469207033843e-01,7.755517606556650012e-01,7.610531430599044578e-01,7.462714545327799875e-01,7.167273084518827053e-01,6.841655301877933582e-01,5.203257219565515790e-01,4.406931625674345154e-01,4.404493662982876812e-01,3.580156350009506827e-01,3.454063294832334652e-01,2.409132566506894113e-01,1.890800785485148294e-01,1.647463680107156270e-01,1.605517886353799994e-01
1.600520000000000000e+05,8.539309152928483693e-01,8.412696484745633141e-01,8.284480500334404640e-01,8.003840524803039758e-01,7.397756592423796462e-01,7.331367505224417602e-01,7.280296249946196507e-01,6.891781101535143783e-01,6.414548655391694165e-01,6.091874052899167724e-01,6.050907973271630880e-01,5.717153930748173352e-01,4.974669031948713016e-01,4.155673148942143902e-01,4.102800884119525149e-01,3.957775977657657096e-01,3.463120940116780622e-01,3.127915338422964098e-01,3.055625012101975679e-01,2.018326077008607555e-01
1.600530000000000000e+05,9.754558442506077176e-01,9.511077450956175738e-01,9.491840806379752138e-01,9.211759714606021499e-01,7.567080218051446261e-01,7.027677155104992135e-01,6.991096928202790162e-01,6.781922732262456455e-01,5.483836939522410692e-01,4.987427248350509990e-01,4.347130409777126836e-01,4.100224382801807010e-01,3.932983054982249760e-01,2.701059750500371948e-01,2.015799360578716115e-01,1.725487789837658603e-01,1.077092926190532651e-01,7.196200839912902936e-02,5.045691373638971911e-02,3.705988657168268752e-02
1.600540000000000000e+05,9.793217105158676938e-01,9.686819021957494558e-01,8.423692790002724751e-01,8.208470383867059184e-01,7.559765741150804574e-01,7.266225400982564420e-01,6.771013686650469987e-01,6.282467021387376782e-01,5.237879240851645024e-01,5.137015744836158637e-01,4.336851447799607850e-01,3.895988522753487393e-01,3.578472441040708718e-01,2.740745634799168773e-01,2.204114228774205486e-01,1.791371101363098406e-01,1.453289805965526371e-01,1.433742704984608540e-01,4.980745202854108822e-02,1.545067470656646957e-02
1.600550000000000000e+05,9.749655343825263110e-01,9.420147690148070740e-01,9.227379553434246207e-01,9.059904383096876179e-01,8.930164865846933475e-01,8.032763487772415223e-01,7.410727117578895795e-01,6.846178612411578657e-01,6.299693469806442181e-01,5.919482158872830801e-01,5.467589380415014411e-01,4.888823075834546339e-01,4.668378873789759131e-01,4.558564498424386713e-01,4.406603987323981508e-01,3.847315196820662031e-01,1.500719234137589675e-01,1.492193113067232790e-01,1.433612080506529995e-01,6.701703157802385569e-02
1.600560000000000000e+05,9.826747705672465028e-01,9.405541814462243799e-01,9.333147777256802780e-01,9.270968859489016056e-01,9.136309114331663261e-01,8.075465774710609557e-01,7.998479310946339238e-01,5.820596118846689260e-01,5.796469396973868982e-01,5.765111813067729241e-01,5.587925057572188381e-01,5.160851218982644983e-01,3.667824261681275066e-01,3.018506203476017946e-01,2.847057150043006413e-01,2.455724477682292850e-01,1.684902233839551400e-01,1.353141760441194386e-01,6.636241766702233313e-02,1.963322274869527817e-02
1.600570000000000000e+05,9.690780887650607411e-01,9.223854015842476439e-01,8.911618291921784563e-01,8.473110257145157753e-01,7.926596016837477165e-01,6.378875066137668082e-01,6.043255689609453585e-01,5.771941922646846024e-01,5.453337928424637493e-01,5.364176324813265673e-01,4.340571190492561460e-01,3.866587667291669916e-01,3.467552235890506429e-01,2.239356311547322509e-01,2.176053820620891255e-01,1.769673656240550175e-01,1.467298301730288745e-01,9.044922390479170904e-02,6.332939340815968432e-02,3.522709418737057785e-02
1.600580000000000000e+05,9.532564882487922775e-01,8.152716659844188030e-01,7.702205046788356269e-01,6.326648334317461764e-01,5.400409876497376249e-01,5.296479845189704383e-01,5.129319293677956360e-01,4.919155824055566617e-01,4.905727358123884718e-01,4.051711348453423955e-01,3.978371014611885581e-01,3.912686140351968600e-01,3.397378595361809639e-01,3.140689274599843817e-01,3.052676241127082468e-01,2.284407791604242677e-01,2.127391919440937418e-01,1.928987408960748384e-01,1.600326353630470155e-01,5.849596480684504662e-02
1.600590000000000000e+05,9.833030083569078705e-01,8.449303002661057160e-01,8.412613649436244678e-01,8.402527107027211173e-01,8.260646944818417214e-01,8.216282208704734913e-01,8.148525473065743041e-01,7.789245252551368903e-01,7.482910696577352860e-01,6.871909709163128710e-01,6.256116456381685120e-01,5.616431443794385192e-01,4.686820910454096989e-01,4.098537267817957686e-01,2.646813652299369046e-01,2.504853300062890309e-01,2.107002271614550892e-01,1.436911550833637197e-01,1.237999149623009165e-01,3.135018103040887461e-02
1.600600000000000000e+05,9.630087049405700039e-01,9.186990166576518568e-01,7.723805291519783012e-01,6.226206822178597111e-01,5.692324447151135836e-01,5.320838835709338355e-01,4.546906339661747065e-01,4.495695796787144705e-01,4.057897180923825120e-01,3.902116176619889742e-01,3.395215812109392273e-01,3.338235105725076979e-01,2.906874203779463706e-01,2.869701427042938846e-01,1.841236896891075281e-01,1.596620806188379094e-01,1.550222530173238633e-01,1.440031513525321660e-01,4.079607680198438224e-02,3.486627050601764921e-02
1.600610000000000000e+05,9.142084236688090559e-01,9.077004148265440664e-01,7.085743708204697011e-01,6.929010718261405799e-01,6.691747136183046063e-01,6.576474828872298506e-01,6.217266986422615993e-01,6.079745644104423974e-01,5.337496040247859952e-01,3.484375686818799167e-01,3.148720732320694493e-01,2.830312942912810437e-01,2.705212001986233572e-01,2.506391048714258218e-01,2.432652219569426677e-01,2.196549970387770001e-01,1.986970604733426793e-01,1.968971395169315519e-01,1.104052438898702748e-01,5.520733273958688958e-02
1.600620000000000000e+05,9.445597609143897566e-01,9.165346235523920138e-01,8.304723305774582842e-01,7.689670378812308860e-01,7.449399487739504222e-01,6.909666964183599491e-01,6.717174957714164840e-01,6.417918069860204522e-01,5.770036611473474686e-01,5.203295894838664282e-01,3.039765482425552667e-01,2.889163381457908741e-01,2.847217411702883672e-01,2.765292480799587116e-01,2.328942008851475620e-01,2.197150520918822458e-01,2.078980256487811262e-01,1.961951695221221259e-01,7.718070572914892402e-02,2.455498594196514617e-02
1.600630000000000000e+05,9.645988950293157282e-01,9.517306940521426117e-01,9.307250191820611862e-01,8.480323908260108956e-01,8.398789353175514227e-01,7.608367025166480335e-01,7.288899845067341454e-01,7.156144288937735798e-01,6.949015713514742343e-01,6.830232359090067096e-01,6.524195116002673434e-01,5.618713511865194299e-01,5.603519927108943088e-01,5.544773030331378028e-01,3.892342905556859245e-01,3.262462989882788378e-01,2.565287079411086024e-01,2.445386608096404846e-01,1.943414901498028424e-01,8.565012564436447207e-02
1.600640000000000000e+05,9.890262530613973535e-01,9.888731471825978891e-01,8.460697368058117673e-01,8.119512874128517188e-01,6.339260185514886681e-01,5.986409285977624117e-01,5.942389277044604068e-01,5.438746566237540048e-01,5.389248291359215459e-01,5.364551399807020449e-01,4.852985355897725395e-01,4.291179069210342423e-01,2.494152540552806441e-01,2.251284160530444556e-01,2.155028367944973322e-01,2.085166166953745792e-01,1.942177288730077001e-01,1.568200920114365404e-01,8.089111397386161695e-02,1.982352801302122991e-02
1.600650000000000000e+05,9.753597672948178809e-01,9.335819600385113493e-01,8.972347790883382634e-01,8.831624645979536670e-01,8.071161572468850132e-01,7.940600908973525218e-01,7.408282694419453529e-01,7.201142189528086934e-01,6.918396502358457045e-01,6.369660516344259893e-01,6.337221868669012936e-01,6.311203890292536034e-01,6.078177042561468957e-01,4.373966214113595985e-01,3.888297977420605012e-01,3.444471623089750967e-01,3.061599143048816529e-01,2.933700162629876429e-01,1.795509965220515314e-01,1.607498604816295362e-01
1.600660000000000000e+05,9.802543977995028524e-01,9.176046008665561526e-01,7.570492359668563598e-01,7.244616525120195494e-01,7.211520669214660506e-01,6.969028819084950310e-01,6.768824695730868424e-01,6.681137010153604949e-01,5.824163481253817887e-01,5.810444387635856911e-01,5.326554795515611174e-01,4.619813505774283957e-01,4.504146081873938723e-01,4.386979384049655151e-01,4.167855348788281900e-01,3.834205405715392923e-01,2.573185194183281732e-01,2.426938747756234305e-01,1.617618489538074078e-01,5.312217283873432727e-02
1.600670000000000000e+05,9.459086350814903676e-01,8.517180665282174656e-01,7.315828259932700695e-01,7.271420038492786286e-01,7.014668190024719863e-01,6.634013051304319397e-01,6.631889371333652416e-01,5.620567440836419237e-01,4.880482111030873815e-01,4.828598925756281135e-01,4.598954095767733286e-01,4.347587947654405482e-01,2.945777820388169044e-01,2.872689188058090703e-01,2.660939298217622762e-01,2.445838798514373691e-01,1.362639948545647517e-01,1.059848442087490961e-01,7.178177427133092259e-02,6.823444394150335324e-02
1.600680000000000000e+05,8.571672472294984413e-01,7.991325285441147619e-01,7.922960850747230444e-01,7.889808425882247622e-01,7.455408213772625192e-01,7.265300383208561641e-01,6.986870050829213641e-01,6.767090924468823765e-01,6.422570950538362133e-01,6.223990200733886535e-01,6.150776252776356534e-01,5.578503715344003133e-01,5.253170679077695526e-01,4.922626406082896144e-01,2.368131619897984042e-01,2.145851350282437231e-01,2.088638804320809284e-01,1.505481107142244701e-01,3.147469160770510754e-02,1.280374858253541248e-02
1.600690000000000000e+05,8.908338498669199357e-01,8.838262466366397785e-01,8.837875946292124141e-01,7.784101942234064042e-01,7.608668338490979233e-01,7.465407207110635879e-01,7.114490648951644625e-01,6.869971549354549900e-01,5.502810963104178832e-01,5.384516746897863859e-01,5.204314035853543352e-01,4.617913421194858037e-01,4.208093623500379632e-01,4.108841211724731934e-01,3.964579765112119514e-01,3.880272969441256325e-01,3.646577953761789281e-01,2.217152734775040823e-01,1.824716720948111881e-01,7.083318656321679896e-02
1.600700000000000000e+05,9.059730433174297826e-01,9.009328709002595303e-01,8.871793231729374618e-01,8.334534418805155109e-01,7.995774799286405887e-01,7.840915896668683160e-01,6.791332801521879903e-01,6.427624977557598873e-01,6.392932220163617396e-01,6.001612503028079804e-01,5.524887376267441086e-01,4.739531728825819856e-01,3.769754453438366459e-01,3.463484042995154111e-01,3.179979967687953657e-01,2.800654774836146554e-01,2.513477181128673799e-01,2.411847118341514662e-01,2.390816308185064187e-01,1.017920649067332040e-01
1.600710000000000000e+05,8.906755453420149848e-01,5.999127861605704215e-01,5.515461087488017222e-01,5.150844225918289609e-01,4.647736594976358271e-01,4.598083433716626534e-01,4.587328576036481254e-01,4.297008177854892974e-01,4.253228509506093991e-01,3.792868719096210706e-01,3.778051122552138485e-01,3.745368623002811592e-01,3.393190966511562268e-01,3.328727052927873409e-01,2.498836548922743761e-01,1.747955452630761686e-01,1.077819106071188360e-01,9.504996206834082084e-02,8.710648838918755299e-02,7.137649062531603583e-02
1.600720000000000000e+05,9.811614163837962810e-01,8.364458994414118997e-01,8.272671092293935047e-01,7.387481610520730824e-01,7.085913213541167321e-01,6.628750830051027831e-01,6.488507126372196065e-01,5.784235330215585780e-01,5.292338134623749690e-01,4.831195533520346030e-01,4.576070632700064422e-01,4.340677650841722190e-01,3.758678626330003159e-01,2.520731688380404290e-01,1.793347952791550792e-01,1.321645108089329890e-01,1.236694389969101859e-01,1.182146156273253812e-01,4.467919859620239631e-02,3.393163836048840309e-02
1.600730000000000000e+05,9.462470269014555679e-01,9.459199651811927012e-01,8.926766606686883376e-01,8.548652713704760764e-01,8.035199699276938112e-01,7.878240874633101187e-01,7.249127915842249470e-01,6.755638665554218880e-01,6.354163299410288124e-01,5.656289903543249009e-01,5.639428875653512696e-01,5.455622616705684269e-01,5.421793469277560451e-01,4.898163381623626966e-01,4.257024309294925590e-01,3.845701750837481336e-01,3.307809679214236409e-01,3.065007261253422932e-01,1.613412460457258613e-01,3.025348067422173326e-02
1.600740000000000000e+05,9.980137568740533593e-01,9.953691589495589076e-01,9.937941256212222685e-01,8.927144248709619756e-01,7.158438571361510627e-01,6.568340458456801700e-01,5.987378175106240485e-01,4.989299192511605918e-01,4.946500141522606198e-01,4.800658949588315627e-01,4.052293942272898741e-01,3.661983012851052210e-01,3.638837568512592879e-01,3.363158278167610593e-01,3.219798591922971021e-01,2.597508817842367757e-01,1.635000677501271538e-01,1.494143696989191916e-01,1.181635266877604229e-01,1.082051428299291018e-01
1.600750000000000000e+05,9.911840390964407055e-01,9.443905280666761159e-01,8.713461527339538826e-01,8.519293119667629144e-01,8.477057981583877577e-01,8.427167064807473684e-01,6.750047874173399354e-01,6.674023953072530935e-01,6.671125719571320278e-01,6.579029390665368515e-01,5.458993945997018260e-01,4.200706164825631639e-01,3.666773541404755310e-01,3.413083065770589064e-01,3.351663519282378489e-01,2.491777796073424422e-01,2.193373021911301235e-01,1.596851286063217801e-01,8.200200782173527880e-02,2.214929244295726907e-02
1.600760000000000000e+05,9.897790292004419177e-01,9.013140539557059627e-01,8.974094372167259470e-01,8.158376614131753746e-01,8.038855264307155357e-01,7.682031563856247525e-01,7.425781013480277082e-01,7.067336186656317798e-01,7.063619206735064493e-01,6.991520309887276907e-01,6.328625119383993747e-01,6.114074574139682916e-01,5.813932373115455743e-01,5.514670316850840415e-01,5.234451737098947399e-01,4.773970557464337627e-01,4.427845117416451259e-01,3.791594504849349345e-01,2.540339023590246770e-01,1.538696198176434660e-01
1.600770000000000000e+05,9.913343640316517602e-01,9.567722787069999901e-01,9.563943052037726655e-01,9.121767227586380367e-01,8.977344399982333245e-01,8.253212364751135732e-01,8.180191907382027283e-01,7.888079184696246138e-01,7.140536229824980818e-01,7.108452559864516518e-01,6.266019422535038519e-01,6.259741577324684503e-01,5.591635803474446220e-01,4.194808517354805533e-01,2.501301880137746236e-01,1.801878302464110515e-01,1.011771933339676854e-01,8.155449883692744706e-02,5.923009392164491071e-02,5.383530593558838451e-02
1.600780000000000000e+05,9.080498240048735514e-01,9.006570290201344475e-01,8.097590724591001710e-01,8.091506748430274953e-01,8.071374867719703916e-01,7.783551057379081151e-01,6.428280111865370960e-01,5.353408912768747863e-01,5.226125032240022117e-01,3.569478445952496415e-01,3.253175442818918572e-01,3.098269389513761407e-01,1.544226814520438529e-01,1.402733172627563807e-01,1.263908912680719032e-01,1.247937837451098542e-01,1.237312256372821162e-01,2.372056874813666116e-02,2.026596989668982829e-02,1.843491375589312309e-02
1.600790000000000000e+05,9.709885281162663473e-01,8.535623624931548692e-01,8.300753154349550522e-01,7.575063897456250084e-01,7.037021690418423514e-01,6.785501404244951296e-01,6.313790981504032729e-01,4.642646828688639093e-01,3.845063607346946855e-01,3.428535918749463507e-01,2.647858627392759567e-01,2.499049759022493600e-01,2.130332417181055593e-01,2.037461899647960983e-01,2.027214788907228948e-01,1.891411350527444357e-01,1.803117749467945119e-01,1.762175785482399393e-01,1.507817936810551540e-01,4.674635213653133281e-02
1.600800000000000000e+05,9.765824717257483023e-01,9.468650157107707521e-01,9.424272571112861652e-01,8.837924809480647292e-01,8.704678772397695941e-01,8.070215412954625522e-01,7.022433140464575674e-01,6.257138382125733145e-01,6.246353679305012285e-01,5.107938529294510088e-01,4.534544868667348405e-01,4.524132639949013379e-01,3.504945282415957708e-01,3.391188765248724923e-01,2.816843078040948134e-01,2.720909471266508284e-01,2.701618170441592026e-01,1.564454117060585236e-01,1.283473970051104418e-01,6.655244713569885562e-02
1.600810000000000000e+05,9.841901400142981649e-01,9.702405319964706454e-01,9.152926137337425994e-01,7.882816305022365411e-01,7.787805804753160643e-01,7.754166679442618948e-01,7.057158475017427657e-01,6.284887591126917528e-01,6.162185050027207955e-01,5.485421921796145295e-01,5.328898687860820216e-01,5.221781081813948733e-01,3.614365816632846284e-01,3.376308419259803628e-01,2.638652881947413098e-01,1.884975559848438564e-01,1.829066435423831738e-01,1.524017308542022775e-01,1.310983689980522726e-01,4.891369937675105195e-02
1.600820000000000000e+05,9.786763525161851218e-01,9.607962686145367082e-01,9.348642532751306744e-01,8.828329028643757681e-01,8.414294259804842024e-01,8.374137196425870400e-01,7.385226624662456496e-01,6.861910019157146934e-01,6.383833518592227918e-01,5.118841698025164977e-01,4.425553044592399621e-01,3.148328520906196193e-01,2.856240173121027404e-01,2.814578841276262899e-01,2.732835042621413191e-01,2.356188558096808938e-01,2.083650202236229099e-01,1.912183846228391326e-01,8.156270376525198706e-02,4.737841226000449879e-02
1.600830000000000000e+05,9.572263180386977321e-01,9.158538526688475567e-01,8.900419946258689707e-01,7.237847168260447273e-01,7.169740516647221673e-01,6.917666755600374584e-01,6.614655523380899016e-01,6.319359269603289642e-01,6.255343290234305353e-01,5.522855027383677395e-01,5.354640915557236092e-01,4.734926493912003931e-01,4.330456399635536080e-01,3.961271900235074916e-01,3.644087689549995179e-01,2.216914981243022220e-01,1.263455638686346028e-01,6.188467671594533037e-02,5.807557420404474424e-02,4.290249577646398915e-02
1.600840000000000000e+05,9.546611560365502180e-01,9.311816807767947513e-01,8.830427271352007113e-01,7.586625880465817096e-01,7.003372351245742422e-01,6.612073332614636367e-01,6.483619140736863740e-01,6.215159030520838179e-01,5.185323615800822017e-01,4.745191453042707508e-01,3.703501413770804440e-01,3.694663745459614290e-01,2.505897132589919307e-01,1.849122355354670955e-01,8.427371594155541601e-02,4.503081553005272575e-02,1.774706973666029253e-02,1.456756624500366026e-02,1.126061199752581565e-02,4.738875497909411649e-04
1.600850000000000000e+05,8.977321566418905441e-01,8.270508788011067258e-01,7.567464530445734416e-01,7.475076490449145128e-01,7.306668577289452404e-01,7.008740825023257459e-01,6.469677015157513367e-01,5.519598104033125452e-01,4.173166171919567846e-01,4.051339912197581272e-01,3.279189120077818931e-01,3.106989922957784644e-01,2.863315621908686381e-01,2.693850072308068277e-01,2.466611552492723458e-01,2.239483352981119779e-01,1.617373539284044925e-01,1.457216181134363131e-01,1.257300244060478578e-01,1.159335805838876965e-01
1.600860000000000000e+05,9.742809010186015417e-01,9.648891349851485000e-01,9.259625664222916885e-01,7.275849964940318548e-01,6.940165985574955343e-01,6.690008560678876171e-01,6.483671796239414142e-01,5.619829947495250666e-01,4.509485033723298342e-01,4.415618135342849193e-01,4.313138144787751482e-01,4.294131210990195235e-01,4.293068953039211877e-01,4.183278573891945351e-01,4.048324872219836168e-01,3.930135317302261289e-01,3.868265876917207358e-01,3.443231729814211217e-01,3.031052441822759125e-01,6.773910181077424930e-02
1.600870000000000000e+05,9.865749319588131838e-01,9.143109171616488062e-01,8.945110780536671413e-01,8.627890647420664028e-01,8.552002354547014740e-01,8.126690883472369453e-01,7.801166117157261048e-01,6.844284240508968775e-01,6.192564917996790097e-01,6.081030267364218034e-01,5.725356963595142901e-01,4.963925889923966883e-01,4.742712100534283159e-01,3.263328420338676983e-01,3.101599911144035104e-01,2.052924965120961343e-01,1.475035019011496917e-01,8.979786854736682145e-02,5.291214851534231656e-02,2.836536688474489143e-02
1.600880000000000000e+05,9.176962772132677415e-01,7.709753603675253419e-01,7.398650370270191123e-01,6.737055496932932153e-01,6.165420721208558774e-01,5.534535309425200333e-01,4.528272905579450169e-01,4.300895173074835709e-01,2.858652231421627832e-01,2.302412327592490149e-01,2.220995365260751697e-01,1.907653777221911540e-01,1.804396495007635215e-01,1.045838891669266246e-01,9.611666294733034466e-02,8.850408627251227234e-02,7.761173985567537681e-02,7.583305597277789634e-02,5.105415150293857174e-02,9.549463032977878463e-03
1.600890000000000000e+05,9.814150834050894279e-01,9.420624159329885616e-01,9.405346540515278075e-01,9.186426367806770354e-01,6.235523279703334421e-01,5.461518140332296545e-01,4.768291569088477511e-01,3.890775249808864356e-01,3.725825189319293962e-01,3.405593412502495587e-01,3.072448063773296489e-01,2.570376431126424333e-01,2.482590070707422214e-01,2.454084216081249270e-01,1.760225521308050878e-01,1.660634403507779133e-01,1.344237395519928269e-01,6.729446900283331257e-02,1.895324067314319016e-02,2.170741849336965679e-03
1.600900000000000000e+05,9.705100124367306291e-01,8.850796161648921689e-01,7.008103885958627544e-01,5.513655887130809452e-01,5.204191538597788824e-01,5.065683113251254754e-01,4.344303351959614146e-01,3.938409866292208461e-01,3.833764865735070915e-01,3.225254832153587881e-01,2.299930499634080805e-01,2.023022402747310933e-01,1.639980292507697834e-01,1.390877521388728111e-01,1.141562272085644425e-01,9.847997293733923296e-02,8.551375316789522341e-02,4.108976921889773148e-02,3.373038831533925475e-02,2.005620584424860908e-02
1.600910000000000000e+05,9.778333919325324919e-01,9.683791980591544002e-01,9.412916398669399776e-01,8.830302771458478084e-01,8.794665916908165348e-01,8.005327216429040105e-01,7.924521279746963298e-01,7.394354395081147446e-01,6.860546710303130347e-01,6.331377207278702235e-01,6.168678880978397672e-01,5.377594948158683774e-01,5.234477354820842310e-01,4.856879782251203315e-01,3.043178136056835514e-01,2.650292838009717933e-01,2.366425507979597054e-01,6.987796601923246254e-02,6.237346438032631557e-02,8.474122550500839957e-03
1.600920000000000000e+05,9.350890692657266579e-01,9.241198254428270031e-01,9.113112912693551726e-01,8.771936713358737814e-01,8.222910719873628427e-01,8.049155785284423104e-01,7.935840139858617581e-01,7.645868358202059234e-01,6.804326544269274635e-01,6.222855670493713243e-01,6.064753750872562410e-01,5.474898620862169718e-01,5.432932818411831954e-01,5.306489984979073649e-01,4.173128322315845518e-01,3.501034504260958080e-01,3.332374568746602206e-01,2.484854690713131919e-01,1.097081209714477756e-01,4.282107143260838189e-02
1.600930000000000000e+05,9.974703115444293333e-01,9.501503085771212387e-01,8.716603200398531648e-01,7.804914957347804938e-01,7.797817171543608428e-01,6.686078207200570889e-01,6.347425088972252771e-01,5.780339445052764535e-01,5.247511272666561810e-01,5.234908363499016781e-01,5.001546621932891901e-01,3.773451047953574333e-01,3.335962265845546781e-01,3.254256077707257111e-01,2.653550732581806404e-01,2.509031700002537502e-01,2.386703908468049695e-01,2.303076129796362004e-01,7.002312422769330080e-02,6.659645347503095891e-02
1.600940000000000000e+05,9.548406135274895012e-01,8.284870435535609534e-01,7.590813779058599442e-01,7.115427561197542605e-01,6.344518882618812583e-01,6.046448708716574139e-01,5.938749108463031723e-01,5.149760686373289209e-01,5.093184155606355068e-01,4.357104351916730733e-01,3.768713073225302690e-01,3.345117411541569385e-01,3.087823768267733415e-01,2.888320945894257141e-01,2.627297307808974525e-01,2.230033317412708493e-01,1.703592206284922916e-01,1.677187282840374438e-01,7.581806136861302114e-02,5.432407799260208225e-02
1.600950000000000000e+05,9.990609794425503454e-01,9.475661673752959757e-01,8.575998985390370644e-01,8.441416754259198907e-01,8.359446801128764815e-01,7.009814378295301518e-01,6.965776925023341448e-01,6.372603858469483296e-01,6.209255874690771115e-01,6.095129692010746725e-01,5.050642153500672915e-01,4.699912001739861012e-01,3.779443502466564020e-01,3.752618839972183817e-01,3.142683247943538483e-01,2.149247875793096618e-01,2.040329856369715866e-01,1.519192327039018409e-01,7.059951047901225074e-02,5.989076057592190860e-02
1.600960000000000000e+05,9.672738165203106364e-01,9.175182854585719472e-01,8.910812885640532199e-01,8.882377345227657761e-01,8.337676664033573104e-01,8.270785013029903210e-01,7.289042289538154584e-01,6.365962259348857399e-01,6.330478370960072043e-01,5.882794066197638561e-01,5.849833761780548480e-01,4.410629811487541962e-01,4.059589542759696190e-01,2.843286818037001895e-01,2.393638915354893149e-01,2.250741064570859207e-01,2.241211034599995822e-01,1.924017999328394568e-01,1.414095580247533013e-01,7.635323651407066592e-03
1.600970000000000000e+05,9.184019471219709851e-01,8.951990711295785275e-01,8.321376590148152896e-01,7.714338274586304278e-01,6.872040686208629179e-01,6.647049009346539528e-01,6.134127006285532424e-01,5.510122526912553109e-01,4.728229280709898008e-01,4.714582651261758350e-01,4.456634274478319391e-01,4.435439972631316508e-01,4.034750513530016569e-01,3.347034806843832699e-01,3.130052583138690503e-01,2.636673268477222054e-01,2.457638158799549943e-01,1.385446283363005460e-01,1.114268648335865475e-01,7.035386812613408924e-02
1.600980000000000000e+05,9.457256583704517494e-01,9.288233882445429135e-01,8.987177039854622462e-01,8.966224078011161280e-01,8.787023875000234963e-01,8.462194211972079438e-01,8.167197505940309021e-01,8.077183897354873743e-01,8.006968420882969451e-01,7.392717543556885929e-01,6.969255163354364235e-01,6.901226517124793292e-01,5.900769984550763292e-01,5.743054128229643229e-01,5.679746465964339297e-01,4.204478109054112789e-01,4.157976567996609640e-01,2.613820295203448385e-01,2.042045284545993544e-01,1.848496781293805791e-01
1.600990000000000000e+05,9.640045504926403330e-01,9.427337988008333003e-01,9.245062059150676026e-01,9.003614506018959851e-01,8.723176975193610572e-01,7.804752544520239255e-01,6.332339813301230969e-01,6.116821071205639226e-01,6.058010876262435174e-01,5.115764275595773292e-01,4.523529360122978682e-01,3.968969979401661963e-01,3.608909820433053861e-01,3.386081321147823564e-01,2.572350802791333324e-01,2.260984681445457056e-01,1.725217846912799891e-01,1.655345335612427027e-01,1.588891612692346911e-01,3.508033226635898227e-02
