1.100000000000000000e+05,9.661408537124754892e-01,9.369143697316161257e-01,8.543450342251508456e-01,7.942978412591871207e-01,6.504301360140608557e-01,5.949790395620961903e-01,5.256035525214184378e-01,3.602828440251194531e-01,3.373841710081522116e-01,2.852502825995322233e-01,2.141882649441053665e-01,2.121392495135613343e-01,1.521039184630096353e-01,1.385233723194537747e-01,1.336722559854701675e-01,1.273950046950376169e-01,8.452743646913996045e-02,8.082285260398036630e-02,4.416718200376645864e-02,2.953031937331651591e-04
1.100010000000000000e+05,9.893734828699171091e-01,9.626220387315990168e-01,9.543399224141134729e-01,9.093529456153170987e-01,9.030165736664488296e-01,7.950988785420650684e-01,7.674061534951760466e-01,7.491221735494368872e-01,7.252826515220808234e-01,6.602785354949760599e-01,5.752052981082256267e-01,5.166740586993839868e-01,4.752960856630074060e-01,3.043110836246498696e-01,2.801443626918618257e-01,2.076926663954101748e-01,1.485983246233255617e-01,1.379506502413734292e-01,1.184589444215626841e-01,9.358869756415832963e-02
1.100020000000000000e+05,9.856857357693873389e-01,9.131233173794727209e-01,8.226468727177350670e-01,7.917551777354725484e-01,7.434361715459154585e-01,5.221058335599050304e-01,5.103677074013374115e-01,4.985608048131060510e-01,4.045774931195201818e-01,3.967198028189200532e-01,3.787186727900430094e-01,3.165091011603875515e-01,2.918151007569210753e-01,2.869626363942511249e-01,2.193367396620362619e-01,1.913502488111676891e-01,1.619072024234995411e-01,9.349800761591642306e-02,9.215291607281006492e-02,5.335540693828910719e-03
1.100030000000000000e+05,9.900230536698114703e-01,9.648209945653973829e-01,9.460559702164639262e-01,8.625910081277360364e-01,8.168666464329232824e-01,6.096728233260595431e-01,6.090848735849327955e-01,5.987130326287394277e-01,5.742969463845057909e-01,5.007586090268228984e-01,3.327744703915495039e-01,2.980690819930359448e-01,2.416949452612970894e-01,2.397561893201768379e-01,2.313771224924666692e-01,2.026618933290111890e-01,1.976019670407986872e-01,5.653546422996391652e-02,3.928443695727634744e-02,3.770227405008785837e-02
1.100040000000000000e+05,8.875656968983093309e-01,7.960238754018729157e-01,7.011842085255548529e-01,6.844368471976037815e-01,5.902378090900433083e-01,5.067763281563402167e-01,4.338372718827551155e-01,4.094652948886114974e-01,3.543122658883550713e-01,3.336000057636210325e-01,2.614530366045937360e-01,1.970256983680264140e-01,1.368098400333321862e-01,1.029262172878373516e-01,7.575245886281001262e-02,4.822463780781416354e-02,4.786896440470844727e-02,3.377708022429914969e-02,3.040627257469541433e-02,2.810546116747913992e-02
1.100050000000000000e+05,9.585300274748806970e-01,8.173861041159508067e-01,8.025517735674417841e-01,7.728875253400754319e-01,7.612587108040750339e-01,6.965756893054368959e-01,6.160773838245020562e-01,5.339297818964759967e-01,5.271237732676278265e-01,5.174966008846993981e-01,4.427159513168570371e-01,4.205134706045987603e-01,4.085954476178187411e-01,3.258391377592699811e-01,3.173646684437653187e-01,3.140157407243187038e-01,2.626717930033061199e-01,1.971115852154723402e-01,1.321653250214200881e-01,1.272524597279631742e-01
1.100060000000000000e+05,8.776919515142981298e-01,8.684409948729343576e-01,8.431427563066512532e-01,8.408277766071555748e-01,8.082968820765703555e-01,8.046443530769170627e-01,7.887892769546788196e-01,7.655115417042287485e-01,7.515574335613658397e-01,7.478929281397731499e-01,5.763698882683446767e-01,4.905669238345735650e-01,4.352324414740800229e-01,3.468231137083239712e-01,1.903059387150988213e-01,1.192471782279368453e-01,1.061878711275870968e-01,5.679304313305733043e-02,5.678872481485452983e-02,2.411912082159262116e-02
1.100070000000000000e+05,9.191630180853969101e-01,8.779282197562487955e-01,7.608303230737510914e-01,7.165394264492357390e-01,6.932045787276308602e-01,5.948144375191574129e-01,4.927124115081348288e-01,4.921725701513794959e-01,4.495001415232122710e-01,4.022855067545320074e-01,3.580553094781050438e-01,2.920294397614383586e-01,2.829434255670263409e-01,2.751806357343862253e-01,1.712695848900183115e-01,1.446617530698248721e-01,8.225816572052468967e-02,6.443946478636064512e-02,4.563323948812547659e-02,9.326415695479095547e-03
1.100080000000000000e+05,9.151687068940552727e-01,8.663699741390900044e-01,8.656030503199790838e-01,8.432082374248369705e-01,7.377207366518799825e-01,6.351792230458354060e-01,6.063109616229782617e-01,4.902034974977265147e-01,4.285929911359096511e-01,3.525393183371968719e-01,3.419644300771175205e-01,3.232403687877107856e-01,3.013597591476794291e-01,2.469904952332377945e-01,2.022892555090090028e-01,1.567392239113404306e-01,1.265133800298486877e-01,8.388803801832278584e-02,7.378633917649923823e-02,1.941566856881637992e-02
1.100090000000000000e+05,9.891145334883268969e-01,9.884889586636855796e-01,9.511584245843044405e-01,9.059748193122023618e-01,8.987584545115296919e-01,8.160495614176106471e-01,8.001892245069039955e-01,7.259628391273820203e-01,7.170792245801472786e-01,6.568388732106410499e-01,5.687278220022067288e-01,5.432816551096976143e-01,4.704855429572032399e-01,4.350948017500739784e-01,4.106422242825598090e-01,3.983059812453555448e-01,3.083740215470879287e-01,2.903141903892187958e-01,2.681956666108205045e-01,1.406306910518858588e-01
1.100100000000000000e+05,9.599075731893773611e-01,9.546096142119064876e-01,9.485556734227065245e-01,9.437934759828169318e-01,8.835193512198977750e-01,7.828294838700686764e-01,7.790804487195153172e-01,7.752955043591810425e-01,7.486199393470593932e-01,7.152283266144280338e-01,5.185672522714825927e-01,4.975386831196494386e-01,4.498162783321889568e-01,3.885737519618577274e-01,3.571752469516009665e-01,2.729792415636147496e-01,1.822488615595697636e-01,1.120128630700230055e-01,8.623765521067094930e-02,5.931734798562704469e-02
1.100110000000000000e+05,9.277667817666669370e-01,9.086961261106969445e-01,9.016746781060556160e-01,8.936254627363090508e-01,7.462833174566715355e-01,7.329345719866855458e-01,6.992141188431202359e-01,5.860926721612469414e-01,5.497652229391422063e-01,5.230065697979312533e-01,4.155697290921267495e-01,3.968802318636956983e-01,3.917583218190721084e-01,3.795177825695683627e-01,3.652776183612517213e-01,3.120202143564017039e-01,3.002414938575883596e-01,2.293730216609721762e-01,4.391781678710571235e-02,1.859551011244608976e-02
1.100120000000000000e+05,9.134907087564810846e-01,8.634915169381850442e-01,8.527542691236748018e-01,8.142741763942522581e-01,6.574034491473566000e-01,6.385721593635504956e-01,5.565023212098454408e-01,4.465221230474991643e-01,4.449886300344887413e-01,3.306336780429945943e-01,3.022745234898068789e-01,2.839131922365294436e-01,1.965855756168174429e-01,1.588145393478437306e-01,1.579077400736487169e-01,1.223153006452946112e-01,7.330439050191650541e-02,6.420204365009896108e-02,5.349386940201328322e-02,3.514772728436665883e-02
1.100130000000000000e+05,8.621662858891990799e-01,8.452884846396802043e-01,8.408547909654000563e-01,8.390708138134993499e-01,8.174069286569876081e-01,7.883019745471790962e-01,7.466080602797392496e-01,7.073388415281868236e-01,6.604026486599230417e-01,6.455410043091321937e-01,6.393443355838792641e-01,6.346363576863169875e-01,5.362224340208554541e-01,5.034585206656635448e-01,4.728839438939828055e-01,4.314057941702579280e-01,1.911780829960186834e-01,1.295092137374064256e-01,1.288680342225777542e-01,6.544261016586616631e-02
1.100140000000000000e+05,9.422006490783172428e-01,9.304797285763259929e-01,7.429142259685000971e-01,7.246574456114646123e-01,6.974728054029309954e-01,6.947658523648165829e-01,6.380811026744983572e-01,6.172666875071290971e-01,5.797518610385118398e-01,4.763174856527601086e-01,4.619599116411605699e-01,4.598866654914253171e-01,4.521811621984507257e-01,4.481462816032740770e-01,3.900396820954138422e-01,1.708862586474696466e-01,1.657529413297903487e-01,1.512729705865594187e-01,3.974571023111772572e-02,2.725586856904826938e-03
1.100150000000000000e+05,9.831639046486845279e-01,9.360986802492934356e-01,8.996685602978423679e-01,8.796275449874521035e-01,8.628268375313221661e-01,6.601670911106123363e-01,6.586747388145022253e-01,6.117240629330693569e-01,6.080126175307341008e-01,5.817559692189292475e-01,5.794018692560245487e-01,5.080356351136717796e-01,4.361776445447974604e-01,4.175353625304645266e-01,3.846964920774977870e-01,2.649650395380300782e-01,2.498003567586267737e-01,1.884733764622871233e-01,1.045419435440406719e-01,7.352579166030581703e-02
1.100160000000000000e+05,9.775790562729403943e-01,8.920311772952499441e-01,8.665880037112516643e-01,8.439618089693370351e-01,8.143234385589872559e-01,7.275440985761927326e-01,6.638399611665618538e-01,6.403582320749031664e-01,6.186846526832971982e-01,6.130604704904145663e-01,4.999267927100979891e-01,4.391816662711639507e-01,4.375829465550870045e-01,3.369922181034366027e-01,2.677229953845401411e-01,2.625334636249029296e-01,1.102901648614905694e-01,1.057491124752270029e-01,6.364369441486927848e-02,1.017896847314014863e-02
1.100170000000000000e+05,9.663750296483237801e-01,9.390400217124130755e-01,7.252059201871609018e-01,7.059397083407104034e-01,6.991194728467660102e-01,6.325907702680499956e-01,5.811067962723077684e-01,5.181407581606654045e-01,4.427746627460479312e-01,3.885895461583483979e-01,3.386443426955714209e-01,2.939486563325610646e-01,2.824068577543881187e-01,2.674311556909666487e-01,2.636263832002181395e-01,2.061255565966677583e-01,1.895879709769654475e-01,1.140171247921550890e-01,9.536938610286815887e-02,2.120392840302220971e-02
1.100180000000000000e+05,8.880087961805805952e-01,8.249309708623271398e-01,7.228372072103808055e-01,6.118325534826420942e-01,6.100613806941967976e-01,5.895524030913785740e-01,5.872988206667886235e-01,5.712470035794419143e-01,5.248981730975496030e-01,4.435063243649430831e-01,3.830950478558858840e-01,3.711110637522269107e-01,2.747134919440979983e-01,1.913044144798077273e-01,1.874549479957043907e-01,1.213165190176487274e-01,1.189126934163403648e-01,8.198797059912688034e-02,5.460132001623096976e-02,2.799710022138679477e-02
1.100190000000000000e+05,9.526897240923507537e-01,9.286942121579240261e-01,8.975902373240438603e-01,8.134700243640139439e-01,7.757344791705758080e-01,7.261127302952244955e-01,6.956401944298066242e-01,6.567626053856947532e-01,6.252008614140435183e-01,6.004948548786069873e-01,5.967261345785129789e-01,5.801847007383214017e-01,5.723573240152453057e-01,5.602100038090589429e-01,4.868684193972191432e-01,4.841786127923012328e-01,2.926498424176882107e-01,1.622535589673386180e-01,1.363786231715122810e-01,5.850177696417147022e-02
1.100200000000000000e+05,9.473964640593763864e-01,9.233022457205558586e-01,8.964371366601616709e-01,8.754016428964559449e-01,8.470102506070491533e-01,8.402651436605739210e-01,6.059623700334132446e-01,6.044868483486718347e-01,5.997738876805872588e-01,5.824787936398062582e-01,5.709610346363831468e-01,5.614349668502655044e-01,5.453252218335671309e-01,3.695311576879710680e-01,3.337669143606345479e-01,2.625408223754006620e-01,2.524696305845317568e-01,2.409008617849341949e-01,1.666555541548763175e-01,5.501221897061281396e-02
1.100210000000000000e+05,9.900836959734117260e-01,8.088754750458805320e-01,7.707383830802462255e-01,7.170863116530592496e-01,6.768993322181056094e-01,5.742309429213228178e-01,5.354245435989831714e-01,5.202274658058020362e-01,4.763684944220488715e-01,4.158424499914153971e-01,3.634851527727330778e-01,3.225977992846340570e-01,2.954343011454552137e-01,2.329110527483384541e-01,2.225891473875469817e-01,2.177831334066104851e-01,1.582947691379886779e-01,1.457681728042962144e-01,5.131122803908005903e-02,4.789262370099356403e-02
1.100220000000000000e+05,9.475300411661838895e-01,9.413519995843105947e-01,8.854838402798128616e-01,8.754713540903066304e-01,8.155760175862671879e-01,8.059572090207828277e-01,7.974568282784679774e-01,7.926770132403181401e-01,7.862848402816576820e-01,7.393203695703054468e-01,6.316257235202241693e-01,5.521604497193151051e-01,4.940570624235635089e-01,4.928319198507581378e-01,3.650760442482399171e-01,2.644264646971064003e-01,1.743005026086485998e-01,8.837947045999072770e-02,7.231254317508306606e-02,4.469941635345187070e-02
1.100230000000000000e+05,9.836429341185143338e-01,8.797583436138817214e-01,8.161775801701646182e-01,7.985609180745103508e-01,7.926986071155052160e-01,7.473650098067108338e-01,7.271445655479318315e-01,6.655911258156049781e-01,6.155710372587628321e-01,3.653338414732645312e-01,3.515322191087885129e-01,3.357380340605916613e-01,3.141263360536920013e-01,3.021242774466644798e-01,2.544154786969116122e-01,1.992693061832542245e-01,1.499729147772552729e-01,6.952697307952648842e-02,4.181501883965910160e-02,2.255838739091664547e-02
1.100240000000000000e+05,9.662874319245056132e-01,8.325247984873563878e-01,7.970105281686817866e-01,7.404648122216614947e-01,6.513654603930419951e-01,6.136125829945420218e-01,4.845268730278442515e-01,4.702975923265636515e-01,4.178644169212085702e-01,4.014029436443102838e-01,3.941218791253626730e-01,3.672606317185480584e-01,3.200584214513890746e-01,2.840523820633974461e-01,2.267985406795021142e-01,2.265951829174039922e-01,1.160709726130151331e-01,1.122306447241473437e-01,6.438602684673133680e-02,4.555201787803764280e-02
1.100250000000000000e+05,9.399194503627309460e-01,8.398031764103474073e-01,7.823248470088509654e-01,6.952827783780965998e-01,5.645256634143805963e-01,5.493295238095966537e-01,5.303222967553490319e-01,5.175675325389877957e-01,5.106547022485647958e-01,4.755478585298987815e-01,4.359353067072437860e-01,4.280487979267361132e-01,3.382709040932018185e-01,3.236595728612338130e-01,2.443848332247358091e-01,2.353543794385875021e-01,2.273198905790076996e-01,1.680710798263002070e-01,1.472732267434191389e-01,1.109608831099784254e-03
1.100260000000000000e+05,9.779175318063139111e-01,9.643910047116118767e-01,9.640630417182154410e-01,9.414010777676072861e-01,9.376867764106266989e-01,6.811401777986181294e-01,6.479155514144016026e-01,5.694344401147870549e-01,4.187575644275084441e-01,3.769026942567688110e-01,3.495780236092416171e-01,3.310771454702794436e-01,3.228309232601512813e-01,3.151594788723580676e-01,2.937300595684581017e-01,2.015981964462879583e-01,1.454824434476852391e-01,1.086384781820043388e-01,3.973806821574465964e-02,1.520918338970822514e-02
1.100270000000000000e+05,9.779649426743384222e-01,9.235556725679601175e-01,8.973468875216220608e-01,8.424933268195055058e-01,8.106800138267689082e-01,6.727649082144819825e-01,6.647191183232653566e-01,6.614602480454809807e-01,6.452414609657862732e-01,6.417727453459542986e-01,6.375870076296035194e-01,6.269598647339570396e-01,6.197605877532860186e-01,5.533851880287690150e-01,5.162743491724716138e-01,3.736479999222045434e-01,3.416292844742849777e-01,3.413084743386078923e-01,1.765615658441986868e-01,9.836380221544283042e-02
1.100280000000000000e+05,8.770727695464990425e-01,8.459379362027354965e-01,8.237997099317178051e-01,8.146515711579248586e-01,7.188213564390656396e-01,7.105490374084278971e-01,6.957694000993897010e-01,6.781940166361977163e-01,6.101972208573882561e-01,6.045970933904226685e-01,5.723402685635997633e-01,5.460056569997472353e-01,5.324148021725204627e-01,4.801534566532269510e-01,4.591108551854359288e-01,3.680677317553675554e-01,3.402890320056115581e-01,3.142470038221296669e-01,1.268579101867259862e-01,8.077361818663042481e-02
1.100290000000000000e+05,9.380935845650008043e-01,8.847019610945980883e-01,8.799270807062711253e-01,8.616023880222024589e-01,8.569066395562729976e-01,8.030039605897658639e-01,7.993482108234271077e-01,7.687603906337819870e-01,7.044908579048007047e-01,6.695451994962179354e-01,4.766645257409586334e-01,4.731163868384256066e-01,4.393772802779475350e-01,3.717401152870122294e-01,3.539790341590948186e-01,1.771194822839484706e-01,1.566340599238373876e-01,1.328808197127033797e-01,8.088452800011791677e-02,6.234590353227231763e-02
1.100300000000000000e+05,9.294117700801531878e-01,8.602476227831339362e-01,8.334574807951765640e-01,8.315143128754736157e-01,7.538741185003585699e-01,6.506093985445691175e-01,6.429916728752586019e-01,6.050617286095477665e-01,4.208489383248368298e-01,4.075083864090416341e-01,3.801488767683903758e-01,3.737078550079776518e-01,3.139891300970538701e-01,3.013772021104792476e-01,2.974441221211435726e-01,2.616321982811834479e-01,2.399592269589990723e-01,1.659486444762058310e-01,1.580383632130660798e-01,3.027747525483803770e-02
1.100310000000000000e+05,9.629439997574243959e-01,9.235834545880036162e-01,9.139401483327473930e-01,8.954843106308253420e-01,8.150538931707118628e-01,7.890670425427902535e-01,7.515795671979232928e-01,7.223478286888225242e-01,6.403064088307371948e-01,6.276651580054076751e-01,5.615377303302722112e-01,3.393568784307078312e-01,3.209161324492969536e-01,2.789121159663557892e-01,2.337144986438808303e-01,2.165800782609963449e-01,1.950559535402510702e-01,1.434253848265260034e-01,2.811567002846104835e-02,2.631843928644317376e-02
1.100320000000000000e+05,9.916553206073105420e-01,8.780056784103343892e-01,8.633143789760225895e-01,8.611759911745902052e-01,8.583678527763141108e-01,8.357671901571587236e-01,8.215242698545834887e-01,8.101401342924751114e-01,6.951322658269756261e-01,5.645298396561292398e-01,4.970821484946578162e-01,3.511556699274742677e-01,3.505324325180071421e-01,2.711642489914466436e-01,1.895370574968897603e-01,1.675843222980034630e-01,1.249331183375889109e-01,1.163597320471279062e-01,8.679772815487407644e-02,1.131510361890242233e-02
1.100330000000000000e+05,9.671661463842513573e-01,9.435918067407697007e-01,9.085574497860563481e-01,8.081126662432592811e-01,8.001916047140587018e-01,7.786467322608200403e-01,7.426688717303208120e-01,7.418064223449242212e-01,7.074763817386235942e-01,6.052676741397318150e-01,5.785300417288553598e-01,5.721191212162910489e-01,4.894694912819662624e-01,4.742957880949393301e-01,4.562981894682742734e-01,3.694217201058418443e-01,2.894800775710550944e-01,2.793767283288869363e-01,4.560671603112176342e-02,9.307672638072750360e-03
1.100340000000000000e+05,9.888787956559236259e-01,9.655830431935350511e-01,9.303168939572757923e-01,9.007582429733957952e-01,8.713187591010578270e-01,8.228773378763825086e-01,7.593209229090340795e-01,6.962278349828504576e-01,6.509462840229026659e-01,6.057013989844457491e-01,4.694879570378706068e-01,4.659916389034741702e-01,4.646515787796368091e-01,4.291008383823420314e-01,3.950856278565068047e-01,3.378350444156723587e-01,2.787125700173909149e-01,1.611445056007374532e-01,1.350397050472561533e-01,9.303297914757757692e-02
1.100350000000000000e+05,8.637095211055018096e-01,8.375191922886138229e-01,7.932740057871859873e-01,7.929687121679086514e-01,7.351491568092183293e-01,6.475856582483229262e-01,6.192076170731173335e-01,5.955923499050504999e-01,4.669845934941695420e-01,4.363799557996308476e-01,2.104041519801288507e-01,1.789732544080752108e-01,1.281639778718955958e-01,1.247448319870676503e-01,1.157757220785311514e-01,1.132096850517215758e-01,5.042132686281386444e-02,3.985590997174093264e-02,2.382205536506021293e-02,1.559366882484425343e-02
1.100360000000000000e+05,9.938109766632794440e-01,9.918402140831124036e-01,8.671037067311975211e-01,8.532795103073086418e-01,8.507093364633957489e-01,7.982351233233634380e-01,7.949714362920506927e-01,7.534229821758904322e-01,6.321593765668733766e-01,5.937011609313710414e-01,5.711875546437660267e-01,5.639725233517721703e-01,5.040737931336827238e-01,4.941636731626859458e-01,4.630842269212264162e-01,4.241235683510700127e-01,4.034478336861010428e-01,2.520870080104177235e-01,1.976697721464661939e-01,1.609877167298470191e-01
1.100370000000000000e+05,9.722287221961748438e-01,8.984914839550129928e-01,7.298825276883338375e-01,6.380837586573792075e-01,5.635465518791558104e-01,5.614838844775627003e-01,5.215403888885588035e-01,4.458946277096795807e-01,3.581584979733453133e-01,3.525643176585100402e-01,3.444288522009537612e-01,2.969055878863031683e-01,2.791403923554234279e-01,2.637747392971687699e-01,1.738692630829670183e-01,1.512427412625384493e-01,1.396882218874886394e-01,1.020821641370850408e-01,2.821400635724158334e-02,2.623800547959742602e-02
1.100380000000000000e+05,9.950478245569082114e-01,9.017699143830553155e-01,8.844524253382297641e-01,8.487244357954896179e-01,8.296219190493404616e-01,5.551186174274368446e-01,5.045745338043752248e-01,4.869089364127466846e-01,3.989442872122788142e-01,3.268966259922658768e-01,3.071613185573967009e-01,2.736520560713960881e-01,2.607059383608054670e-01,1.859188035790275695e-01,1.520115602300120550e-01,1.497495439490941216e-01,1.380188755030855585e-01,7.731165544332985196e-02,6.338236582237821715e-02,3.809351546232830898e-02
1.100390000000000000e+05,9.665805060195881149e-01,9.555501568322142258e-01,7.562294594844265472e-01,7.002602794367787098e-01,6.191444524416738204e-01,6.122802621830485403e-01,5.491885576754771403e-01,5.457743050749483960e-01,5.205610194887250186e-01,4.739608718346716154e-01,4.513063807637732738e-01,4.006785041583074136e-01,2.894924289455386157e-01,2.770306841317792257e-01,2.326405199012859804e-01,2.303562310578671779e-01,1.869194123216024739e-01,1.812731551566817423e-01,1.507279293428035460e-01,7.779531241004511433e-02
1.100400000000000000e+05,9.048106295551295863e-01,8.329388635678319774e-01,6.673173463076144118e-01,5.788044907054463728e-01,5.762293625143534159e-01,5.489439857264915013e-01,5.219442619700180863e-01,5.042271722876672246e-01,4.957726668648146928e-01,4.358002656941366570e-01,4.046286077471503706e-01,3.882030861546164058e-01,3.584910749223072512e-01,3.468619202394748191e-01,3.338618732830979097e-01,2.791953552754699031e-01,1.919390309144132223e-01,1.823894902048495137e-01,1.641535093104171672e-01,9.806610749574562469e-03
1.100410000000000000e+05,9.947905631698975570e-01,9.768324400095662607e-01,9.737045308074598893e-01,9.513399088779145307e-01,9.432100113923335138e-01,9.291849952090432962e-01,9.168522738800282124e-01,8.893065798475323636e-01,7.896726330399798099e-01,7.147173875650729702e-01,6.093333991204504807e-01,5.924456565732504343e-01,5.150690600572936928e-01,4.780025953243628445e-01,2.439428763170408132e-01,1.956492124856993309e-01,1.899389462685628915e-01,6.837052930870568535e-02,4.651255492376349387e-02,5.524019130114243836e-03
1.100420000000000000e+05,9.913880610537407767e-01,9.879029125093010677e-01,9.423051759667691041e-01,9.196530289988134044e-01,9.025322488516852593e-01,8.477336374636239569e-01,8.012299121707482374e-01,7.299067872376854282e-01,6.261901293047194006e-01,5.991556041367953611e-01,5.422348942802578398e-01,4.768423459581381252e-01,3.803791659902371336e-01,2.587628183930518189e-01,2.524324921150919998e-01,2.196770764347142357e-01,1.908446142757597164e-01,1.756339718741266598e-01,1.678958513240642603e-01,4.681547087055371037e-04
1.100430000000000000e+05,9.806867282876445824e-01,9.409443422403065416e-01,9.183779030348183658e-01,9.083960613901321812e-01,8.944488232704537189e-01,7.716266875570768624e-01,7.625280461352653694e-01,7.355867276842011915e-01,7.152575381015174871e-01,6.891028202992406371e-01,6.728898137604184537e-01,5.960335932025787598e-01,5.366635238319366064e-01,4.953648169918102306e-01,4.625750074392240840e-01,4.565877021712904105e-01,3.580093836809702390e-01,3.241139935185048948e-01,1.921487910895074425e-01,9.989492672208832857e-04
1.100440000000000000e+05,9.343889574746073734e-01,9.083943326783415761e-01,8.006959077139191860e-01,7.691628562107203360e-01,7.471286085105870445e-01,7.153986962586055265e-01,6.222067695652295782e-01,5.737716900562046529e-01,5.568990720967634811e-01,5.295339785949870759e-01,5.263715508747778271e-01,5.027780801876875483e-01,4.479752824618169482e-01,4.381505776526424256e-01,4.138228234209221368e-01,1.847109762380296782e-01,9.517031742313109000e-02,9.164983155237860224e-02,7.965903405238028423e-02,7.372956622032589280e-02
1.100450000000000000e+05,9.478408043432112740e-01,9.257382220469781986e-01,8.644028490991214619e-01,8.403713089374958978e-01,8.238854641156255765e-01,6.923739252371763353e-01,6.902331496568924196e-01,6.559691488291590211e-01,6.397658313706106048e-01,5.195610035301618801e-01,4.829508842298746440e-01,4.777568840460946209e-01,4.694699153691894722e-01,4.492022678681065750e-01,3.842454421980855406e-01,3.760080681802794311e-01,3.241926565268351546e-01,2.584370033169782754e-01,1.898050239006884299e-01,1.639828724733771725e-02
1.100460000000000000e+05,9.602338887089914010e-01,9.339942181915030783e-01,9.050725079753870750e-01,7.596643018004914927e-01,7.388297618752179829e-01,6.767200130256193491e-01,6.426248937043637088e-01,6.223607175040880568e-01,5.397420246821253986e-01,4.913663481331935756e-01,3.982465456586722352e-01,2.824275362917940679e-01,2.652270036707330414e-01,2.622971245098426607e-01,1.330771362698106586e-01,1.031571310645574835e-01,5.869488011183388032e-02,5.555226739419749649e-02,3.604499618407475126e-02,3.527018328772824063e-02
1.100470000000000000e+05,9.586433909578215840e-01,9.324548815155028203e-01,8.520791249031062220e-01,7.938037230795573773e-01,7.685585070821311371e-01,7.017576882223554025e-01,5.727539661655154379e-01,5.701772139602319101e-01,5.529668682540397340e-01,5.040926062651240880e-01,4.826537061639425419e-01,4.283621773531225418e-01,3.953286220792612271e-01,3.409167309763362352e-01,3.201865265648622394e-01,2.634331336294252202e-01,2.453485173848434231e-01,2.272282535126768366e-01,9.504613146280704861e-02,6.382066470595260110e-02
1.100480000000000000e+05,9.867744456808957842e-01,9.804900316689628692e-01,8.908337730563817836e-01,7.606805138822504420e-01,7.318777082254394051e-01,6.979563770239423093e-01,6.632108473494940926e-01,6.589818736108217223e-01,6.482863765847360904e-01,6.459548900903948621e-01,6.289197086500795120e-01,5.955705726135155365e-01,5.756630436003876694e-01,5.459973731105307593e-01,5.173195587880575763e-01,2.225238885574982728e-01,1.842486603025145220e-01,1.212896403752440344e-01,9.024885891550193939e-02,8.465274197990979577e-02
1.100490000000000000e+05,9.995404104775216236e-01,9.089189171741826057e-01,8.925168147881195058e-01,8.316278136380119701e-01,8.074647128523024797e-01,7.943748849163424497e-01,7.342843872637918601e-01,6.855134236593392050e-01,6.433402255558696714e-01,4.424649405371782196e-01,4.230742180902357097e-01,3.618112127090644670e-01,3.469357156314532009e-01,2.274356261745287267e-01,2.126690976362725083e-01,1.789108101061587242e-01,1.429316972831323751e-01,1.279475564093519591e-01,7.782543006654885076e-02,4.622431265688475843e-02
1.100500000000000000e+05,9.974256290054708263e-01,9.916273803369690665e-01,9.589342714770713316e-01,9.411400202459971887e-01,9.308503745090659365e-01,8.096461195037646386e-01,8.074475211548870490e-01,7.905581393204869078e-01,7.214057307905262784e-01,7.192763174053452557e-01,6.610924421730921541e-01,6.584145545651262088e-01,5.506112246366900997e-01,3.789273511703552533e-01,3.322440993877132653e-01,2.335513634175424569e-01,1.297274180110082886e-01,7.169676914109601729e-02,4.786704122402685169e-02,4.695475642832092067e-02
1.100510000000000000e+05,9.384995485522894532e-01,9.375248254071913978e-01,8.956090511913792351e-01,8.862393643270964905e-01,8.626764825075592391e-01,8.106932624752472005e-01,7.878123983662276286e-01,7.756552639637940283e-01,7.714707620731154902e-01,7.180794267347812010e-01,5.488872073648579653e-01,4.465902573780886620e-01,4.116251331293703242e-01,4.070773581041869926e-01,3.530366176584204263e-01,2.944471435921344193e-01,2.750139794330620502e-01,2.238819152549241798e-01,1.422332777119411640e-01,8.230254408226445051e-03
1.100520000000000000e+05,9.958065350961079476e-01,9.706767520299470764e-01,9.649033949349518080e-01,9.471194229820117938e-01,8.706090155686758703e-01,8.439507053508894519e-01,8.247313091900275728e-01,8.189408536876066069e-01,8.183549053225301906e-01,7.960692689042253578e-01,7.920467685993333173e-01,7.482120829904858050e-01,7.039255759598196382e-01,6.915122706957267384e-01,4.766241144114476969e-01,4.616881742720944093e-01,3.671128910786870536e-01,3.537715944268969848e-01,2.342194109152011539e-01,1.323448944823149009e-01
1.100530000000000000e+05,9.207850426545336475e-01,8.595626653724620647e-01,8.443578438723093882e-01,7.934958205412836474e-01,7.917180824914989978e-01,7.730770616498799930e-01,7.338118980806144220e-01,6.869015152649921019e-01,6.218574572382612464e-01,5.003215288852621567e-01,4.733742357307000326e-01,4.571513871411239105e-01,4.121904532372617780e-01,4.094592341566477556e-01,3.273129262791693028e-01,2.574531422992069052e-01,1.435087317101548798e-01,1.410633324554375623e-01,5.083045686918463701e-02,4.360285220525716987e-02
1.100540000000000000e+05,9.891738148898355787e-01,9.343417001205516215e-01,8.898739467229875855e-01,8.830792233209106001e-01,8.222195996287530173e-01,7.623603653638026945e-01,7.620193125858202299e-01,7.206537627514512101e-01,6.949472040709091525e-01,5.980832687325053909e-01,5.975764678155457421e-01,5.344704857320750069e-01,3.934488656233521287e-01,3.417906706081811352e-01,2.867106129696987971e-01,2.866822652346333600e-01,1.910345340930384994e-01,1.170091992041444318e-01,9.216917834684701383e-02,7.282920751763100053e-02
1.100550000000000000e+05,9.951010764863604807e-01,9.703382255581629590e-01,9.439407618760129459e-01,8.085868918153104046e-01,8.026501336896521011e-01,7.584431075895383678e-01,6.771618294327925724e-01,6.740464844059566030e-01,5.673998809167837276e-01,4.674732283177103209e-01,4.322542807219118544e-01,4.294612036237178687e-01,3.682117688873961514e-01,3.531625626295803455e-01,3.285953692528092995e-01,3.202320072237948567e-01,2.914650799965819994e-01,9.381510466572318130e-02,4.688303017281669760e-02,1.534690004048500089e-02
1.100560000000000000e+05,9.294429572802819228e-01,8.585202271098559823e-01,7.996054507209636730e-01,6.899654313560732444e-01,5.830732021516102925e-01,5.801989471701571865e-01,5.165835223069408233e-01,4.268684370474445933e-01,4.235203208870274016e-01,3.886932215416672998e-01,3.436720220916718027e-01,3.406181834934338681e-01,3.372515155490082295e-01,3.253880770521541121e-01,2.334075830683334241e-01,2.147715099000603312e-01,1.858837826440934426e-01,1.523727588257353105e-01,9.064904947425855841e-02,1.799611123599209606e-02
1.100570000000000000e+05,8.890557344416284424e-01,8.020039161479692869e-01,7.929730453983410143e-01,7.604486679572479702e-01,7.062312696402129886e-01,7.017773293588904782e-01,6.929659424218511665e-01,6.675488991666522764e-01,6.288299834251402931e-01,4.284111192610878804e-01,4.183869332201057833e-01,3.284603734863118518e-01,3.017302991103001375e-01,2.859399732898784130e-01,1.262451616374755670e-01,1.146005322712814190e-01,1.089735632525314912e-01,9.396182999681312875e-02,7.627371119035608604e-02,1.462097819642882435e-02
1.100580000000000000e+05,9.782231132002742191e-01,9.753263940629151030e-01,9.400783935640840694e-01,9.159697808619522430e-01,8.658354255581797165e-01,8.263671803020498086e-01,7.590414445343222072e-01,7.469424692887418615e-01,7.438759349087488149e-01,7.341948081180095231e-01,6.211036038885103805e-01,5.141792226985207881e-01,3.335796317356878316e-01,2.548770875225709887e-01,2.411250535567306397e-01,1.269646951670807544e-01,9.784958379942676476e-02,5.516639563530778556e-02,2.733764941333061138e-02,2.228874506625799778e-02
1.100590000000000000e+05,9.739103321528482793e-01,9.466254093676212955e-01,8.772272202252023865e-01,8.346375971715032094e-01,7.983752715102933051e-01,7.487627316900998808e-01,7.350550791457456379e-01,7.229044933586068478e-01,7.111967150010747307e-01,7.092925163641097264e-01,6.805075544883879557e-01,6.055209308194128281e-01,4.937964487383714740e-01,4.483338662819139619e-01,3.002029997382585913e-01,2.806209176431113672e-01,1.676553733338741470e-01,9.465735253988705189e-02,7.519474925573454982e-02,4.523446091435590066e-02
1.100600000000000000e+05,9.702749795333077687e-01,9.578767321248404798e-01,9.509079645660528657e-01,9.282165575998102547e-01,8.423719562410756367e-01,7.865907685790302084e-01,6.346028914922282604e-01,5.758068560262379343e-01,5.344002847770270570e-01,5.312440377873960395e-01,5.169736614804110175e-01,4.597666986529046484e-01,3.131299868602372971e-01,2.280121108073753788e-01,1.764894619586969693e-01,1.434187213110131864e-01,1.120465218774315819e-01,5.828202582792063602e-02,2.261180279347319022e-02,9.322685332229241340e-03
1.100610000000000000e+05,9.079135635947839233e-01,7.786603427140740274e-01,6.961360629831135904e-01,6.703984508711396950e-01,6.602264451682299251e-01,4.928939084491503753e-01,4.636154900892581754e-01,4.152592875866091271e-01,3.889380601663826598e-01,3.802480490608843855e-01,3.480092501530680504e-01,3.448965139588497930e-01,3.262792471736202238e-01,2.543944721070914294e-01,2.437197788192234649e-01,2.263159053751088168e-01,1.791663210427673070e-01,1.435440613432956702e-01,1.283957435942478797e-01,9.026063619645119385e-02
1.100620000000000000e+05,9.868493819525017141e-01,9.119563158918001511e-01,8.053237307066678508e-01,7.673531026440634228e-01,6.973570243875931718e-01,6.937194709659025849e-01,6.713574325335441850e-01,6.672729783847480833e-01,6.445328206047757913e-01,6.278539070199832262e-01,3.650698292923802990e-01,3.081415363687829423e-01,2.876659543445040379e-01,2.117659870285487633e-01,1.369349342542479642e-01,1.344575585966142350e-01,1.225951422501632138e-01,1.115860016440575198e-01,5.284587582859612276e-02,2.168325533254089610e-02
1.100630000000000000e+05,9.855496416256966929e-01,9.835330725784088290e-01,8.634418840738795620e-01,7.532323867638612835e-01,6.338081053951042376e-01,5.966331104398957530e-01,5.810424225825097100e-01,5.320306511655789050e-01,4.980477464579258218e-01,4.967296360761225271e-01,4.725711611229352904e-01,4.328553491823879940e-01,2.967217123809637869e-01,2.845182838136353087e-01,2.686496061256272716e-01,2.423222080220132080e-01,1.587156177050536021e-01,1.308436695696512109e-01,9.223539845016093253e-02,5.872599662912680873e-02
1.100640000000000000e+05,9.743094450878551083e-01,9.678482695786625456e-01,8.238107642935014185e-01,8.180910217126512451e-01,6.083116737008325003e-01,5.948457687778749836e-01,4.742082923384829396e-01,4.705699228335855633e-01,4.442319284925443368e-01,4.098067122774637916e-01,3.916994380784197816e-01,3.750128309947104999e-01,2.654410364074673012e-01,2.381388529874124416e-01,2.075643676077354449e-01,2.003526979011316378e-01,1.082730796750757118e-01,1.035617797670166373e-01,3.465216635290613301e-02,1.384318477636770073e-02
1.100650000000000000e+05,9.644867717380066763e-01,8.010593662717349073e-01,7.792746992201092793e-01,7.274617280272075437e-01,6.970847434947360366e-01,5.980827746936837608e-01,5.151298436272926384e-01,4.605910176441655457e-01,3.008579987746492490e-01,2.890303442189726679e-01,1.813800030260920293e-01,1.228536732335014925e-01,1.206320162809684238e-01,1.164571085604446665e-01,1.063439015837902568e-01,8.496500011842100797e-02,7.234993514878507170e-02,5.467095223859352870e-02,3.771927539929997852e-02,3.000042050530093984e-02
1.100660000000000000e+05,9.955184235813592242e-01,9.683350485046933187e-01,9.199334669433204548e-01,8.674437197851727621e-01,8.227241266630986871e-01,7.870770359492402779e-01,5.860647032528856215e-01,4.597868329177156044e-01,4.443356422875106571e-01,3.572999934221303686e-01,3.123189978466062167e-01,2.945641372431676563e-01,2.730529572419934103e-01,2.181990235097007735e-01,2.148049969659742153e-01,1.955448144592790705e-01,1.692157332494393929e-01,1.057182432824741447e-01,1.010618448332338826e-01,1.382918771813279601e-02
1.100670000000000000e+05,8.810957980386622257e-01,8.666055771193091894e-01,8.600597256340154484e-01,7.742012530785826740e-01,6.659178505342696619e-01,6.260762261242316384e-01,6.191561034408703534e-01,6.144082357528388716e-01,5.578208745379671374e-01,4.999356154905929550e-01,4.990279092500865543e-01,4.924082935972714514e-01,4.806517241512653360e-01,4.298120757495450528e-01,3.394096453761191734e-01,2.910272637019072350e-01,2.545742975103154615e-01,2.534042377129055446e-01,1.587556901339839399e-01,7.113946433083340182e-02
1.100680000000000000e+05,9.713732550130563803e-01,9.548678156793913852e-01,9.136865540910250605e-01,9.018618841185822577e-01,8.820642973670874687e-01,8.813168313850137103e-01,8.495739314772272621e-01,8.378517104070599686e-01,7.175387111162164766e-01,7.137547410995438435e-01,6.466365056295789726e-01,6.130782018965222901e-01,6.115867035867287305e-01,5.360372395512396082e-01,4.242045927504011216e-01,1.897858763930064807e-01,1.700848274135092764e-01,1.522405649648386206e-01,1.407900381279466595e-01,2.428408903428325161e-03
1.100690000000000000e+05,9.971333376305532292e-01,8.731896446143339041e-01,8.593556459711495510e-01,8.259709154370573625e-01,7.603555101081228562e-01,7.487813051784961704e-01,7.110236431665203360e-01,6.924607766534356390e-01,6.269537691565829629e-01,5.429703059786601393e-01,5.218624925017519844e-01,5.008274455837603556e-01,4.976691698457388346e-01,4.063717470878697169e-01,4.047707661663619838e-01,3.914759177234826693e-01,1.820201522472676414e-01,1.579650595040111849e-01,1.424898792536595238e-01,1.796364896544944134e-02
1.100700000000000000e+05,9.677363364814266511e-01,9.608543260252999652e-01,8.499686122075523764e-01,8.175095978626074622e-01,8.068557236900908425e-01,7.867068640202230512e-01,7.820886118361031203e-01,6.003447763138400894e-01,4.318099194250302197e-01,3.646006741994499700e-01,2.762487091404686179e-01,2.641286819065081781e-01,2.115199501932882864e-01,1.931360728838003027e-01,1.648821523520574983e-01,1.637490715680616216e-01,6.766038909861071815e-02,6.097475043086320046e-02,4.944917505118895384e-02,7.724312185589110591e-03
1.100710000000000000e+05,9.793377716808232547e-01,9.575784283817344589e-01,8.211792887230213722e-01,8.146657559880955413e-01,7.097062088409521463e-01,6.404739266473036263e-01,5.683350695560743793e-01,5.184446685874646299e-01,5.051509882813647323e-01,4.759661919128117535e-01,4.295117651971531725e-01,3.451821651148079262e-01,3.118922800278676188e-01,3.062255247251128853e-01,1.351359115323669258e-01,9.208786076984931679e-02,3.895178787464459447e-02,3.322209951896992752e-02,1.152255836577364967e-02,6.632110660565571081e-03
1.100720000000000000e+05,9.774896057785814607e-01,9.252594406821570416e-01,9.086963989489177385e-01,8.947763524283520731e-01,8.777749295218184589e-01,8.520588007106665307e-01,8.488690068844531034e-01,7.846729355471597778e-01,7.471958430770576642e-01,7.264623881515490655e-01,6.539023530059705491e-01,4.713001801885123854e-01,4.675498117240454166e-01,2.555264755102300001e-01,2.422272344529676769e-01,1.755014553024261126e-01,1.149612136112466709e-01,7.110465685851929951e-02,9.151651301743113365e-03,2.207244781154193980e-03
1.100730000000000000e+05,9.729144805992889777e-01,9.246528048617732587e-01,9.038686507533225667e-01,8.806074938568350108e-01,8.599941844188190299e-01,7.516760887872889763e-01,7.506682032133975557e-01,6.489326126097885172e-01,6.309955666217781367e-01,5.297793980226660482e-01,5.235308746204513364e-01,5.128876974228783192e-01,4.988953770010164934e-01,4.481723304726298318e-01,3.818507503859461805e-01,2.462313997028555690e-01,2.288495516957284037e-01,1.537800161646584174e-01,1.346118645398186597e-01,1.235441105961451180e-01
1.100740000000000000e+05,9.633070064121934672e-01,9.557810511978535040e-01,8.822994504256764792e-01,8.308930963457389351e-01,8.159402811809833844e-01,7.167973522576994716e-01,6.632201416469458710e-01,6.517861473432190467e-01,5.241755220804125148e-01,5.003861515954499684e-01,4.350422768327769640e-01,3.329087137462150014e-01,3.135898137933258445e-01,1.736282839180154358e-01,1.030774750760181657e-01,8.189647644190178877e-02,3.086441170762599384e-02,1.945305718654288807e-02,1.748690499235394658e-02,1.478565141227616841e-02
1.100750000000000000e+05,8.885724419233940186e-01,7.714260534170718220e-01,7.117534719706292146e-01,6.787674427886419837e-01,6.476625545592298305e-01,6.455503420457571195e-01,5.663960857814624994e-01,5.514794404059086830e-01,4.975018659970210644e-01,4.795689748944732544e-01,3.479425453904918530e-01,3.369396198387506480e-01,2.760050090492636166e-01,2.410478463146379369e-01,2.380740775265277609e-01,2.168153127589894646e-01,1.257273507812141089e-01,5.462149613083211452e-02,4.103172688051925920e-02,9.028281659969161765e-03
1.100760000000000000e+05,9.486764560434265414e-01,9.179696357567763698e-01,8.952961815681669266e-01,8.132978381388991096e-01,8.002087401847530757e-01,7.744079877934829659e-01,7.505962397660722596e-01,7.404030125963966258e-01,6.372334994552936172e-01,4.681446492666164749e-01,3.900365076964239508e-01,3.743598309999786045e-01,3.685123961766346712e-01,2.660911785452185763e-01,2.272384213526789098e-01,2.096406741428715748e-01,2.080060931891684062e-01,1.906414298563686716e-01,1.352067188747987370e-01,1.054427720389183865e-01
1.100770000000000000e+05,9.436320285438668520e-01,9.267870944050181636e-01,8.362935112755940370e-01,8.337893079158562593e-01,8.008856652252108743e-01,7.770963302034921139e-01,7.184403501518437096e-01,6.773454056264015533e-01,6.279593665113034628e-01,6.236884424580935171e-01,5.959470508110258358e-01,4.484732741099514142e-01,4.377343494139335212e-01,3.676731099011381065e-01,3.576598878711291229e-01,2.279043628155834611e-01,1.909651920775188305e-01,1.771410562814387246e-01,8.699467118098513918e-02,1.284392942160672568e-02
1.100780000000000000e+05,9.464551669518893595e-01,9.299581172055659817e-01,9.294995658665057281e-01,9.230977396786682609e-01,8.419831403723150309e-01,7.547801440338572920e-01,7.106185229944109727e-01,6.598736764950829947e-01,6.582244568110545702e-01,6.169516462555177938e-01,5.852750665833003074e-01,5.818850013742788985e-01,5.750207921574208569e-01,5.356460355898736703e-01,5.062498270087658625e-01,4.246127300605087029e-01,2.861223701396262697e-01,1.951498044675347154e-01,1.527723641331425464e-01,6.458864341786296759e-02
1.100790000000000000e+05,9.869204729390232966e-01,9.508328883642787055e-01,9.489955414732349492e-01,8.565538001146206781e-01,8.364457522106001353e-01,7.908636989524768790e-01,7.430014719653430522e-01,7.101337432735086441e-01,6.955978447920218022e-01,6.737538070693821490e-01,6.073934740037126856e-01,5.721201891356206826e-01,4.419487379158256735e-01,4.410097294415372682e-01,3.277546992219755317e-01,2.993372948879329254e-01,2.147946328523681059e-01,1.682754338208490852e-01,1.021175107475726929e-01,9.577067221752555426e-03
1.100800000000000000e+05,9.978641809472119650e-01,9.550838889434168921e-01,9.545314646059988029e-01,8.495137308730507097e-01,8.448588717662839365e-01,8.406339944695858657e-01,6.641488652350953092e-01,6.607126923428455756e-01,6.297558290781870571e-01,5.555846186818014232e-01,5.296289577063080234e-01,5.198067015941781888e-01,4.843529822415556518e-01,3.993385699901250696e-01,2.826808470653806582e-01,2.515761424026834447e-01,2.099760270569257514e-01,2.060252883717612615e-01,9.833131800130379130e-02,2.326341566802114791e-03
1.100810000000000000e+05,9.947125661819481435e-01,8.788401602010992297e-01,7.424500960833042562e-01,6.803470104298582344e-01,6.680001627733247460e-01,6.352488021990343459e-01,5.847061667057293910e-01,4.970293464546088336e-01,4.880780611201218644e-01,3.962721093426013752e-01,3.626416956862811292e-01,3.571226333441681611e-01,3.399748890028522208e-01,2.805837943003839374e-01,2.757082828847779998e-01,1.883405837879080780e-01,1.199637101543704620e-01,1.055683039199102335e-01,5.279211990114340836e-02,3.274284875651400917e-03
1.100820000000000000e+05,8.159931390820055475e-01,7.975979489467356354e-01,7.724131537688467830e-01,7.279444025251667894e-01,6.711905779459478305e-01,5.918299415446395262e-01,5.853775060066228608e-01,5.532000346943473090e-01,5.506577946978883364e-01,5.430574747259589996e-01,4.952385046202329999e-01,4.775167959265452788e-01,4.055232211759466354e-01,3.274703066635169524e-01,2.528477641368297446e-01,2.119248695545881134e-01,2.086685394347065348e-01,1.298632035713817023e-01,1.038915531903046308e-01,8.881330779665375097e-02
1.100830000000000000e+05,9.699468702343365667e-01,9.655118597424031668e-01,9.229878857937496850e-01,8.422722693842710218e-01,8.118493115684918271e-01,7.427574194837145427e-01,6.538019819832683321e-01,6.377028660173659214e-01,6.232800304233654387e-01,6.226926967456181128e-01,5.975376513325328931e-01,5.220267797431524803e-01,4.939003323090774833e-01,3.455375960306109606e-01,3.374591371521006300e-01,1.169532272021206465e-01,1.139333841871756903e-01,9.970121517841512571e-02,7.971890747331111804e-02,4.385711198795416710e-02
1.100840000000000000e+05,9.822779677112826180e-01,9.700586394781423039e-01,9.450711578534092272e-01,9.235759855123807371e-01,8.347838244274928821e-01,7.341928188644880615e-01,7.095685599288602541e-01,6.598132885603060771e-01,6.287190432769554915e-01,6.039244804590188087e-01,5.248465347169787298e-01,3.514822886904819255e-01,3.395179771383471934e-01,2.521518275305698609e-01,2.415553064288858964e-01,2.399303444609909297e-01,2.123159474166746996e-01,1.686651937353154107e-01,1.470214142312414873e-01,7.680145670988181017e-03
1.100850000000000000e+05,9.624596743080260364e-01,9.110006423657796004e-01,9.029262358307371672e-01,8.975679009425305832e-01,7.928624459034413485e-01,7.493089660748936121e-01,7.430753748708137651e-01,6.428433059949977268e-01,5.429809686544274649e-01,5.253010728645133298e-01,2.690279889614068942e-01,2.620845388871658743e-01,2.612616450319303896e-01,2.425212422854494676e-01,2.273527661327523486e-01,1.825419817315030446e-01,1.743822087669195664e-01,1.530078944421940923e-01,9.733068376157083534e-02,9.833504704434115062e-03
1.100860000000000000e+05,9.828056881182881677e-01,9.084814284386726335e-01,8.878571252840111727e-01,8.417963880053853654e-01,7.824860580185848402e-01,7.212015521687185071e-01,6.748507374917044332e-01,6.733142016408745212e-01,6.468615161782867995e-01,6.362083233117311609e-01,6.038540650363316553e-01,5.994316803541712702e-01,5.334723151018166964e-01,4.689942838176782702e-01,4.194735985383573063e-01,3.448524420170778759e-01,3.089511150493106095e-01,2.420951500342074514e-01,2.325297216451553961e-01,2.242082656266375373e-02
1.100870000000000000e+05,9.994082045642610490e-01,9.570717819224225931e-01,8.667532302484119988e-01,6.380054580176617307e-01,5.763149018760928000e-01,5.578353498537210742e-01,5.112590668701076924e-01,4.527244358711184358e-01,4.217356593849513891e-01,3.393588191023434453e-01,3.324089944218610038e-01,2.722590754832276971e-01,2.379660915764846285e-01,2.338467409915462314e-01,2.319195800209261638e-01,2.302615744692053656e-01,1.576869127778318669e-01,1.427750137388957841e-01,1.313922661382742607e-01,5.999950816088739369e-02
1.100880000000000000e+05,9.422072199442186324e-01,9.201465373626048772e-01,9.085076879753503087e-01,8.122090022117489649e-01,7.334427669031966524e-01,7.111632966904748443e-01,7.050448165446611126e-01,6.855790071428949917e-01,6.716012154124071376e-01,5.903589917704300527e-01,5.605964630382027636e-01,4.560794914779869869e-01,3.470216744543046516e-01,3.251545269009243899e-01,2.041214616713025176e-01,1.938594936630673171e-01,1.596713927522895871e-01,1.552352640073213497e-01,1.502872306367795119e-01,5.858659311465996833e-02
1.100890000000000000e+05,9.625490516168329069e-01,9.388046956598239401e-01,8.367901768878964752e-01,8.289372287227588787e-01,7.925329005685870509e-01,7.861660280388853561e-01,5.108893086614165746e-01,4.724467349677965444e-01,4.036754413960685905e-01,3.697661196008801276e-01,2.721048551185835107e-01,1.932286776284117824e-01,1.836985956732306580e-01,1.738146636718311822e-01,1.729638244132067904e-01,1.598978458105211331e-01,1.005797357403978021e-01,5.746956189355800770e-02,5.458656249988980136e-02,2.520738389439247662e-02
1.100900000000000000e+05,9.863117885627746828e-01,9.099706111152334742e-01,8.580663756738253767e-01,6.977056283155551597e-01,6.153016352503184461e-01,5.222823576226461872e-01,5.093319604388423238e-01,4.945792950960049561e-01,4.641784067920976531e-01,4.193176136730070169e-01,3.365749162025698515e-01,3.278778003099346305e-01,2.944122428708982886e-01,2.720768975555954983e-01,2.613522828256339414e-01,2.612373712854993979e-01,2.598624173233456958e-01,2.063666715503592597e-01,1.034553823032952069e-01,2.833393608627432503e-02
1.100910000000000000e+05,9.955680988909846318e-01,9.598175290885306854e-01,9.198061451175196801e-01,9.047563919026780921e-01,8.993921749648137176e-01,8.834627190653387974e-01,7.775464466282623333e-01,7.421027505317614459e-01,7.210901715308838389e-01,7.095768387953300671e-01,6.793739798747363556e-01,6.584072064815638115e-01,5.481995921178722808e-01,5.070739892774005497e-01,4.854271844472658470e-01,4.699396424075260592e-01,4.603636385613111282e-01,3.791756606870678725e-01,2.642933664246175374e-01,1.035832478816454127e-01
1.100920000000000000e+05,7.201111623619698143e-01,6.332151853570024969e-01,6.264252788608112299e-01,5.738038060390344697e-01,5.193454577293196150e-01,5.056670822620866756e-01,4.803846163345901754e-01,4.744550372995178789e-01,4.667169264984792898e-01,3.751449111537886738e-01,3.488960981841801035e-01,3.328011236470662659e-01,2.633788249138433457e-01,1.144357447346534551e-01,8.935323841545006474e-02,8.927177526675378338e-02,2.989811026824062967e-02,2.780940302181988955e-02,1.918097575603816551e-02,1.751516127740548878e-02
1.100930000000000000e+05,9.990888302519220776e-01,8.165441306685401468e-01,8.097780934602283320e-01,7.838292050701013425e-01,7.498776905260785552e-01,5.825039102229147003e-01,5.772354487680004809e-01,5.331107008171322992e-01,4.683133487862422006e-01,4.663365312297266252e-01,4.160545811866536159e-01,3.862422089932321390e-01,3.610538889250738404e-01,2.772708522914555385e-01,2.163088399285822971e-01,1.008522749675401231e-01,9.819459827842436095e-02,6.810817872132446382e-02,4.223237781018895909e-02,2.854892371405237661e-03
1.100940000000000000e+05,9.773166879015779962e-01,9.437501901020602935e-01,8.902814925354765041e-01,7.810625043285467362e-01,7.467333072472800426e-01,7.412424513149933336e-01,6.948991441676058978e-01,6.773847832719704920e-01,6.265251981957232763e-01,6.205735420373181821e-01,6.051610936101216032e-01,4.505904291120570448e-01,4.282699535023785087e-01,3.841369418807236702e-01,3.759853951788085791e-01,3.633694151892848945e-01,3.311730950622399083e-01,2.282906149500263382e-01,4.966284360431150180e-02,3.257304438950325842e-02
1.100950000000000000e+05,9.722713956968236371e-01,9.171843063527910234e-01,8.778393423080008695e-01,7.189994205881090616e-01,6.979966670062387468e-01,5.697018359695293910e-01,4.983583415251408022e-01,4.316848784995090949e-01,3.991141223814690386e-01,3.988473153165681406e-01,3.849299884374577374e-01,3.522387992923241562e-01,3.230890778029371635e-01,2.850278516696070907e-01,2.239608020839619629e-01,1.651240712616365292e-01,1.593843108276128406e-01,4.417953857801659723e-02,6.661116640624409335e-03,5.685361134206701195e-04
1.100960000000000000e+05,9.728318093053546223e-01,9.419414113638787667e-01,9.250018201573663168e-01,9.124251245585131009e-01,8.862159017895758772e-01,7.366791210120913203e-01,7.343410663804447180e-01,6.439891202020495697e-01,6.348756800515533705e-01,6.089829756745926970e-01,5.209216698636343068e-01,4.222739398387462817e-01,3.844157746334933012e-01,3.645108287701026573e-01,3.498617313427210274e-01,1.945563264094475331e-01,1.405022509910506257e-01,1.313496363938660982e-01,1.080781565736930183e-01,9.249838806402710389e-02
1.100970000000000000e+05,9.387878837861022285e-01,9.195122242289122116e-01,8.965168450365849084e-01,8.735532854147541881e-01,8.047423989329799410e-01,7.823362700394747016e-01,7.427360002913380166e-01,7.245647356731018673e-01,6.981101089538209736e-01,6.937197404141882684e-01,6.278569928455220994e-01,6.180766826558421467e-01,4.990921541379993442e-01,4.793465964447850558e-01,3.466973472754691921e-01,3.014296895948233024e-01,1.707226654672484578e-01,8.943619341147357460e-02,8.320144083905811616e-02,5.172823975009432917e-02
1.100980000000000000e+05,9.839288802309547055e-01,8.786760123284504953e-01,8.330757033687273827e-01,8.323553179634517463e-01,7.401435757286860539e-01,7.111765307139575887e-01,6.324284382064931931e-01,5.713221902903482530e-01,5.638299628900381721e-01,5.579732325232349410e-01,5.535872720893487697e-01,5.449910704202163281e-01,5.229076053385035561e-01,4.791064774530894299e-01,3.859283026354735080e-01,3.510372300965612924e-01,1.693299206485693320e-01,1.515342643363265518e-01,8.623289558984559289e-02,7.121458082031795200e-03
1.100990000000000000e+05,8.930703961294537141e-01,8.215774422607726724e-01,8.014420494968141906e-01,8.008520082390759853e-01,7.819646818771638364e-01,7.561133183025972038e-01,7.097977227540434031e-01,6.725627112389591655e-01,6.592340898697665041e-01,6.497024466971330625e-01,5.673063471158857896e-01,5.533820569664538169e-01,5.185465864187123186e-01,4.210657180247329157e-01,2.516774543651313367e-01,1.748928972946297566e-01,1.556070244551693849e-01,1.127286104693825397e-01,3.310179221815900963e-02,2.226754719411971895e-02
