8.900000000000000000e+05,9.100707710243773896e-01,8.662129806541563060e-01,8.552563629123274280e-01,8.098996096499080366e-01,7.431174672531667413e-01,7.407689447045149311e-01,6.636679564455824076e-01,5.758311980351130677e-01,5.696023528560529847e-01,5.648257653780245358e-01,3.451150832613208985e-01,3.267514427445329384e-01,2.325027161871161541e-01,2.311358069855483643e-01,1.937455782501265045e-01,1.486097061711381118e-01,1.458919037106563010e-01,1.443890367265691088e-01,1.142436720390539451e-01,1.103995281497294201e-01
8.900010000000000000e+05,9.995724891445710858e-01,9.404878653503092600e-01,9.239658557954573137e-01,8.208538692702245232e-01,7.059307350771711898e-01,6.501265259508370864e-01,5.798408410160822424e-01,5.731381991008517307e-01,4.547162414900355332e-01,3.869881169906898011e-01,3.626786197282315660e-01,3.003545733798350659e-01,2.165533564676827005e-01,2.035845519611664267e-01,1.484966246838582693e-01,1.398745738034219421e-01,1.341122983696315663e-01,1.213974649929816518e-01,8.822033986118293925e-02,3.431010966694236775e-02
8.900020000000000000e+05,9.112454253807346083e-01,8.892610435352529263e-01,6.995030632946807048e-01,4.740493157699948723e-01,4.698452094840122051e-01,4.575594867803264298e-01,4.438428003764053331e-01,3.784049175389834208e-01,3.782093502635207605e-01,3.189131552261659230e-01,3.049862601572276288e-01,2.752307201332103714e-01,2.549355963547099702e-01,2.368380382333368228e-01,1.776218666626677711e-01,1.304696379642651394e-01,1.243926043095109346e-01,1.181344895273888085e-01,9.974828610420827246e-02,2.145200261766244676e-02
8.900030000000000000e+05,9.622572940796068064e-01,9.247460011151069637e-01,9.177291874861048804e-01,8.784726943548502032e-01,7.903207067825779308e-01,7.620697483774278025e-01,6.824777876566989754e-01,6.644851082672276199e-01,5.903382064425457543e-01,5.843816997860717954e-01,5.610541964368612744e-01,5.165298791557870750e-01,4.142210561780242939e-01,4.015841807659110696e-01,3.877452948089115115e-01,3.455872762663846354e-01,3.330257595282997141e-01,2.477158365527201145e-01,2.181352165962507916e-01,1.022704391043312011e-01
8.900040000000000000e+05,9.886683536369452741e-01,9.374819679936509109e-01,9.063271460682862379e-01,8.727669423062590637e-01,5.473218975568536759e-01,5.399326361585546907e-01,5.348743887433433652e-01,4.502135305644430208e-01,4.317882365037314374e-01,3.947645927085857709e-01,3.400603870340137558e-01,3.297994769265999437e-01,2.859520174567138362e-01,2.773608046676470096e-01,2.253325111674799874e-01,1.909637926396968721e-01,1.633193802152795859e-01,8.042668978094658083e-02,1.260062853698729057e-02,4.887078742524808561e-04
8.900050000000000000e+05,9.750585511291355312e-01,9.724919340110810273e-01,9.279006770475378696e-01,9.127040274810849230e-01,8.951875411639731439e-01,7.427675603232392065e-01,7.090260603462409383e-01,6.936870595931253769e-01,6.916317633535071785e-01,6.220103336457118992e-01,4.699187032645082418e-01,4.237906759033337467e-01,4.172906728010340460e-01,3.883680635520008195e-01,3.725591605686263685e-01,3.303141623192678011e-01,1.909317288953101821e-01,1.848711615845021194e-01,1.431493762054925067e-02,4.408522595219066531e-03
8.900060000000000000e+05,8.064470016191909174e-01,7.917837650833674523e-01,7.874723811571531229e-01,7.420766143085865130e-01,7.179699310955548475e-01,6.797256126826028977e-01,6.577421926597198931e-01,5.979338390214958832e-01,4.403230960984333420e-01,4.289129334140769911e-01,2.696992878170514363e-01,2.666519549188960392e-01,2.316297532042868035e-01,1.336036753027834978e-01,1.287508635450901329e-01,1.118677406463428614e-01,8.206639722090591782e-02,7.022678376961588587e-02,6.958958750388932746e-02,6.489128361458196270e-02
8.900070000000000000e+05,9.341709476318423855e-01,7.026688309186643888e-01,6.763710941416344324e-01,6.428958149675263467e-01,6.306042418924143744e-01,5.956668336480671622e-01,5.067419720655201854e-01,5.066313001425436502e-01,4.943838011000554200e-01,4.734521287016281166e-01,4.062432543668160756e-01,3.728758510893823708e-01,3.650730284678670445e-01,3.171300839003896588e-01,2.644038789292614267e-01,2.502283006063343862e-01,2.453511736521050146e-01,2.000601470800074111e-01,1.481720224399863950e-01,5.668148513411808143e-02
8.900080000000000000e+05,8.632511444429724623e-01,8.536586138661341749e-01,8.460833329723290719e-01,8.110553256430705904e-01,8.037642912785692983e-01,6.833271636335478405e-01,6.478103274611256568e-01,5.454500191107768403e-01,5.313977370174706172e-01,5.016996988151604109e-01,4.038964302033110076e-01,4.031115968630971658e-01,3.159251450591840094e-01,1.832429619562051526e-01,1.669045180972659193e-01,1.305541509039840342e-01,1.096288276507243475e-01,1.018347704061282055e-01,8.667685778429945476e-02,2.394284157084192177e-02
8.900090000000000000e+05,9.181759670389924022e-01,8.861140135897792591e-01,7.959879543690258075e-01,7.666750604962185855e-01,7.353845166329736616e-01,7.267976792805066477e-01,6.946449555698201994e-01,6.937165545783717802e-01,5.673720874942516090e-01,5.524231897381103318e-01,4.508591234317697038e-01,3.658306528305217409e-01,3.287976444401280451e-01,3.162913310937320865e-01,3.067246057443430152e-01,1.723168346614647461e-01,1.484396160612835303e-01,9.300357152773475189e-02,3.410960229755466422e-02,3.318736115910159157e-03
8.900100000000000000e+05,9.801112839499351859e-01,9.628259308549033113e-01,8.239474429367558139e-01,8.231499233184749187e-01,7.891176429415042159e-01,6.782569462768571755e-01,5.527617225679229973e-01,5.280064561863899719e-01,4.924174866422686980e-01,4.687737019772260094e-01,4.248648599492149680e-01,3.949767505520875854e-01,3.442756186369394511e-01,3.308391875904379553e-01,2.364996042703508827e-01,1.338687140615818505e-01,1.330542819348354833e-01,1.245655443993995970e-01,8.025355522076049741e-02,6.330918593096535041e-03
8.900110000000000000e+05,9.465688238915792585e-01,9.344331653539935667e-01,9.279881912218015394e-01,9.238530615222229070e-01,8.480454469308115195e-01,8.259989377429119983e-01,8.193418686351024993e-01,7.402615403847893072e-01,5.272086898682503131e-01,4.968684206467453013e-01,4.899819742544029300e-01,4.838137710031926719e-01,3.910597573353911116e-01,3.829843175913613118e-01,3.764162503731227627e-01,3.670612585958260565e-01,2.985985415009714261e-01,1.239107227770364084e-01,5.471797789768628739e-02,2.403283379993403912e-02
8.900120000000000000e+05,9.785698018989443803e-01,8.712699392987861557e-01,8.353391585649269091e-01,7.255638149403969006e-01,6.070558433084579653e-01,6.013086324472053379e-01,5.900269888376363792e-01,5.829855001063432018e-01,5.487280121230168062e-01,5.058896290782628480e-01,4.269969324011794187e-01,3.568869269186127902e-01,3.538963143935147659e-01,2.826269339505156353e-01,2.746767317051623802e-01,2.716635543053732560e-01,2.118610456302432166e-01,2.109040803799583363e-01,1.864046039223962170e-01,1.667232351613712193e-01
8.900130000000000000e+05,9.615799435422883734e-01,9.035128963430262283e-01,8.522505870076725332e-01,7.752038480983094448e-01,7.681129257122809584e-01,7.492194800602479665e-01,6.772880685601283535e-01,6.718329873158203069e-01,5.281916637488835997e-01,4.440157873921666276e-01,3.872537307045704758e-01,3.808815917849740496e-01,3.382456875958086417e-01,3.330652967349541083e-01,3.199893492816551221e-01,3.115966999905676049e-01,2.883856245239141414e-01,1.637710346567383679e-01,9.316736227684030425e-02,9.179433776111112220e-02
8.900140000000000000e+05,9.970130257504052906e-01,9.488102584262720907e-01,9.017972003268501791e-01,8.384542988708186817e-01,8.373293452532362124e-01,8.311522010956220452e-01,8.136553996396266308e-01,8.033337766282364623e-01,6.311943164736038003e-01,5.980865108038382338e-01,5.714213355532600236e-01,4.648390603399785714e-01,4.464958246223081906e-01,4.030625283365923961e-01,3.931767123433327349e-01,3.846214871766497900e-01,3.400845468617508249e-01,1.812363107502326098e-01,1.587744581093220031e-01,1.581120962040940547e-01
8.900150000000000000e+05,9.517646188209295532e-01,9.270555921573405689e-01,9.007941875856221303e-01,8.262356659173939466e-01,8.074469992062232038e-01,7.834331077429399492e-01,7.222348495618424735e-01,7.061296006958612814e-01,5.600063487597252143e-01,5.146628343283972118e-01,3.951010121744283898e-01,3.750210762726757796e-01,3.547285743851219530e-01,2.581784130799985588e-01,1.366395530575880146e-01,1.215603208473539087e-01,1.129790062994132649e-01,8.555189591922629511e-02,6.188171668719510965e-02,3.393294756070974749e-03
8.900160000000000000e+05,9.204971398215213707e-01,8.775452683180466895e-01,7.321265036500682610e-01,7.317174996947104493e-01,7.086344451218485885e-01,7.041371093030334150e-01,6.726224060164713858e-01,6.229110852568741086e-01,5.958637218650935097e-01,5.677761505746370396e-01,5.501926885166738002e-01,5.394905543247089375e-01,4.922240124924756044e-01,4.177874921163022837e-01,4.030243371780058981e-01,3.974489793324330611e-01,2.345010497402806315e-01,2.074853463004809884e-01,1.511857968735345059e-01,1.041441474560422797e-03
8.900170000000000000e+05,9.284003010302780412e-01,9.270012038981166880e-01,8.776497936982834425e-01,8.764910667344321116e-01,8.093939758708986743e-01,7.842707673809692359e-01,7.405928208663900003e-01,7.072617380152600441e-01,6.706919369578933088e-01,5.856701955847698482e-01,5.444927769246555860e-01,4.651919846891684474e-01,4.434084335139919508e-01,4.306300429290588205e-01,1.853319251980595217e-01,1.404109418584121860e-01,1.298515648093011565e-01,1.212375181556976100e-01,1.145639783023391090e-01,1.041884012399085790e-02
8.900180000000000000e+05,9.888034158179284105e-01,9.716327461510285701e-01,9.453061466812355818e-01,9.403947785489032984e-01,9.033565510129503151e-01,8.822565290607718991e-01,8.427508842162582114e-01,7.911107419890002213e-01,7.888163635937056606e-01,6.838041356466680876e-01,6.723088864836854750e-01,6.544675328745791498e-01,6.115859278747832750e-01,5.909503842930675654e-01,5.753082314431640087e-01,5.517371659539304085e-01,3.368681480816505536e-01,2.970509862025377812e-01,1.677437046368662754e-01,5.213017256160068502e-02
8.900190000000000000e+05,9.991657993510442148e-01,9.635266055649995831e-01,9.330282080644296538e-01,8.885382048371771591e-01,8.564237796854559104e-01,7.241205813114933720e-01,6.960703568948642950e-01,6.891768986376665129e-01,5.713306525618399023e-01,5.498021677725852818e-01,5.048647394378001918e-01,4.274058581975264115e-01,4.269767959133350388e-01,3.954853105860999252e-01,2.642260857914802141e-01,2.077449599872230879e-01,1.790131148094622482e-01,1.505356300757895172e-01,8.684059895438733800e-02,8.075101054515843035e-02
8.900200000000000000e+05,9.375137463217068090e-01,8.475203345882762473e-01,8.336335248669201059e-01,8.262835760905224980e-01,6.968296778438661798e-01,6.878058654899412705e-01,6.225586808312935094e-01,5.544893839276640035e-01,5.509952528152133322e-01,4.783686218105893673e-01,4.652341786408978885e-01,4.431376439871095307e-01,4.288166178293495445e-01,3.825548774983524858e-01,3.458709105659377725e-01,2.810912054758504253e-01,2.679595990459093802e-01,2.621685123753708657e-01,2.430756306819187307e-01,2.259229716423919454e-01
8.900210000000000000e+05,7.733429912550676688e-01,7.728435364230477056e-01,7.451542598934911554e-01,7.159242122667447417e-01,7.080217629815069857e-01,6.697608390867577643e-01,6.143682340844803802e-01,6.048703929917563782e-01,5.768583971449317005e-01,5.712471943165984278e-01,5.452799076808106937e-01,5.086115133001802846e-01,4.404905146417240625e-01,3.262276026731898426e-01,3.254226508226232273e-01,2.736747968472050818e-01,2.327927717626852022e-01,2.327245888115688777e-01,5.112238253191647708e-02,2.271121922425733963e-03
8.900220000000000000e+05,9.551524631963327350e-01,9.470367900222179669e-01,9.171427598085318822e-01,8.955807349665392270e-01,8.698830711335455712e-01,8.519115280093563225e-01,6.759485486464896775e-01,6.747439499457544843e-01,6.234022068746891687e-01,6.206207365605275195e-01,5.757459212610255284e-01,4.811278681321328188e-01,4.637333852968857917e-01,4.372395466680123466e-01,4.331645947561508780e-01,3.487064461215918509e-01,3.439253978065365258e-01,3.415325882852866535e-01,3.279674467207639443e-01,2.644276657671793540e-01
8.900230000000000000e+05,9.339168074043837642e-01,9.325177995318487678e-01,8.219362262318696821e-01,8.062669288242884091e-01,7.983861658193847077e-01,7.094507721928743349e-01,5.671345583431744997e-01,4.173461938910295599e-01,3.623584721987406221e-01,3.613324780320317231e-01,3.612419952882559571e-01,3.219339656926284432e-01,1.954662859527122043e-01,1.790727904389959324e-01,1.786928959415315932e-01,9.901592006001092017e-02,9.603403554425560262e-02,7.689801775500459957e-02,4.016664898886190826e-02,2.002429423951446186e-02
8.900240000000000000e+05,9.464169910244933925e-01,8.612049981353694372e-01,8.491309643851350231e-01,8.441869925885993053e-01,7.930243551844177174e-01,7.897107065805548665e-01,7.639243309070876675e-01,6.417547719816223406e-01,6.272701477230659961e-01,6.186234432967187002e-01,5.407995446223738956e-01,5.405267796388619761e-01,5.123808077117503190e-01,4.760147099795665193e-01,2.787361845439784158e-01,2.496173857707152388e-01,1.867949189223622186e-01,1.279900583816258042e-01,7.409763441958905350e-02,6.994958794094618959e-03
8.900250000000000000e+05,9.576396085052999441e-01,8.963320622849632047e-01,7.992435805379413116e-01,7.346634600757135924e-01,6.974180806637700902e-01,6.479804645481382908e-01,6.298747836957291346e-01,6.259120216476676823e-01,6.258690694346576988e-01,6.086655206129731877e-01,4.614821634152017626e-01,2.745978446398595896e-01,2.347206243493579203e-01,2.316938686232121736e-01,1.848404639746015210e-01,1.520902578115627124e-01,1.190361956831627044e-01,7.730167052550185325e-02,7.203773010585878822e-02,6.830169870854252423e-02
8.900260000000000000e+05,9.962113656046173160e-01,8.787345872991454421e-01,8.385158376759761500e-01,8.243841470603652244e-01,7.841817531775499006e-01,7.183631562753827193e-01,6.998322649655939198e-01,6.652598769906372667e-01,6.570017896821221948e-01,6.283533155607411436e-01,5.808664241380329107e-01,5.422829320741177073e-01,5.183583103373672341e-01,5.157068418849458658e-01,4.985540893071777058e-01,4.235226836605182621e-01,2.876964811068879468e-01,1.814490181913757105e-01,1.234510747244167428e-01,2.097162375672023682e-02
8.900270000000000000e+05,9.552648917969768227e-01,9.551682142083868232e-01,8.934280355114657679e-01,8.773072982635455874e-01,8.309038051856824092e-01,8.075255734968758148e-01,6.680895494311478444e-01,6.065276645811319423e-01,4.536168157674175250e-01,3.948210164505107089e-01,3.641417425335529146e-01,2.799194806833218419e-01,2.713673241649426915e-01,2.593326264650205326e-01,1.968452927661393792e-01,1.903111038368674457e-01,1.864428383563055958e-01,1.592324573714214431e-01,1.014340174019013885e-01,6.772666137576566214e-02
8.900280000000000000e+05,9.791247186605637198e-01,9.368425118286909381e-01,9.331920676862640596e-01,9.259955128644795641e-01,8.781714009451981884e-01,8.322535032262423638e-01,8.243425341504496684e-01,6.238622159865142569e-01,5.182484234207689333e-01,4.973817011988885817e-01,4.023342854604705643e-01,3.379356212068674870e-01,3.352965452741432095e-01,3.198425078517398434e-01,2.925813157897895200e-01,1.960147686227901032e-01,1.653436424290720685e-01,1.357311091025614758e-01,1.818093562061029456e-02,1.591826517542915820e-02
8.900290000000000000e+05,9.023265428143635303e-01,8.998450005520972628e-01,8.877346924908671166e-01,7.874067659270415076e-01,7.264125801314517128e-01,7.019968144726154158e-01,6.405349780946677507e-01,5.388291972782899286e-01,5.075402808650021358e-01,4.687742864277658628e-01,4.345124238316760978e-01,3.418434960226424124e-01,3.230792880691271129e-01,3.123347157908750171e-01,2.423474015695329387e-01,1.957713327808177084e-01,1.326692490073783093e-01,8.871036110242780381e-02,6.367252413238688735e-02,2.607455855616924723e-02
8.900300000000000000e+05,8.909118000089981670e-01,8.591784401226904011e-01,8.565403825665839355e-01,7.975122020401305134e-01,7.970188641075496294e-01,7.917910216284470559e-01,7.817105914098474440e-01,7.671448986806602699e-01,6.410515748355839483e-01,5.504544429137032679e-01,5.497982648270757222e-01,4.889827832433896182e-01,3.754283715265800403e-01,3.530288306412608934e-01,3.341638823776723610e-01,3.287307713528601072e-01,2.465351828335073936e-01,2.283188586639461892e-01,1.480067264838197394e-01,8.489281643481105810e-02
8.900310000000000000e+05,8.719177667539188548e-01,8.707441795822766784e-01,8.664496784226842774e-01,8.590493782503613174e-01,8.083565856207032274e-01,7.848349058332241279e-01,7.512747195988499493e-01,6.487353104594265618e-01,6.007606005352706946e-01,6.005324044629621882e-01,5.841318931179750873e-01,5.077559886541673784e-01,4.888557836887842400e-01,4.065945346943233840e-01,2.332094341227151091e-01,2.234660766902359930e-01,1.722788583515372229e-01,7.864367556200946296e-02,3.692970202919321210e-02,2.993994095563856650e-02
8.900320000000000000e+05,9.908957880983484401e-01,9.638210655822755379e-01,9.412143539512208834e-01,9.184855493707776430e-01,8.843162505722806932e-01,8.451625849145794067e-01,8.110035035417088034e-01,8.085195441394125160e-01,7.965161265241998967e-01,5.845440169338771419e-01,5.681776027447076327e-01,5.541979642529979433e-01,5.357658214033781396e-01,4.705938265325682046e-01,3.958439729173871546e-01,3.646546433793755870e-01,3.588929470886612627e-01,1.905888301358389381e-01,1.210126142804192062e-01,1.116990047514434536e-01
8.900330000000000000e+05,7.900593119629344407e-01,6.920514112599832623e-01,6.554347297177095522e-01,6.245121987533456265e-01,5.715784151910970889e-01,5.400575577544112216e-01,5.226796915619120742e-01,4.972299365589831766e-01,4.080628530519032626e-01,4.009880307620136142e-01,3.935224326379260784e-01,3.592527528114827229e-01,2.888688807570471972e-01,2.695938883871940028e-01,1.825457243231061177e-01,1.381774637244860271e-01,1.147827413038262634e-01,1.131546412933910339e-01,4.248445344588935857e-02,9.275740949455379969e-03
8.900340000000000000e+05,9.885367349146856331e-01,8.776463496807335174e-01,8.386240761174481584e-01,7.741727198402491572e-01,7.575540287630423419e-01,7.057496647500899334e-01,6.323590764539239739e-01,6.146023004037547421e-01,5.706513712379247538e-01,5.600190492914851603e-01,4.549272053272541694e-01,4.299174120422204481e-01,2.948642166906634277e-01,2.862516652291726693e-01,2.569467591856937627e-01,1.870148068428384436e-01,1.618146064569389031e-01,1.617413592457215277e-01,1.051465466519690972e-01,2.942079755438820055e-02
8.900350000000000000e+05,9.955253607518677050e-01,9.679137013621886831e-01,8.699772808632267873e-01,8.474305535291293268e-01,8.186004322670259459e-01,8.076585098398945117e-01,7.735190931958068061e-01,7.067626578061955156e-01,6.706172239424051940e-01,6.367315305320557783e-01,6.040849356438510176e-01,5.777710276322338689e-01,4.825076107156370808e-01,4.232562343336886412e-01,3.978234212337825593e-01,3.745393385893194260e-01,2.265364068930445507e-01,1.366225388063287971e-01,1.099436254842127703e-01,6.702639923206210604e-02
8.900360000000000000e+05,9.936319342613889605e-01,8.463355329289713458e-01,8.461301824000814209e-01,8.255694738623330364e-01,7.715993464717718631e-01,7.506957830581644231e-01,6.517441945416680982e-01,5.917396022245117182e-01,5.781860450239555416e-01,5.035426021247564332e-01,4.735233947822544698e-01,4.316410391524855283e-01,3.651824696189334141e-01,3.213721600812321499e-01,2.554445036460539775e-01,1.567429278840903883e-01,1.216798859068131122e-01,9.674484082934331486e-02,4.707702194613949676e-02,1.261033221186480535e-02
8.900370000000000000e+05,9.756969852562262790e-01,9.687590616729950810e-01,9.420882365793966651e-01,9.217959570905679412e-01,9.214609751280763428e-01,9.046645727694864192e-01,8.500862019808710368e-01,8.381397447596856676e-01,7.776690757040136681e-01,7.237767572543782890e-01,7.217489199153210855e-01,7.042249112994317661e-01,4.296108528366386903e-01,3.800515580421272022e-01,3.754017584449818035e-01,3.352613945543156948e-01,2.019453904028465363e-01,1.617179049252580603e-01,9.650675868708880056e-02,2.759415186927138830e-02
8.900380000000000000e+05,9.710514409083296217e-01,9.418065006841472853e-01,9.019770891933773793e-01,8.621561218044760944e-01,8.207898817940924019e-01,7.151599480942251175e-01,7.136328582481185068e-01,6.921136064403298205e-01,6.858567571327770507e-01,6.432203980442383617e-01,6.025340838497061924e-01,5.717483585575414695e-01,5.346858949271061645e-01,5.188955770590074623e-01,3.290499759032594618e-01,2.227101758109514273e-01,1.377932250290547778e-01,1.115847611786575655e-01,1.024877064632179202e-01,5.582462802946175362e-02
8.900390000000000000e+05,9.766098707141298574e-01,9.032837635759380923e-01,8.753885693041190130e-01,8.743618357919715756e-01,8.429857572484967809e-01,7.691625454213125712e-01,7.487316520508550122e-01,6.610415254355698211e-01,5.958578757104662227e-01,5.893054568325429843e-01,4.043111285440115221e-01,3.729689072124227067e-01,2.613194948772266102e-01,1.971858957606930085e-01,1.949018157311296351e-01,1.827921339961107172e-01,1.500798952383032292e-01,1.376706790400004099e-01,1.267592286371779231e-01,9.328166308527263695e-02
8.900400000000000000e+05,9.715473105567558054e-01,9.563576521145427112e-01,9.514926391084680413e-01,8.396826949019817743e-01,7.922857106636834734e-01,6.111228651850505456e-01,5.987283987395496387e-01,5.956802245873110691e-01,5.388804334523308315e-01,5.024700682268848917e-01,4.888685454499701599e-01,4.726557870325079902e-01,4.478286586107812495e-01,4.178382497450016109e-01,3.644879654503130340e-01,2.178870511488993911e-01,1.575960194048158236e-01,1.479721012325201368e-01,6.378683667573081806e-02,5.575289117811266237e-02
8.900410000000000000e+05,9.414733067565741464e-01,8.614354639830396065e-01,7.748772267943793146e-01,7.489647674108326214e-01,6.634064198916144184e-01,6.505694128821404298e-01,6.469839363224831885e-01,5.845308632666331716e-01,5.526190962289303510e-01,5.127730501005653974e-01,5.127453770698533475e-01,4.155380637027001889e-01,3.844563970900953809e-01,3.425902829385002457e-01,3.042875378629228411e-01,2.342857005060244857e-01,1.364278294661267488e-01,9.894768495912975581e-02,8.666766783817547726e-02,4.308510928567277354e-02
8.900420000000000000e+05,9.948026938147473963e-01,9.254092288624805596e-01,8.824245840363064142e-01,8.476718766286506224e-01,8.464416266500761621e-01,6.719136981819840981e-01,6.126795776335181021e-01,5.815482450233401268e-01,5.321833577102236257e-01,4.919449370496515872e-01,4.688172861350383691e-01,4.616614216817239713e-01,4.262277291922244027e-01,4.037840880772157748e-01,2.673702046881802907e-01,2.388985530577369953e-01,1.968377966284641234e-01,1.639705425128121785e-01,8.230756145301931781e-02,7.289776254249946685e-02
8.900430000000000000e+05,9.098387970896888444e-01,8.340972252099017048e-01,7.586331507609571645e-01,7.173564747632406036e-01,7.100130612362764992e-01,7.029675634727289291e-01,6.670326976046663248e-01,6.533515168709003174e-01,5.816166592286295955e-01,3.415410092697753752e-01,3.304149280473810402e-01,3.073059258281014561e-01,2.999406796749471971e-01,2.660620049966503364e-01,2.480285369542089002e-01,1.029194328225764288e-01,6.536436908228082654e-02,4.245785691000014683e-02,6.733340108173724303e-04,2.265215994914360209e-04
8.900440000000000000e+05,8.908448275650441284e-01,8.509447241242527049e-01,7.868085251426242266e-01,7.795884551938028206e-01,7.754127169448361556e-01,7.370860140319739351e-01,6.551046963534689072e-01,6.213319615357184578e-01,5.496700208921824204e-01,5.319654566805146478e-01,5.145457887124135210e-01,4.549364532757519397e-01,4.128466927024626587e-01,3.256079757177499090e-01,3.069991447719409017e-01,1.873871255836692118e-01,1.681696964903039992e-01,1.226127102708706174e-01,1.139466429296638328e-01,1.880236860576478541e-02
8.900450000000000000e+05,9.740381966123657920e-01,9.079570600954915971e-01,8.037916952732395703e-01,7.689725101064585067e-01,7.578576903070874948e-01,7.355921918133921933e-01,6.843221300283983677e-01,4.944751327293401832e-01,4.557390584854551507e-01,4.509250839570491109e-01,4.457767051796465152e-01,4.158086166242880299e-01,3.943894273642527537e-01,3.741428298082495330e-01,2.880194122639404553e-01,2.625353259861961108e-01,2.561384250882753344e-01,1.916642975730623588e-01,9.492581276869527240e-02,5.554139262379897968e-02
8.900460000000000000e+05,9.137576100748825425e-01,7.735029131439153938e-01,6.429240676507950170e-01,6.094727888472709632e-01,5.921136472578332199e-01,5.297727774748905993e-01,5.264028580729281925e-01,5.118697378883978466e-01,4.304658801595162565e-01,4.062711979563018438e-01,3.639173199236280798e-01,2.809731353754028049e-01,1.722707055146753818e-01,1.523391548871718681e-01,1.386705848685868547e-01,1.317571888638665589e-01,1.161800582022785022e-01,7.124486027591059312e-02,5.491540821775442449e-02,1.276807525303291779e-02
8.900470000000000000e+05,9.838207785623328538e-01,9.743177025368502386e-01,9.423540402485350853e-01,9.055518665891489904e-01,8.305127270846280885e-01,8.270276524345505642e-01,7.169439278109331903e-01,7.064033373149384287e-01,6.323796440640920835e-01,6.116905824999248065e-01,6.053980783955704714e-01,5.868549736861424782e-01,5.684448539204685069e-01,5.665929147293248258e-01,4.707292792376507329e-01,4.025814725535294958e-01,4.017846549386423494e-01,2.387969644424335902e-01,8.960963006909239414e-02,1.293823438347774246e-02
8.900480000000000000e+05,9.693324480698838341e-01,9.673470203103069487e-01,9.669467967661015129e-01,9.058586895739670908e-01,8.262608203617075597e-01,7.955083228677392038e-01,7.698521456308516919e-01,7.193877265632092621e-01,5.868262167667749329e-01,5.465886995211305388e-01,5.312844644031189389e-01,5.043729039432581773e-01,4.607023011495805509e-01,4.336067844889531786e-01,3.927956894199530202e-01,3.544479367628396993e-01,3.048176692397961407e-01,2.679052329489857165e-01,1.457906516464905211e-01,1.371362110612939222e-02
8.900490000000000000e+05,9.111330441900009625e-01,8.996021840095227429e-01,8.918030798233653744e-01,8.850030975261440336e-01,8.074509610573066265e-01,7.377051614721689132e-01,6.263667805579492542e-01,6.210260885466413194e-01,6.047215110821022588e-01,5.962820426846002775e-01,3.916471095926125079e-01,3.373119352483414657e-01,3.309103312030583499e-01,2.181240739731694633e-01,1.542954424172998662e-01,1.200831034351865778e-01,9.873450925915894238e-02,5.173116678260025747e-02,1.882945121437362701e-02,4.400086810633641043e-03
8.900500000000000000e+05,9.388465078691416998e-01,9.320038519250892772e-01,8.958706605751168839e-01,8.320242989681159163e-01,7.891242454554420194e-01,6.856205109554165400e-01,6.048100803838518669e-01,5.894308954919172949e-01,5.335376291121618486e-01,5.136385061877903890e-01,4.741064615904100332e-01,4.488571019698605058e-01,4.443255762738862469e-01,3.370020191578998459e-01,2.758449825837437919e-01,2.639407700978263493e-01,2.334601589309610592e-01,2.067393795175089810e-01,1.567600658735112118e-01,1.223807925820474818e-02
8.900510000000000000e+05,9.251147768893241974e-01,8.304434662882025364e-01,8.196096654410033322e-01,8.140335166475093365e-01,7.940679218250781268e-01,7.602300790614517911e-01,7.270543122371755373e-01,7.076487264096661400e-01,5.451473780242467315e-01,5.093987303362894625e-01,5.077116868287243623e-01,4.724913149381156918e-01,3.085778334066034967e-01,2.904791945695769373e-01,1.903424611095068109e-01,1.716037806388303055e-01,1.619389736344317710e-01,1.421382193529731053e-01,1.244285104224009952e-01,7.984511762269108637e-02
8.900520000000000000e+05,9.489426538499754482e-01,9.076471079470624925e-01,8.944777456579956487e-01,7.778045639431184766e-01,7.245938856105111903e-01,7.131824051433190981e-01,5.765486069711497352e-01,5.531629246532223654e-01,5.069135714343062649e-01,4.842888242110461317e-01,4.565244415523278532e-01,3.865025979949487933e-01,2.556835304296681821e-01,2.130547412466140544e-01,2.122526911734524679e-01,1.566803808632590833e-01,1.434787876980204713e-01,1.064220830365815162e-01,5.343092390104842160e-02,4.164229569292710043e-02
8.900530000000000000e+05,9.834565469898708390e-01,9.779913977673136971e-01,9.675151593567338226e-01,9.030123846257112064e-01,8.070958669256959039e-01,7.829419214256718718e-01,7.193495540104417607e-01,6.436437372500731779e-01,6.370287157391176791e-01,5.540649247769835473e-01,4.943612302420038462e-01,4.909263824142464649e-01,3.459804049563521833e-01,2.876222300766938522e-01,1.931324125114453061e-01,1.666586606320914488e-01,9.038049103034662135e-02,8.856166958569589021e-02,2.672331947914685646e-02,2.612613787668349730e-02
8.900540000000000000e+05,9.810216417534906030e-01,9.787966301084121135e-01,8.773144376633579267e-01,7.840427686608879565e-01,7.370413534566594427e-01,7.310797076384392135e-01,5.727108771236708584e-01,5.179087018028568634e-01,4.341722167167039181e-01,4.013474861262300575e-01,3.939646806985962479e-01,3.873017006098061765e-01,3.511122722181682088e-01,3.256603403102902305e-01,3.137816287075190225e-01,1.555759082664585069e-01,1.491375547957840553e-01,1.102865150473829603e-01,8.040628784432735099e-02,6.983816333349446293e-02
8.900550000000000000e+05,9.830773530934892035e-01,9.809006212159802063e-01,9.683739017822450279e-01,8.276890164049732768e-01,8.086883510870181979e-01,7.300706662266965852e-01,6.654654622559562638e-01,6.021024030036683516e-01,4.917881542205804202e-01,4.329788367196538701e-01,3.751008888858491375e-01,3.700635420903684025e-01,3.516756296581208252e-01,2.723228357095102137e-01,1.904454381865929857e-01,1.655093330239295613e-01,1.315639172038154392e-01,6.736398043689251214e-02,5.219487416339951835e-02,8.583211266986801036e-03
8.900560000000000000e+05,9.871855957071113963e-01,9.832313652234112578e-01,8.789619345492896141e-01,8.011428473242691028e-01,7.866843077459459987e-01,7.062892518354767502e-01,6.349082937595970089e-01,6.306247071681045924e-01,6.179746814038012959e-01,5.962616804383150670e-01,5.123948493357285416e-01,4.559128425012743957e-01,3.962551553655900838e-01,3.657839231131868596e-01,3.084383341378769128e-01,2.892186415616082584e-01,2.153928766551926888e-01,2.130003646692152364e-01,1.700475215141056262e-01,1.969754988951144536e-02
8.900570000000000000e+05,9.672781880432499424e-01,8.584282590687417613e-01,8.303292025513043795e-01,8.243330244124583706e-01,7.945518483132925081e-01,7.721346306292928841e-01,7.521031836677186666e-01,6.757286263862491982e-01,6.344970848683739728e-01,6.286003291626003353e-01,5.821092374965100014e-01,5.780783302651689715e-01,5.713550017967798933e-01,5.256586837492739361e-01,4.663698613247089231e-01,4.209768302007524943e-01,4.067253121794652815e-01,3.656662490170744517e-01,3.135772508103404910e-01,5.471013543405067736e-02
8.900580000000000000e+05,9.885810312881713191e-01,9.666600637919755545e-01,9.384449583197720379e-01,8.764762478059209272e-01,8.739530063695841733e-01,8.386401243505081649e-01,6.931490732101787122e-01,6.546688736425568811e-01,6.490109250531677088e-01,5.573762603540054483e-01,4.568726426137934560e-01,4.050302661668931936e-01,2.166203585073285254e-01,1.387144085234499613e-01,1.224212255508088099e-01,1.160456371259277475e-01,6.695774774880303148e-02,3.227374732623189413e-02,4.929788841126381271e-03,3.090609098636676322e-03
8.900590000000000000e+05,9.805579361556404638e-01,8.162233304456055771e-01,7.057994407628325195e-01,6.488245189038702732e-01,5.977107720226769727e-01,4.132845121893369278e-01,4.130788504585126697e-01,3.831851515594782986e-01,3.700498818659382350e-01,3.533787858505696988e-01,3.408712996755745017e-01,3.338041131224597224e-01,3.322745590041742414e-01,3.053995363582535649e-01,2.751940943051762734e-01,2.508556838062123706e-01,2.489008167975221841e-01,1.412149658222229265e-01,1.072902023806643346e-01,6.449187276109735745e-02
8.900600000000000000e+05,9.648168892461579382e-01,9.155741587749179899e-01,6.452686272557874858e-01,5.828378303018700857e-01,4.878914546557493459e-01,4.601330114101258584e-01,3.847966788911817426e-01,3.835495239152494351e-01,3.516160628625816242e-01,3.454101844326841197e-01,3.048322662393766480e-01,2.142043655390174495e-01,1.660301098155928523e-01,1.427210523410830101e-01,1.170066963024127826e-01,1.041768583919703284e-01,4.498813581714078413e-02,2.168512734323579938e-02,1.643544328973389756e-02,1.289481359853461573e-02
8.900610000000000000e+05,8.877119815767872124e-01,8.637023912790575686e-01,8.238526147967616398e-01,6.629770201470963631e-01,6.425142980471076903e-01,6.181187883932216520e-01,5.462728081899188570e-01,5.037857513688446254e-01,4.600742577823514479e-01,4.572678699952064107e-01,4.425688689768193518e-01,3.887238391794306525e-01,3.839212532149596235e-01,3.438724988333176080e-01,2.554922090296313231e-01,1.488408426975917909e-01,1.406843696784052522e-01,1.163494517914875903e-01,1.035579162922279917e-01,5.849957927734905638e-04
8.900620000000000000e+05,9.407130115588437924e-01,7.959014426186734603e-01,7.571047678118612012e-01,7.298548646712794685e-01,7.178744341751996938e-01,6.704408063324828193e-01,5.783907676630856143e-01,4.236386815325376975e-01,3.864547700628442328e-01,3.571598118176437797e-01,3.216834839603096574e-01,2.912810800426618441e-01,2.817939813466951993e-01,2.491796002651864850e-01,1.880687695116426417e-01,1.644636025249799349e-01,1.359577642978103684e-01,7.212470431647544089e-02,6.836845955504367023e-02,6.072267397051023252e-03
8.900630000000000000e+05,9.919174109313971810e-01,9.412762422292038078e-01,8.666506399648944425e-01,8.261077739404701914e-01,8.032043394663659353e-01,7.568373297203826455e-01,7.118135089058956755e-01,6.956989853020826287e-01,6.526121297085250017e-01,5.687582278039257089e-01,4.922585252451847637e-01,4.609735599259003891e-01,4.523574156648628719e-01,4.005929355689129556e-01,3.845812316541855624e-01,3.278396979284931012e-01,2.506080352746877793e-01,2.136713242179425487e-01,1.901211753757402478e-01,1.965006421818416005e-02
8.900640000000000000e+05,9.180632694130141935e-01,9.152689081122497017e-01,9.070217968230112060e-01,8.705376033585582318e-01,7.376554323529526114e-01,7.310312313004750928e-01,7.086134269814789999e-01,7.044604385359571896e-01,6.939584376004489519e-01,6.409071815067939326e-01,6.234062863768905505e-01,5.793512549035924053e-01,5.121518189867836357e-01,4.666401060212203022e-01,3.727856466078471875e-01,3.416044896551632126e-01,3.256480458462971406e-01,3.035385495492733954e-01,1.676937990130208389e-01,9.774612913611835374e-02
8.900650000000000000e+05,9.581024386783056901e-01,9.368644666655263631e-01,9.276317189132052832e-01,9.105846389945710939e-01,8.789017873458538910e-01,8.630349609110896658e-01,7.486957904756189608e-01,6.875433433959559082e-01,6.377360630388910767e-01,3.872598463120263679e-01,3.857097105828147798e-01,2.607678252679723752e-01,2.509217628352754526e-01,2.018879662907567818e-01,1.857879995818807473e-01,1.735344157165471524e-01,1.462979725507316253e-01,7.113860980732444883e-02,6.348483821322947751e-02,2.784188988427649392e-02
8.900660000000000000e+05,9.266711333071691037e-01,8.942275056830212288e-01,7.679895893400497942e-01,7.530922500383213647e-01,7.455298506277143744e-01,7.004582800925716057e-01,5.716207490422822168e-01,5.690157998128428929e-01,5.579408900966632556e-01,5.510550948336656596e-01,5.269327039144507951e-01,3.765340385355215869e-01,3.441508549281037110e-01,2.981647534503937269e-01,2.825677900233500850e-01,2.338034383768169411e-01,1.009375217148604786e-01,8.438395803209697288e-02,4.229263691270335190e-02,2.740811774139284562e-02
8.900670000000000000e+05,9.518143705959644096e-01,9.401398264716394060e-01,9.075159793605875880e-01,8.448544776053913408e-01,7.180050076536749204e-01,6.668757096544168927e-01,6.101413219818968559e-01,5.546787724778091677e-01,5.479821425690024617e-01,4.974141565147706112e-01,4.589548599326938039e-01,4.316255378868859571e-01,3.162307200872971347e-01,3.141486745794339619e-01,1.961705200179860720e-01,6.351714768382121790e-02,6.166078647494432907e-02,5.208417795440500875e-02,3.337798162872063212e-02,6.130940001837004161e-03
8.900680000000000000e+05,9.911103617201062477e-01,9.812006283580428923e-01,9.483065738603059236e-01,9.374916606970781219e-01,9.324984379410897750e-01,8.780789649580313938e-01,8.281706822643807309e-01,7.707517711981562991e-01,7.530047937100677879e-01,7.382945553707850328e-01,5.668230329672587775e-01,5.365153966875743086e-01,3.263700831485076836e-01,3.082629993005454594e-01,2.958863100682986857e-01,2.394157317032717947e-01,1.731039210098819225e-01,1.260279347145293327e-01,1.207623321723312326e-01,5.196024903137752560e-02
8.900690000000000000e+05,9.512739017262650254e-01,8.736123169249435660e-01,8.457427290394562425e-01,7.953318407760119335e-01,7.916277135706517587e-01,7.812040043515194876e-01,6.533855111986790476e-01,6.332789171446655541e-01,5.227361048783465414e-01,4.941256764751660313e-01,4.497206012458004887e-01,3.950731304209785799e-01,3.738443338412575923e-01,3.516597480561884925e-01,3.388156752455478982e-01,1.622263434001832705e-01,8.654342145775761885e-02,7.689562659869153549e-02,4.535425993935360278e-02,4.575505308652583203e-03
8.900700000000000000e+05,9.657889165266905218e-01,9.442662756869478757e-01,9.266654385006758421e-01,9.255442782475937769e-01,8.324929625603141314e-01,7.805282436006993896e-01,7.087292243299424532e-01,6.909538889450898003e-01,6.636581744635547953e-01,6.360296678622939792e-01,6.133051180163402449e-01,5.815348186268902708e-01,5.516699155218077744e-01,5.047045331461982309e-01,4.588194449348798054e-01,3.542163981464802047e-01,2.495732604567415525e-01,1.990449760892422093e-01,8.103225765017285642e-02,3.753597224232452234e-02
8.900710000000000000e+05,9.911559267293723607e-01,8.312014243613949915e-01,7.917510195498811409e-01,7.706479288145270390e-01,7.468594713953620179e-01,7.387007166555679127e-01,6.423975487430240161e-01,6.341869581261717626e-01,5.345784574735921169e-01,5.178960279388388210e-01,5.068809162736092055e-01,4.092849154140255630e-01,3.334061162910970655e-01,3.178451713176420057e-01,2.480543322652111193e-01,2.138381563318055845e-01,1.765933755843706043e-01,1.488224913826017293e-01,7.667471741744336100e-02,9.883578119541991391e-03
8.900720000000000000e+05,9.826644985582966285e-01,9.760146969329092093e-01,8.733686484935367922e-01,8.341810417693860114e-01,8.246276737674038682e-01,8.072502427048396934e-01,8.059455309686399671e-01,7.753855440267843901e-01,7.219279382902950015e-01,7.167380390967560411e-01,6.967003383542549333e-01,5.301096975505148468e-01,4.731091490252868903e-01,4.070573830182058206e-01,3.537009874147807320e-01,3.195110087765341556e-01,2.112336706633071159e-01,5.747814033665343825e-02,4.544518365890293232e-02,1.375988010465212241e-02
8.900730000000000000e+05,9.819782554522769047e-01,9.352622364563851765e-01,8.614430747211853090e-01,8.088178469904215850e-01,6.778545089700036552e-01,6.678798868515797293e-01,6.468417229718298467e-01,6.254655674114882880e-01,5.873294134266645594e-01,5.664834383728609701e-01,4.927674391892400418e-01,4.571389326177967005e-01,4.303270876051994431e-01,1.996507941243853557e-01,1.845504838561791150e-01,1.459444682048471886e-01,1.264694404657390470e-01,6.509740912731953877e-02,5.993145571936042693e-02,1.071167682573048729e-02
8.900740000000000000e+05,9.621582524658360835e-01,9.245719888817449661e-01,8.685615577081262639e-01,8.382955357127930274e-01,8.251980842257976567e-01,8.247976061130596337e-01,7.932147358590594388e-01,6.767445041331642264e-01,6.456582142338571639e-01,5.890572095827770749e-01,5.876734213973060506e-01,4.764997628712344113e-01,4.471516622097263527e-01,3.552520864785668753e-01,2.894109602591609098e-01,2.288773468990683568e-01,2.189677714151390120e-01,2.046260094227571047e-01,1.401650927235268407e-01,1.244909304819706852e-01
8.900750000000000000e+05,9.963955808097199052e-01,9.709295510916697847e-01,8.964886390631302548e-01,8.618869882799008453e-01,8.541033669187549915e-01,8.028641497314437103e-01,7.517705965752821129e-01,7.435492027799189829e-01,6.436584887817656808e-01,6.222913194377432955e-01,6.182508786999396655e-01,5.429880057984654007e-01,5.050481059834069919e-01,4.395384974717889692e-01,4.348687626309268861e-01,3.383697886431534796e-01,2.442938962801888270e-01,1.302234240418337352e-01,1.273257549441012548e-01,8.124475054125279705e-03
8.900760000000000000e+05,9.306121507764169021e-01,8.685627614446865818e-01,7.764269662660187032e-01,7.697897990133140134e-01,7.337699517477115352e-01,7.235094115867685138e-01,6.830159247592622052e-01,6.297479702018015102e-01,6.028564435295364898e-01,5.647880714115511847e-01,5.555648338758584215e-01,5.518825195100907077e-01,5.469462551349063562e-01,3.775342601036689727e-01,2.341372727284540822e-01,1.859425595619009774e-01,1.859365230471987651e-01,1.510811021215509031e-01,1.333618768067349469e-01,9.423229200810068207e-03
8.900770000000000000e+05,8.544411561822108370e-01,8.383028522257510717e-01,8.268368746541616687e-01,7.638258488443543381e-01,7.294036106288882548e-01,6.515810697958690501e-01,6.225305409063072171e-01,4.726571295135056916e-01,4.368841450432091600e-01,3.654712728985124448e-01,3.090788077016949353e-01,2.837220540162943561e-01,2.082621288329623566e-01,1.126195256519872956e-01,1.095362303516258518e-01,8.948692828534554611e-02,8.800346922399504557e-02,5.093851710405028488e-02,2.581934559722554035e-02,1.589785871282045626e-02
8.900780000000000000e+05,9.986984015694343464e-01,9.729176661898059075e-01,9.509269781128452115e-01,9.359325411479973988e-01,8.231830201556743498e-01,8.112819974190660366e-01,7.965274990148768497e-01,6.681300899282357486e-01,5.108466990594388024e-01,4.666281625604241645e-01,4.091744453963669370e-01,3.752516303200408299e-01,2.909488310223499186e-01,2.737587503986442794e-01,2.197493516201107777e-01,2.124858834976446342e-01,1.641115672627080357e-01,9.953422066074113506e-02,7.991904220621692811e-02,7.134089826978073923e-02
8.900790000000000000e+05,9.998986452721980722e-01,9.915012857795876267e-01,9.881317360324490817e-01,9.427529896152926359e-01,9.136810957788054077e-01,8.684962212045544971e-01,8.292191950372116427e-01,7.178445021409686211e-01,7.006232591949761446e-01,6.818472101370156579e-01,6.738366670564667205e-01,5.499119726995856938e-01,5.389709041434022074e-01,4.933076908095574975e-01,4.062904600510386377e-01,4.023418154224341903e-01,2.037856652288903003e-01,2.007754058484427784e-01,1.222249041815194337e-01,2.633455855966893022e-02
8.900800000000000000e+05,9.583089360406866763e-01,8.884314074996209065e-01,8.297523954116113876e-01,7.919995213988849647e-01,7.860077331536279299e-01,7.702711652141817078e-01,6.264300824030440973e-01,5.539720667620439132e-01,4.989363688053998214e-01,4.554007742100725231e-01,4.431239048535511316e-01,4.410989465383030605e-01,4.232145030356123661e-01,3.934948678213755491e-01,2.922566045253017775e-01,2.584996244657935538e-01,1.981398857829770321e-01,1.248091862922340312e-01,9.209726195332623710e-02,7.309841710336206777e-02
8.900810000000000000e+05,9.571556257399375101e-01,9.258372950685797020e-01,9.074807762473342532e-01,8.841952380229344266e-01,8.594013889585893073e-01,8.187777368227712183e-01,5.707322216101340384e-01,5.397483797399834637e-01,4.697443792496689419e-01,3.536299225919089517e-01,3.250535182118761135e-01,2.863538698239420643e-01,2.238528341599206328e-01,2.167106018313507132e-01,1.364636658146780590e-01,1.085086341915101338e-01,3.975437418854654847e-02,3.502841510889842525e-02,1.760269840507422412e-02,2.514328572457813493e-03
8.900820000000000000e+05,9.981384255217261581e-01,9.611789926482841029e-01,9.535468772525554915e-01,8.812750248611534998e-01,8.784436106286606094e-01,8.360862134301879633e-01,8.244283491701761557e-01,8.137781533331061024e-01,7.401862679603679052e-01,7.125235897488838566e-01,6.863227805106458801e-01,6.806386749524774293e-01,6.329588895292531658e-01,6.313446586251911796e-01,6.116262757924966209e-01,5.962467213465629801e-01,5.622875918865080092e-01,4.327114516358219198e-01,4.077103769470038497e-01,1.875505319231941526e-01
8.900830000000000000e+05,9.794992863429259344e-01,9.672612064422676514e-01,9.026186728512072266e-01,8.939331963483333476e-01,8.465175515104744752e-01,8.179040300388203955e-01,6.810998702071601185e-01,6.745109335113684823e-01,6.223197389379498956e-01,5.536515295260522329e-01,5.428106662205414157e-01,5.257494483276349273e-01,4.630222611598971971e-01,4.404652280798215802e-01,4.321671438052189229e-01,2.953277995579968174e-01,2.654108321532705483e-01,2.265538050134899839e-01,1.801310211846355314e-01,9.171881849107121898e-02
8.900840000000000000e+05,9.637724667913438736e-01,9.441334335646908160e-01,8.367530478476418176e-01,7.271236017722275680e-01,7.231715328657103425e-01,6.909447885391367672e-01,5.166036903458703922e-01,4.365561277750199531e-01,4.076195188969099492e-01,4.028785670672212493e-01,3.387943469172349786e-01,3.379931095797861218e-01,3.361562538776819986e-01,2.857932404361780421e-01,2.575470388858323023e-01,2.312153234533698143e-01,2.048391135596284718e-01,5.032767563544782163e-02,2.592206488182746682e-02,7.384711487249839834e-03
8.900850000000000000e+05,9.777068277751996828e-01,9.748642702088571310e-01,9.146081719280194644e-01,9.135298760975388843e-01,8.670980933653417155e-01,8.465692887440574577e-01,7.791149661776344271e-01,6.951982556948429481e-01,6.332794649820977506e-01,5.624985093292629301e-01,4.073811294078286682e-01,3.724730532605170508e-01,3.287735278825082430e-01,3.105284762635786011e-01,2.544624704089333278e-01,2.292898519632963206e-01,1.581290486432507247e-01,1.310216820512672964e-01,4.117358335677911985e-02,1.563757716795877162e-02
8.900860000000000000e+05,9.164097676743083731e-01,9.097434209674657435e-01,8.766974087166978791e-01,8.579261439170793313e-01,8.410266079850314824e-01,7.974712989107975991e-01,7.753126258121226799e-01,6.694907036944897083e-01,5.998797309132005706e-01,5.295376898207674321e-01,5.109824235776742052e-01,4.098381773135538753e-01,3.300386094379654800e-01,2.716617435662951330e-01,2.404439324642048126e-01,2.345953239875858687e-01,1.946635679708382805e-01,1.734156757028697537e-01,1.137792502103883718e-01,5.958937879932479920e-02
8.900870000000000000e+05,9.943225491388416604e-01,9.255001897987397141e-01,8.754095553347766012e-01,8.530186709207030482e-01,7.485903996863297882e-01,7.158251440883866001e-01,6.683561425732243988e-01,6.326670874125437383e-01,6.190829666555395239e-01,5.614334225332665573e-01,5.401708259968318604e-01,5.163789440526042052e-01,5.012484367557289433e-01,4.425917924225737377e-01,3.996275807939476676e-01,3.562548984224608306e-01,3.379509247903831337e-01,2.297480022525600907e-01,1.288182844603515953e-01,1.025668599561450067e-01
8.900880000000000000e+05,9.230268489978439295e-01,8.677502599812263462e-01,7.635431738840217086e-01,7.410201027729187429e-01,6.868827847517431362e-01,6.121830123163561899e-01,5.850983520774968305e-01,5.573552037282664129e-01,5.469405375061046071e-01,5.431912075658720251e-01,5.001444729714940030e-01,4.584091506075922418e-01,2.319222757015171332e-01,2.288764363659295809e-01,1.280457322783147278e-01,1.213221730829119327e-01,8.747246453240731245e-02,7.958383695566795257e-02,5.398291722594550368e-02,4.640489877209308389e-02
8.900890000000000000e+05,9.605684534037752798e-01,9.591477701773323261e-01,9.396088652243020922e-01,8.738658687661532420e-01,7.931316207632120863e-01,7.607548149428191575e-01,7.100936332041224430e-01,5.924172722623534115e-01,5.770888925256610902e-01,5.523981736948505583e-01,2.578040938935425297e-01,2.436678069669873103e-01,2.287539978230672677e-01,1.873917385615251341e-01,1.757255175108559664e-01,1.731879624184977651e-01,9.767667536865087818e-02,7.355972328361171098e-02,6.559627978191606701e-02,6.465861535602401844e-02
8.900900000000000000e+05,7.144232962027883271e-01,6.729482882760150497e-01,5.932032101062149065e-01,5.723720138626617882e-01,5.361645910968813045e-01,5.275526913944079688e-01,4.351561172973915648e-01,3.802921403245214105e-01,3.389840953602061280e-01,3.083331549722742038e-01,2.961888487333871334e-01,2.773252054988599724e-01,2.744281215507181626e-01,2.619461749680788154e-01,1.949601405912786412e-01,1.331384144243012990e-01,1.179931945213656963e-01,9.488576042953711376e-02,3.451924776621351221e-02,3.381689478950322680e-02
8.900910000000000000e+05,9.299590840615893361e-01,8.893340873555583004e-01,8.126579453227811278e-01,7.779604445499308518e-01,7.456177059042519151e-01,7.139532882549397552e-01,6.914157781663684554e-01,6.245127419150360293e-01,6.159939566749899065e-01,5.389281534058115719e-01,4.851538370622922036e-01,4.730080469118504993e-01,3.301693766203247504e-01,3.054973091246063754e-01,2.864006430988268459e-01,9.797509434767370795e-02,7.573826434927422024e-02,6.422738589836385348e-02,3.458517699915786281e-02,5.177464536427422992e-03
8.900920000000000000e+05,9.587623991872669116e-01,9.477865779795360268e-01,9.359253746143274544e-01,9.183980523882330216e-01,9.124831934827439817e-01,8.481720670041932308e-01,8.146034551043864758e-01,8.115533942908227383e-01,8.085640215919942531e-01,8.038283202415281714e-01,6.830577159938481246e-01,6.729823421186871268e-01,6.709822649375322134e-01,6.451633742953134520e-01,4.622859934907938007e-01,3.685921518557337961e-01,2.904134600142268541e-01,6.576304624192885750e-02,4.714169571207882381e-02,4.007828814257918815e-02
8.900930000000000000e+05,9.954193400837973993e-01,8.658687235506183910e-01,7.947048724833837285e-01,6.856697316599714709e-01,6.516766347355820166e-01,6.204747279830522544e-01,5.949372765960226905e-01,5.926012628570865859e-01,4.514803569873923061e-01,4.482654504649882243e-01,4.225394893587739453e-01,3.979771072401030452e-01,3.338409281227088243e-01,3.256848896870239152e-01,3.202395190793736468e-01,2.757855422102133414e-01,2.261438490962465186e-01,2.051112297209769508e-01,1.716316593646242117e-01,1.282193276087411071e-01
8.900940000000000000e+05,9.256703438604764189e-01,7.438103441399173121e-01,7.360528944709736621e-01,6.863113151203195095e-01,6.161828785714997814e-01,5.719439472167165972e-01,5.279174598982354638e-01,3.873089813161769701e-01,3.822779260248602151e-01,3.308608629659286482e-01,2.163160991393739963e-01,2.090581440855585615e-01,1.498267000752361300e-01,1.432676326593878002e-01,1.233967858324370725e-01,9.600095474940140150e-02,7.462171430322939170e-02,3.185596660642775468e-02,1.185601570112715386e-02,3.177483235199618505e-03
8.900950000000000000e+05,9.617009484856543500e-01,9.348667112966569936e-01,9.061368439640342665e-01,8.904976030782038032e-01,8.553667963981290701e-01,7.690609876130969358e-01,7.533134507958115789e-01,6.959481837487121458e-01,5.959248361293582041e-01,5.159909705298523219e-01,5.102131072128970324e-01,3.818358690886018980e-01,3.744793627389819690e-01,3.630200918297713519e-01,1.754267214741694891e-01,1.608366915943610920e-01,9.379406621050989656e-02,7.853062358932183518e-02,4.780821880134822344e-02,1.919378221511003346e-02
8.900960000000000000e+05,9.854980053824333730e-01,8.090797881922566770e-01,7.578391444916434683e-01,7.262720583761633764e-01,6.709839007027598168e-01,6.534736478998309783e-01,6.177317466684139058e-01,4.820794225563139745e-01,4.723519285077453222e-01,3.866907259862516488e-01,2.917273099913563206e-01,2.858165789395622491e-01,2.716998955262145410e-01,2.480547818877391064e-01,2.478512427528933859e-01,2.320413902548736917e-01,1.595062532773410258e-01,8.762560960920051656e-02,7.726589700517960679e-02,6.791015874562567056e-02
8.900970000000000000e+05,9.712873460613286047e-01,8.576818515676972732e-01,7.883485154794142025e-01,7.823198211118448375e-01,7.550885881253378562e-01,7.378661701462787548e-01,7.352214321236697492e-01,7.251527154837534850e-01,6.895454226885977533e-01,6.264017473162580840e-01,5.040599132452514564e-01,3.510398067148993162e-01,2.842253039693025674e-01,2.619148499600795210e-01,2.556594079720062584e-01,2.478801866673138177e-01,1.382415681324327128e-01,9.121196262573072477e-02,8.027689844200958103e-02,2.923100458911387367e-02
8.900980000000000000e+05,9.834561999640528684e-01,9.110587645848255978e-01,8.375234797708572820e-01,7.760702074860951205e-01,6.013168670299183782e-01,5.533521423979316234e-01,5.509839252099982820e-01,5.039599750415622026e-01,4.258179241076389676e-01,4.225953024007685910e-01,4.072981501336502275e-01,4.062215633614193466e-01,3.769653111406994217e-01,3.495758076241838319e-01,3.035767868602496922e-01,2.379819994521781279e-01,2.260107373303978928e-01,2.102580126021460494e-01,6.457000284718728000e-02,3.056228450138454011e-02
8.900990000000000000e+05,9.886673660560864052e-01,8.405528009448360871e-01,7.967378121550132697e-01,7.684268843635944091e-01,6.089527760174494597e-01,4.758709904741896812e-01,4.251456941164315495e-01,4.133197418845702131e-01,4.091365491525477127e-01,4.052936192019238604e-01,3.783594247312878078e-01,3.431713027668865656e-01,3.168668278489524814e-01,2.019648525753933166e-01,1.125991004830499964e-01,8.132115072794576793e-02,8.066632274194462937e-02,7.848142076305830717e-02,7.431357714147246440e-02,5.751865863758864883e-02
