9.900000000000000000e+05,9.375716329832505247e-01,8.750056234153259505e-01,8.539015897093654717e-01,8.184104978728847790e-01,8.098437277198103912e-01,7.605176052283911803e-01,7.229863546138795005e-01,6.996687986128600212e-01,5.334087876016319063e-01,5.258426604850895414e-01,4.954831608211158755e-01,4.952793485013291530e-01,4.557015611228286689e-01,4.465281118684464312e-01,4.323428225318508566e-01,2.949176518845871842e-01,2.870873376257644383e-01,2.163314995275408270e-01,1.167967520283353933e-01,1.160242519999494792e-01
9.900010000000000000e+05,9.861399761433548017e-01,9.596030761398993691e-01,9.267935370440181231e-01,9.028195781239208850e-01,8.838421983256085079e-01,8.305040075066119076e-01,7.256480358962683619e-01,7.030129927118509148e-01,5.770084850055181569e-01,5.722626763496762026e-01,5.643859958960104617e-01,3.872388717093547816e-01,3.432145574412486244e-01,3.113817603488291397e-01,2.490586066368187801e-01,2.162324430753643778e-01,1.628321469257647536e-01,1.216323138562622752e-01,8.871071119771389846e-02,5.660709909459615830e-02
9.900020000000000000e+05,9.359828869137044594e-01,8.982990674228906736e-01,8.855073625338764076e-01,8.100816600449225469e-01,7.831100695490090802e-01,7.709697595755039545e-01,7.596068175327206351e-01,6.618251635356087181e-01,6.579682714832455481e-01,6.413048807828216624e-01,6.237747080232607377e-01,5.616181910445502412e-01,5.105903462923966352e-01,4.832046853123407315e-01,4.555083630840068842e-01,3.933237770620612306e-01,3.257754237486805149e-01,2.898513230821164743e-01,1.148097899933354649e-01,7.102906126560060152e-02
9.900030000000000000e+05,9.687249486078721716e-01,9.435276043466367391e-01,9.219073131400472576e-01,9.214352693296720131e-01,9.182335010351919680e-01,9.092177430820329587e-01,8.396271980714418159e-01,7.533611601944355529e-01,6.676501585629927016e-01,5.678397947311303318e-01,4.974107810807136820e-01,4.806774579998406294e-01,3.798950442387031279e-01,2.515900439884869444e-01,1.326189804763610036e-01,1.003223838656910338e-01,7.624064488992554622e-02,7.347540065138102872e-02,4.485128779347258288e-02,2.203385147002800970e-03
9.900040000000000000e+05,9.765917494403871801e-01,8.251678447278116835e-01,7.680350059113849603e-01,6.552652336148665491e-01,5.688424875364187505e-01,5.256008235684499486e-01,4.747361359501334199e-01,4.584466751001423646e-01,4.265313431604931260e-01,4.196256502640095531e-01,2.949759393741165914e-01,2.910255012131557351e-01,2.706239836763294493e-01,2.474517009461200123e-01,2.382982663623750552e-01,1.762147930695926457e-01,1.232707813877177427e-01,1.158163584132696489e-01,5.878746372034282519e-02,1.805268720006059091e-02
9.900050000000000000e+05,9.040166245213259177e-01,8.870962367597244880e-01,7.630540344545585496e-01,7.086317774639651068e-01,6.256775991877859822e-01,5.865880025507180795e-01,5.347763258536946118e-01,5.180765874310840902e-01,4.612700533068404551e-01,4.584674198321118110e-01,4.450918829232436424e-01,4.173641023287607554e-01,4.064389898759367403e-01,3.358490128042344036e-01,3.087822489595941633e-01,2.831473474803376522e-01,2.466039629038250247e-01,1.995554663410252783e-01,1.237138588802351169e-01,4.335424624635797475e-02
9.900060000000000000e+05,9.611963392257497629e-01,9.568862522806728110e-01,9.001964979332244265e-01,8.475019976705899794e-01,8.392492818911624353e-01,7.716120564016957228e-01,7.282654594348200172e-01,7.196804821634698035e-01,7.184228787847048991e-01,6.708516689369894426e-01,6.261364349162601428e-01,5.588897666892047589e-01,5.322330415265115189e-01,4.750433884265357065e-01,4.478864101614202786e-01,4.129861371056344765e-01,3.889606370374349975e-01,6.792334947511657894e-02,6.052348684654240696e-02,4.978306397027798536e-02
9.900070000000000000e+05,9.262715679324241558e-01,9.143935384151101742e-01,8.787330922744276407e-01,7.587868766445340363e-01,7.336998283082281080e-01,7.216401933313169037e-01,7.044255731172275325e-01,6.358014166356729113e-01,6.297182922031113739e-01,5.169734217636817730e-01,4.455158478975056457e-01,3.491640104754807350e-01,3.069116083432444908e-01,2.718113887481661273e-01,2.019712215252905674e-01,1.570381887772759333e-01,1.337178452115319605e-01,1.270651771098167959e-01,1.149473764140160892e-01,5.301752107088764099e-02
9.900080000000000000e+05,9.708945838514769777e-01,9.001876419955995301e-01,8.918531892128979122e-01,8.916836913376775531e-01,8.624294990234271374e-01,6.900642721826960591e-01,6.517624566740449765e-01,6.284412158738438281e-01,5.214427283589454509e-01,4.556333047513499990e-01,3.605722283366078473e-01,3.189912810665728182e-01,3.174211639263154749e-01,2.925676218499589920e-01,2.715102617798915707e-01,2.652720457978585689e-01,2.636747455686918595e-01,1.614663845532010589e-01,5.505321564350584840e-02,1.062575506278296000e-02
9.900090000000000000e+05,9.952564176861700140e-01,9.907477674939562107e-01,9.368321113077722195e-01,6.538214608022884233e-01,5.813423021895264275e-01,5.424212030908670545e-01,5.256298224495409288e-01,4.809618803735621340e-01,4.527293928952924595e-01,3.919533411832784031e-01,3.547169519571332641e-01,2.985220929640503007e-01,2.631500666989278203e-01,2.211601789582650079e-01,2.105173933863380142e-01,1.467659795411818680e-01,1.347805165096778168e-01,1.147202143161870636e-01,4.896604034044060860e-02,4.156661166382358275e-02
9.900100000000000000e+05,9.055261916859514981e-01,8.626306710051341309e-01,7.470555303925274782e-01,7.034147272261523920e-01,6.582254023847857738e-01,5.760053547031181997e-01,4.779900781431807300e-01,4.640153926197045919e-01,4.613659097218473226e-01,4.493997999492895801e-01,3.919749388562361325e-01,3.204888770707736700e-01,2.953290646782618101e-01,2.717164040106883061e-01,2.522323203610284947e-01,1.799309347976822959e-01,1.511741941042472614e-01,1.284655487015073927e-01,9.588763735682082068e-02,7.558829665068000914e-02
9.900110000000000000e+05,9.918522223223138479e-01,9.232932078877669202e-01,8.664428854452790318e-01,8.502693629918597340e-01,8.459255150405179391e-01,7.606618117970945780e-01,6.609452418399013318e-01,6.184595388548178585e-01,5.039412293568328316e-01,5.035588952277605390e-01,4.751373507116815054e-01,4.689059643138108191e-01,4.382054772955917832e-01,2.273590842504565890e-01,2.191935597800833690e-01,1.057205472708596661e-01,8.986856085904804115e-02,6.206808301361022018e-02,2.783309751413820532e-02,7.120493044255105097e-03
9.900120000000000000e+05,7.389993865015759278e-01,6.333598025330490211e-01,6.253495383719945844e-01,6.142410731272665014e-01,6.055485245029417207e-01,5.659592441462039103e-01,5.544595082167029787e-01,5.433216964847671360e-01,5.175811204389515474e-01,4.509836498480852551e-01,3.205695791396271366e-01,3.145806904477689292e-01,3.033590588730189497e-01,2.374910272439401115e-01,1.824430404021878394e-01,1.374383044564918555e-01,9.791750435159340960e-02,9.039501656292636689e-02,5.231292153790934041e-02,1.102186280561823217e-02
9.900130000000000000e+05,9.907966237134701037e-01,9.547746777808253649e-01,9.144016849686037451e-01,8.407816318282850254e-01,8.274771003856706830e-01,7.760057403064556381e-01,6.638582882116785822e-01,5.875662126865764945e-01,4.219938404331482484e-01,3.899765173600252544e-01,3.224626458219266301e-01,2.846748714006360759e-01,2.401065685188251697e-01,2.275790704163039857e-01,2.243777419396461026e-01,1.394978795390777737e-01,1.142344756965689712e-01,1.043423338460345295e-01,3.171271212370563308e-02,2.369494585470577341e-02
9.900140000000000000e+05,9.902229664615923577e-01,9.659287450424879351e-01,9.263217178140549235e-01,9.065504547453834272e-01,8.802958522857844414e-01,8.253224902852952516e-01,6.835923223435655949e-01,6.489577899496046243e-01,6.476035271518508774e-01,6.389690958822317191e-01,6.385835326764739417e-01,6.171603184375858975e-01,6.128756194386093537e-01,4.714024016647695436e-01,4.318575035413640961e-01,2.037091399858613761e-01,9.957928489699530150e-02,5.929317632653319237e-02,3.378271009843536454e-02,4.682332440298142551e-03
9.900150000000000000e+05,9.188033118231035967e-01,9.116466015626778496e-01,9.091113892903015525e-01,8.468204118701148087e-01,8.163956230282277682e-01,7.839723412635817290e-01,6.632834970649951201e-01,5.674946521469311778e-01,5.538416455163144292e-01,4.337436818136709560e-01,4.064742965614550618e-01,2.510212016949125990e-01,2.086614927860571678e-01,1.537404270417630503e-01,1.510226505703469169e-01,1.443703312857952392e-01,1.417668177048745370e-01,1.021081103322881711e-01,4.390808342239216344e-02,2.529538948064102843e-02
9.900160000000000000e+05,9.442837272633751722e-01,8.760462354944306140e-01,8.474679035384666825e-01,8.180305980125763821e-01,7.820276790071012396e-01,7.638855147306774507e-01,6.755464920748348590e-01,6.518327094292911683e-01,6.384446495524421783e-01,6.375316519895741774e-01,6.201810615838502239e-01,6.192482520283213443e-01,5.898643847065997425e-01,4.365264154558256005e-01,3.396050109758381730e-01,3.331311112654121720e-01,3.122910126322334667e-01,2.957636513205025297e-01,1.546575728557074703e-01,4.039714879551559168e-02
9.900170000000000000e+05,8.513939879196655847e-01,7.968635854436837418e-01,7.364669985291992793e-01,6.831293690392568063e-01,6.592412005198950986e-01,6.520425584596390989e-01,6.518162443794685013e-01,4.359288300360768531e-01,4.245035748697465472e-01,4.167532489828291720e-01,4.129973733677678727e-01,3.460424777242770977e-01,2.774285224076133982e-01,2.456883734652339779e-01,2.382716638660430375e-01,2.088600249687074806e-01,3.302870720969275364e-02,2.254204975716822545e-02,1.580317626308724854e-02,8.608785706661348236e-03
9.900180000000000000e+05,9.348456968457494742e-01,9.317396199515474153e-01,8.667744359083465744e-01,7.176542672741672568e-01,7.033242265539427773e-01,6.342932452074112604e-01,6.213266052520147742e-01,5.863131913171438780e-01,3.891653570853699229e-01,3.502017966864744425e-01,3.259338206158852724e-01,3.249337110876284740e-01,3.049754821154823103e-01,2.783591773426179472e-01,1.861407635544810590e-01,1.697626526950914982e-01,1.081971919772994895e-01,9.820711782826241354e-02,9.705042179933087709e-02,7.521772308387919548e-02
9.900190000000000000e+05,9.681190873053231449e-01,9.596952281715699362e-01,9.505840522040699403e-01,7.552878079541512912e-01,7.263945005839506086e-01,6.561507322286377342e-01,5.996701487293722987e-01,5.481099886097619001e-01,5.142611644668679816e-01,4.879785504133985485e-01,4.655628347258206068e-01,4.519989449321094588e-01,4.444880381610618603e-01,4.260336928508408061e-01,3.719693232114075210e-01,2.191049819900344753e-01,2.001379445498311371e-01,1.366950874106438452e-01,7.896907304940270489e-02,6.059891538930450849e-02
9.900200000000000000e+05,8.937023025763709549e-01,8.628045492576256192e-01,8.599137710228794695e-01,8.375932188735797368e-01,8.145130178844506297e-01,7.154472720447679901e-01,7.136625137278268527e-01,6.749341946208088361e-01,5.640496818266107493e-01,5.579482345007112931e-01,4.652811083861286834e-01,4.438521409595296285e-01,4.321665834044298160e-01,3.883611801379800443e-01,3.438692343880805913e-01,3.085557564418128784e-01,2.846268043717935514e-01,1.733946339942781245e-01,1.441955284443042773e-01,3.444150373413656929e-02
9.900210000000000000e+05,9.670359834180538572e-01,9.566398981847374916e-01,8.780251896867043993e-01,8.452323517846396239e-01,8.059132836792668453e-01,6.928597198326881257e-01,6.918033010718790399e-01,6.224165638557528357e-01,5.937148565622283325e-01,5.754363809177104327e-01,5.467985331769881219e-01,5.077142642043888099e-01,3.874699089896009863e-01,3.793357980100477977e-01,2.869536173612222685e-01,2.761369296409565965e-01,1.916016390877590680e-01,1.504000727075111010e-01,6.044080412724028850e-02,2.152004049835731792e-04
9.900220000000000000e+05,9.760786498095419539e-01,9.690130902802303048e-01,8.736206147142743239e-01,8.419766932461961728e-01,8.291596739362029345e-01,8.255315153827006425e-01,7.904223089598744201e-01,7.349549628455889216e-01,7.034917590185792990e-01,6.560448553567685970e-01,5.636720239132524402e-01,5.471268305798553389e-01,3.883663882460145489e-01,3.842823652815405833e-01,3.362399209951026924e-01,2.999758929036761002e-01,1.865859102499701772e-01,1.636759843274209203e-01,7.987259891630127395e-02,7.844711954991889780e-02
9.900230000000000000e+05,9.889747321696455984e-01,8.919141935369954144e-01,8.412776679172105920e-01,7.696113114446970771e-01,6.256758920905116650e-01,5.867659603833125237e-01,5.605223347962223768e-01,5.435221885944595543e-01,5.174565494339889993e-01,4.956683766923969392e-01,4.542497484558856158e-01,3.564510707371061349e-01,2.658614931122337266e-01,2.232705691118361813e-01,1.739499440034586453e-01,1.403176938590036116e-01,1.094686630337953215e-01,9.664125777969234665e-02,5.590093835821796642e-02,3.187947745457109239e-02
9.900240000000000000e+05,9.635055064382852530e-01,9.320519886313058944e-01,9.246885668851658746e-01,8.716185773140013859e-01,8.632040455749402375e-01,7.953446561450361330e-01,7.855132154186205140e-01,6.066154056642362180e-01,5.234170983087890194e-01,5.057856273255674218e-01,4.901954581033984848e-01,3.979541782695410479e-01,3.333221250131179758e-01,2.600507683386032998e-01,2.173445235485106375e-01,1.969534025885290029e-01,1.642509686402492397e-01,6.070396010333467540e-02,5.062939181779158027e-02,4.559023267822504000e-02
9.900250000000000000e+05,9.589740956069784383e-01,9.547591813042782816e-01,8.229279690250568269e-01,8.089110604618854339e-01,8.068978389389827033e-01,7.618226791422318955e-01,7.433915845042409209e-01,7.293859340921999834e-01,6.675888308253968839e-01,6.103124676513903557e-01,5.969910025353709626e-01,5.449159808820459583e-01,5.058503075894619228e-01,4.572295583843301037e-01,4.426538127870237593e-01,1.443541381816113578e-01,1.380430089780467773e-01,1.218447398878103050e-01,1.043473762577866726e-01,5.741264351799135746e-02
9.900260000000000000e+05,8.516035281391516332e-01,7.663828731885549139e-01,7.615188362831221136e-01,7.393278664105497056e-01,7.189522468970477309e-01,7.128347460856705453e-01,6.388138170671809890e-01,6.291933759315776475e-01,6.276603250467156503e-01,5.933242961087089595e-01,5.180308026918108988e-01,4.703979606936248281e-01,4.370518830721018544e-01,3.974341211375086447e-01,3.550571591920368419e-01,3.218549584617987902e-01,2.692116762398535368e-01,2.162456737771077941e-01,1.500456448433598045e-01,4.262578511529602210e-02
9.900270000000000000e+05,9.991973391044820518e-01,9.979181340016167745e-01,8.626624611822740762e-01,8.489942364644535999e-01,7.735458232220028263e-01,7.399738278323266805e-01,5.965445687916732798e-01,4.701061854576515930e-01,4.653987462739955783e-01,3.950991383446925687e-01,3.700544679248500834e-01,3.690175915204260138e-01,3.031306565329913161e-01,2.631896352140987716e-01,2.585453835148666668e-01,2.560463039166948063e-01,2.334033652607179210e-01,2.196892655925242188e-01,2.158806335794006825e-01,8.620021518187781506e-02
9.900280000000000000e+05,9.992606665160235213e-01,9.986225199177956036e-01,9.131750601745316498e-01,9.028401276900943628e-01,8.979589884462486626e-01,8.518092840185688130e-01,8.264073884841661721e-01,6.970081743509622951e-01,4.466296524613853069e-01,4.382705336884610281e-01,4.315668410577347958e-01,4.132408372975000521e-01,3.962024308684068963e-01,3.190455137884635750e-01,3.171612003557765513e-01,2.726954392966663976e-01,2.063603240864507748e-01,1.918424668700315916e-01,1.708224163188766243e-01,5.992303261984699425e-02
9.900290000000000000e+05,9.628418279179584705e-01,9.446101891827010100e-01,9.308278590188377999e-01,7.890086212414595401e-01,7.808231926571034265e-01,7.639873051096551793e-01,6.552684977288155688e-01,5.708413675695350742e-01,5.250997250832015739e-01,4.752218559291701006e-01,4.186970318974159166e-01,4.006123154310943235e-01,3.028064613939440708e-01,1.275791450737816524e-01,1.184781048817596938e-01,1.157280743846760274e-01,9.393543684964977825e-02,6.328864825334901134e-02,6.611883037642929395e-03,2.986848184918677873e-03
9.900300000000000000e+05,9.559323141356501630e-01,9.427857826782779505e-01,9.284206215944804663e-01,7.977862819950599649e-01,7.047078487809662617e-01,5.233910962517699383e-01,4.925329756691044780e-01,4.810674505299846748e-01,4.578812465697196243e-01,3.771208161238214229e-01,3.480459528805106562e-01,3.274320680720228527e-01,3.211873783152089379e-01,2.928727083137950826e-01,1.490004100172053203e-01,1.224306067974556544e-01,9.534733657369687254e-02,7.596210614728937660e-02,4.282431647604856284e-02,3.779275662601744301e-02
9.900310000000000000e+05,8.969667984043743214e-01,8.588402651671366295e-01,7.880292465100270372e-01,6.024028568979921117e-01,5.878537486583687022e-01,5.252542220535347806e-01,5.002955117026608445e-01,3.987495382591902393e-01,3.983617900048741500e-01,3.544454730747570448e-01,3.028365010331720564e-01,2.858338303869571995e-01,2.833984499443579219e-01,2.641482846220823966e-01,2.279027249142749900e-01,1.631011609391032069e-01,1.485607038895376819e-01,1.454952789117119893e-01,1.939063594703038795e-02,2.325303655869248587e-03
9.900320000000000000e+05,9.380319574578891428e-01,8.399950086110103964e-01,7.988745739830575010e-01,7.889423394471453133e-01,7.809574099980290951e-01,6.929670039303301721e-01,6.890634534151440782e-01,6.827778018740254806e-01,6.198042944324662074e-01,6.188495523513478647e-01,5.628593744373695529e-01,5.307254975887660819e-01,5.222991546313147104e-01,5.216445089788247502e-01,4.690082258778358604e-01,3.587736132204302208e-01,1.742515608339587629e-01,1.586124641744964814e-01,1.219671326552491664e-01,2.903585221396964844e-02
9.900330000000000000e+05,9.348438820061725218e-01,9.227771506041982930e-01,8.772085307428063583e-01,7.656612291948032833e-01,7.507616263332429485e-01,6.752261640108847551e-01,6.389954674836091364e-01,5.774036143750371775e-01,5.521900560075133635e-01,5.203955111514914078e-01,4.801369901638190552e-01,4.303285671380884247e-01,4.040632195357094503e-01,3.399811484597539124e-01,3.180050567837928721e-01,2.978044136816421217e-01,1.690750399241085500e-01,1.026211574010302829e-01,6.880994605117718432e-02,2.614692694864717559e-02
9.900340000000000000e+05,9.823318635160225298e-01,9.279429868530166825e-01,8.448314093634251565e-01,8.072613163084569887e-01,7.413516391056678145e-01,7.092160440411336975e-01,5.981996039407458943e-01,5.408963497448661117e-01,5.216657144601207774e-01,4.772026952342550699e-01,4.681093155823312646e-01,3.681365408994583532e-01,3.508755363941474803e-01,2.557891190058909636e-01,2.541980895883907410e-01,1.211847263978197420e-01,1.073997938449818834e-01,1.017498452010927590e-01,4.751739699360213454e-02,2.190906467144482228e-03
9.900350000000000000e+05,8.655065219281555811e-01,8.510678126017915401e-01,8.125014700569549442e-01,7.647735142954572574e-01,6.849958521220377294e-01,6.189234589683222376e-01,5.684586652975155419e-01,5.502057480074722395e-01,4.897993666967788151e-01,4.880545013516762731e-01,4.781249592624647882e-01,4.507838674668477319e-01,4.308385309891779036e-01,3.639460640757283816e-01,2.922746295738793965e-01,1.877635541626955229e-01,1.740076100861689401e-01,1.200404468847328099e-01,5.823790379907467507e-02,5.764141296299440942e-02
9.900360000000000000e+05,9.527888374576278796e-01,9.194533468623312666e-01,8.913174135490767869e-01,8.026354837801533693e-01,7.636926950554934201e-01,7.377571030732521518e-01,7.257635994787924316e-01,7.072261430327640985e-01,6.954944424951581272e-01,6.865695515489721457e-01,6.769894392248991810e-01,6.050945431740382130e-01,4.781812115354207027e-01,4.644021714504413811e-01,4.634813025875819115e-01,3.325589256013876671e-01,3.155779664617071045e-01,1.619283659348714766e-01,8.938909585120391466e-02,2.929024830202331398e-02
9.900370000000000000e+05,8.998155671203940109e-01,8.985355849794278704e-01,7.319978809356638694e-01,7.223812097503105045e-01,6.218736425973542259e-01,6.163700959868244622e-01,5.048539935150628821e-01,4.616385179241179193e-01,4.486249010100188395e-01,3.827791328777925273e-01,3.243226221337274229e-01,3.038443337400343891e-01,2.920285504185259340e-01,2.878047078857713936e-01,2.782782031682977664e-01,2.684733932136683654e-01,2.669252897758181975e-01,1.713645930605741663e-01,8.384740339298979439e-02,1.182221937264704703e-02
9.900380000000000000e+05,9.302225866262476828e-01,8.298628519549859917e-01,8.264458832677202826e-01,7.452846353144311209e-01,7.405444954106655819e-01,7.309097244199890264e-01,5.732232985681512405e-01,5.289372121038643515e-01,5.247137139946760342e-01,5.244177917089177798e-01,5.080269692602985554e-01,4.740952882369527943e-01,3.848271309561205333e-01,3.807309687643916085e-01,3.702771852913872008e-01,3.432809264956252493e-01,2.816786775711378477e-01,1.799522881245640971e-01,1.034866304203486687e-01,6.040482751465536815e-02
9.900390000000000000e+05,9.659841771692549983e-01,8.336232540430036364e-01,7.816146782163225781e-01,7.147229923091016346e-01,6.361773254823160917e-01,6.269574512416951073e-01,6.207956723240012353e-01,5.743161776577996314e-01,4.708406978898395101e-01,4.663101564684902778e-01,3.533954985094998058e-01,3.198667608320856504e-01,3.037475893285099815e-01,3.026511934439364282e-01,2.783059089054380486e-01,2.599953400204070286e-01,2.574793784455775558e-01,1.893993932394355539e-01,1.425560327732675603e-01,1.155253519149502806e-01
9.900400000000000000e+05,9.707118852026493938e-01,9.337590995881367428e-01,8.892446240202603880e-01,8.355014394042411530e-01,7.841091000981150749e-01,7.043088117455175157e-01,6.981310708868120329e-01,5.432370863571481800e-01,4.987665414970078315e-01,4.056295206422090294e-01,3.064994243712878541e-01,2.690433665301864563e-01,2.602836423158885193e-01,2.375919316053191066e-01,2.301244734805473202e-01,2.205194203981969414e-01,1.922472088182587413e-01,1.344307000524215256e-01,5.377258280891838993e-02,3.519087819163602138e-02
9.900410000000000000e+05,8.796636848175122259e-01,8.415114346500504050e-01,8.160826603545175972e-01,8.153175201620692647e-01,7.707796636976561588e-01,6.564761153706739627e-01,6.190821333546218108e-01,5.968115955609677448e-01,5.881351674153539877e-01,4.712113663905581618e-01,4.148480400244415334e-01,3.568380704987748064e-01,3.443670364726998390e-01,3.414186166742861905e-01,2.715566460793866765e-01,2.255706387598960250e-01,2.133531563908779294e-01,1.699369750289511094e-01,5.589788611132140428e-02,9.479652537310201410e-03
9.900420000000000000e+05,8.898795071841798521e-01,8.735429449115392764e-01,8.017857633546329188e-01,7.984677056000251127e-01,7.193486433821907333e-01,6.816456028062033434e-01,5.926932941004861011e-01,5.501180274080912369e-01,4.993650077428859468e-01,4.853417330135870733e-01,4.837639710743601995e-01,4.705467114207518842e-01,4.214954632834484460e-01,4.065004558504813348e-01,2.924403880929253852e-01,1.133214897451595427e-01,1.057107317300860494e-01,5.641072171658201295e-02,2.470117958458739604e-02,2.042719804244974569e-02
9.900430000000000000e+05,9.843598257740781010e-01,9.048930169265068102e-01,8.980423783267494908e-01,8.851333421851904637e-01,8.747516643256232349e-01,8.683431588751164831e-01,8.148651506510803388e-01,7.370790554569724984e-01,6.687300605800836628e-01,6.241054950390526601e-01,6.187410584879580178e-01,4.751531796520988005e-01,4.115676410670396912e-01,3.749739305830875891e-01,3.606051168990993538e-01,3.583804862596434715e-01,2.409691765812992381e-01,1.220439067046792392e-01,5.303436997279564746e-02,2.781085897809709717e-02
9.900440000000000000e+05,9.666460780868693092e-01,8.046889016299035857e-01,7.560060929411174246e-01,7.429578389301597641e-01,6.290317312524096316e-01,6.147128712946738904e-01,6.005790823625968278e-01,5.627047075923037323e-01,5.078073078423099851e-01,4.977051967392278620e-01,4.779960292561917790e-01,4.143537340881912057e-01,3.535167476971206035e-01,3.024255695966273638e-01,2.469918151975678544e-01,2.099030038372740048e-01,8.640896468285608201e-02,7.405125116625954629e-02,7.166789386389527117e-02,2.499733154334493612e-02
9.900450000000000000e+05,9.968820598013757861e-01,9.208066851744327597e-01,8.905156461030989679e-01,7.851452549858213281e-01,7.054675841846067552e-01,6.799925250138416644e-01,5.332814738495488260e-01,5.322348414063651223e-01,5.112348244902668037e-01,5.064829885658579389e-01,3.894133458053143926e-01,2.928715502391197045e-01,2.592097401894203346e-01,2.361531187717268443e-01,1.119341431919135266e-01,7.854678180371954532e-02,7.530268641261794738e-02,4.823726541991224526e-02,3.184990031865253535e-02,2.150267902282043675e-02
9.900460000000000000e+05,9.388298382617341620e-01,8.856729122027899859e-01,8.445139991077844632e-01,7.674162993555880830e-01,7.647751722408818731e-01,7.227777454685067049e-01,6.928765562815293322e-01,6.712653394736907142e-01,5.963411221744929769e-01,5.679514759972438265e-01,5.614962691805112094e-01,5.453162350644076284e-01,4.591084693541852557e-01,4.358889467067329493e-01,4.150259254091095418e-01,3.326779461081028622e-01,2.334444291351815970e-01,1.568890743667503695e-01,1.395434546328797598e-01,7.518372916105797721e-02
9.900470000000000000e+05,9.329762733929335417e-01,9.107260075091681006e-01,8.388133903824906978e-01,8.107143437715493839e-01,7.419363607564469776e-01,7.093757120197903276e-01,5.817661056510562423e-01,5.346029294289181832e-01,4.848536277694031060e-01,4.239263057159885495e-01,3.886804373162477955e-01,3.406671246988238755e-01,2.968950561046552750e-01,2.386212535805565249e-01,1.835686465823707092e-01,1.691701877391891262e-01,1.637115729850163737e-01,1.589487457911156199e-01,9.519566221471376100e-02,4.185511372870154290e-03
9.900480000000000000e+05,8.645421627151483879e-01,7.904706613852898744e-01,7.611215186354800544e-01,7.479947448722916725e-01,7.223742027987762881e-01,7.025220807788279398e-01,6.696148713238982975e-01,6.459057348511025864e-01,5.303718934602227320e-01,5.224701153673293463e-01,4.621502005175104344e-01,3.661858813920245703e-01,3.514531680747311482e-01,3.126619778041450637e-01,3.025426665382164870e-01,2.599488399080247536e-01,2.463962663523154850e-01,2.291902141861387188e-01,1.826066496560403429e-01,5.175008521087931523e-02
9.900490000000000000e+05,9.448093348115296219e-01,8.948635243397276007e-01,8.824641536069753878e-01,8.638198882193713901e-01,8.537823030375896183e-01,8.326950058778084252e-01,7.386009093782991419e-01,7.335104801608638425e-01,5.864369404224432092e-01,5.793203527432618793e-01,5.655759792273211684e-01,5.520788235474368699e-01,5.038096752455069050e-01,4.391381737886700387e-01,2.743374528471441698e-01,2.147197994859131320e-01,1.989318441293450590e-01,1.682237838596836177e-01,2.491972541287923448e-02,1.169792025318716622e-02
9.900500000000000000e+05,9.861069019786585788e-01,9.593725171567915044e-01,9.546930770180022119e-01,9.133896888270900405e-01,9.074765380529762338e-01,8.243550347317109006e-01,7.979631029704259415e-01,7.386939649565988919e-01,7.182488255989276649e-01,6.950138591967350843e-01,6.252445421705156159e-01,4.203302547951026646e-01,3.757894146472593455e-01,2.981090892407712856e-01,2.788500566976034323e-01,1.576768951976575961e-01,1.083898312753143189e-01,8.468913537188482721e-02,5.269615947640582387e-02,2.980583202929754094e-02
9.900510000000000000e+05,9.258178783005696078e-01,8.791675857382428294e-01,8.086371193324343176e-01,7.947026505140083463e-01,6.438778154324508174e-01,6.420951054464866248e-01,6.246711258174069137e-01,6.208084503194012393e-01,6.177978640038385150e-01,5.677742010140636175e-01,4.556469511583272070e-01,4.456838975129030489e-01,4.262070887947413400e-01,3.748057011517119674e-01,3.173626748314720691e-01,2.053075281412712894e-01,1.799088422518124730e-01,1.751905998753614524e-01,9.691411265589400248e-02,3.116859808409233601e-02
9.900520000000000000e+05,9.854410764404770706e-01,9.012815067506914080e-01,7.920377862967480365e-01,7.666029092728577909e-01,7.619321931581347629e-01,7.345080898761245924e-01,6.341735524434557458e-01,6.071706538664206620e-01,5.997777226629262826e-01,5.072978987096887771e-01,4.619205140741448057e-01,3.949256800921217003e-01,3.264087142770064620e-01,3.120628726529663943e-01,2.315601493211626449e-01,2.209964737750542696e-01,1.906312285077610413e-01,1.744711014021660400e-01,6.021585115729788384e-02,4.918458114488644117e-02
9.900530000000000000e+05,9.971301861904223740e-01,9.449119285005878055e-01,8.260478916785125580e-01,7.813103573022717185e-01,5.789553793160870931e-01,5.100044703007409197e-01,4.730260234522245533e-01,4.222786797853508300e-01,3.836124231462406664e-01,3.042064115241006617e-01,2.954313907811036977e-01,2.388267112836710560e-01,1.868176746130839616e-01,1.829738576464923216e-01,1.815375010127857625e-01,1.791238127077990905e-01,1.709113837011707604e-01,1.585589892108858479e-01,1.154026646123373911e-01,1.101380244587739643e-01
9.900540000000000000e+05,9.088106045008442768e-01,8.106249679399194497e-01,7.971263544516083988e-01,7.971060819887683113e-01,7.820989646623128788e-01,7.712281068832438358e-01,7.495812834336017527e-01,6.993227108499969757e-01,6.986781635158555437e-01,6.919712631282235460e-01,6.094785274822731580e-01,4.746830699877707671e-01,3.977654884030953353e-01,3.537657850133013593e-01,3.000314201111895507e-01,2.744494501006010667e-01,2.328681568104289390e-01,2.215854167931010643e-01,2.105633824238822838e-01,1.811662705646661653e-01
9.900550000000000000e+05,9.865979722913941208e-01,8.552376571845410336e-01,8.282548793813550025e-01,7.863030792465653951e-01,7.767550666679676752e-01,6.444753986448679139e-01,6.267563523479974252e-01,6.120856245914608751e-01,6.023232803209582764e-01,5.828154007745842691e-01,5.817599485486754096e-01,4.353097862951249564e-01,3.172304913049589503e-01,2.818087282966201812e-01,1.598573654091950402e-01,1.333903102299051069e-01,1.218145881704638667e-01,5.162098350812682757e-02,9.482678608282779642e-03,7.194075500799201883e-03
9.900560000000000000e+05,9.893028598231702331e-01,9.274194931860599844e-01,9.123297095045709293e-01,8.929722129176687062e-01,8.297701577006967311e-01,7.357046545115371039e-01,6.784210840692634914e-01,6.619182573838321426e-01,5.441671998427202173e-01,4.639107586229704872e-01,4.355323978259975082e-01,3.270040205172497494e-01,2.602689966109428266e-01,2.522794016722449406e-01,2.179854629065303140e-01,1.977887289929475267e-01,1.713229884254359181e-01,1.693164448962560797e-01,4.398202695028685660e-02,3.870163836497186871e-02
9.900570000000000000e+05,9.408323238124564059e-01,9.225105893700422666e-01,8.685174608836244703e-01,8.381720831126754367e-01,8.227782526777190908e-01,6.997798888696671327e-01,6.672864017827498939e-01,6.383046197223102292e-01,5.948131330458237276e-01,3.978530311701778954e-01,3.127446562036425570e-01,2.470353142551127146e-01,1.902657950870459969e-01,1.895524353617965563e-01,1.691656026318072437e-01,1.533534804030721732e-01,1.479086383793696280e-01,1.238294146167661092e-01,1.117786372853653010e-01,3.519510654461022181e-02
9.900580000000000000e+05,8.945078346326960084e-01,8.251538878717060710e-01,7.582525839538157841e-01,7.072070061280636422e-01,7.036303975563186208e-01,6.993827285238283231e-01,6.847431354360031808e-01,6.538428608768046546e-01,4.886239448614979608e-01,4.464764591919849757e-01,4.228703518194877331e-01,3.542723356404886559e-01,3.471129704191050491e-01,3.076888071647639888e-01,3.031497027458242011e-01,1.622516429674497607e-01,1.364139495540575009e-01,6.291598647110008269e-02,4.384320109568429213e-02,1.433618814845161182e-02
9.900590000000000000e+05,9.693718581554127134e-01,9.270275677603793119e-01,8.927063553552311292e-01,8.239687018221669712e-01,8.051967881745114575e-01,7.624243358390335734e-01,7.446414040287636649e-01,6.037347093095648543e-01,5.490061765439026020e-01,4.689074486194090285e-01,4.586694751311165552e-01,4.131825288819588327e-01,4.081471163442478289e-01,2.970624754492161568e-01,2.888981359643538749e-01,2.148135212281884199e-01,2.068617903093217247e-01,6.279256662403587264e-02,3.292070974409821993e-02,1.107076894273517631e-02
9.900600000000000000e+05,9.947048205837233370e-01,9.448530668541061939e-01,9.045361273312916284e-01,7.378791618580066158e-01,7.174641235663432592e-01,6.970265059872468028e-01,6.966697511159543055e-01,6.847132542350600204e-01,6.714081442353597717e-01,6.471402853216896567e-01,6.458293125677424529e-01,6.418458624165507276e-01,5.884642075576173026e-01,4.365155397302811213e-01,2.370562124624965294e-01,2.293298726457262404e-01,2.234844993178181083e-01,1.519524685383295548e-01,1.103621693784686553e-01,4.950305244626351797e-02
9.900610000000000000e+05,9.541590197940146290e-01,9.353912715411313306e-01,9.327208131668065505e-01,8.829504734553212941e-01,8.732589233358328817e-01,8.570422145479872356e-01,8.185063201997997417e-01,7.800719006477830897e-01,7.682983515015754383e-01,6.123161581400136111e-01,5.747231842731553852e-01,5.016346621994146604e-01,4.999158922359164814e-01,4.411728801937503386e-01,3.773072235958441212e-01,3.548323406311061357e-01,3.207388281564114152e-01,2.803750808208972378e-01,2.099979040958982468e-01,1.164389474576622563e-01
9.900620000000000000e+05,9.745059084968316077e-01,9.651013843648076351e-01,9.368637337589789116e-01,8.019941656943737618e-01,7.634488210559433607e-01,6.713105940035754005e-01,6.201864692747116603e-01,5.620760307569764302e-01,5.474626664092305806e-01,4.915665814325046457e-01,4.723361493371401876e-01,4.575904905664358591e-01,3.550218553316247805e-01,3.132637673022243829e-01,1.997217087608821329e-01,1.995470897841691293e-01,1.940698435350269868e-01,9.464410738120321298e-02,7.602691375221160008e-02,2.661126887380482753e-02
9.900630000000000000e+05,9.926586498611562615e-01,9.833824844451657388e-01,9.092865212731491287e-01,8.983792916255993743e-01,8.799737043831317163e-01,8.781715208723276378e-01,6.575463884614881627e-01,6.574639327169369274e-01,6.536925032908006417e-01,6.303797649977466167e-01,3.869437006781835109e-01,3.803084033537028619e-01,3.739116318980321152e-01,2.368445578477642588e-01,2.117699180750832744e-01,2.105516208530726630e-01,1.916337848001433697e-01,1.749667762733215781e-01,7.527259764078608750e-02,3.744576454015435818e-02
9.900640000000000000e+05,9.936343471602561150e-01,9.433489115376127998e-01,9.400723030900798305e-01,8.856181549826696031e-01,7.610041553328009689e-01,7.323072951628938343e-01,6.451358313849808734e-01,5.471154280625170063e-01,4.541218611884191292e-01,3.999168116899343151e-01,3.805751766952072401e-01,3.774624290081332045e-01,3.634271508872849443e-01,3.485402990937779277e-01,3.131132527849382896e-01,2.888647870050072841e-01,2.855308643642996413e-01,1.794702664482230592e-01,8.212494343820486709e-02,5.023789296446212749e-02
9.900650000000000000e+05,9.907639190770433091e-01,9.887084424405259142e-01,8.382976453432964270e-01,7.589828262788085311e-01,7.537133215404822062e-01,7.482538247257074504e-01,7.467861110774116629e-01,6.845828795676039968e-01,6.829273789482185331e-01,6.238652915160844969e-01,6.117445188340808748e-01,5.807394477997044335e-01,5.428758963212921840e-01,4.759074056235613748e-01,4.227229587007941269e-01,4.014358652539082861e-01,3.640636151243172858e-01,1.516940224626011080e-01,9.434248018495994259e-02,9.093366630277399665e-02
9.900660000000000000e+05,9.985666479616999158e-01,9.972675566551172377e-01,9.693283903088021347e-01,9.079805373951617131e-01,7.864489801595916374e-01,6.768437533908154835e-01,6.745505341103017471e-01,6.705818323892021038e-01,5.065355931720251226e-01,4.811172458665730067e-01,4.736947884089993677e-01,3.402127603428860558e-01,3.221335438920014393e-01,3.128855766077299760e-01,2.382505245353054857e-01,2.334231198410813279e-01,1.415482374067148497e-01,1.047524005175465289e-01,7.141808540150229589e-02,5.343015671773865272e-03
9.900670000000000000e+05,8.362585037449528080e-01,8.145829109934467072e-01,8.126821238524017943e-01,7.232351698373427062e-01,6.649901789959136167e-01,6.598725146572095301e-01,6.345473091639760588e-01,6.234265140103933955e-01,6.045787062830355607e-01,5.957060949064618693e-01,5.546531583913588692e-01,5.237762312779801199e-01,3.773830957934077857e-01,1.597161349189895052e-01,1.242448661746398120e-01,1.149774208949057019e-01,8.670963730258074431e-02,8.541257596735496449e-02,8.403619096993109050e-02,3.411605875434420287e-02
9.900680000000000000e+05,8.501173173461026300e-01,7.992947114510263740e-01,7.831787597745528684e-01,7.156777183597364811e-01,6.962397868793142042e-01,6.476032839573820921e-01,5.964160159179229259e-01,5.810792536121531793e-01,4.453388432371820915e-01,4.291712978481473373e-01,2.908101378734774256e-01,2.372565983380979793e-01,2.277510507512229276e-01,2.202769638547544817e-01,1.996255976561370771e-01,4.854800822011517969e-02,3.431334869826396794e-02,2.033564387301711740e-02,1.939057724435688801e-02,1.708690847009264324e-02
9.900690000000000000e+05,8.714025755974587062e-01,8.563065750023912681e-01,8.174935349034262444e-01,8.124326124704354113e-01,7.960921081918992392e-01,7.294468145516344038e-01,7.019468907338105579e-01,6.954251011396269666e-01,6.337234468256536246e-01,5.249808060743984539e-01,5.079069074670277129e-01,4.869873610087057658e-01,3.664532138147083007e-01,3.470941003109263567e-01,3.266683349342269782e-01,3.194863483869568865e-01,2.970921223272509071e-01,2.476250612812113117e-01,1.147881159707906384e-01,5.211091267486867018e-02
9.900700000000000000e+05,9.580892869981275650e-01,9.068002907534794543e-01,9.037233129616936145e-01,8.766651243505392266e-01,8.685636685192887896e-01,7.965975969260378209e-01,7.389666886706153237e-01,6.833971379775458654e-01,6.615299844256006256e-01,6.387639909885516332e-01,5.798666266427559002e-01,5.071808039936682722e-01,4.752606209257085323e-01,2.905968164169533408e-01,2.776595393997399741e-01,1.625646966516276493e-01,1.611719303348031485e-01,4.645512215676217416e-02,3.306512403779238163e-02,1.086572457668832925e-02
9.900710000000000000e+05,9.934331570891831165e-01,9.899412024333270610e-01,9.859685615415447746e-01,9.359338004386960064e-01,8.914699171925453136e-01,8.699723732820298094e-01,8.315370014157391632e-01,8.259775368164413711e-01,6.697908512693530048e-01,6.127669802239484875e-01,5.775732364094040561e-01,5.586289427624233639e-01,3.834242697203673611e-01,3.748030243250723981e-01,3.720985421670300886e-01,3.410237671270410775e-01,1.691922219399728533e-01,4.592209197405183740e-02,1.142014800229196325e-02,9.916598100942475291e-03
9.900720000000000000e+05,9.296632749063877821e-01,9.016980256298762209e-01,7.695370367600006256e-01,6.389170193026001421e-01,6.016598742173234760e-01,5.582892590894307228e-01,5.244205363043498158e-01,5.031805531296456024e-01,4.975257968656391361e-01,3.793467550813811595e-01,3.755855341314237039e-01,3.338390931740233825e-01,2.997648084385646783e-01,2.709847850683366755e-01,2.329329763259238018e-01,1.731522521887949306e-01,1.669010790774420050e-01,6.395366274784497485e-02,4.394764729077582643e-02,2.222578014252818424e-02
9.900730000000000000e+05,9.770225982450060354e-01,9.633630985903186561e-01,9.618201541703348401e-01,9.065412050231087537e-01,8.616428293973172892e-01,7.578091965482879333e-01,7.268393649122905087e-01,7.244180809297404711e-01,6.524960944907499671e-01,5.205589441997104938e-01,5.107224669759454772e-01,5.098248600648809248e-01,4.833409135304792548e-01,4.128205069496884150e-01,4.051730021830047823e-01,3.634418640768942721e-01,3.556330807336377520e-01,1.951179157441050860e-01,1.076788723591229902e-01,6.893503575268666861e-02
9.900740000000000000e+05,9.858009083036992637e-01,9.708042344988019323e-01,9.539764716909245879e-01,9.339078009915505740e-01,9.192835874936164942e-01,7.866656322279605984e-01,7.722096535001665707e-01,7.353091004329271874e-01,7.090415090224899686e-01,7.009061450711484564e-01,5.663323026096005464e-01,5.473074247925685532e-01,3.913850187192189356e-01,3.653811989576246644e-01,2.969389323088915678e-01,2.680153489401738698e-01,2.229479776025262705e-01,8.413689714813565868e-02,2.969169619094447210e-02,1.229101459046277878e-02
9.900750000000000000e+05,9.667820226417912499e-01,8.640382480134330967e-01,7.594843408709650578e-01,7.523741507350204527e-01,7.087821869422378240e-01,6.757613769564023709e-01,5.564058856877074355e-01,5.415650646070244711e-01,5.185330906099865356e-01,5.097291437429177785e-01,4.610048428429062151e-01,4.349417667168837820e-01,4.026757178289877004e-01,3.101651453745064568e-01,2.849932633786660396e-01,2.701007821032466172e-01,2.495900940983473149e-01,2.482329276584832600e-01,1.701563145427141821e-01,1.644567839198268766e-01
9.900760000000000000e+05,9.687890750064527268e-01,9.670986360609117316e-01,9.445525366176488191e-01,8.661714900738475276e-01,8.499057865743143703e-01,8.032225802401115056e-01,7.180373339012056100e-01,6.622937101972596885e-01,6.195003344152268943e-01,4.668736066699487042e-01,3.438060138597308635e-01,3.094627394927770281e-01,2.598556066239621209e-01,1.605837658655719924e-01,1.591728979806373845e-01,1.093066249852289173e-01,8.098210045463594131e-02,5.964212654324130281e-02,4.731336273122577207e-02,1.681975084496367678e-02
9.900770000000000000e+05,9.486187552550450208e-01,9.478161291127477073e-01,9.047631461631424621e-01,8.979054305084106513e-01,8.930750376833057613e-01,8.821013947705532710e-01,8.809511855667869762e-01,8.077402339145963728e-01,6.427889862027464929e-01,5.476209320429133998e-01,5.109123036185515554e-01,4.518818004932125820e-01,4.273411698918004875e-01,3.966344312067425770e-01,3.810400613823168303e-01,2.371371481589509278e-01,2.139862478637719612e-01,1.646266154911858459e-01,1.216609216277223515e-01,9.009868124036590764e-02
9.900780000000000000e+05,9.284766352129861788e-01,8.740879392577745044e-01,8.500975990547857686e-01,7.944521439127508744e-01,7.113691067991908534e-01,6.698544185176737997e-01,6.397815147255987434e-01,6.272409964720575548e-01,6.225588077181370972e-01,6.072119354079640319e-01,6.061411529307374479e-01,5.835008398044373434e-01,5.554806422834458468e-01,4.856048983688607823e-01,4.383554362310458918e-01,3.843517711021653405e-01,2.629992849073145011e-01,1.962812584919405579e-01,1.288059967758129476e-01,8.238662860466983151e-02
9.900790000000000000e+05,9.990616132929867055e-01,9.443571922981848221e-01,9.293709209515250702e-01,9.258043224745484689e-01,9.110068511012356929e-01,8.787946787775159363e-01,8.574584419631938736e-01,8.022916763723411115e-01,7.318495152387470837e-01,6.781108337922810980e-01,6.282131347832266011e-01,5.857922610018424514e-01,5.786439163436688515e-01,5.691776761455266120e-01,4.533021829289166638e-01,4.035759333051150977e-01,3.716515634400242574e-01,3.309613725449350730e-01,1.706948925567097763e-01,2.943729425697461100e-02
9.900800000000000000e+05,9.031266591346100991e-01,8.226473643221797749e-01,7.989597312607835677e-01,7.878328318840808198e-01,7.262241583368138631e-01,7.242841879716591658e-01,5.332071780633553804e-01,5.210606827043723355e-01,3.812961146589622929e-01,3.363495115702997973e-01,3.362560478464526881e-01,3.040271733815201882e-01,3.010570979352936716e-01,2.624634909932560545e-01,2.244066173802514719e-01,2.211406248300561428e-01,2.011905643403446575e-01,1.803353915110139649e-01,1.518451290027512668e-01,8.523049122007775313e-02
9.900810000000000000e+05,9.660688924457088156e-01,9.594430766733048621e-01,9.580282679397166268e-01,9.426809177214358071e-01,9.170555304609959713e-01,8.576229852124450659e-01,8.295662721506994464e-01,7.165282414651309439e-01,7.157502474284330729e-01,7.139100034450084342e-01,4.068254798946012718e-01,4.044370776247973032e-01,3.624591968664776509e-01,3.348875827567430186e-01,2.566296427726023621e-01,1.929450594671701102e-01,1.820310132944028547e-01,1.107480955286345159e-01,5.338085789697177841e-02,2.615383961974482308e-02
9.900820000000000000e+05,9.804077204306572701e-01,9.636517741171538587e-01,9.231530732908022063e-01,8.680501336747402652e-01,8.666177411058740843e-01,8.020673244214636677e-01,7.153973776915188987e-01,6.661963095970129256e-01,6.029892630511598517e-01,5.933701587555535450e-01,4.294290871557636668e-01,2.814008125458091758e-01,2.772146935064871975e-01,2.767959507344761594e-01,2.046024908631376427e-01,1.850379442308984768e-01,1.571272570952469971e-01,1.105467709627663275e-01,3.711705278846588740e-02,1.397488056717821614e-02
9.900830000000000000e+05,9.891558829799333985e-01,9.626528226053838733e-01,7.878772028975173924e-01,7.034525409176634048e-01,6.434250107101991967e-01,5.899880905670613629e-01,5.739216756859598645e-01,4.968560121705203336e-01,4.502617274165876537e-01,4.235566221612121485e-01,3.774425040154586464e-01,3.609952697422782464e-01,3.382973045886472629e-01,2.216420616929695164e-01,1.823177312294892438e-01,1.553657447032925631e-01,1.283162393867119944e-01,1.141397914746125064e-01,9.908424732502307819e-02,7.818589575952705761e-02
9.900840000000000000e+05,9.479529728520844634e-01,8.772570959712971961e-01,8.361964230711042001e-01,6.911775758039736539e-01,6.119997231536967730e-01,5.920322272648732564e-01,5.241819925798907320e-01,4.837321610853054787e-01,4.835030240411647418e-01,4.091252006434515920e-01,3.256907547354422894e-01,2.868621125599907229e-01,2.271451468912902838e-01,2.256586277822213438e-01,2.189309793267499860e-01,1.642188056641027405e-01,1.440898076774816960e-01,1.125448256688258430e-01,3.603975721121266407e-02,2.811911095470509547e-02
9.900850000000000000e+05,9.774758416514923720e-01,9.524990264247071847e-01,9.129991168553309722e-01,9.027353005649669804e-01,8.948472640480780171e-01,8.837541900090294389e-01,7.847219095395036037e-01,6.299207971585591981e-01,5.590659447542772886e-01,5.463359668030360883e-01,5.175761414849230357e-01,4.897383394579969407e-01,4.523365106985052231e-01,3.054352856118683901e-01,2.731932761869324544e-01,2.031258871178799330e-01,9.846662592172716888e-02,8.611758078061737542e-02,8.605538520016364767e-02,5.880041894506637945e-02
9.900860000000000000e+05,9.667681393105297394e-01,9.550078542581891261e-01,9.269963183938434437e-01,8.424121697037156853e-01,7.726611150457894928e-01,7.054062093393754784e-01,6.964673771580386363e-01,5.723260204107888383e-01,5.096474787100058190e-01,4.300172362724207220e-01,4.156958169916808998e-01,3.700730039687837314e-01,3.466063380756695400e-01,3.278238821144447979e-01,2.863492250726573651e-01,2.571524725149891832e-01,2.365457016633042420e-01,2.213226024552243931e-01,1.512770125779201447e-01,1.250785067381477988e-01
9.900870000000000000e+05,9.785409376378331192e-01,9.468155709721330915e-01,9.347253325908311261e-01,9.289109990323393129e-01,8.989787835359925872e-01,7.872459881899607215e-01,7.280126426230596470e-01,6.805293315207371352e-01,6.203344045954485297e-01,3.689781693905932469e-01,2.780651204064460424e-01,2.576612776691554751e-01,2.209785527664449578e-01,2.099095588401905799e-01,2.048399742213908858e-01,1.903735671519994899e-01,1.617158152757269818e-01,1.288871074010078388e-02,1.121255823895694892e-02,6.797201301029787146e-03
9.900880000000000000e+05,9.560899859091485098e-01,8.535115313099860268e-01,7.899281285296608779e-01,7.873283037492571079e-01,7.477728861557434437e-01,7.461328522481543990e-01,7.435317076034705375e-01,6.589423047910393239e-01,5.760699602375534134e-01,5.736164135723447188e-01,4.897562271137814172e-01,4.820768828183572552e-01,4.417200722458803908e-01,2.762793309446206491e-01,2.567978533476151792e-01,1.814551241599274833e-01,1.630348180613793163e-01,1.626345826064639066e-01,1.436305546304417202e-01,7.450402127760047399e-03
9.900890000000000000e+05,9.670314796938015434e-01,8.241904265259462070e-01,7.914896711444597832e-01,7.561590957306094651e-01,6.894245902186352248e-01,6.399714909114656569e-01,6.215143146260677653e-01,5.669167276609368145e-01,5.646417672376525809e-01,5.028017671830725677e-01,4.187219963462592842e-01,4.091023818965137115e-01,3.762903056751973896e-01,3.516694596369547288e-01,3.317479273494901015e-01,2.791788689791692146e-01,2.329584125315337095e-01,1.651131219926964544e-01,9.605006688551853689e-02,2.802400845934871487e-02
9.900900000000000000e+05,9.310103730040989456e-01,9.192346657995426051e-01,9.059803885159922743e-01,8.964724714991910703e-01,8.254620622169764887e-01,8.053985941743280197e-01,7.665640572728524837e-01,7.274327828624805869e-01,7.141736881519455959e-01,5.864069132463812783e-01,5.168065724048468423e-01,4.927699965098977231e-01,4.345551366423808792e-01,3.477825280265742780e-01,2.456584253593527833e-01,1.683459239919673500e-01,1.663445580429189219e-01,8.327146748451697000e-02,3.025226066868713648e-02,1.961919786004706623e-02
9.900910000000000000e+05,9.721067533552502082e-01,9.681964435413371595e-01,9.383764053935877980e-01,8.864897962095165118e-01,8.812212657034873553e-01,8.340578688393913698e-01,8.250316523065313046e-01,7.906712503783052126e-01,7.417665896863497865e-01,7.329115449262108006e-01,7.243341110887878687e-01,6.653317683828918749e-01,5.897508131912320151e-01,5.690080571030498024e-01,5.624078182641359946e-01,3.807311115206335472e-01,1.130913593715622278e-01,1.048045650129799666e-01,9.581361113967823417e-02,3.840756791401889192e-02
9.900920000000000000e+05,9.414451500539985362e-01,9.307610249854453288e-01,9.229549087625655845e-01,9.023506239952173713e-01,8.932722219650580664e-01,8.880821120696101856e-01,8.490661061910826923e-01,6.658654776652921381e-01,4.101660011091526892e-01,4.068766553612865877e-01,4.031096988141902315e-01,3.786263971178527310e-01,3.766874210075469298e-01,3.673756761014124184e-01,3.165553649017281979e-01,2.506743022272159838e-01,2.481134010789856070e-01,1.743170675271049630e-01,1.573305558888652422e-01,6.214767432888734788e-02
9.900930000000000000e+05,8.664210166680050840e-01,8.627242690028722460e-01,8.395937419863080953e-01,6.098531035836023406e-01,6.068318748310461697e-01,5.716966018607799738e-01,5.498835236603164534e-01,5.156888276640707591e-01,5.003412652590505383e-01,4.991028716795447018e-01,4.061617979604685846e-01,4.007966967184464213e-01,3.774270480195873745e-01,3.345413355510122866e-01,1.887929281030030770e-01,1.768404030896144619e-01,1.672611492598221616e-01,1.398753737045316248e-01,2.341258205813967486e-02,2.089131987212144992e-02
9.900940000000000000e+05,9.454432052722653301e-01,9.244096603558656922e-01,9.095885386520307092e-01,8.949419041515196405e-01,8.925105202576161245e-01,8.688113657313576432e-01,8.358787842870378793e-01,8.051299083446202820e-01,7.573405794851101325e-01,7.104130848252333541e-01,6.406922943372322932e-01,5.823822464281410705e-01,5.704393390931566943e-01,3.973335706877085816e-01,2.855053588475057191e-01,2.204504502331037230e-01,1.972021536607607706e-01,1.739466107677828388e-01,1.373933361119636931e-01,1.154307547579721538e-01
9.900950000000000000e+05,9.923902616553852418e-01,9.459188579614590253e-01,9.292318062443722937e-01,8.180926040000031652e-01,8.074593011292103828e-01,7.980398004821117608e-01,7.783009983672238841e-01,7.444430250859914722e-01,7.074117911019444094e-01,6.432545988158153705e-01,5.571136937746903328e-01,5.192315408278349587e-01,4.718295658675939475e-01,4.663087917366514068e-01,4.253415027451906694e-01,3.568054131466372736e-01,3.359625143727135166e-01,3.146896735663994304e-01,2.521164472890314867e-01,3.626495652942807180e-02
9.900960000000000000e+05,9.278428610556864742e-01,9.090335692624663677e-01,8.997774886777156755e-01,8.646032236573080176e-01,8.523418015060060249e-01,7.903815260612631066e-01,6.990599532802583838e-01,6.877017185376786967e-01,6.694846607204810729e-01,6.596858051979171966e-01,6.215874724446153188e-01,5.586811144637383597e-01,4.717439944428010179e-01,4.017547065825938235e-01,3.938503773455459545e-01,3.275590920306709064e-01,2.021697136943321205e-01,1.779253969502885280e-01,1.619676919304107177e-01,2.623545274632266278e-02
9.900970000000000000e+05,9.354911222788619973e-01,8.855493888043636241e-01,7.525967679443437142e-01,7.060904452484946248e-01,7.002696755430255493e-01,6.951490130332976802e-01,6.908981692845308498e-01,6.722188551917325228e-01,6.399599097873808207e-01,6.218050312883985908e-01,5.833358220365307822e-01,5.714628710774197762e-01,4.786317790964501606e-01,4.723272415428644289e-01,4.060126995957433760e-01,3.052026457817403893e-01,2.522484810396828925e-01,1.768042153345493750e-01,1.317814342780604386e-01,8.917204818034241143e-02
9.900980000000000000e+05,9.620457524689893791e-01,9.282277309404686205e-01,8.422334305087322281e-01,8.081749572641353518e-01,7.607292643142565813e-01,7.577759327593199812e-01,7.402967828061045585e-01,7.194125683524730253e-01,6.984302898874609200e-01,5.568211174737417446e-01,5.450203162556460645e-01,4.426344809962956539e-01,3.918908473041917695e-01,3.633719219706624814e-01,3.188734233496079984e-01,2.861366266933516034e-01,2.474031064997661566e-01,2.251742158983832676e-01,1.764062484541403242e-01,1.535556741999363206e-01
9.900990000000000000e+05,9.644427941629767354e-01,9.632023843787462791e-01,8.778370534256250135e-01,8.180033651687653729e-01,7.450159771060319569e-01,6.892943205105775961e-01,6.499099466309588014e-01,6.116330950844700576e-01,6.084788291839194896e-01,6.010210689693040731e-01,5.495346534857977749e-01,4.501719634382935764e-01,4.260946302779088368e-01,3.641284607717886201e-01,3.297976946014166133e-01,2.433200710686984625e-01,2.421076935124711893e-01,2.229931777347580191e-01,1.708726299086011924e-01,1.275856020868846308e-01
