1.000000000000000000e+05,9.860384406313223993e-01,9.676892376877221924e-01,9.448670236609776341e-01,9.059279164007234542e-01,8.330335642241289973e-01,7.771619694617546426e-01,7.035213910926302328e-01,6.133272980302526545e-01,6.130067682932039963e-01,5.918762674625760445e-01,5.331133587739540491e-01,5.287451679017618478e-01,4.557974285663953795e-01,4.378548369294877896e-01,3.551843389330204825e-01,3.479250266139984893e-01,2.485780136317735645e-01,1.946022217853506930e-01,1.043589874532911965e-01,1.356885779715932827e-02
1.000010000000000000e+05,9.984975630695583915e-01,9.511273678016824995e-01,9.020532015553471838e-01,8.536188517141150012e-01,8.191335636564521794e-01,7.934366359733933116e-01,7.566071692871596532e-01,7.282658053341450888e-01,5.940649733155630718e-01,4.020285120897738596e-01,1.961811239802628837e-01,1.850241781770877170e-01,1.686622260665654460e-01,1.024475549569050514e-01,1.004111765047147609e-01,9.035652498948143485e-02,8.073649765202772777e-02,6.938496277434036408e-02,6.667041787551131193e-02,4.944630866485710818e-02
1.000020000000000000e+05,8.152914212160456975e-01,8.146424765087147968e-01,7.785672126105754876e-01,7.597891146975773724e-01,7.313786524202191552e-01,7.199505961937628928e-01,6.195881576690738246e-01,5.802569415158855826e-01,5.157360932544916565e-01,5.146287279503611867e-01,5.066228827200217610e-01,4.869306558037231891e-01,4.556717259231423123e-01,4.316285403954159827e-01,1.991479951833744488e-01,1.045829677627059251e-01,5.951349707359010477e-02,4.778883115924936753e-02,2.132415235767792794e-02,8.849741538472843949e-03
1.000030000000000000e+05,8.536788274453102066e-01,8.034508014288228583e-01,7.974981319786993428e-01,7.550601208641954942e-01,7.447310270737235172e-01,7.063022861305431332e-01,6.846270610982168048e-01,6.434700051115865849e-01,3.974723789098300042e-01,3.606012063705787973e-01,3.066903332911384839e-01,2.683565868563091428e-01,2.613281197001293688e-01,2.229657480458204777e-01,1.935400534478995960e-01,1.787299292174778786e-01,1.529867916232648950e-01,1.057859150867510589e-01,8.091032518036755938e-02,3.024789737844035820e-03
1.000040000000000000e+05,9.036438123854506621e-01,8.640562067551121883e-01,8.068254441998153892e-01,7.759116913212557032e-01,7.758576202986122716e-01,7.393601295666812900e-01,7.368205847873104952e-01,6.279346654862429933e-01,6.277119157387835990e-01,5.967703290910234548e-01,5.703635361319278063e-01,4.622061900236871246e-01,3.150195834412772289e-01,1.573858789943527459e-01,1.512464610231782913e-01,1.430031025664223465e-01,1.319195738743457191e-01,3.513440766678455063e-02,2.217123670480281028e-02,1.487252075794787132e-02
1.000050000000000000e+05,9.752427301878542343e-01,8.350956978723949042e-01,8.346899322511340813e-01,8.229459944774933922e-01,7.738862516116873369e-01,7.224467843883554119e-01,6.325788575732114172e-01,6.172307633343886435e-01,6.096010239541788112e-01,6.047370115135138890e-01,6.030978045290317224e-01,4.133036223825444777e-01,2.676853627966121474e-01,2.656619232805967901e-01,2.276061830779244621e-01,2.252950034397508405e-01,1.250183896699699204e-01,8.414815435439537694e-02,7.878511943005972462e-02,7.520863603854721635e-02
1.000060000000000000e+05,9.656351237486245909e-01,9.357570012018346928e-01,7.803655387838166479e-01,7.745983051900059424e-01,7.735480243999486305e-01,7.406640840015674687e-01,7.149245293549147950e-01,5.724828156925292344e-01,4.762257682734167830e-01,4.271389036572169617e-01,4.109012408807625194e-01,4.052945164320164162e-01,3.674954704556443463e-01,2.601250748014386494e-01,2.505398092792695541e-01,2.407760030931187512e-01,1.658990334410356260e-01,1.216038978602400622e-01,1.148071754460920912e-01,8.632500102463280811e-02
1.000070000000000000e+05,9.210785890896815431e-01,8.993195727031220166e-01,8.144859525697674130e-01,8.137199503064873607e-01,7.674639062944219603e-01,7.642466400680800742e-01,7.593263079507719393e-01,7.242738185147737928e-01,6.406358717494728960e-01,6.212487269883758545e-01,5.013194417157081917e-01,4.630484213578262009e-01,4.247823290914165550e-01,4.181939608100824213e-01,3.414835083964191664e-01,2.968800947975770432e-01,2.451800887326306411e-01,1.824747218235686086e-01,1.706017625571388807e-01,1.497369978160015824e-01
1.000080000000000000e+05,9.427571328753544533e-01,9.041617679140684372e-01,8.564725392431524753e-01,8.488520633156702022e-01,7.891164544134460224e-01,7.621063662416167617e-01,7.128871994523517941e-01,6.714496795930163797e-01,6.607285013336118284e-01,5.718367722448104429e-01,5.606831653643091773e-01,5.448091124986440548e-01,3.620030865938337339e-01,2.437285208435930883e-01,1.609534810338628663e-01,1.431085423058080508e-01,1.163441454589375645e-01,3.855322510243963663e-02,2.209350390688202825e-02,1.306901198533938491e-02
1.000090000000000000e+05,8.073488428298405406e-01,7.430322100604515034e-01,7.288721699379722141e-01,7.067581097858208761e-01,7.000758888365393728e-01,6.880091613667947970e-01,5.711429716150550062e-01,5.627235290374940080e-01,5.192404792989850915e-01,5.116452475035575542e-01,4.888297091543456485e-01,3.987077210490603818e-01,3.404407335634586085e-01,3.192506425198677888e-01,3.002413779356681856e-01,2.499410003941313629e-01,2.173308183556456052e-01,2.046599180195975975e-01,6.110959653588932117e-02,4.524391618184109287e-02
1.000100000000000000e+05,9.868023237833551953e-01,9.774816853838966813e-01,9.721343856752174828e-01,9.173657897197953215e-01,8.612069985371806347e-01,8.413968841474557259e-01,7.553472761250643597e-01,7.271278519452922806e-01,6.217201731565111800e-01,5.285257788629037501e-01,4.918850757782590177e-01,4.703168327638509449e-01,3.976862429267470356e-01,3.745115315959268720e-01,3.607146040390512010e-01,3.419408810510082830e-01,3.280081494311537504e-01,1.111812017100334282e-01,8.985072889407819119e-02,4.037774687665929285e-02
1.000110000000000000e+05,8.954288125452155578e-01,8.217541962756745866e-01,7.257833770690613751e-01,6.683459009491573566e-01,6.446995665747518034e-01,6.357953073438731284e-01,5.591067329342344072e-01,5.292034629676007906e-01,5.243368166369413164e-01,5.025612621476754915e-01,4.198080602654153948e-01,3.880896695786917316e-01,3.535353827623421985e-01,3.493136877962630393e-01,3.291622205834594528e-01,2.726353441391345944e-01,2.581098966654523652e-01,2.276464910046445134e-01,1.287183156441101817e-01,3.696430741767819939e-02
1.000120000000000000e+05,9.979265441912901213e-01,9.636933323162044651e-01,9.594255171312879860e-01,9.460721549672204134e-01,9.147330106652946657e-01,9.092080408935986346e-01,9.030279159109699805e-01,7.772252745902715754e-01,7.484998275599661355e-01,7.031924325217034921e-01,6.822500325247005115e-01,6.415832836039849774e-01,6.388309706947415956e-01,5.180185125801695101e-01,4.213104645109755353e-01,3.972652083326637662e-01,2.974588560193608400e-01,2.198636047435522656e-01,2.110349800941571097e-01,5.440546989497985209e-02
1.000130000000000000e+05,9.159421720609937090e-01,8.522444407203831895e-01,8.096643686180239330e-01,8.020572966239544188e-01,6.990876430115932072e-01,6.872839812572643092e-01,6.857713254566533134e-01,6.811006832164120395e-01,6.485356826267786312e-01,5.249320503763222900e-01,4.654299332104524511e-01,4.551403951456330921e-01,4.524929483113169226e-01,4.341755588667690624e-01,3.673079330818027621e-01,1.696891897278951511e-01,1.662446054610852153e-01,1.525785089343300038e-01,3.091240646693660388e-02,1.989124729767555166e-02
1.000140000000000000e+05,9.933014137597174775e-01,8.675282784687347037e-01,8.672500801683772353e-01,7.739573452044734569e-01,7.489789704651571567e-01,7.114486307340945892e-01,7.056910401958282897e-01,6.442175349188671296e-01,6.404559936530292985e-01,5.387018756610836290e-01,4.919704234790592823e-01,4.243628840783129075e-01,3.924833215114859053e-01,3.769651328255747558e-01,3.468039250500164483e-01,2.920028052028528220e-01,2.379916034262262725e-01,2.351732460433493266e-01,1.786355652992016596e-01,1.161327215406143809e-01
1.000150000000000000e+05,9.425904382336388609e-01,8.431796037329787330e-01,8.383880061208640599e-01,7.986019385759028921e-01,7.404066167846687918e-01,6.804801197491255893e-01,6.551332405499504796e-01,6.245273241154523092e-01,5.226610941279801192e-01,4.986207191797976668e-01,3.987039564496706046e-01,3.362186414887783359e-01,3.289724727747115329e-01,2.514250234770304404e-01,2.080535500996925080e-01,8.644236133747840167e-02,8.226613193672349666e-02,3.521622452939432435e-02,1.942952873068704012e-02,1.593457501424444533e-02
1.000160000000000000e+05,9.771229523659469285e-01,9.458053714330820760e-01,9.158610261063492297e-01,9.115543248948836386e-01,9.022326443932691120e-01,8.826916022508554116e-01,8.329453486184732469e-01,7.912689889664008547e-01,7.816701997874243579e-01,5.671450857899433817e-01,5.035493363499990993e-01,4.320471189138094248e-01,3.488163069636611713e-01,3.118539840697239773e-01,2.988577610609867152e-01,2.278274716596868643e-01,2.001033108187659781e-01,1.024135398124942364e-01,6.568481758740662979e-02,6.559801334842807474e-02
1.000170000000000000e+05,9.517793734794517402e-01,8.926484002011928487e-01,8.275729757176836232e-01,8.079372004908522698e-01,7.513395310586106213e-01,7.197810559747147563e-01,6.981053638267491479e-01,6.769511344317993284e-01,5.790065499013558048e-01,5.095767376206723487e-01,4.944993837775250034e-01,4.826139743310033925e-01,4.635886771659375460e-01,4.258190607156091545e-01,2.814633513004606291e-01,2.410244791981539514e-01,2.105620517750990128e-01,1.644094230618929897e-01,1.539221505406713764e-01,7.758538116578850286e-02
1.000180000000000000e+05,9.604415294486822186e-01,8.444176690365894355e-01,8.373658327566066983e-01,7.974671899494389926e-01,7.843114685689998034e-01,7.705793935224561908e-01,6.760303729343543067e-01,4.500967176971155670e-01,4.235330454488338559e-01,3.658645737274457410e-01,3.636202120638788449e-01,3.095778971383121858e-01,2.606030386272859545e-01,2.420353904039127535e-01,2.325974854803902758e-01,2.182213355137472277e-01,1.179982108388024642e-01,5.876482871292421084e-02,1.916688490637596942e-02,1.065299697983346228e-02
1.000190000000000000e+05,9.109453918360569391e-01,9.034205523873261034e-01,8.831367215439872576e-01,8.267871967995948923e-01,8.080555818332143536e-01,7.906613993982822830e-01,7.833572255212697399e-01,7.061577798304812248e-01,6.317646626334703086e-01,6.085106690895299986e-01,5.406742740329933961e-01,4.991456421630717788e-01,4.746862729346252863e-01,3.772170019930841667e-01,3.318820107079967219e-01,2.966690089223863458e-01,2.387590134485322313e-01,1.882063238135570638e-01,1.840404818424886679e-01,1.108928357551545174e-01
1.000200000000000000e+05,9.970981607007739500e-01,9.577259459463807190e-01,9.036135601773357395e-01,8.640791999997402550e-01,7.665242393490167006e-01,7.604500988645925830e-01,7.395061598158169103e-01,7.196443154066064496e-01,7.091177711958730479e-01,7.058278004785437654e-01,5.278202776497026294e-01,5.028900039059424065e-01,4.876827706713712240e-01,4.211607921701830959e-01,3.702154404708254409e-01,3.364531739857009596e-01,3.042952222944906859e-01,6.389405601674102986e-02,4.884360525608577586e-02,1.843802654066684088e-02
1.000210000000000000e+05,8.938207348662394747e-01,8.717075092841088946e-01,7.934335680333195473e-01,7.884559013158931595e-01,7.756673675239762478e-01,7.374629598836316413e-01,7.298109140258233207e-01,6.622135142970030364e-01,5.874838947588287841e-01,5.318241109612170670e-01,4.419488232313926179e-01,4.075051151643745984e-01,3.963082370905103291e-01,3.652797918625750873e-01,2.836988953204081509e-01,1.944243276608582649e-01,1.042190265057383325e-01,9.775935365940335853e-02,6.068589048086048265e-03,4.367043401327208585e-03
1.000220000000000000e+05,9.027253362824292360e-01,8.613393806634606076e-01,7.364572776126032672e-01,6.690785482613945678e-01,6.311784673570510762e-01,5.992994986872091090e-01,5.831994479891975391e-01,5.757199012391254200e-01,4.886396263095004189e-01,4.560857869159620215e-01,3.417927641277680451e-01,2.903623612024032186e-01,2.585171124771337148e-01,2.456077081210709112e-01,2.336886479897296587e-01,1.812038158236881635e-01,1.698843853024776251e-01,1.371007019536126803e-01,1.031354950544040028e-01,3.819780627079794044e-02
1.000230000000000000e+05,9.253541968287390951e-01,8.512699017014854208e-01,8.427127295357591530e-01,7.635234560135270021e-01,6.898261137443418844e-01,6.023290861999447410e-01,5.309622666272171276e-01,4.957435165782870801e-01,4.496371836921676524e-01,4.122999707087798837e-01,3.693030061949464926e-01,3.412772903964899074e-01,3.245664631062665784e-01,2.281330016979464803e-01,2.044539363886018757e-01,1.947045484735875354e-01,1.028480196136215552e-01,7.921698639292740207e-02,3.394701390624565995e-02,1.778011151552527647e-02
1.000240000000000000e+05,9.370356796227816698e-01,8.781876213425487965e-01,8.398064473524110563e-01,8.246582093030903060e-01,8.153220790769802884e-01,7.821397582691976824e-01,5.974076435904681626e-01,5.803055304903066425e-01,4.503827150505690380e-01,3.730413113180711671e-01,3.689325525416941032e-01,3.274648416008399954e-01,3.072001232337306931e-01,2.697963044603611804e-01,2.473264234093883740e-01,2.426370646500083383e-01,1.446815855702026088e-01,7.503682936996691755e-02,4.998703538888005227e-02,4.435125017774677048e-02
1.000250000000000000e+05,9.011132189137008863e-01,8.982854385076778359e-01,8.093054308175396949e-01,7.735814739331152712e-01,7.175863982138994679e-01,6.810644346469310051e-01,6.085939532775153094e-01,5.730873632884863067e-01,5.132834000119871343e-01,3.866058568119159489e-01,3.683135413734386354e-01,3.081639308629230412e-01,2.619318254999410955e-01,2.060811582611662418e-01,8.567143612250538443e-02,7.707419072417120987e-02,4.513246265617809616e-02,2.798193692966910451e-02,1.732082903596887657e-02,1.421054503332919161e-02
1.000260000000000000e+05,8.984726562402965966e-01,8.984498256523869575e-01,8.961393181514679673e-01,8.184091467413120435e-01,8.129736054418507107e-01,7.716089060598032567e-01,7.607304234586088620e-01,7.474292172815389934e-01,6.971463722930891782e-01,6.030209503032897267e-01,5.911487504156889283e-01,5.900236379456250679e-01,5.267850594529265296e-01,4.884631075589024318e-01,4.846880715678801854e-01,4.759111829392733695e-01,4.457715265537911531e-01,4.307980281524653732e-01,4.161587444692652626e-01,3.115761863846252533e-01
1.000270000000000000e+05,9.673712571075144817e-01,9.296459956756596421e-01,9.081767536191467372e-01,8.429111261636030861e-01,8.338916646409801903e-01,7.881978054156315583e-01,7.308042849859750500e-01,6.490638931385420696e-01,5.988108604575955729e-01,5.843435381626962410e-01,4.820842453864117028e-01,4.795815210448390875e-01,4.662748367680522588e-01,4.649594641511571869e-01,4.364868601900416811e-01,4.009916918354535786e-01,2.887187932946545521e-01,2.542861048222503362e-01,2.323783094017968232e-01,1.991056984627669335e-01
1.000280000000000000e+05,8.822403075896430025e-01,6.987341747466300212e-01,6.434924580053287269e-01,5.422127148182078749e-01,5.406863654006789366e-01,5.103513126758130181e-01,4.512645636954013550e-01,3.968290984432271129e-01,3.654136446187187248e-01,3.122555969735524295e-01,3.105529049496434935e-01,2.226825269929579854e-01,1.912267865213927998e-01,1.844952047090198111e-01,1.815788654292866955e-01,1.436683377293853647e-01,1.429113421703580578e-01,1.191339314873776090e-01,1.122288696018548526e-01,9.035504681023442952e-02
1.000290000000000000e+05,9.723639161375536855e-01,7.318977555119996481e-01,7.143837969781028363e-01,6.836222301843306592e-01,6.527848164895277971e-01,6.005111107863276843e-01,6.000207172329177219e-01,5.580864578502164886e-01,4.921647162765189210e-01,4.088725283250017606e-01,4.021594191473003566e-01,3.889297182917599294e-01,3.339622278246355824e-01,2.746230434875072124e-01,2.391525224235238056e-01,1.518918105081391579e-01,1.501750544485149774e-01,5.594512381198202267e-02,2.247544996336081624e-02,4.190133293371367529e-04
1.000300000000000000e+05,9.641294801499878941e-01,9.144377381556791917e-01,8.878204863667997770e-01,8.236791842304217459e-01,7.200836032234382289e-01,7.142591922797959514e-01,6.933074465641154704e-01,6.770352957486316381e-01,6.650246287134120582e-01,6.526111332786275199e-01,5.655141225526578719e-01,3.655759242078532312e-01,3.139537155558097536e-01,3.020418176224705098e-01,2.591336334760248050e-01,2.563218926546205756e-01,1.991351859599441720e-01,1.868679703762977651e-01,1.670596057913071864e-01,1.236082158763843752e-01
1.000310000000000000e+05,9.636931222243809714e-01,9.517626963456201628e-01,9.310172650895719437e-01,9.236905189118368442e-01,9.053896317340593969e-01,8.869527765005921216e-01,8.845861689340004386e-01,8.832768915926826336e-01,8.303890134878992857e-01,6.700413130101147141e-01,6.145490816786336463e-01,5.746090865189085184e-01,5.384596241661965266e-01,5.297117036484203512e-01,3.070000355898985234e-01,2.868138252729938165e-01,2.363024065428674936e-01,1.409347959825256735e-01,1.130497212134496943e-01,1.903884308619874233e-03
1.000320000000000000e+05,9.428688338511377331e-01,9.417367419938194040e-01,8.687817163088519257e-01,8.118307530903667857e-01,7.883779344388744947e-01,7.657906385029393803e-01,7.567602198684495463e-01,6.934535835241897317e-01,6.855201169626041757e-01,6.477349082065542163e-01,6.389382070061778718e-01,6.287991122605203209e-01,6.152784429834399216e-01,4.976582744830435612e-01,4.803838178346959698e-01,4.315588891694028817e-01,3.451835365070526906e-01,1.912750415143430471e-01,9.968714344018136941e-02,6.951365141383303303e-02
1.000330000000000000e+05,9.847145365461942301e-01,9.740265637318596958e-01,9.295435866190360219e-01,8.752168275319318624e-01,8.691155027559283042e-01,8.642953557823824795e-01,8.611370493918868441e-01,8.545690323504084862e-01,8.237678316271476175e-01,5.812262367167166932e-01,5.775222405570352713e-01,5.179318583524014086e-01,4.874797438445506170e-01,3.656794206447335771e-01,3.619278912705257145e-01,3.023078121418977249e-01,2.664756878317446898e-01,1.860663030935875151e-01,1.781673656866477051e-01,5.368609694574999480e-02
1.000340000000000000e+05,8.750796792791810663e-01,8.740430092775428594e-01,8.238991767907767327e-01,7.607002077027025244e-01,7.239119388335202299e-01,6.783828256828478009e-01,6.773800231997257892e-01,5.959591742307662754e-01,5.936569552145188888e-01,5.083596077436814964e-01,3.848709030713927115e-01,3.797437365709810386e-01,3.717632970684133786e-01,3.187708649021973040e-01,3.027101193726396966e-01,2.757381305818688011e-01,2.687495890362708861e-01,2.068808601702353256e-01,1.638604290851851664e-01,4.481414804095340543e-02
1.000350000000000000e+05,9.652189305313447765e-01,9.564276577638600729e-01,9.484184825669272900e-01,9.334870614721741955e-01,8.510546829069142172e-01,8.352858253542280176e-01,8.148596408362162036e-01,7.984280066846165536e-01,7.956518482989098917e-01,7.337299336591160959e-01,6.642277873361793761e-01,4.104372670745283225e-01,3.373207955228005872e-01,3.279253764150491524e-01,3.106952845762777082e-01,2.045602399868545751e-01,1.826737844696337820e-01,1.714009506938870553e-01,1.685200129070111297e-01,7.681316971548823869e-02
1.000360000000000000e+05,9.865205626471936773e-01,9.597853559667128831e-01,8.079682022921311768e-01,8.057477038644096368e-01,7.933142838799187579e-01,7.269738424976542879e-01,7.060687125896363270e-01,6.882345169208007318e-01,6.494786196838265857e-01,6.238474394035999904e-01,6.093604723767783726e-01,4.928087139549638396e-01,4.093463079096799628e-01,3.893320932657632349e-01,3.743384154578246470e-01,3.741455192566082166e-01,3.665693543203710769e-01,2.751132142257235458e-01,1.141807030324619721e-01,1.096466936083475563e-01
1.000370000000000000e+05,9.923489422260173276e-01,9.881688453634259739e-01,9.328053381265754007e-01,8.682724617032323566e-01,8.529670078146627255e-01,8.190875307028802066e-01,7.672747454760671104e-01,7.047884997022505482e-01,7.003411412174437300e-01,6.542549193382670714e-01,6.406049130878834763e-01,4.499494942155002342e-01,4.333947400889074375e-01,4.191131409056655377e-01,3.431456070482621357e-01,2.204752317643652315e-01,2.056027914810030222e-01,1.359483092110262969e-01,1.320824285148661792e-01,6.177551299920813754e-03
1.000380000000000000e+05,9.519752245837787008e-01,9.454789283397048161e-01,8.789465064836258223e-01,7.463076536857456977e-01,6.771771404351782930e-01,6.666954737449473090e-01,6.650178122560682636e-01,6.467550708123692704e-01,5.999320041312119489e-01,5.569029672704707279e-01,5.483782048286873767e-01,4.636461423543092319e-01,4.061704078418165720e-01,4.049200456735322362e-01,3.293915237707806254e-01,2.633682305614210017e-01,2.441717660716252736e-01,1.408427788193727936e-01,7.607512120108284037e-02,1.245594393497795327e-02
1.000390000000000000e+05,9.574971044597798686e-01,9.501201895758613070e-01,9.130815522823110264e-01,7.294539240895887566e-01,7.076202588331397259e-01,6.985838805651719552e-01,6.251448305374712744e-01,5.200108612584933843e-01,3.968629887643047027e-01,3.603665069185053582e-01,3.380363956683429816e-01,3.151680186678181839e-01,2.303712026919496614e-01,1.493981128800609959e-01,1.000935737601138520e-01,8.956038519964659717e-02,7.298964287405407259e-02,2.835558784511738040e-02,1.683648842429985582e-02,8.786691777988298035e-03
1.000400000000000000e+05,9.528563166608827739e-01,9.030609311566650810e-01,8.650564756327272509e-01,8.643065222491815858e-01,8.513673233217092795e-01,7.445376692868440616e-01,6.471274245962602700e-01,6.406043981342011140e-01,6.399160571905692096e-01,5.721356978924473369e-01,5.627373715054947434e-01,4.348046364404777320e-01,4.202825680135542363e-01,4.128452561310942404e-01,3.183866624238901322e-01,3.148312064001729249e-01,2.401505124005571812e-01,1.872452654767703395e-01,7.679087568376263828e-02,7.708258797964773201e-03
1.000410000000000000e+05,9.222883429585492232e-01,8.975383978178167466e-01,7.724112922289764205e-01,7.600965019231925579e-01,6.744767027194179532e-01,6.168241779035290584e-01,5.952646644211669891e-01,5.901489495884866265e-01,5.139190340547562519e-01,5.100453121124601807e-01,4.878050727171342471e-01,4.652477561256693761e-01,4.357888987367859457e-01,4.107474770296207778e-01,3.192035643140684886e-01,3.035044286849976070e-01,3.001373756410089522e-01,2.997395351990743695e-01,1.516536546039090050e-01,4.523481715675847781e-03
1.000420000000000000e+05,9.967544657645506234e-01,9.876969404674028619e-01,9.488135961203599811e-01,9.242144204193591950e-01,9.208030966257926275e-01,8.450103621636364526e-01,8.248248151105649351e-01,7.848581166188268732e-01,7.473305044698617117e-01,6.079394430884272893e-01,5.970498456204004212e-01,5.899908987959181506e-01,5.449792564106415993e-01,2.911817456657281866e-01,2.476425289798932505e-01,2.170466345888619752e-01,2.087474180241204458e-01,1.628287257607452521e-01,1.564581526014208190e-01,9.184383474368162936e-02
1.000430000000000000e+05,9.499278671181538014e-01,9.053471625131536138e-01,8.394193167229384578e-01,8.204126710795980326e-01,6.978770290314270097e-01,6.879292271333800057e-01,4.914520673417315244e-01,3.992309890731281508e-01,3.794273673108854439e-01,3.748828757030908676e-01,3.554729085891177309e-01,3.526856708905213855e-01,3.149411596099312982e-01,2.549881012708123951e-01,2.006805575979256906e-01,1.869701322709276248e-01,1.802579305050282521e-01,1.512784800255846385e-01,7.581048756263608634e-02,3.922751083773678982e-02
1.000440000000000000e+05,9.885812983951980382e-01,9.669393048654634226e-01,9.490786030287964303e-01,8.196754743553854583e-01,7.132767044521858280e-01,5.927307801494662298e-01,5.901923817420833274e-01,5.265879777521711436e-01,4.887252698326315370e-01,4.377851162039868571e-01,4.120230853902425716e-01,2.787596968999332958e-01,2.570267246145562234e-01,2.453723912587842948e-01,1.956475176238930969e-01,1.223733183637996103e-01,1.189068382211917463e-01,9.981284015440250457e-02,7.477203685093714025e-02,5.341175567873868157e-02
1.000450000000000000e+05,9.948770314328742037e-01,9.467402978839434269e-01,9.115787225392012472e-01,9.008432845031859593e-01,8.402954318690903923e-01,8.219984815207022066e-01,7.719963505401221671e-01,6.960675940082554636e-01,5.890062765104649989e-01,5.734646568523422694e-01,4.984831370115062610e-01,4.479302926417411124e-01,3.732168138470313146e-01,2.205395343579618084e-01,1.794822499006094585e-01,1.750784719306480719e-01,1.146092899327469938e-01,8.190317429487259382e-02,7.198001673831433411e-02,5.905355563889380655e-02
1.000460000000000000e+05,8.591218800780634490e-01,8.318671515552472639e-01,7.904083470219347429e-01,7.687323512834176586e-01,7.515052313299713793e-01,6.667489787865911177e-01,6.618717734795215302e-01,5.574032980372815027e-01,5.171666359020281600e-01,4.109689595187497879e-01,3.853165588444797951e-01,3.385297114697699561e-01,3.037213276709079812e-01,2.981154481980036186e-01,2.665028978364296641e-01,1.236131893815130001e-01,6.105803839582435444e-02,5.185610280885266654e-02,2.971253720203448356e-02,1.083763706377383063e-02
1.000470000000000000e+05,9.810452611621598429e-01,9.505215167188083569e-01,8.729048389163971411e-01,8.596169508653992430e-01,8.473265162632349634e-01,8.318318424566787384e-01,8.230291213017194574e-01,8.077902324546285540e-01,7.766556494716441161e-01,7.119852684351848371e-01,6.744435108963130476e-01,6.720078564555717060e-01,6.190794070624284773e-01,6.165346639692894648e-01,5.048549776322779348e-01,4.916997638375678603e-01,4.016394609480099520e-01,2.972354084285295794e-01,2.135284839488870157e-01,1.071500727604675074e-01
1.000480000000000000e+05,9.005851865251557342e-01,8.144040179007242530e-01,7.398979724872647434e-01,6.840190853654682934e-01,5.773067634542616844e-01,5.739115461280592800e-01,5.401002063625666150e-01,5.296979428921320121e-01,5.187864008580235220e-01,5.079915177314594521e-01,4.246003570167613539e-01,3.417842932956419721e-01,3.234226120340509825e-01,3.054620293819323429e-01,2.340003971403832317e-01,1.371025714774922744e-01,1.045226404059148573e-01,8.571859390164282555e-02,7.267900449814745922e-02,1.492798857220301034e-02
1.000490000000000000e+05,9.850485820045462582e-01,9.556089182096713097e-01,8.959572035485096064e-01,8.402202818083819302e-01,7.977166696537637547e-01,7.946119029323215344e-01,7.899816544133094753e-01,7.594449756630411441e-01,6.650261273270900997e-01,6.022530579169674825e-01,5.433317798483662253e-01,4.963202001286850518e-01,4.143986056139247198e-01,3.991650856705617478e-01,3.131544921244572288e-01,2.310192792995785505e-01,2.007864627141825453e-01,1.888107457301999581e-01,1.306181870758842400e-01,1.600514305900191392e-02
1.000500000000000000e+05,9.727956432931067488e-01,9.379259312658581038e-01,8.705908794118143446e-01,8.636220893111768993e-01,8.449470006146344581e-01,8.065130057518485884e-01,7.697546340064113091e-01,7.406712481525289382e-01,6.133768570754621896e-01,5.650309341695519683e-01,5.216463069662476970e-01,3.720236701692659631e-01,3.148373392678017746e-01,2.831027914097258291e-01,1.314381222883581612e-01,1.023163736888141884e-01,9.238491589155961581e-02,8.703395851966533314e-02,7.909456846994444845e-02,5.854394494275583227e-02
1.000510000000000000e+05,9.876742512361658122e-01,9.029654583748324415e-01,8.821680397673276053e-01,8.205033344494242487e-01,7.376007339871097912e-01,7.122130988107621130e-01,7.008250157561746185e-01,6.433062799972097956e-01,6.133738095764169618e-01,5.298942876716162820e-01,4.927698461842227040e-01,4.438517542555557860e-01,4.434910528341081681e-01,3.585510980169983597e-01,3.580931715954097649e-01,3.108998610754920566e-01,2.157786563747856601e-01,1.610247013519809922e-01,1.152805914377136309e-01,4.969607216761129376e-02
1.000520000000000000e+05,9.587215887161779637e-01,8.443208684651835050e-01,7.995458449756994712e-01,7.964728102165614665e-01,7.740815456984688758e-01,7.652130461470185718e-01,7.546154319218076889e-01,5.454571790027092915e-01,4.454396215172617968e-01,4.364990125415136868e-01,4.334291140969324108e-01,4.233405565258065995e-01,2.689860628384612706e-01,2.419549280021755511e-01,2.210663761089814994e-01,1.106228574280203603e-01,1.004617687311536445e-01,5.757316431478354257e-02,5.228656449868063216e-02,6.213760714879335012e-03
1.000530000000000000e+05,9.211686961873182256e-01,9.064334048518476461e-01,7.926646485031821898e-01,7.429260056166484549e-01,7.352831359438920522e-01,7.334035865302469537e-01,7.292184109435447814e-01,7.066758372161082713e-01,6.826369326167761598e-01,6.373544406751393554e-01,4.708158318645658813e-01,3.847473949494532031e-01,3.626175719558599742e-01,3.556458708921721446e-01,3.258328677635414783e-01,2.410288820550656741e-01,1.479378129740693826e-01,5.265874577142826141e-02,4.679426553069676586e-02,1.564960065097897868e-02
1.000540000000000000e+05,9.332253187850635401e-01,8.194170721155888959e-01,8.186718247112525493e-01,7.518494440108974830e-01,7.508628521527748179e-01,7.442553065250521183e-01,7.417045671331462531e-01,7.240021890299928042e-01,6.994868688544007007e-01,6.203742236442127966e-01,4.832961978645843315e-01,4.804300054531885911e-01,4.408938362877936612e-01,4.305221424051232093e-01,4.093191469755582679e-01,3.424273530513964880e-01,2.786197077796114252e-01,2.494672542187731379e-01,1.979630717996597733e-01,2.327701671311910303e-03
1.000550000000000000e+05,9.753281430770749383e-01,9.027549259794374059e-01,8.311594457598660002e-01,7.178921618673822502e-01,6.609621708535463602e-01,4.791699619081115635e-01,4.046144948831585930e-01,3.281886464792056479e-01,3.272440738188093778e-01,3.132356563747996647e-01,2.520603765306363986e-01,2.253578761038504963e-01,1.925656400651160061e-01,1.783047026336330720e-01,1.440473565958603208e-01,1.074666881886831016e-01,1.031655879719857172e-01,3.472988519498398929e-02,2.696380598608882906e-02,2.691434748032206503e-02
1.000560000000000000e+05,8.751886825618776511e-01,8.092925864930841096e-01,7.932066175028132937e-01,7.011584007767185378e-01,6.690644448656628551e-01,6.238608837806347562e-01,5.915412982000894937e-01,5.848445199837611908e-01,5.398944476180981278e-01,5.395485456735025220e-01,5.181778784198471932e-01,3.735581407669004150e-01,3.728623894212038659e-01,3.718121278526403950e-01,3.457116827679069804e-01,2.691320151088103518e-01,2.629063159609210665e-01,2.538893910608374105e-01,1.324811003688455280e-01,4.299888215741443087e-02
1.000570000000000000e+05,9.460318362571153994e-01,9.413426111058988965e-01,9.182609659406689717e-01,8.964173441362501826e-01,8.765420963997636594e-01,7.722505087632283161e-01,7.277248527556294810e-01,6.761380603812930934e-01,5.925525889025488047e-01,5.528653592797165839e-01,5.506230424247198219e-01,4.621071413343640355e-01,3.412604288476088765e-01,3.325581582703299732e-01,2.387307336199268049e-01,2.065412133510619030e-01,1.843987048387101257e-01,1.743297317152304737e-01,1.425026558743578420e-01,1.129420961854382677e-01
1.000580000000000000e+05,9.709212470386384686e-01,9.567228415122178697e-01,7.843698599251270887e-01,7.725410198977846754e-01,7.052938861728890174e-01,6.847808777837843808e-01,6.580739675416447110e-01,6.505543563761227999e-01,6.420466241331586055e-01,5.049914881798652777e-01,4.976727264199101164e-01,4.738707836423882158e-01,4.527163186148209784e-01,4.221981198573391270e-01,4.079268629089982667e-01,2.466684340565410416e-01,1.826328865303029625e-01,1.605253914599791276e-01,1.603125295211216272e-01,8.749841269234204244e-02
1.000590000000000000e+05,9.984682988735169573e-01,9.425007811779805289e-01,7.436881904978236424e-01,7.188053122886411961e-01,7.174445940521473331e-01,6.811252360317155974e-01,6.795563404981437294e-01,6.789680655547987165e-01,6.572034708018833493e-01,6.493546051972587385e-01,6.155229718582641008e-01,6.091111118695046178e-01,5.661880709758911889e-01,5.141337910093818353e-01,2.906818009814255976e-01,2.906711350237211056e-01,2.369304306685802164e-01,2.094658984449833117e-01,1.896965100416181382e-01,1.373477646850110867e-01
1.000600000000000000e+05,9.184355820712197804e-01,8.960313572493885381e-01,8.587752928610864478e-01,8.405982957211534101e-01,8.335103311190029673e-01,7.968170651201044175e-01,7.613097697826517463e-01,7.419377768473320867e-01,6.765753463295829384e-01,5.262164817202388267e-01,4.936766778750280027e-01,4.838716501141757664e-01,4.350538271837304238e-01,4.286033539041245177e-01,3.809346619905483733e-01,2.848556838102066502e-01,2.320619580811414950e-01,2.181214725794236031e-01,1.646943703917999047e-01,1.008919296264210175e-02
1.000610000000000000e+05,9.862539873157694092e-01,9.824363546049613705e-01,9.809355188988320151e-01,9.215304405483072392e-01,8.883988134834669426e-01,7.671484478281707098e-01,7.472653140611741351e-01,7.196126265066588035e-01,6.900509179972372786e-01,5.441728043449238772e-01,5.111037590703055855e-01,3.741334857246800816e-01,3.163862202820618696e-01,3.036405233651395807e-01,2.989083338633000686e-01,2.722339977708643222e-01,2.678026513444107248e-01,2.616071965678993250e-01,1.176662796978868997e-01,8.929698001848074274e-02
1.000620000000000000e+05,9.806630246791864236e-01,9.679568887817114886e-01,9.106839207164665329e-01,9.008949260144023530e-01,8.738984773586858656e-01,8.611862723351729754e-01,6.941209505239558375e-01,6.601769844733974546e-01,6.158505928005815200e-01,5.940855650948678734e-01,5.300792469209127944e-01,5.128711411947592946e-01,4.836783361662105873e-01,4.676624945300524860e-01,4.100024653746484615e-01,3.213948558777698361e-01,1.311825207095321799e-01,9.087534386125106778e-02,5.195666425473111083e-02,1.787753833003635773e-02
1.000630000000000000e+05,9.472537503980116291e-01,7.933187584792205094e-01,7.516759946986233398e-01,6.962961225796651110e-01,6.814561049596313813e-01,5.648149992027025057e-01,5.298856318413405209e-01,5.254092228330115022e-01,4.562328486953215467e-01,4.540764537747123963e-01,4.342813381775597614e-01,2.891935838810877346e-01,2.798753609862300040e-01,2.604068968301426201e-01,1.377040474663747682e-01,1.372190455005241061e-01,7.991108905747867919e-02,6.478818561146881816e-02,3.862878430818461606e-02,3.492444502215008573e-02
1.000640000000000000e+05,9.302524855441478557e-01,8.593317672242934968e-01,7.479989422680131117e-01,7.221576972303300757e-01,7.107241855944756992e-01,6.721370163926638774e-01,4.465998015955141565e-01,4.238498600620126400e-01,3.971592864695572267e-01,3.952876896715902255e-01,3.769591404134963186e-01,3.406785382199553069e-01,3.257164621478199074e-01,3.102227056832422836e-01,3.007191420909275381e-01,2.127870902154420651e-01,1.141542680297855661e-01,5.601227949843123888e-02,3.415633690003128109e-02,6.418826906389729636e-03
1.000650000000000000e+05,8.475749455755084982e-01,8.288226581914915903e-01,7.499409295783296958e-01,7.366997807340478488e-01,6.009359446680507810e-01,3.919179066505871223e-01,3.670650347855604068e-01,3.632054797668871071e-01,3.517499409618932704e-01,3.138513845330509477e-01,2.944658219098950092e-01,2.454323832855783705e-01,2.409831094186423162e-01,2.227168061800642862e-01,2.096808430912777688e-01,2.065982462767239625e-01,1.755873176130976487e-01,1.418063140904616271e-01,1.223516902127536055e-01,5.973941097965340674e-02
1.000660000000000000e+05,9.599032795482861369e-01,9.532231400836690405e-01,8.620899750594563926e-01,8.492521941527081397e-01,8.255206546744728868e-01,8.107093149043256286e-01,7.024667313047832096e-01,6.339635897814637211e-01,5.435907244732181010e-01,4.284050215368455650e-01,4.106358573181265736e-01,3.956838537012092871e-01,3.778636371581474140e-01,2.753787951886284002e-01,2.262252823381503131e-01,1.931645240079243875e-01,1.697364664130972534e-01,1.409963869371324563e-01,1.377251432786157359e-01,5.135570231431074717e-02
1.000670000000000000e+05,9.208473341759898512e-01,8.402468090726492589e-01,7.096099807747484611e-01,7.012864351389231921e-01,5.917789520083427401e-01,5.687082543286077208e-01,4.951691718463390179e-01,4.554442355680305976e-01,4.427054107946115646e-01,4.128616892385962300e-01,3.846229759474835141e-01,3.482925844232820367e-01,2.746216281481498322e-01,2.549512199377116373e-01,2.444698158581072311e-01,2.110781736321665214e-01,1.008087655183019793e-01,9.809286222473223571e-02,6.542346583540981086e-02,1.105211169668074422e-02
1.000680000000000000e+05,9.807615419912425470e-01,9.393333980144222828e-01,8.069725274501653445e-01,7.882343466727825820e-01,7.565609410710582017e-01,7.264556780780098144e-01,6.937426861202548034e-01,6.726766898558160790e-01,6.383001121272442457e-01,5.608518984375184813e-01,5.362914288854727651e-01,5.003304168961509868e-01,4.220110603076882017e-01,3.420056461135456694e-01,3.245792530740793103e-01,2.206425059399723665e-01,1.981120247393892697e-01,1.472308439018851223e-01,7.925149211653892412e-02,3.869135499814990720e-02
1.000690000000000000e+05,9.962240291335996423e-01,9.796558017320751155e-01,9.643797699547403957e-01,8.873857603995375376e-01,8.044156742155276207e-01,7.713112022004077195e-01,7.216439178782138031e-01,6.973005370773514011e-01,6.962527708117022263e-01,5.554037858798372973e-01,5.099338088206614161e-01,4.443665739142905746e-01,4.341751228911659988e-01,3.471763539732122261e-01,3.195898442436539977e-01,2.460216425252121919e-01,2.401479308795434475e-01,2.258527355597821362e-01,6.403188047832775176e-02,1.067214484616396675e-02
1.000700000000000000e+05,9.918123041628734704e-01,9.709500915087070361e-01,9.609178096123802693e-01,9.304626922717217363e-01,9.062323903843998441e-01,7.434201343574602383e-01,7.280556197900610593e-01,5.622296135173050491e-01,5.614370691222501097e-01,4.806417947507926058e-01,4.129716287448020884e-01,3.475819090202107997e-01,2.974217005384524048e-01,2.832813055417718884e-01,2.453109776609213588e-01,2.258885731683296649e-01,1.018267421448565413e-01,8.760282267024677161e-02,8.425741956961585455e-02,4.942775570930257878e-02
1.000710000000000000e+05,9.718410426760478726e-01,9.306338393133463116e-01,8.875787352993680379e-01,7.866827894673192878e-01,7.148778391753324302e-01,6.801328869153929757e-01,6.732352375318527704e-01,6.338609296656954051e-01,6.326242140920923518e-01,6.290623303653454235e-01,5.102113819153504259e-01,4.828016460978753477e-01,4.590753550036728026e-01,4.018823126927505429e-01,3.283236204954229631e-01,3.119459548909617741e-01,3.012363075929009870e-01,7.102893412896815750e-02,6.442033163989313582e-02,4.651550400576998090e-02
1.000720000000000000e+05,9.018563273464696994e-01,8.967220097574480908e-01,8.093466084309371977e-01,7.785911981428617068e-01,7.570331210188177007e-01,7.083433902481980349e-01,6.837834226439344354e-01,6.712702949537477926e-01,6.656043867576466599e-01,6.348800789650943521e-01,5.691950151740154951e-01,4.261762614377530012e-01,4.051427086133955191e-01,3.668402229765745926e-01,3.561486545471191922e-01,2.352448718026233232e-01,1.728992145112552281e-01,1.043408076691971775e-01,7.343792041384977765e-02,3.747300154099753033e-02
1.000730000000000000e+05,9.978441593311069280e-01,8.715183595325328714e-01,8.446773669817326802e-01,8.384794873178900154e-01,6.660725721798580468e-01,6.111686870879842193e-01,5.162881001539638692e-01,5.137882810913964038e-01,4.987258377057789405e-01,4.689287513665545415e-01,4.645996179913042257e-01,4.338920130297202471e-01,4.257746321380037058e-01,3.522788121652659088e-01,3.465229539558094540e-01,2.619107962421353131e-01,2.472751182751843357e-01,1.533453616208880765e-01,1.304203148558945591e-01,7.747418395870464547e-02
1.000740000000000000e+05,9.847812447195983809e-01,8.895352026202021367e-01,7.159006915014118899e-01,7.042014115571778587e-01,7.008367317749925052e-01,6.418626513771700237e-01,6.320969120251451745e-01,6.039147518065156595e-01,5.754285546133725004e-01,5.693640910696124990e-01,5.605427032965257794e-01,4.502540876511423873e-01,4.454698373833031466e-01,3.714833259905043761e-01,1.804365494835992179e-01,1.063977898023192870e-01,1.062040964727256620e-01,1.012585548387963108e-01,9.983399309802032384e-02,4.751177728645927800e-02
1.000750000000000000e+05,9.599685877719600358e-01,9.348050073089719803e-01,9.330501652657967604e-01,9.254636404229320545e-01,8.016653591189213390e-01,7.798402877623690221e-01,7.737982004219192689e-01,7.384980092084431069e-01,7.219863875112566554e-01,7.052553899897109346e-01,6.912789184483811855e-01,6.726302842758296041e-01,4.749522273096983271e-01,4.231508216399151312e-01,4.191155878371383148e-01,3.650658963004834723e-01,1.445436486760667272e-01,1.402157869870587215e-01,9.118849789588523436e-02,6.143800840478130798e-02
1.000760000000000000e+05,9.329231669475953614e-01,8.682276344504331611e-01,8.459091113612454693e-01,8.376385305970935891e-01,8.194913246249073691e-01,7.879065711513396630e-01,7.670024619078953387e-01,7.651461722212212768e-01,7.352896592129792852e-01,7.006004148163618162e-01,5.193376937008444827e-01,4.566540885611857226e-01,4.262749413262396647e-01,3.521175460277062852e-01,2.653090454562196943e-01,2.263962552347080770e-01,1.886451529399095772e-01,3.006295611342046925e-02,2.496103367670554629e-02,1.806433696470910455e-02
1.000770000000000000e+05,9.441283879110435873e-01,8.839502391302919149e-01,8.480622208112017502e-01,7.369257364134405019e-01,6.571880598576160804e-01,6.024156506999968075e-01,5.075262288529059918e-01,3.969234464410964502e-01,3.754594835962717925e-01,3.709470760072836049e-01,3.355418267081237138e-01,3.252913332617539677e-01,3.183158514249323501e-01,2.979582751587968037e-01,2.439037197264192214e-01,2.183270030228865455e-01,1.519719060346391704e-01,1.256134340492432999e-01,4.782152638875269979e-02,3.991230710694160244e-02
1.000780000000000000e+05,9.391140607021082332e-01,8.986550588385712190e-01,7.860708132340026300e-01,7.442156213109937246e-01,7.312250491483339720e-01,6.993836183826408481e-01,6.781448487654809787e-01,6.654892933237397390e-01,6.216617343658348283e-01,5.840706078046992156e-01,5.482300338937521333e-01,4.215350639722360571e-01,3.999344572102780937e-01,3.478391979952077939e-01,3.305668449285128485e-01,3.279760367391759690e-01,2.627261807419023487e-01,2.450103434223352972e-01,1.402345169107817036e-01,8.361679589640447219e-02
1.000790000000000000e+05,9.951997872143554247e-01,9.483263709951809117e-01,9.383547386204291740e-01,8.956419623474560776e-01,8.160111091945038142e-01,8.070120411932374394e-01,8.047974308876525429e-01,7.744809051111548603e-01,7.156858326580307628e-01,7.107425818683928975e-01,6.602439803116547656e-01,6.343702882119758302e-01,6.247525640715357875e-01,5.116216942028349868e-01,3.331611362589937952e-01,2.686261038777586485e-01,2.155234917943539275e-01,1.440545928896052041e-01,1.156682267898323513e-01,1.021734774134575030e-02
1.000800000000000000e+05,9.770768199975957691e-01,9.628099076502066866e-01,9.229755376934205557e-01,8.947648882670835579e-01,7.987293382248108475e-01,7.702110931123797855e-01,6.928378098960294995e-01,6.883415512031049177e-01,5.677236122482062219e-01,4.830211038957833436e-01,4.490935169299863361e-01,3.894197553696644443e-01,3.662741820148922578e-01,3.515831117756923474e-01,3.303389341319347139e-01,2.739801845379046252e-01,9.730875724869203491e-02,9.351174088127789386e-02,8.934130732266176711e-02,2.316117171444442846e-02
1.000810000000000000e+05,9.662065497813550063e-01,9.464518575747662421e-01,9.263402275641949846e-01,7.577580041976853531e-01,7.132634572242833038e-01,6.670803105854034021e-01,6.431113295706042399e-01,5.874842050235563606e-01,4.802825209101395654e-01,4.696035647366633148e-01,4.264751016944957618e-01,4.260987649494560880e-01,4.118066068391422752e-01,3.832650703487953114e-01,3.745939788009323701e-01,2.408916162448332399e-01,2.057140092831005740e-01,1.997285297647721780e-01,1.342844043031453660e-01,1.159864672015595843e-01
1.000820000000000000e+05,9.918968628355185890e-01,9.766967517038176450e-01,8.125574852833148398e-01,8.037840732867774785e-01,6.435116551035302557e-01,6.264044073231900267e-01,5.658743742963282530e-01,5.406601672941065972e-01,4.460568470078638548e-01,4.090578381874612202e-01,3.655571800921825210e-01,3.349479039612509590e-01,2.761954594839097776e-01,2.364502236624254072e-01,1.386725565519573156e-01,1.168371126274984073e-01,8.369863822093459582e-02,3.276351830928381226e-02,3.038169190165962430e-02,1.001409870899638843e-02
1.000830000000000000e+05,9.253387764595196741e-01,9.196641849092950238e-01,8.870872773705915648e-01,8.490623093238508501e-01,8.364285658888446218e-01,8.176526925031784021e-01,5.947800625606419755e-01,4.620057110316821980e-01,4.229683550372838052e-01,3.527039500539328465e-01,3.502228613426520143e-01,3.411635313123456692e-01,2.499495885577464049e-01,2.394659697399352805e-01,2.276937437800646835e-01,2.099484091586802936e-01,1.576050319672515077e-01,1.002453691483218279e-01,6.027011228086953665e-02,5.687306093347588298e-02
1.000840000000000000e+05,9.934184304845395941e-01,9.509542486514939164e-01,8.960015445636018150e-01,8.692283569338894456e-01,8.621739458547740265e-01,8.390012384692755454e-01,8.245958339251937552e-01,7.676601264324636187e-01,7.523265664397438268e-01,6.881780333918314785e-01,5.281642257071963442e-01,5.090633660214114453e-01,4.910656208033470360e-01,4.327151044259004431e-01,3.378661214063694018e-01,2.349651127356705560e-01,2.169591110406556833e-01,1.746841454692310558e-01,7.163992049864909006e-02,2.133241432755172973e-02
1.000850000000000000e+05,9.422972562628245674e-01,9.342124782460473620e-01,8.231329022415179164e-01,7.018008850162413825e-01,6.748497923439855661e-01,6.375247138602795349e-01,6.216138384361197256e-01,6.114936063120465226e-01,5.781724084160255739e-01,5.082016280018599730e-01,4.926804875371458836e-01,4.724014872229437279e-01,4.652581309888769168e-01,4.083324576325335631e-01,2.956058357900281930e-01,2.588189263591293976e-01,1.513704107889766171e-01,1.465859558934023976e-01,5.601465144197959045e-02,4.482037710915687256e-02
1.000860000000000000e+05,8.322796548218830415e-01,8.166811731000632735e-01,7.973266345158038781e-01,7.155292491186087123e-01,7.016591937708831495e-01,6.511995296775796582e-01,6.037917071939414848e-01,5.675456900274393757e-01,3.894121997520051393e-01,3.471643211371807647e-01,3.228161150949927505e-01,3.209725772599251181e-01,3.131419106908821526e-01,2.617068128078485767e-01,2.373282133497238711e-01,2.015118246328957419e-01,1.511964123463332976e-01,1.220596931852139244e-01,5.321274831632838431e-02,3.608597725027107295e-02
1.000870000000000000e+05,9.696228694081568955e-01,9.006610631502687259e-01,8.439346480673092232e-01,8.309538853558513516e-01,8.033281516319468185e-01,7.727716897837824117e-01,7.533575724742423985e-01,7.363658616446631111e-01,6.055299886343453730e-01,3.246795350166461480e-01,2.820877065699340935e-01,2.658223811737540077e-01,2.441277415191445144e-01,1.879477539102711869e-01,1.306539294905941784e-01,1.264681921980856938e-01,9.324095168396506761e-02,8.575647127382113322e-02,4.845239649388566328e-02,1.968277367904658348e-02
1.000880000000000000e+05,9.925426375133765688e-01,9.497068494116299719e-01,9.098887882179518272e-01,8.312068946873851782e-01,6.899175863821626065e-01,6.700435214470076284e-01,6.522246571982532881e-01,6.206417222359583707e-01,5.827274407490935504e-01,5.724394150065489351e-01,5.226144363354028322e-01,4.862936025879596169e-01,4.628687794498750341e-01,3.140327338150737946e-01,2.840839448152925328e-01,2.710069730964831392e-01,1.981064021124087082e-01,1.957458460583606508e-01,1.925535845414670932e-01,1.667909567643267588e-01
1.000890000000000000e+05,9.518466419539990397e-01,8.074636289695841240e-01,7.965657940512401725e-01,7.841336717133509104e-01,6.065008506972560109e-01,5.812507006600483583e-01,5.587276638722369348e-01,4.796018930588648033e-01,4.497980056935440007e-01,4.195334887974189186e-01,3.980912358399183448e-01,3.949285345494302213e-01,3.333675613997614251e-01,3.278134566090374902e-01,3.014711196286850026e-01,2.442229079807980430e-01,2.128120646287618989e-01,1.315072169890656451e-01,1.158656778938956800e-01,1.196611762546884172e-02
1.000900000000000000e+05,9.685168629986931066e-01,9.523710876030304640e-01,8.495888971385956445e-01,7.800480277645945870e-01,6.665656893784339676e-01,6.598194730132631580e-01,5.778926882236935514e-01,4.909902291812588970e-01,4.865963451536882145e-01,4.820568778527771769e-01,3.011234296275694389e-01,2.626199877146513373e-01,2.614840660221027235e-01,2.413235045029406001e-01,2.309204830630648964e-01,1.189737870275010545e-01,5.153552343556833115e-02,4.202639433398325242e-02,4.060150184596711398e-02,3.823291183691668316e-02
1.000910000000000000e+05,9.985462978634120912e-01,9.682940914547721878e-01,9.666978051695184204e-01,9.622322528422534438e-01,9.375571903083954606e-01,7.511234689735895032e-01,7.309898997310183555e-01,7.148712487572423946e-01,6.303418579632613650e-01,6.249043491830166275e-01,5.453466269272897460e-01,4.046332080867095504e-01,2.737004065492806282e-01,2.707568111240570286e-01,2.581814068288738051e-01,2.331313984229735903e-01,1.805525536330060410e-01,1.803769986499564881e-01,1.526478148136591884e-01,1.245224293484616940e-01
1.000920000000000000e+05,9.910465625215382213e-01,9.829402668631115336e-01,9.686412119733652792e-01,9.450138371451277663e-01,9.070324295482625754e-01,8.648526820007494953e-01,7.551086432740480303e-01,7.059694505160249989e-01,6.022284175496992464e-01,5.994101531581136344e-01,5.888013522073355377e-01,5.411588070928418093e-01,4.068882667593558544e-01,2.767309238541292293e-01,2.063156637232576029e-01,1.810257887173636338e-01,1.699627569190828025e-01,1.077384243596286595e-01,8.989716103642075851e-02,5.932059013758428367e-02
1.000930000000000000e+05,9.264874126539927035e-01,9.117826642429881501e-01,8.885428089675938557e-01,8.793591249820533751e-01,8.697075119983881386e-01,8.614406293536214232e-01,8.310118571752089789e-01,8.144404272781204934e-01,7.667653549399691126e-01,7.040640211479974875e-01,6.813525094708902108e-01,6.311073987766619986e-01,6.292035738619039531e-01,3.510623958133063383e-01,3.308745477433661097e-01,2.591635092044167754e-01,2.445531723267901913e-01,1.531876090309302052e-01,6.430232007725622534e-02,7.466615421535482966e-03
1.000940000000000000e+05,9.743062823311936516e-01,9.319351015491357249e-01,9.042308679727477649e-01,8.984929013107317841e-01,8.366175775682338500e-01,8.075607600930730934e-01,7.867913879880208405e-01,7.529559467156055064e-01,7.248202857580728908e-01,6.487160849005992880e-01,5.100548121569469240e-01,5.043185152675543348e-01,4.386624199072193253e-01,2.558019532064097490e-01,2.086567312367744176e-01,1.971005375107482971e-01,1.495256792724177775e-01,1.418952574528429267e-01,3.893143745739291450e-02,2.715129510785230238e-04
1.000950000000000000e+05,9.992946108564240149e-01,9.748385430963795173e-01,8.447845771936244308e-01,8.203832425957570118e-01,7.718339661201639723e-01,7.407932493876755453e-01,7.207317795216198197e-01,6.663254932129921704e-01,6.501874845658951463e-01,6.375870441954781809e-01,5.520613579223354606e-01,5.403829761002659771e-01,5.387132637030411786e-01,3.446153621316903060e-01,3.221053797012309872e-01,1.208057502535101468e-01,1.090539834186959878e-01,7.952364795532462782e-02,2.304753874251763701e-02,1.916195471337012179e-02
1.000960000000000000e+05,9.436549669902913884e-01,9.146735167225206187e-01,8.547447088285495820e-01,8.209535142338779679e-01,8.163226442015664164e-01,7.574929183704380842e-01,7.475535331919689330e-01,7.469212075893391090e-01,7.024345768636950371e-01,5.800189524127904450e-01,4.159507005944538260e-01,3.816330459629100336e-01,3.583290657356732467e-01,3.508641992674902399e-01,3.305144005644928829e-01,2.590039741217281533e-01,1.425221708398782816e-01,7.857259753094403276e-02,7.710802080114065316e-02,5.969520156344121364e-02
1.000970000000000000e+05,9.571652138920379027e-01,9.111805564711380478e-01,9.090450604313246030e-01,8.549836862511321911e-01,8.524359583797965767e-01,8.044490628474697536e-01,7.331072724725742340e-01,6.662755666322106585e-01,6.527300261587811736e-01,6.486345723525827056e-01,5.899498289943362339e-01,5.010902855247876264e-01,4.449693456540285696e-01,3.694318097717196325e-01,3.284165537728918061e-01,2.983820521627184030e-01,2.463771461315500400e-01,2.057545450347353366e-01,1.806377173465691932e-01,1.237060319027795119e-01
1.000980000000000000e+05,8.378940925063476097e-01,8.220509172169657708e-01,8.005006333788672324e-01,7.605267076630317646e-01,7.282673298653866700e-01,6.999254513137010969e-01,5.234247645519207737e-01,5.110748472313934032e-01,4.802921647049780418e-01,4.779260495957746713e-01,4.320367771522626299e-01,3.936664934014456607e-01,3.923030441490981124e-01,3.570639590477938663e-01,3.186238412260004038e-01,2.696514986002123138e-01,2.586820810351240230e-01,2.253583181190462748e-01,1.113632594047851976e-01,4.627479374210896612e-02
1.000990000000000000e+05,9.292730643499483856e-01,8.272338342557780111e-01,7.928677373988461952e-01,7.734051474470813314e-01,7.195952382262426061e-01,6.663533271994699358e-01,6.335613695689148450e-01,4.696711784172379334e-01,4.583959765520838614e-01,4.431934987920972402e-01,4.215912319970581690e-01,3.285914033145164170e-01,3.233305703252646879e-01,3.195123722816800571e-01,2.686766846027808242e-01,2.573481100294571222e-01,2.299631877004910674e-01,2.223458829758044875e-01,1.244700214368568147e-01,3.496270635603626609e-02
