ID, 0, 1, 2, 3, 4, 5, 6, 7, 8, 9, 10, 11, 12, 13, 14, 15, 16, 17, 18
6.400000000000000000e+05, 0, 12, 12, 12, 22, 22, 22, 12, 12, 12, 12, 12, 6, 12, 6, 2, 2, 0, 0
6.400010000000000000e+05, 0, 22, 22, 22, 22, 12, 22, 12, 12, 12, 12, 12, 6, 6, 6, 2, 0, 0, 0
6.400020000000000000e+05, 0, 22, 36, 36, 36, 36, 36, 22, 22, 22, 12, 12, 12, 6, 6, 2, 2, 2, 0
6.400030000000000000e+05, 0, 12, 6, 22, 36, 22, 36, 36, 36, 36, 36, 36, 22, 22, 12, 12, 6, 2, 0
6.400040000000000000e+05, 0, 12, 22, 12, 22, 22, 12, 22, 12, 12, 12, 6, 6, 6, 2, 2, 0, 0, 0
6.400050000000000000e+05, 0, 12, 22, 22, 22, 36, 22, 22, 12, 22, 12, 22, 12, 6, 6, 6, 2, 2, 0
6.400060000000000000e+05, 0, 12, 12, 22, 36, 36, 22, 22, 22, 22, 12, 12, 12, 6, 6, 6, 2, 2, 0
6.400070000000000000e+05, 0, 12, 36, 36, 36, 36, 36, 36, 36, 22, 22, 12, 12, 6, 6, 2, 2, 2, 0
6.400080000000000000e+05, 0, 12, 36, 22, 36, 57, 36, 57, 57, 57, 36, 36, 36, 22, 12, 12, 6, 2, 0
6.400090000000000000e+05, 0, 12, 36, 57, 57, 36, 22, 22, 22, 12, 12, 22, 12, 12, 6, 2, 2, 2, 0
6.400100000000000000e+05, 0, 6, 12, 22, 12, 22, 22, 22, 22, 22, 22, 22, 12, 6, 6, 2, 0, 0, 0
6.400110000000000000e+05, 0, 12, 22, 12, 12, 22, 12, 12, 12, 12, 12, 12, 6, 6, 6, 6, 2, 2, 0
6.400120000000000000e+05, 0, 6, 22, 36, 36, 36, 36, 57, 36, 36, 22, 12, 12, 12, 12, 6, 2, 2, 0
6.400130000000000000e+05, 0, 12, 12, 12, 12, 22, 22, 22, 12, 12, 6, 6, 6, 6, 6, 2, 2, 0, 0
6.400140000000000000e+05, 0, 12, 22, 22, 22, 22, 36, 36, 22, 22, 12, 12, 12, 12, 12, 6, 6, 2, 0
6.400150000000000000e+05, 0, 12, 22, 22, 36, 22, 36, 36, 36, 22, 22, 12, 12, 6, 2, 2, 2, 0, 0
6.400160000000000000e+05, 0, 22, 22, 22, 12, 12, 12, 12, 6, 12, 12, 12, 6, 6, 6, 2, 2, 2, 0
6.400170000000000000e+05, 0, 36, 36, 36, 57, 57, 36, 57, 57, 57, 57, 36, 22, 22, 12, 12, 6, 2, 0
6.400180000000000000e+05, 0, 22, 57, 57, 86, 57, 57, 57, 57, 36, 36, 22, 22, 22, 12, 6, 2, 0, 0
6.400190000000000000e+05, 0, 6, 12, 12, 22, 22, 22, 22, 22, 22, 22, 22, 12, 6, 6, 6, 2, 0, 0
6.400200000000000000e+05, 0, 6, 12, 22, 22, 22, 22, 22, 22, 22, 12, 12, 22, 12, 12, 12, 6, 2, 0
6.400210000000000000e+05, 0, 12, 12, 22, 22, 22, 22, 22, 12, 12, 12, 6, 6, 6, 6, 6, 6, 2, 0
6.400220000000000000e+05, 0, 22, 36, 36, 36, 36, 36, 22, 22, 12, 12, 12, 12, 6, 2, 0, 0, 0, 0
6.400230000000000000e+05, 0, 6, 12, 22, 22, 22, 22, 22, 22, 22, 22, 22, 12, 12, 12, 6, 6, 2, 0
6.400240000000000000e+05, 0, 22, 57, 57, 57, 57, 36, 36, 36, 22, 22, 22, 22, 22, 22, 12, 6, 2, 0
6.400250000000000000e+05, 0, 22, 22, 36, 36, 36, 36, 36, 36, 22, 12, 12, 12, 12, 12, 6, 2, 0, 0
6.400260000000000000e+05, 0, 12, 12, 22, 22, 22, 22, 22, 22, 12, 12, 12, 12, 12, 6, 6, 2, 2, 0
6.400270000000000000e+05, 0, 22, 12, 6, 12, 22, 22, 22, 36, 36, 22, 22, 12, 6, 6, 2, 2, 2, 0
6.400280000000000000e+05, 0, 12, 22, 22, 36, 36, 36, 36, 22, 12, 12, 12, 6, 6, 6, 2, 2, 0, 0
6.400290000000000000e+05, 0, 12, 12, 22, 22, 22, 12, 12, 12, 12, 12, 6, 6, 6, 6, 2, 0, 0, 0
6.400300000000000000e+05, 0, 12, 12, 22, 22, 22, 22, 12, 12, 12, 12, 12, 12, 6, 6, 6, 2, 0, 0
6.400310000000000000e+05, 0, 12, 22, 22, 22, 12, 12, 12, 12, 12, 12, 12, 12, 12, 6, 6, 2, 0, 0
6.400320000000000000e+05, 0, 12, 22, 22, 22, 36, 22, 22, 36, 36, 22, 22, 12, 6, 2, 2, 2, 2, 0
6.400330000000000000e+05, 0, 22, 36, 22, 22, 36, 36, 36, 22, 22, 22, 22, 22, 12, 12, 12, 6, 2, 0
6.400340000000000000e+05, 0, 12, 22, 22, 12, 22, 12, 22, 12, 12, 12, 6, 6, 6, 6, 2, 2, 2, 0
6.400350000000000000e+05, 0, 22, 22, 22, 22, 22, 22, 22, 22, 22, 12, 6, 6, 6, 6, 6, 2, 0, 0
6.400360000000000000e+05, 0, 12, 12, 12, 22, 22, 12, 12, 22, 12, 12, 12, 12, 12, 12, 6, 2, 0, 0
6.400370000000000000e+05, 0, 12, 22, 22, 36, 36, 36, 22, 22, 22, 22, 12, 12, 6, 6, 2, 2, 0, 0
6.400380000000000000e+05, 0, 6, 36, 36, 36, 36, 57, 36, 36, 22, 22, 22, 12, 6, 2, 0, 0, 0, 0
6.400390000000000000e+05, 0, 22, 22, 22, 22, 22, 22, 22, 12, 12, 6, 6, 6, 2, 2, 2, 0, 0, 0
6.400400000000000000e+05, 0, 12, 22, 22, 22, 22, 22, 22, 22, 22, 12, 12, 12, 12, 12, 6, 6, 2, 0
6.400410000000000000e+05, 0, 12, 22, 57, 57, 36, 57, 57, 36, 36, 36, 36, 22, 22, 12, 12, 6, 2, 0
6.400420000000000000e+05, 0, 12, 22, 36, 36, 36, 36, 36, 22, 22, 22, 22, 12, 12, 12, 6, 6, 2, 0
6.400430000000000000e+05, 0, 12, 12, 12, 22, 22, 22, 22, 22, 12, 12, 6, 6, 2, 2, 2, 2, 0, 0
6.400440000000000000e+05, 0, 6, 12, 22, 22, 22, 36, 22, 22, 22, 22, 22, 12, 12, 6, 6, 6, 2, 0
6.400450000000000000e+05, 0, 12, 22, 36, 36, 36, 57, 57, 57, 36, 22, 12, 12, 12, 6, 6, 2, 0, 0
6.400460000000000000e+05, 0, 12, 22, 12, 22, 22, 22, 22, 22, 22, 22, 12, 6, 6, 2, 2, 6, 2, 0
6.400470000000000000e+05, 0, 12, 22, 22, 22, 36, 36, 36, 22, 22, 22, 22, 12, 6, 6, 2, 2, 0, 0
6.400480000000000000e+05, 0, 36, 36, 57, 36, 57, 57, 57, 36, 36, 22, 22, 12, 12, 6, 6, 6, 2, 0
6.400490000000000000e+05, 0, 12, 22, 22, 22, 36, 36, 22, 22, 12, 12, 12, 6, 6, 6, 6, 2, 0, 0
6.400500000000000000e+05, 0, 22, 57, 86, 86, 86, 86, 57, 57, 36, 36, 22, 12, 12, 6, 6, 2, 2, 0
6.400510000000000000e+05, 0, 22, 36, 22, 36, 22, 22, 22, 22, 22, 12, 12, 12, 6, 6, 2, 0, 0, 0
6.400520000000000000e+05, 0, 22, 22, 22, 22, 22, 36, 36, 36, 22, 22, 12, 6, 2, 2, 2, 0, 0, 0
6.400530000000000000e+05, 0, 12, 22, 36, 36, 36, 22, 22, 22, 12, 12, 6, 6, 6, 2, 2, 2, 0, 0
6.400540000000000000e+05, 0, 6, 6, 12, 22, 22, 22, 22, 36, 36, 36, 22, 22, 22, 12, 6, 2, 0, 0
6.400550000000000000e+05, 0, 12, 22, 22, 22, 22, 22, 12, 22, 22, 22, 22, 12, 12, 6, 6, 2, 2, 0
6.400560000000000000e+05, 0, 22, 36, 36, 36, 57, 36, 36, 22, 22, 22, 12, 6, 6, 2, 2, 2, 0, 0
6.400570000000000000e+05, 0, 12, 36, 57, 57, 57, 36, 36, 22, 22, 22, 22, 12, 12, 6, 2, 2, 2, 0
6.400580000000000000e+05, 0, 12, 12, 36, 36, 36, 36, 36, 36, 22, 22, 12, 12, 6, 6, 6, 6, 2, 0
6.400590000000000000e+05, 0, 12, 12, 12, 22, 22, 22, 12, 6, 6, 6, 6, 6, 6, 2, 2, 0, 0, 0
6.400600000000000000e+05, 0, 12, 36, 57, 86, 86, 86, 57, 36, 36, 22, 12, 12, 6, 6, 6, 6, 2, 0
6.400610000000000000e+05, 0, 12, 12, 12, 12, 12, 12, 12, 12, 12, 6, 6, 6, 2, 0, 0, 0, 0, 0
6.400620000000000000e+05, 0, 36, 57, 57, 57, 36, 57, 36, 36, 22, 22, 12, 12, 12, 12, 6, 2, 0, 0
6.400630000000000000e+05, 0, 6, 12, 12, 12, 22, 36, 22, 22, 12, 22, 22, 22, 12, 12, 6, 6, 2, 0
6.400640000000000000e+05, 0, 6, 12, 22, 22, 22, 22, 36, 22, 22, 12, 12, 6, 2, 2, 2, 2, 0, 0
6.400650000000000000e+05, 0, 12, 22, 36, 36, 36, 57, 36, 22, 22, 22, 22, 12, 12, 12, 6, 2, 2, 0
6.400660000000000000e+05, 0, 6, 22, 22, 57, 57, 86, 57, 36, 36, 22, 12, 12, 6, 6, 6, 6, 2, 0
6.400670000000000000e+05, 0, 12, 22, 36, 22, 22, 22, 36, 22, 12, 12, 6, 6, 6, 2, 0, 0, 0, 0
6.400680000000000000e+05, 0, 12, 12, 12, 22, 22, 12, 12, 12, 12, 6, 6, 6, 2, 2, 0, 0, 0, 0
6.400690000000000000e+05, 0, 6, 12, 22, 22, 36, 36, 22, 22, 12, 6, 6, 6, 6, 2, 2, 6, 2, 0
6.400700000000000000e+05, 0, 22, 36, 36, 36, 36, 36, 22, 22, 22, 12, 12, 12, 6, 6, 6, 2, 2, 0
6.400710000000000000e+05, 0, 12, 36, 36, 36, 36, 22, 22, 22, 12, 6, 6, 6, 6, 6, 6, 6, 2, 0
6.400720000000000000e+05, 0, 12, 12, 36, 36, 22, 22, 22, 12, 22, 12, 12, 12, 12, 12, 6, 6, 2, 0
6.400730000000000000e+05, 0, 22, 36, 36, 57, 57, 57, 36, 36, 36, 36, 22, 22, 22, 12, 6, 2, 0, 0
6.400740000000000000e+05, 0, 6, 6, 6, 12, 12, 12, 12, 12, 22, 12, 12, 12, 12, 6, 6, 6, 2, 0
6.400750000000000000e+05, 0, 12, 22, 36, 36, 22, 36, 22, 22, 22, 22, 22, 12, 6, 6, 2, 2, 0, 0
6.400760000000000000e+05, 0, 12, 22, 36, 36, 22, 36, 36, 22, 22, 22, 12, 12, 12, 12, 12, 6, 2, 0
6.400770000000000000e+05, 0, 12, 12, 22, 22, 22, 12, 6, 6, 6, 6, 6, 6, 6, 6, 2, 2, 0, 0
6.400780000000000000e+05, 0, 22, 57, 57, 57, 36, 36, 36, 36, 36, 36, 22, 12, 6, 2, 2, 2, 0, 0
6.400790000000000000e+05, 0, 12, 22, 36, 57, 57, 36, 36, 22, 22, 12, 6, 6, 2, 2, 2, 2, 2, 0
6.400800000000000000e+05, 0, 22, 36, 36, 36, 36, 36, 22, 22, 12, 6, 6, 6, 6, 6, 2, 2, 0, 0
6.400810000000000000e+05, 0, 6, 12, 22, 22, 12, 22, 22, 22, 22, 12, 22, 12, 12, 12, 6, 2, 2, 0
6.400820000000000000e+05, 0, 6, 22, 22, 22, 22, 22, 22, 22, 12, 12, 6, 6, 6, 2, 2, 2, 2, 0
6.400830000000000000e+05, 0, 12, 22, 22, 36, 36, 22, 12, 22, 12, 12, 12, 12, 6, 2, 2, 0, 0, 0
6.400840000000000000e+05, 0, 12, 22, 22, 22, 22, 22, 22, 22, 22, 22, 22, 22, 12, 6, 6, 6, 2, 0
6.400850000000000000e+05, 0, 12, 22, 22, 12, 22, 22, 22, 36, 22, 22, 12, 12, 12, 12, 6, 6, 2, 0
6.400860000000000000e+05, 0, 22, 36, 57, 86, 57, 57, 57, 57, 57, 57, 36, 36, 36, 22, 12, 6, 2, 0
6.400870000000000000e+05, 0, 22, 22, 22, 36, 36, 36, 57, 36, 36, 36, 36, 36, 22, 12, 12, 6, 2, 0
6.400880000000000000e+05, 0, 22, 36, 36, 57, 57, 57, 36, 57, 36, 36, 36, 22, 22, 12, 6, 2, 2, 0
6.400890000000000000e+05, 0, 22, 22, 22, 12, 12, 22, 12, 12, 12, 6, 12, 6, 6, 2, 2, 2, 2, 0
6.400900000000000000e+05, 0, 12, 22, 22, 36, 36, 22, 22, 12, 22, 12, 6, 6, 6, 2, 2, 2, 2, 0
6.400910000000000000e+05, 0, 22, 12, 22, 22, 22, 36, 22, 22, 12, 6, 6, 2, 2, 2, 2, 2, 0, 0
6.400920000000000000e+05, 0, 12, 22, 22, 12, 12, 22, 22, 22, 22, 22, 12, 12, 12, 6, 6, 2, 2, 0
6.400930000000000000e+05, 0, 22, 36, 36, 57, 57, 36, 36, 36, 22, 36, 22, 12, 12, 6, 6, 6, 2, 0
6.400940000000000000e+05, 0, 2, 12, 12, 12, 22, 22, 22, 12, 12, 12, 22, 12, 12, 12, 12, 6, 2, 0
6.400950000000000000e+05, 0, 12, 22, 36, 57, 36, 36, 36, 36, 22, 22, 22, 22, 22, 12, 6, 2, 2, 0
6.400960000000000000e+05, 0, 22, 57, 57, 57, 57, 36, 36, 36, 22, 22, 12, 12, 12, 6, 6, 2, 2, 0
6.400970000000000000e+05, 0, 12, 22, 36, 22, 36, 36, 36, 22, 22, 22, 12, 12, 6, 6, 2, 2, 2, 0
6.400980000000000000e+05, 0, 22, 57, 57, 86, 57, 57, 36, 22, 22, 12, 12, 6, 6, 6, 2, 2, 2, 0
6.400990000000000000e+05, 0, 22, 36, 36, 36, 36, 36, 36, 57, 57, 36, 36, 22, 12, 6, 12, 6, 2, 0
