4.000000000000000000e+05,3.766424477812391203e-04,6.806532019785582754e-02,6.484463661290656988e-01,9.972647400789367289e-01,1.324771900122730939e+00,1.603223462602848537e+00,2.066902604350448147e+00,3.590738664628158716e+00,4.107792936634819370e+00,5.280395050455890527e+00,6.931174509108646298e+00,7.575575757334159555e+00,9.110827295800419279e+00,1.012036827512383397e+01,1.109735078215915038e+01,1.270616751301068881e+01,1.350640496566145643e+01,1.469720521661060531e+01,1.791426916692009641e+01,1.982811079529853870e+01
4.000010000000000000e+05,2.531698426891371145e-02,3.768166520829205890e-01,5.869131349412809451e-01,9.763262466986200039e-01,1.573809792724735201e+00,2.101231044989487984e+00,2.668242991872423531e+00,3.072772210177275198e+00,3.606673009492747717e+00,4.242919621257340346e+00,5.768472360825301237e+00,7.106862282059632996e+00,7.930415055388247758e+00,9.983800202918189370e+00,1.076458531148918141e+01,1.164728577290226852e+01,1.354472054642491230e+01,1.467127156530969323e+01,1.658642962832691126e+01,1.794390369653302031e+01
4.000020000000000000e+05,2.149926501768895104e-02,8.005636033768936954e-02,1.829530397515586326e-01,6.403714288007962274e-01,1.071801331243015243e+00,1.790597895530110950e+00,3.095888725364689620e+00,3.539861567654310370e+00,4.082428542335723165e+00,4.577833092344569366e+00,5.570339443670692781e+00,6.381494737389060923e+00,7.205272258440722943e+00,9.274425122017374790e+00,1.027614967400701751e+01,1.114679218150499374e+01,1.278610191595193157e+01,1.354235299500678558e+01,1.757062410644482142e+01,1.885462220540346578e+01
4.000030000000000000e+05,2.446467659577589160e-02,2.722751791179964798e-01,5.210621233473419212e-01,7.646816601607335784e-01,1.100395543614818283e+00,1.857735525625074935e+00,2.426034431284728399e+00,2.897705837484567226e+00,3.399197062224073029e+00,4.023473976192967427e+00,5.613848361343046101e+00,6.259747110358494737e+00,8.347723932263850344e+00,1.115847189223089053e+01,1.242839184213039694e+01,1.341280385607879033e+01,1.462384714986872503e+01,1.574762054713736958e+01,1.844784812456463996e+01,1.987416155363574433e+01
4.000040000000000000e+05,6.757985476092853716e-03,2.021842946719054623e-01,9.542507832213772412e-01,1.341880460648919637e+00,1.875457722406173033e+00,2.271953066182201830e+00,2.859312547533600313e+00,3.493694984288081784e+00,3.969291428307043290e+00,4.975459727692355116e+00,5.662010107970909978e+00,6.619428539100474573e+00,8.774679891787995345e+00,1.129460108997135137e+01,1.219127215187218916e+01,1.301411469963971435e+01,1.436207347085901098e+01,1.521557611605713234e+01,1.798083906857778658e+01,1.946415824381653081e+01
4.000050000000000000e+05,1.155420969354892247e-02,1.664402487333926928e-01,2.552888762898725128e-01,5.849604769793206316e-01,9.312768937481380460e-01,1.288833161612190858e+00,2.181982978101754789e+00,2.600213000585401169e+00,2.980753245342393054e+00,3.627133160149945468e+00,5.591878110430126725e+00,6.168626089090579967e+00,7.372304915325881502e+00,8.228289340360420923e+00,1.088340231234407440e+01,1.177508549915318348e+01,1.258623178279016130e+01,1.339577173640694241e+01,1.506650514856263712e+01,1.629867943282206610e+01
4.000060000000000000e+05,7.831690473488805981e-02,2.774774651426181737e-01,6.096429277126830248e-01,8.970251119657626226e-01,1.700889478804122890e+00,2.488033309886867883e+00,3.067398983598388362e+00,4.238239875666690359e+00,5.071632197733075387e+00,5.675554960593746756e+00,6.286607029030846228e+00,7.567983590556798923e+00,8.700808326459279485e+00,9.386399719194244540e+00,1.108600811122457586e+01,1.230557506184860550e+01,1.390091805683457160e+01,1.563333420122830475e+01,1.667853052054631036e+01,1.781430569064739800e+01
4.000070000000000000e+05,1.157095384163098206e-02,3.150276367536508637e-01,9.004323109347468490e-01,1.427429537377386204e+00,1.875347457216564040e+00,2.658857570339761001e+00,3.341065242224945386e+00,4.515955953262915656e+00,5.469475181902780925e+00,6.149501465648077314e+00,6.799804520956834075e+00,7.809998145801694491e+00,9.260403165678855686e+00,1.005562077267159360e+01,1.079951257830904154e+01,1.174697573928372663e+01,1.465092692226867221e+01,1.657808622220830941e+01,1.795568714732068472e+01,1.930459282602681981e+01
4.000080000000000000e+05,5.503041376217043812e-02,2.298841985288861967e-01,4.933817217331688543e-01,1.266784800706087566e+00,1.860766416206930396e+00,2.427495138936405450e+00,2.971718660633170028e+00,3.937036458461888877e+00,4.507471293695793690e+00,6.095885930935490471e+00,6.727894908839816779e+00,8.589451555007793004e+00,9.403007701626586723e+00,1.015056031199924114e+01,1.278167679279452429e+01,1.371807014931695434e+01,1.488258803466069402e+01,1.621735929442987256e+01,1.765410728855002276e+01,1.862995267275629274e+01
4.000090000000000000e+05,4.109908298987707820e-02,1.482733310055444065e-01,3.464146276409999503e-01,5.380280931094563179e-01,1.222687653929828588e+00,1.579659350749719415e+00,1.860497492932929875e+00,3.090808449420879178e+00,3.625611613976513325e+00,4.087340532538915383e+00,4.633824453797982024e+00,6.020901748529491115e+00,6.649687809356130686e+00,1.055553558908216516e+01,1.182060877385180930e+01,1.314924158773678187e+01,1.449212998659736940e+01,1.625122315819817942e+01,1.871999789481612808e+01,1.977961353197761341e+01
4.000100000000000000e+05,1.510459519169449205e-02,1.023595674782651344e-01,5.055184589139809503e-01,1.179473623437654606e+00,1.607269423009985321e+00,1.971161100967698809e+00,2.314124704793011134e+00,3.319355709496885964e+00,3.906314035438152032e+00,4.672128403284726339e+00,5.280269642424152643e+00,5.846156664136083592e+00,8.021795725192015780e+00,8.683575772672179838e+00,1.028490301871123691e+01,1.103947302252877982e+01,1.550003452500366308e+01,1.678817672249238768e+01,1.780818000924969269e+01,1.966610339387489148e+01
4.000110000000000000e+05,2.149692720431051196e-02,1.111513780352473280e-01,3.500942094817485195e-01,6.642318301574241524e-01,1.189466838185546660e+00,1.868920700527344270e+00,2.472052353595540986e+00,3.812895608898366540e+00,4.597672729146071724e+00,6.288329975006097250e+00,7.366301888935823605e+00,8.327328927117322976e+00,9.662317152702547318e+00,1.046559723948482912e+01,1.232970205635793626e+01,1.446883214088803093e+01,1.558596129008125430e+01,1.672243361619220536e+01,1.792120698730477102e+01,1.911167562427889877e+01
4.000120000000000000e+05,1.267551045248926922e-02,1.156148196096900005e-01,3.316272840957401602e-01,1.340829322412063984e+00,1.811958904251198099e+00,2.449661805396570635e+00,3.174813908872154755e+00,3.703043147403895397e+00,4.229428248833847270e+00,5.277404898061663019e+00,6.947251798734936479e+00,7.671385301331404172e+00,9.366850652956047796e+00,1.211117848294843746e+01,1.343847283433319184e+01,1.458154179499212155e+01,1.586165225520339384e+01,1.701382665453996168e+01,1.837981648000034696e+01,1.969372810121173600e+01
4.000130000000000000e+05,5.694365583494143124e-02,1.282929203379550298e-01,4.593540077945595934e-01,1.338212262489271609e+00,1.927687113340652569e+00,2.361042347910999872e+00,2.853084346063975207e+00,3.315387520643939823e+00,4.306032629563508074e+00,4.962242569842329587e+00,6.373817191858758058e+00,7.363192837363952137e+00,8.176409922857125423e+00,9.009094879348008789e+00,9.858076449931740370e+00,1.084537301820181021e+01,1.171883180267123592e+01,1.306675545076481981e+01,1.505147152555997359e+01,1.828138740568354592e+01
4.000140000000000000e+05,5.912623520026871748e-02,1.555426292802513100e-01,3.720534543153967144e-01,5.319095890422262940e-01,1.348379504359390468e+00,1.647875817979907342e+00,1.999638432552959699e+00,2.648130244386747378e+00,3.774996547010569969e+00,5.616408427486061505e+00,6.352923070400207983e+00,8.381596551443170284e+00,9.546178492568389018e+00,1.052969315276193285e+01,1.129903882129970150e+01,1.215935570847056546e+01,1.336647319339241413e+01,1.663540073356484683e+01,1.863704028676977487e+01,1.989236717444918057e+01
4.000150000000000000e+05,4.600064721278018798e-02,1.416835091642552058e-01,3.507361494678175040e-01,5.459574692816784314e-01,1.571725071292046083e+00,1.974594500911264650e+00,2.540510132849693292e+00,3.351467249721784114e+00,4.050688322898451155e+00,5.045405511837407708e+00,5.780051587264489754e+00,6.658524330990548634e+00,7.845637433650833437e+00,9.757792156498206637e+00,1.142085362239290802e+01,1.309192334598845520e+01,1.507738700392718201e+01,1.602026498899194706e+01,1.836918734910891260e+01,1.953776573819061113e+01
4.000160000000000000e+05,3.304096834608616362e-02,1.558503450482793262e-01,3.328928623965590194e-01,5.379221266583980032e-01,6.850624743954730755e-01,9.562181913305078940e-01,1.501818267736853896e+00,1.826110631274469931e+00,2.380058934590399300e+00,3.808622493659000519e+00,4.281729244990559735e+00,5.075127618142303731e+00,7.226891281544195245e+00,7.803221750280235014e+00,8.934799803134236384e+00,1.020722571334396811e+01,1.313672574633131696e+01,1.407303655549579524e+01,1.510844156696351170e+01,1.728220766935665154e+01
4.000170000000000000e+05,2.147761275961704852e-01,6.091091233430863117e-01,9.975233968837831089e-01,1.419601650178800689e+00,1.864009595495990101e+00,2.447482817199424510e+00,3.168735337871818825e+00,4.262112103052242418e+00,5.389963616594737772e+00,5.989023269516867032e+00,7.083972941556105241e+00,7.807894093268115121e+00,9.638670274599251186e+00,1.068707155771849848e+01,1.159192994932279674e+01,1.238257654681406272e+01,1.393079639718416729e+01,1.481457801672667962e+01,1.601630374629376163e+01,1.940521189143245806e+01
4.000180000000000000e+05,2.519861332121642317e-02,1.265491358107213582e-01,4.710248185700168788e-01,6.872458717213625334e-01,8.947232629420737160e-01,1.150328406763260869e+00,1.358139151751223128e+00,2.568613163509158248e+00,3.371329851650890053e+00,4.224440398939278474e+00,4.661672710025595023e+00,5.312323307713874954e+00,5.992908546342015086e+00,8.180320640936109555e+00,9.603622228196597277e+00,1.357605170514029247e+01,1.526456591511254324e+01,1.682751473264769970e+01,1.852444359462964130e+01,1.967232239038394681e+01
4.000190000000000000e+05,8.079028486561279365e-03,1.987666125477023371e-01,3.622160509893304070e-01,7.768394024050704338e-01,1.183892099097931805e+00,1.615524578748670281e+00,2.203524777114435285e+00,3.084779132702589521e+00,4.089679295657684399e+00,5.023879443390932842e+00,5.669749247336930864e+00,6.676876783539741567e+00,7.593318309080429707e+00,8.215411831423772071e+00,9.528388618137604738e+00,1.060383536205607946e+01,1.328229031261015614e+01,1.595666883087242383e+01,1.710606454872507953e+01,1.953379872611559165e+01
4.000200000000000000e+05,1.532046329682335006e-02,3.255033726137623873e-02,1.568738220188982124e-01,4.228880487270991750e-01,8.541717581710506213e-01,1.319804244144703542e+00,1.690297659754138593e+00,2.177911980297460026e+00,3.502015664963016306e+00,4.040327017609439686e+00,4.808276562464516957e+00,6.070434255761059106e+00,7.595739115937067076e+00,8.426101524431743428e+00,1.166062523120525007e+01,1.293199411209441507e+01,1.480247095429433912e+01,1.644988563207489563e+01,1.752091163551326147e+01,1.936665376393170845e+01
4.000210000000000000e+05,7.453725474614425472e-03,5.886950175027316767e-02,1.377312490590325567e-01,4.301935352050194616e-01,6.196759234749737999e-01,1.256440679723381360e+00,1.492283315175628289e+00,1.857529800285360189e+00,2.504756757557466074e+00,2.807500247205495292e+00,4.033529014113062416e+00,6.316700902962871567e+00,7.418267184400969327e+00,8.375287720352645238e+00,9.312556180770588554e+00,1.055885217997129821e+01,1.279118744054168033e+01,1.391699049847598069e+01,1.469442131891875469e+01,1.718441917087783821e+01
4.000220000000000000e+05,6.627719268324017143e-02,2.107529169525625967e-01,4.532571376180030143e-01,7.001166239435789862e-01,1.198525290679463007e+00,1.529096136309505916e+00,2.393596478159839780e+00,2.753014606382946816e+00,3.193295143421075899e+00,4.727273178284759680e+00,5.678616758180538682e+00,7.377309409768719739e+00,8.434670359436877263e+00,1.176020457106667649e+01,1.290120895986470373e+01,1.479180047083344718e+01,1.598790190173665593e+01,1.709642960027277780e+01,1.811159526036387746e+01,1.972909409651745705e+01
4.000230000000000000e+05,8.840247339925444425e-02,2.417013850901992278e-01,4.142383192005320014e-01,5.663479065394763090e-01,9.724794528690022810e-01,1.203809341987321035e+00,1.973424240874169566e+00,2.537409727873262355e+00,3.232601169158415555e+00,3.723787399648767149e+00,4.280057581086486707e+00,5.219892845438877771e+00,5.746445078693121822e+00,7.663577145216982522e+00,8.290955506438900002e+00,1.033746434937196490e+01,1.331985035171564924e+01,1.483197126823328205e+01,1.643040642231799708e+01,1.793719862609031068e+01
4.000240000000000000e+05,2.170347866846078499e-02,1.091422752331769885e-01,2.020013323599127997e-01,2.952337218827691956e-01,3.880040950854329873e-01,1.135683145443333819e+00,1.608018399463175374e+00,2.587594020091783520e+00,3.127624538060728376e+00,3.574416602568915913e+00,3.982016874564599185e+00,4.749778397434212707e+00,5.404382457051719157e+00,6.366661286647383733e+00,1.090364444764269791e+01,1.289674136648840630e+01,1.486636769209517617e+01,1.591653304158753457e+01,1.714330482451606130e+01,1.843862814932467131e+01
4.000250000000000000e+05,3.909967128639102452e-02,1.329579336676349754e-01,2.171615447774873919e-01,5.219697977493016339e-01,6.995325614599456898e-01,1.030973954429999617e+00,1.778183434227540660e+00,2.208838417040632329e+00,2.773146741571939522e+00,4.453471851717328178e+00,6.376264364563157372e+00,8.230931604422188741e+00,9.292111549407108484e+00,1.165314450577882432e+01,1.262474148928786555e+01,1.487484552138255900e+01,1.644208389173004292e+01,1.752568599729896448e+01,1.875499185376536460e+01,1.989083521470653437e+01
4.000260000000000000e+05,6.581038064283328826e-02,1.730174891449736130e-01,3.626449954526898001e-01,5.354158267971453888e-01,1.003666527265693720e+00,1.487211686823065371e+00,1.764320773365974482e+00,2.341863821919082156e+00,3.336180616299001311e+00,3.905098554908344788e+00,4.693808877890274900e+00,5.608550897157144277e+00,7.106728931378166969e+00,7.865157522588658523e+00,9.525282209640465680e+00,1.020964770535656108e+01,1.113330816206115159e+01,1.225793679998803043e+01,1.333765890863756098e+01,1.821253706202131184e+01
4.000270000000000000e+05,4.692329930324201648e-02,1.321208612025459583e-01,4.852499953542267486e-01,7.333516648261544368e-01,1.321271451588974077e+00,2.123360203959779646e+00,2.996483453356082016e+00,3.958980842443169834e+00,5.163646731219467156e+00,5.864267960826802906e+00,6.683715094692050940e+00,7.391278405716617428e+00,8.264671596251046637e+00,8.924205396256919443e+00,9.870687954926285812e+00,1.074011283970646424e+01,1.328887218656471880e+01,1.589523878388526690e+01,1.786797069976903884e+01,1.959372226387407423e+01
4.000280000000000000e+05,1.235479312356690951e-02,1.297228705660191661e-01,2.724888944119361334e-01,1.015337405653096603e+00,1.750238057653767498e+00,2.124294125991569082e+00,2.529588900864813361e+00,3.196815886475701696e+00,3.950152287827501496e+00,4.803298264356843816e+00,6.670879526453811437e+00,7.654359890869136152e+00,1.032593504581270594e+01,1.138152407439494240e+01,1.244997117756806837e+01,1.372783124327886561e+01,1.532648258140924113e+01,1.631546819425386374e+01,1.799524136229635829e+01,1.911110298731933455e+01
4.000290000000000000e+05,6.023278783361207811e-02,1.579900016673658758e-01,2.848153867611901147e-01,6.557673131579599968e-01,8.864266483143190545e-01,1.475120971546254989e+00,2.062687544664961514e+00,2.753601028367949510e+00,3.314131287359404876e+00,4.362081793343380198e+00,4.802940541767575233e+00,5.306023054987404564e+00,6.722663169754348189e+00,8.074700169501682012e+00,8.732614233683728244e+00,9.486722627790918239e+00,1.117897226193089821e+01,1.404201721885291754e+01,1.865176981928653532e+01,1.990743175053344061e+01
4.000300000000000000e+05,1.586378685378853071e-02,9.259012642724107067e-02,4.523220611826861415e-01,7.538817194922482479e-01,1.104649443802899755e+00,1.479565350501115484e+00,1.938194033734668587e+00,2.444143148434008594e+00,3.669015930514579971e+00,4.116907738033162012e+00,5.180147790138893704e+00,5.843973828350149446e+00,7.316874780674257117e+00,9.877417653332090097e+00,1.092908880829628870e+01,1.308229322224809366e+01,1.414794545389153058e+01,1.697204656753299190e+01,1.838380028572564484e+01,1.941856317181419911e+01
4.000310000000000000e+05,1.429541010139924184e-01,4.005396200534883100e-01,6.978664349506971121e-01,1.071818003346000303e+00,1.464524725327547738e+00,2.220548797906802818e+00,2.654809909229085996e+00,3.254920393944277457e+00,3.987427770403903615e+00,5.620141860975406800e+00,6.285733319041360012e+00,8.633725779421464352e+00,9.609384734816933005e+00,1.089759562035830065e+01,1.250257953561904856e+01,1.355044736958347507e+01,1.542634875245999204e+01,1.669689128011259527e+01,1.778185577137950446e+01,1.893703978495369000e+01
4.000320000000000000e+05,1.427344075935405021e-01,3.074897559880394038e-01,5.761157104179117638e-01,7.829106022702050360e-01,1.139332940235601166e+00,2.089220949115573767e+00,2.639027323515806600e+00,3.042709577806534504e+00,3.882745914880603166e+00,4.513684169690693970e+00,5.754607003337812721e+00,6.978463042884650136e+00,7.838677645963850082e+00,1.074340656669273741e+01,1.191279187112982108e+01,1.368227269720981987e+01,1.513764092931387495e+01,1.606413237194231414e+01,1.830571599074592726e+01,1.978260257722327964e+01
4.000330000000000000e+05,1.788425890042399935e-02,6.770769324536307643e-02,3.368979875120685641e-01,7.112061025759377486e-01,9.074264932252107396e-01,1.099711185898876620e+00,1.878290016619972524e+00,2.461653907697381349e+00,3.260978810211510925e+00,4.749390977953682480e+00,5.628307767265925854e+00,6.199537639700698932e+00,7.222936341357605095e+00,8.358937624190051707e+00,9.557780552474033797e+00,1.060621469366307856e+01,1.224421239886053137e+01,1.320858812955274075e+01,1.719748658139074493e+01,1.914026239719315470e+01
4.000340000000000000e+05,1.499819860615351219e-01,4.728258185757050480e-01,7.177136876438652280e-01,1.247529237451369344e+00,1.795710982654481036e+00,2.604968297945693401e+00,3.416261435574275307e+00,4.387342365276024836e+00,5.263979091351464135e+00,6.424339205681349974e+00,7.148625534502942358e+00,7.998137122766447504e+00,8.762977175035118194e+00,1.104137542514927972e+01,1.258349626641606100e+01,1.390228250449952796e+01,1.530925622701317224e+01,1.698835479112290514e+01,1.826092924826054897e+01,1.976846108669721147e+01
4.000350000000000000e+05,7.382969185955823299e-03,9.532967361603295053e-02,1.798302135694841430e-01,2.965708035339580384e-01,8.393500459539565695e-01,1.008876354759604466e+00,1.809673890670991270e+00,2.363573956087766881e+00,2.960351232582115522e+00,3.358751125229944012e+00,4.030491095529510126e+00,4.972067138886931303e+00,5.550989660125682512e+00,8.881082874337547395e+00,1.069399476380991132e+01,1.154952743361506684e+01,1.257831026658178786e+01,1.618429223415680696e+01,1.743571088140086545e+01,1.985509297550258978e+01
4.000360000000000000e+05,2.604367034839061290e-02,8.372254590148786590e-02,4.615659952718015324e-01,6.387595154173588696e-01,9.119266175540335917e-01,1.489434851106064883e+00,1.899693765280226154e+00,2.465678169100567807e+00,2.878872422637305917e+00,3.342209083134793701e+00,4.116891377993127321e+00,4.780339846589194863e+00,5.389628386168178409e+00,7.463420948487804907e+00,1.070956592901562665e+01,1.161213334986862655e+01,1.364396672673071365e+01,1.481847838868916334e+01,1.820287103515479288e+01,1.941520153987174169e+01
4.000370000000000000e+05,3.769220271340090189e-02,1.033811369234967081e-01,1.836541742195397786e-01,8.990028621039733991e-01,1.796563759440157337e+00,2.178673490957526937e+00,2.878348906003961982e+00,3.397094230681123150e+00,4.277513399243701109e+00,5.268035533916853197e+00,6.045449663003915397e+00,7.788912939917676859e+00,8.458642406835947369e+00,9.436931015059091266e+00,1.036079619789974693e+01,1.192162607283264997e+01,1.350363870075481465e+01,1.642913819959303368e+01,1.833487203690043899e+01,1.949927788937429440e+01
4.000380000000000000e+05,6.115353934445288964e-03,3.610352203572442242e-02,6.189615959855065963e-02,1.016886392945712814e-01,3.760763650251475188e-01,7.046905948564816669e-01,9.268217824537607896e-01,1.153618628586688288e+00,1.685666975466040718e+00,2.063445557207097547e+00,2.717319314099380989e+00,3.178430004874418735e+00,5.271935368963013957e+00,6.223423808482543507e+00,7.007782219995207562e+00,8.750529639255830716e+00,1.050959577057410144e+01,1.117074075473651185e+01,1.193393415359867582e+01,1.522037957742259628e+01
4.000390000000000000e+05,1.987371294432049851e-03,5.176002534713441960e-02,1.657435700572861270e-01,3.169303104905165647e-01,4.284453407680000048e-01,6.812171998035603249e-01,9.277658453460946308e-01,2.128837773000035405e+00,3.559344563030629072e+00,4.825498636709487421e+00,6.750026276437639972e+00,7.545115610730460887e+00,9.459255162852967302e+00,1.025653282984789882e+01,1.158471777634450817e+01,1.362292293256116871e+01,1.471978499471110524e+01,1.620376423147793332e+01,1.712985641232743106e+01,1.998673338330691251e+01
4.000400000000000000e+05,6.058707373781224703e-02,3.417718748886044988e-01,5.200168019602887659e-01,1.015524355382940058e+00,1.544990390346017151e+00,1.914786346154156993e+00,2.335849922382572608e+00,3.043084735377181715e+00,4.443813318665778667e+00,5.120717536915060819e+00,6.127148289165398332e+00,7.301989698366145198e+00,9.338076377118046167e+00,1.086885366554777654e+01,1.166968628763527249e+01,1.262472760563328755e+01,1.391949307775539602e+01,1.606005039614027652e+01,1.715344663500815159e+01,1.824553604405566887e+01
4.000410000000000000e+05,1.199709927063020709e-01,3.757978430765904765e-01,6.480887049338285300e-01,8.672260142385361803e-01,1.531195020037549703e+00,1.937265688741354852e+00,3.421309719632279922e+00,4.842563639681258358e+00,5.459121093231128263e+00,6.130218720937763877e+00,7.260677398359364432e+00,8.653331342734071896e+00,1.045199769192729278e+01,1.132785702839444042e+01,1.259965894936555664e+01,1.413453405857811873e+01,1.543752970192123009e+01,1.703830593049200104e+01,1.841699950365652327e+01,1.986576276341004998e+01
4.000420000000000000e+05,1.041548481449439123e-02,1.612984398810768383e-01,4.028387248167785151e-01,5.587775673416750521e-01,8.745758455802132847e-01,1.375470297174217427e+00,1.918653275684312653e+00,2.505323224037291574e+00,2.924125045730574080e+00,3.448637759060662056e+00,3.881807137881382097e+00,5.091779347078503548e+00,6.538843316700056363e+00,8.275246276795632738e+00,1.017379702796053742e+01,1.146502015510384709e+01,1.265229773156202597e+01,1.566138528649170070e+01,1.830693840333776379e+01,1.979396925376511618e+01
4.000430000000000000e+05,8.593264178714743462e-02,2.337978608716566598e-01,3.615791419415813612e-01,6.461177123919283893e-01,1.029792082357398719e+00,1.508209833430957270e+00,2.084088249940855953e+00,2.462312620812574515e+00,3.163396890228979963e+00,3.621088733327383125e+00,4.783054613900585395e+00,5.482178047326772941e+00,6.012967923440210249e+00,6.884058151654113722e+00,8.009612175662716993e+00,9.553821625369472770e+00,1.353259507162919739e+01,1.524384181151420137e+01,1.664089731616392598e+01,1.961724435252724064e+01
4.000440000000000000e+05,6.579740727452754179e-02,1.998462990658629312e-01,7.175145383349171846e-01,1.000785358117453061e+00,1.645005701887898297e+00,2.095132252547018847e+00,2.823769626388859422e+00,3.579449345878362720e+00,4.099243919578435147e+00,4.654255064279383625e+00,5.145735695276790977e+00,7.285422038215290996e+00,1.043203211197037206e+01,1.153204638269479787e+01,1.250090636573536607e+01,1.470509145697421260e+01,1.583543486998201821e+01,1.690900213569872435e+01,1.789396216636782100e+01,1.935021706239580652e+01
4.000450000000000000e+05,4.968526738306378032e-02,1.348448862958169236e-01,4.085067954693815118e-01,5.795469530699861593e-01,1.356025158355501636e+00,2.184666940702837401e+00,3.415698094282075825e+00,4.036158116615514935e+00,4.744078992652529081e+00,5.325013082214773874e+00,6.053140086636382478e+00,6.623711346322274984e+00,7.874214767751898769e+00,8.902476772674893013e+00,1.079463618302769845e+01,1.183877659713259156e+01,1.311531358550521276e+01,1.563007923867121995e+01,1.715789456661002177e+01,1.883149610565920540e+01
4.000460000000000000e+05,2.119565653755040024e-03,4.375699936350763153e-02,1.105457790079559244e-01,9.002720336640437360e-01,1.506367236911624330e+00,2.272942812479928243e+00,2.740838403756393760e+00,4.114973910463850082e+00,4.671002057444569644e+00,6.261940633813267709e+00,7.800031727570688744e+00,9.007195108020599861e+00,9.857819453458169789e+00,1.190019521315831241e+01,1.344531646935567437e+01,1.491283192566091920e+01,1.608196728517060237e+01,1.737484770854955940e+01,1.864074367946548705e+01,1.967389717201698929e+01
4.000470000000000000e+05,8.332627345071497160e-02,2.061801627025847683e-01,4.467224268568000811e-01,5.985523050511463161e-01,1.906001995044300790e+00,2.469172556828344689e+00,2.897722328196561836e+00,4.989582298327725596e+00,5.942447088757060847e+00,6.683786867515005170e+00,7.487884535362518967e+00,8.775354811516725917e+00,1.031337651103719644e+01,1.117955727408562261e+01,1.230736159838612487e+01,1.325791858125430522e+01,1.498451823216439216e+01,1.675401840215671356e+01,1.777847764468610592e+01,1.911092942844123144e+01
4.000480000000000000e+05,1.328296386946936636e-02,1.384851145093619618e-01,2.527493484873546414e-01,3.470219204311852934e-01,5.204370616865233723e-01,7.364338150635221236e-01,8.804846617597451575e-01,1.117436822318656375e+00,1.729880218591349994e+00,2.429455333041310450e+00,4.058463940762752742e+00,5.004318850815748121e+00,6.430512374202242754e+00,9.486415467741576180e+00,1.044485376640686702e+01,1.123322783064683961e+01,1.256608571483757331e+01,1.344578597377561735e+01,1.574300389897199182e+01,1.736667719634107243e+01
4.000490000000000000e+05,4.415014351185564401e-02,3.490365983376964021e-01,7.471916728170684419e-01,1.113623422036844168e+00,1.628754871369632706e+00,2.210126532815746891e+00,3.147523793640748302e+00,3.603992244889631102e+00,4.542415041570821543e+00,5.184674184560780219e+00,6.065486891027442873e+00,6.914059281006296409e+00,8.034564247937948878e+00,8.904615857627629083e+00,9.979345148507448471e+00,1.076534658348088946e+01,1.184907092806970041e+01,1.284109712239577128e+01,1.407014190568070333e+01,1.962860690095568472e+01
4.000500000000000000e+05,3.434562626958159726e-02,7.907852517765290301e-02,1.998501751531636117e-01,4.146584835512552303e-01,8.999339409737866502e-01,1.399152155125806596e+00,2.010796698604458754e+00,2.658036712363345266e+00,3.248276695093053945e+00,5.874680771477443386e+00,6.953713633689312168e+00,7.604621167090158451e+00,9.033621377763402904e+00,1.053569767554157899e+01,1.268807647506222480e+01,1.424828060123979512e+01,1.520862567676384991e+01,1.639585678245831701e+01,1.848459780885923109e+01,1.963674582264676971e+01
4.000510000000000000e+05,2.228196394263048941e-02,1.763693131999473085e-01,2.934441636591846869e-01,3.937733319351699457e-01,1.046804710753046930e+00,1.380901554572786960e+00,1.655109832837047268e+00,2.348168895720518456e+00,2.871877721687509766e+00,3.704816826408853458e+00,4.271802106656404696e+00,4.880200623670267746e+00,6.334534994436207711e+00,8.254780975136188914e+00,9.858481138235791974e+00,1.160806623570301888e+01,1.234959609831736671e+01,1.581754049948769669e+01,1.811296878117196485e+01,1.990695143874465600e+01
4.000520000000000000e+05,2.983099587044313328e-02,1.183650083302711931e-01,5.857100321721507852e-01,8.434769628696177080e-01,1.057827460963679522e+00,1.680951305191915601e+00,2.148269923704352546e+00,3.203659112930322905e+00,3.764890725990619025e+00,5.192710732411763175e+00,5.929074584257046254e+00,7.818453892919678516e+00,8.753500672460880594e+00,9.903832045057919586e+00,1.093640454761382053e+01,1.219306982782651261e+01,1.308448777952841446e+01,1.414568445624087190e+01,1.722561459889123370e+01,1.995533631102898653e+01
4.000530000000000000e+05,2.779710667461976481e-02,2.764952589044806786e-01,6.218273662978253125e-01,9.089703991362667601e-01,1.147875860111569501e+00,2.580797237867491489e+00,3.665656053013492066e+00,4.194639357670686408e+00,4.787503510962015874e+00,6.121785454932137327e+00,6.761009710712236220e+00,8.534044164703939117e+00,9.826667728084107267e+00,1.073401139090828238e+01,1.190817026141945689e+01,1.422675172838604318e+01,1.538745770246632460e+01,1.640374365753610419e+01,1.797814123852636925e+01,1.962514462300247331e+01
4.000540000000000000e+05,5.239675717306657710e-02,1.254478044844278273e-01,5.378178944778165826e-01,8.260078583035825872e-01,1.145064929684914024e+00,1.563501058256788534e+00,2.177647266821775673e+00,3.031681317974260104e+00,3.634287799752068171e+00,4.449020709339689184e+00,5.162857647361492219e+00,6.196555127998382595e+00,6.903316143706988761e+00,7.565102974843121331e+00,8.548751202353155776e+00,9.504444768415508449e+00,1.270694032519404715e+01,1.523632137880699666e+01,1.624632458029024562e+01,1.758191599831204144e+01
4.000550000000000000e+05,7.080628753454654145e-02,1.897246669295875598e-01,3.529836313277974202e-01,8.426898873741457408e-01,1.151455536612473018e+00,1.502766950576865490e+00,2.068998030201809613e+00,2.654183520304862931e+00,4.517207876494946817e+00,5.306912096080007579e+00,5.908913433995230946e+00,7.568967847227614953e+00,8.349567116492675467e+00,1.032033337166095954e+01,1.115563023766681461e+01,1.282482300951670240e+01,1.402062259736982419e+01,1.549110780675240662e+01,1.857953074159890505e+01,1.963181654247579289e+01
4.000560000000000000e+05,5.450613210840582479e-02,1.188615538055486365e-01,2.405389459472826452e-01,3.699496364520697966e-01,9.690856486629473299e-01,2.239411824178367816e+00,2.620911529252365924e+00,3.154164728785413097e+00,4.281900828335652776e+00,5.507139612246612081e+00,6.285241678853969560e+00,7.239086725185693183e+00,7.976468688893232795e+00,9.973130110616553523e+00,1.126250946488746507e+01,1.334431845618860635e+01,1.639228587841828855e+01,1.748783052096225887e+01,1.859424218498875803e+01,1.962709250679127848e+01
4.000570000000000000e+05,6.280650833766299179e-02,1.316408678675300425e-01,2.324624392799301553e-01,9.676416313997964203e-01,1.320234611315564965e+00,1.827069045571311001e+00,2.590241242865493287e+00,3.107738173639762458e+00,3.769971218633112020e+00,4.228671343326526610e+00,4.947871459964328089e+00,5.875253631020703082e+00,6.394490235616705931e+00,7.446674583244567103e+00,8.815965721127980714e+00,1.092110663067895615e+01,1.246764411112740234e+01,1.491051077760618959e+01,1.797600623450257729e+01,1.968505477530771230e+01
4.000580000000000000e+05,1.545235541553391378e-03,3.522614586481376264e-01,5.868952854259268381e-01,7.940793927469549374e-01,1.336825305341930559e+00,2.058727699746027540e+00,3.335559404122407479e+00,4.246199013349333917e+00,5.011598331694547603e+00,5.699195507798856752e+00,6.896613345458323607e+00,7.859509788238687733e+00,8.616217863376393282e+00,9.435858574536013066e+00,1.073726531266272666e+01,1.222207443469653398e+01,1.504609092369891243e+01,1.695529177850837854e+01,1.802599873795737295e+01,1.926369681896667174e+01
4.000590000000000000e+05,5.091387006119896252e-02,1.789352223309490508e-01,5.455833941344195859e-01,1.006871303752717939e+00,1.341863891348811677e+00,1.618632125624829943e+00,2.116987897141515695e+00,2.442146212861407761e+00,3.110036940422722385e+00,3.513641373065609308e+00,5.661676245841726463e+00,6.599217180638955682e+00,7.343380961279442509e+00,1.009847421512584908e+01,1.224444369004581468e+01,1.339159757350527435e+01,1.464038997949450049e+01,1.627444976685021416e+01,1.784132723159384426e+01,1.922834319814506898e+01
4.000600000000000000e+05,1.204599806714168331e-03,3.016570485016623060e-02,4.784379853806075555e-02,4.693462311991409841e-01,1.236455099388529266e+00,1.698313570464631495e+00,2.506969072004637589e+00,3.219395592669390460e+00,3.707068107985816763e+00,4.384089722592291238e+00,5.047051503414730078e+00,5.761921271409379486e+00,6.352059297408498395e+00,8.795676996562391992e+00,9.629958170000485040e+00,1.133990425439685801e+01,1.439614117176201447e+01,1.643591935532928616e+01,1.844414792619364718e+01,1.984663700735273650e+01
4.000610000000000000e+05,8.519013465943237051e-02,2.379159948395896951e-01,3.571017624684451608e-01,1.011336830148104937e+00,1.484995092447320975e+00,2.145018505567604095e+00,2.884985707120856002e+00,3.344916504903561183e+00,3.820912720403292440e+00,4.679136353569854023e+00,5.351446727333480702e+00,6.538255752429164680e+00,8.423492859734885485e+00,9.817320625304933657e+00,1.263672211122482381e+01,1.353178855529501057e+01,1.497375897233269804e+01,1.635298243456101730e+01,1.841553207516237123e+01,1.972250316796650793e+01
4.000620000000000000e+05,1.331671820585820232e-01,2.902766503899831818e-01,7.038863084549450422e-01,1.420883983921192861e+00,1.922062653745770344e+00,2.856208486841607996e+00,3.529182885339476883e+00,4.087238052167717406e+00,4.653609765593999192e+00,7.078608994198703819e+00,8.060539054471458797e+00,8.911426226142960871e+00,9.684841662407663421e+00,1.060767465865153625e+01,1.308672153281409045e+01,1.440689703208424532e+01,1.580778951604661664e+01,1.747514562482491485e+01,1.846053108934370712e+01,1.982972383067799882e+01
4.000630000000000000e+05,5.738752309821792963e-04,1.702997393631815459e-01,5.921293868568350272e-01,1.605809333299887065e+00,2.199882121838024229e+00,2.674563616033141855e+00,3.320054842478276313e+00,4.218885426896285651e+00,5.027289009144487508e+00,5.624075093179692786e+00,7.842840496851374965e+00,8.823121038109055903e+00,1.006861017144029624e+01,1.122939124120723520e+01,1.207005466910163882e+01,1.295955871274527205e+01,1.404028581951313015e+01,1.577309501644474565e+01,1.702001912182104348e+01,1.924215204266075574e+01
4.000640000000000000e+05,4.907731479019805665e-02,1.099034207063209756e-01,2.209448726615381720e-01,6.623287304702958345e-01,1.175086919291409959e+00,1.732148133092005882e+00,2.210594987095941377e+00,2.887804150339344567e+00,4.466877720088175963e+00,5.212699524606857260e+00,6.209273238257784655e+00,7.857361388612056352e+00,8.832530117722745544e+00,1.002989963220359471e+01,1.097219244278210937e+01,1.275680150591806239e+01,1.419672805778643365e+01,1.704023789819308732e+01,1.807883962469617245e+01,1.939290679803517747e+01
4.000650000000000000e+05,1.014791566868703532e-01,2.072481977167437428e-01,6.571872086498391496e-01,9.645469835519193680e-01,2.062722637907287826e+00,2.699559050627706736e+00,3.505428511339069964e+00,4.064959123264045182e+00,5.225514012700134714e+00,6.098012510042451595e+00,6.924338396038013599e+00,7.700658155871020760e+00,8.470628839241195251e+00,9.998763657926998505e+00,1.143125197667551340e+01,1.320722405336164051e+01,1.540711401258060143e+01,1.708533234381832955e+01,1.808946747584470671e+01,1.982579733176754289e+01
4.000660000000000000e+05,8.557791232464817544e-02,1.957563364457719501e-01,7.350624828696132873e-01,1.236244426505800575e+00,1.649825208472771587e+00,2.207454585016284998e+00,2.624620875797998298e+00,3.308970228857051055e+00,4.402542643546665246e+00,5.663916255948253209e+00,6.319707183376719328e+00,6.979310852722042213e+00,8.011893982077685550e+00,9.004631220087055965e+00,1.141246595756199511e+01,1.448207161916592156e+01,1.601083889769837043e+01,1.763648440108967463e+01,1.870339631523630430e+01,1.993870444719030388e+01
4.000670000000000000e+05,5.888498053645052632e-02,2.574084446599846920e-01,3.982564741366442229e-01,5.921120000232904523e-01,1.607901487682238395e+00,1.985350444118482827e+00,2.339870762781871782e+00,2.784515973106119091e+00,3.460374578226364850e+00,3.960065586484354583e+00,5.062578684772464754e+00,6.357129976612769795e+00,7.925930820389826437e+00,8.596604337610235902e+00,9.338993103825798059e+00,1.211868539620663299e+01,1.423228042759490997e+01,1.533138456077898226e+01,1.677010555246602053e+01,1.981677921716592650e+01
4.000680000000000000e+05,1.390828324423010187e-02,4.361545407525246887e-02,2.506314533889171248e-01,6.240074403557951399e-01,9.971658432433638808e-01,1.310098575890152883e+00,1.587009326907693030e+00,1.883372810265393937e+00,3.708306738044075068e+00,4.211703004622964208e+00,4.970324072007056060e+00,6.754236044286201945e+00,7.774380590036463090e+00,9.254616509681312664e+00,1.066377747174051116e+01,1.149314229888719474e+01,1.381138043093523571e+01,1.501538849847870871e+01,1.605073993598634274e+01,1.887896396111629471e+01
4.000690000000000000e+05,4.683609060789351020e-03,2.001181626814974024e-02,1.394584559982625649e-01,1.920193808529022661e-01,4.220382249771892358e-01,7.055762471955475679e-01,1.118392507646942757e+00,2.172266425124607991e+00,2.849439691101896877e+00,3.354656659805676178e+00,4.114072825721902582e+00,4.608446548217018268e+00,5.580792456557590597e+00,6.076582790720431504e+00,9.398554586465021288e+00,1.024851088685870693e+01,1.158414276278890043e+01,1.436060878191149293e+01,1.525044546731145978e+01,1.613869097575525302e+01
4.000700000000000000e+05,6.139053892576906701e-02,2.490111447238998466e-01,4.283845022897716515e-01,6.454772970138047405e-01,8.908500099592114863e-01,1.141434256774527256e+00,1.654273476344319871e+00,2.647536936138597419e+00,3.538271036770065159e+00,4.258632657154874046e+00,4.805508755489815265e+00,5.571125674368470726e+00,6.753050147580438534e+00,7.691844396111283899e+00,9.830980500525786425e+00,1.074610852097784885e+01,1.225954950466691074e+01,1.487144656471855519e+01,1.607580435779943429e+01,1.937943034430713851e+01
4.000710000000000000e+05,4.065521199276589392e-02,1.519280304818666494e-01,2.466423234675068077e-01,4.464763509544855680e-01,7.603193354161408291e-01,1.688548098384636376e+00,2.219523494918768325e+00,2.757574388628695417e+00,4.322256726638933344e+00,5.007611815191742366e+00,6.948298886356572446e+00,7.813296397464757348e+00,8.566647930578515258e+00,9.683608512756499920e+00,1.073742775947327033e+01,1.190039144018579798e+01,1.432227580962252134e+01,1.531476894220196172e+01,1.635753965411691624e+01,1.761897252024512284e+01
4.000720000000000000e+05,1.688770915173043452e-02,1.885583109236472765e-01,3.323418891619744908e-01,9.785506519970046391e-01,1.292496897803933065e+00,1.676293953172329321e+00,2.270936675192258392e+00,3.127519959153822526e+00,3.706163547632503885e+00,4.985345681616709435e+00,5.520590708581049277e+00,6.694546574484891543e+00,7.389006273278261538e+00,8.215425814998262410e+00,9.865806025772869248e+00,1.078917140374436201e+01,1.250102148612251973e+01,1.597111601537187831e+01,1.738005341169557028e+01,1.981581386420154445e+01
4.000730000000000000e+05,2.143530184392914428e-01,4.421354582415391032e-01,6.757216630044504679e-01,1.275127043244081104e+00,1.654675344762768230e+00,2.007057602972084354e+00,2.476715786642726957e+00,2.966164621281036418e+00,3.454691837858347991e+00,4.613859601580005965e+00,5.836314976766899143e+00,8.006766144054052958e+00,8.717649038993684485e+00,9.484902296895135976e+00,1.077280482202553102e+01,1.167015223451047845e+01,1.281973963453906684e+01,1.665351389201664389e+01,1.784422488109992599e+01,1.994693426625496002e+01
4.000740000000000000e+05,1.306839961407935125e-02,1.791675539209018897e-01,4.938170294777884939e-01,8.486347291103797374e-01,1.277031749701867280e+00,1.849179925334265118e+00,2.280732721968195875e+00,2.701151450080841343e+00,3.699027375531274142e+00,4.348365121868896566e+00,5.493212345687416231e+00,6.043912755666806191e+00,7.842125382942175982e+00,8.654511006288878150e+00,1.022577386358537055e+01,1.138874891009035828e+01,1.488717119636839747e+01,1.589459305961905144e+01,1.695520262975576387e+01,1.977994286219068343e+01
4.000750000000000000e+05,5.015350292935394361e-02,3.967012372974811907e-01,1.065184413686765641e+00,1.510857422817214690e+00,1.976182181670576021e+00,2.581749384232834288e+00,3.066161467663711448e+00,4.132970420183139204e+00,4.919197179226657113e+00,6.310177355297295065e+00,7.081983006931484859e+00,9.038540645141221574e+00,1.014362203293168996e+01,1.123277756879288170e+01,1.234289858463337985e+01,1.354546989022236581e+01,1.455336156298286809e+01,1.557089555543282344e+01,1.677882831050292012e+01,1.931195642561030468e+01
4.000760000000000000e+05,7.536517218359284342e-02,1.689337685671730149e-01,2.662936201284352711e-01,6.448032374458829707e-01,8.355321816455130168e-01,1.222568512217906855e+00,1.726620114992283295e+00,2.291265807869582005e+00,2.680272968014088431e+00,3.590622173456543553e+00,4.601618958731535258e+00,6.828229612399949744e+00,7.527572970705418420e+00,8.890836667277266514e+00,9.822477907077880488e+00,1.118618692225753719e+01,1.322150179213577026e+01,1.523996276131530436e+01,1.775758763242069449e+01,1.959592849590693575e+01
4.000770000000000000e+05,3.334785447912269607e-02,1.438837504804140188e-01,2.440107406597840090e-01,5.392060683679233968e-01,7.620178948773914662e-01,9.923310433413627951e-01,2.117425182986843790e+00,3.074567348222628560e+00,4.191596974387672425e+00,4.819569425366862170e+00,5.962027072267780170e+00,6.563978483087188565e+00,7.815567371993742185e+00,9.085335568225280767e+00,9.881603786291726976e+00,1.306326568669464194e+01,1.396733956008051258e+01,1.510046365021513637e+01,1.605546304453022444e+01,1.891690075391635517e+01
4.000780000000000000e+05,7.933761367582503610e-03,3.582789310170797492e-02,2.398932920861132079e-01,5.400679809516937269e-01,7.706084567880588931e-01,9.608513422124242975e-01,1.220907045293900151e+00,1.809012034775845379e+00,2.215326622724181682e+00,2.774293282491542278e+00,3.693124537535048990e+00,4.658329676169157274e+00,6.510037821943672753e+00,8.126496326663913194e+00,1.035134477608166392e+01,1.126757879357037950e+01,1.202493201027459513e+01,1.443094266985290197e+01,1.818733784136182052e+01,1.952749856442684262e+01
4.000790000000000000e+05,6.655231790852178531e-02,1.884094171116792449e-01,3.614678087514823224e-01,8.705623401764692737e-01,1.183415988811078456e+00,1.438363053114985357e+00,1.823809605148701163e+00,3.230847442081253185e+00,3.803356561520704116e+00,4.644010109580467116e+00,5.541915373599557881e+00,8.230132097550672654e+00,9.862561496160868302e+00,1.065192147499753794e+01,1.228617377059792304e+01,1.321023722103738507e+01,1.511294089676865759e+01,1.680260997197914818e+01,1.794755613958059470e+01,1.989159997698069304e+01
4.000800000000000000e+05,2.532244110926717973e-02,1.448302145308733024e-01,4.341522281784782056e-01,7.199146538551017827e-01,9.665224204604716540e-01,1.203909977281423016e+00,1.705131308851842276e+00,2.132778624862318395e+00,2.453531926781015393e+00,3.558398962554033318e+00,4.337375661667399740e+00,5.348033566397429439e+00,5.909536165957080200e+00,6.631540263963689341e+00,7.427135506520269104e+00,8.917627838475635116e+00,9.853175777407795266e+00,1.465503284220229219e+01,1.623277529908865446e+01,1.832847245670358660e+01
4.000810000000000000e+05,1.143888730267550446e-02,8.452134944566469521e-02,2.541325900312449981e-01,3.892269599965145765e-01,5.360149151196830219e-01,6.920447299629666205e-01,1.116812632788173776e+00,2.115319224483434013e+00,2.975291251206181986e+00,3.480988149067725246e+00,3.863631622225572215e+00,4.948486595983750291e+00,5.633327124748055859e+00,6.544871962577829549e+00,1.014536638245440869e+01,1.088576784208485471e+01,1.235570025083958257e+01,1.371823424102386646e+01,1.624548893834905883e+01,1.766157257194872798e+01
4.000820000000000000e+05,1.965232865801080919e-03,3.316745800546794243e-02,1.802864508740918970e-01,4.476306946290988797e-01,7.529819748607019525e-01,1.074843035920418854e+00,1.363803517429499346e+00,2.971116511818283179e+00,3.540558738987753973e+00,4.824056891934658253e+00,6.464861495570094263e+00,7.777267656667102180e+00,9.778161585849202808e+00,1.111787460666182348e+01,1.252338574096355828e+01,1.369576386553711522e+01,1.574692608659348103e+01,1.696039014423598701e+01,1.824711695578213266e+01,1.956947513110129577e+01
4.000830000000000000e+05,5.953992854535528068e-02,1.633313501227411368e-01,4.955625376558165929e-01,9.104730613672771256e-01,1.570387779521018601e+00,2.286200547160758489e+00,2.855461109032149114e+00,3.502276226760553612e+00,4.370456431551120069e+00,5.119963353061159239e+00,5.941821282456375641e+00,6.689261755352680083e+00,7.690046327425044126e+00,9.222841161038811464e+00,1.073350517354333533e+01,1.148831616192336114e+01,1.296042410643318021e+01,1.484913825800963849e+01,1.688902606174757182e+01,1.815767129212434128e+01
4.000840000000000000e+05,1.667499598155375296e-03,1.012996599926316854e-01,1.789837664509182913e-01,3.379827811651150427e-01,7.453005996429939994e-01,9.013021412149826439e-01,1.212192035975932392e+00,2.046545763833048426e+00,3.028535432839448482e+00,4.200573294180415473e+00,4.963968034893093240e+00,5.981587173402023616e+00,6.501295478360576752e+00,7.110790634300863111e+00,8.912797577536466065e+00,1.040885234952562577e+01,1.145515639140791109e+01,1.356312311296576034e+01,1.509615223620827607e+01,1.617674974130586207e+01
4.000850000000000000e+05,6.257709849542358871e-02,1.828086353366464856e-01,3.817218900650182212e-01,6.276199059430163096e-01,1.220822021076487518e+00,1.564641449965171738e+00,1.836996020262886109e+00,2.766883272649651282e+00,3.653699950956771580e+00,4.249954446780142447e+00,5.076806605131390704e+00,5.637986270706624836e+00,6.873720074107199984e+00,9.107261287632642421e+00,1.012188519008480370e+01,1.360500289253092454e+01,1.500315536396115412e+01,1.632735453385856061e+01,1.787794432772034625e+01,1.953435786574961952e+01
4.000860000000000000e+05,8.114764557317011295e-02,2.003812865350944605e-01,4.004678583650236323e-01,6.845781588406243401e-01,8.730511473633939534e-01,1.603176439552286503e+00,3.042790758251563865e+00,3.592015491013163420e+00,5.350693232914707664e+00,6.136538180257558039e+00,6.813403864864974402e+00,7.517376957699516637e+00,8.349907962999401079e+00,9.726900173566299657e+00,1.139338031735876022e+01,1.221969459931710134e+01,1.305280157307435296e+01,1.470139303531039943e+01,1.555142068220716745e+01,1.954477657329851326e+01
4.000870000000000000e+05,1.018952603636569254e-01,4.406229002396289118e-01,7.037977474826854207e-01,1.323432216376329684e+00,1.912863983085235642e+00,2.297382283854215501e+00,2.788221125190943450e+00,3.191891687622781859e+00,3.844335396019928908e+00,4.278524792928852349e+00,4.712806607915758228e+00,5.301915835795629306e+00,5.748669690836132773e+00,6.411476039524983683e+00,1.054224335613826824e+01,1.135059700222197776e+01,1.306284718493024144e+01,1.430107520631723972e+01,1.529082737736792019e+01,1.827980994518675217e+01
4.000880000000000000e+05,4.140821515935355634e-02,9.257706898076945023e-02,3.581733879012981570e-01,4.993947040920190261e-01,6.934560373123621613e-01,8.977505922659170245e-01,1.541718760202636318e+00,2.223691553540349197e+00,2.960240647258494562e+00,3.931422435249249947e+00,5.172229701192394558e+00,6.041085584218151894e+00,7.742727235882307824e+00,8.733575275007362748e+00,9.734534571735421693e+00,1.071346575295758541e+01,1.171018663863991804e+01,1.249221950898828126e+01,1.468282119399766650e+01,1.628222958088405647e+01
4.000890000000000000e+05,3.028578658220348885e-02,1.044224532657929139e-01,2.760537254428128140e-01,5.503192069631057670e-01,8.111548461422207756e-01,1.006026979941915700e+00,1.306983291569421723e+00,1.826750916299492822e+00,2.870426364929833163e+00,3.291308810512532101e+00,3.651385454176499401e+00,4.269080132265420602e+00,4.862180815185440430e+00,7.588902170263799540e+00,8.635035486492080636e+00,9.291044766245310171e+00,1.251946274237463896e+01,1.392875458551562673e+01,1.815138366331839137e+01,1.934223589112774988e+01
4.000900000000000000e+05,6.682308595092889547e-03,1.235572739768298067e-01,3.169653371676033338e-01,7.413251461095917705e-01,1.321944718143557740e+00,2.103485391944170502e+00,3.072126598192114422e+00,3.560382105751529025e+00,4.053862187785433946e+00,4.878667030964850326e+00,6.279852839864339842e+00,8.391870731940418437e+00,1.031873743453099657e+01,1.146300359762866528e+01,1.231912470928570613e+01,1.319899564083050514e+01,1.422348838266357696e+01,1.586968681429036288e+01,1.710330338589209731e+01,1.884022540604713924e+01
4.000910000000000000e+05,8.730183205410313452e-02,2.125274837717263665e-01,3.323746963390897813e-01,7.645894889293214369e-01,1.100556557780095757e+00,1.531850883589040757e+00,2.515646290164629040e+00,2.947015268153537981e+00,5.237231207581051429e+00,5.904478836509926332e+00,6.769008546041375141e+00,7.954872998705344145e+00,9.561915445060256147e+00,1.080639848420571880e+01,1.248531847938369488e+01,1.424147313792071223e+01,1.547747524469878577e+01,1.676623627557414764e+01,1.833484651070286020e+01,1.943705205278165238e+01
4.000920000000000000e+05,4.731989557268678759e-02,1.826721117563527841e-01,3.823621737233499074e-01,7.259503727695708619e-01,1.144358605385741301e+00,1.524735552158806184e+00,1.793447140724154121e+00,2.237923225247627990e+00,2.538009278537544766e+00,2.883703162373991713e+00,3.444293290283173548e+00,4.978079819780159454e+00,6.206269173678452766e+00,7.319311654397631095e+00,1.003614586283614862e+01,1.093288693832884384e+01,1.286708922023308865e+01,1.614690136040572810e+01,1.861646599209958453e+01,1.986686055568996778e+01
4.000930000000000000e+05,6.560661982804072423e-02,5.401780434978944445e-01,1.132362436147727136e+00,1.555756789794230155e+00,2.431703672267580885e+00,2.943509746238099467e+00,3.539504439935156732e+00,4.238176868984486312e+00,5.291423330900721034e+00,8.236404912880653129e+00,9.132484959309127959e+00,1.026336480278820851e+01,1.177550515569948075e+01,1.269116334868873786e+01,1.426993648321638553e+01,1.524469601708045552e+01,1.633698445199289395e+01,1.743192931290106173e+01,1.876455021012855440e+01,1.975640421563072024e+01
4.000940000000000000e+05,5.272931900943189643e-02,4.511296490948748517e-01,8.129225647400095678e-01,1.307305904657599882e+00,1.643051046405916260e+00,2.067674629088951832e+00,2.424049159350973426e+00,3.225011251419350522e+00,4.080239216280070025e+00,4.889375254676878946e+00,5.560054655730144013e+00,6.178789510370218174e+00,7.389807757073650230e+00,8.541279280614133995e+00,1.094224897088678361e+01,1.176066028432625998e+01,1.257820757136108547e+01,1.339923347585448887e+01,1.423858259036766505e+01,1.885204325273663173e+01
4.000950000000000000e+05,5.242282397827313645e-03,1.338807900152445551e-01,2.062977443495261909e-01,6.417256064105347768e-01,9.400633913498601668e-01,1.690511117094503302e+00,2.898685075735743855e+00,3.392206278941094943e+00,3.853350788552486694e+00,6.166602832170045012e+00,7.098402909376863690e+00,8.555141178776773714e+00,9.618109574996735134e+00,1.095356416027121327e+01,1.289779854531410486e+01,1.428342980474082857e+01,1.527918169376344615e+01,1.625804073304585629e+01,1.757527916191520490e+01,1.881549429822926101e+01
4.000960000000000000e+05,1.459548218428099453e-01,3.603898292217753152e-01,5.448262973228302775e-01,1.007068731817394980e+00,1.329952969071010571e+00,2.013278073968671755e+00,2.921285028770272518e+00,3.401903991169075603e+00,4.056578080269892972e+00,5.472895635423872029e+00,6.257721772960729290e+00,7.523626661867639953e+00,8.232316065611660960e+00,9.711944617207219466e+00,1.125534925764881677e+01,1.229711499333210334e+01,1.317443214563854958e+01,1.675110703089959685e+01,1.888053729095058131e+01,1.988072858476173721e+01
4.000970000000000000e+05,4.888117263853986039e-02,1.713021718524547765e-01,3.070616877564761316e-01,4.503129190435108953e-01,6.398211919550628179e-01,1.056055319459921815e+00,1.437023490809172355e+00,1.733475453011352307e+00,2.122006220100108642e+00,2.671295556171577879e+00,3.293098103371297825e+00,4.246512508693861321e+00,4.824330070745077137e+00,7.454627842872556975e+00,8.986686885377640266e+00,9.782265457817892695e+00,1.093196603496685171e+01,1.373194978017039425e+01,1.511170455346130836e+01,1.615973100992757239e+01
4.000980000000000000e+05,3.983934912173126008e-02,2.893432239561901653e-01,4.407209431837666447e-01,9.620599243187668570e-01,1.434260182008960660e+00,1.998493785650989674e+00,2.369059836617359860e+00,2.759957129016639144e+00,3.441379112723133460e+00,4.193936775264635486e+00,6.071642403357902396e+00,7.090045338271405484e+00,7.711911409989989252e+00,8.456445868299088175e+00,9.367975689678610607e+00,1.089594912416811212e+01,1.159563621829590296e+01,1.240150100906786257e+01,1.697669293689541092e+01,1.800630570647037487e+01
4.000990000000000000e+05,2.371719562470808729e-02,1.031676006041546412e-01,1.848098348628354204e-01,2.978859135652927037e-01,4.064015953852967433e-01,7.078408290091595667e-01,1.435153449783793000e+00,1.849479392755616125e+00,2.449605031551975731e+00,2.725566874148398711e+00,3.026057357981706275e+00,3.554920871674372318e+00,4.449459243566017186e+00,6.818068336455176848e+00,7.395824405342009022e+00,8.934404634384522481e+00,9.940513200068245681e+00,1.108455103089477944e+01,1.427093617726171360e+01,1.987034196483299908e+01
