3.700000000000000000e+05,1.924562648561749523e-01,4.309985682914889704e-01,6.725572155600003654e-01,1.380913334179883378e+00,2.006341913499563923e+00,2.862278901150335564e+00,3.495486226092110016e+00,4.196887632368439647e+00,5.086899138331903991e+00,6.499886650175426439e+00,7.336204528751348874e+00,8.625336255539853170e+00,9.877858355589518524e+00,1.065359862250928202e+01,1.152082653748642649e+01,1.413891348964027195e+01,1.506391562667988104e+01,1.595308690169517618e+01,1.744328837063059368e+01,1.943126507336360476e+01
3.700010000000000000e+05,1.620044103235152022e-02,3.341954386741519123e-02,3.320516787324451213e-01,4.719455658163456135e-01,1.008454580984426308e+00,1.949888532691174570e+00,2.457352297045809042e+00,2.826199065640309982e+00,3.402713454032674445e+00,3.987864310559255721e+00,5.044319184690353453e+00,6.532464513726003119e+00,7.816314596421472416e+00,8.899208968310787782e+00,9.961381016955479950e+00,1.084314822472445883e+01,1.394778891252027186e+01,1.503179309874884950e+01,1.667398311130891031e+01,1.835055708712406286e+01
3.700020000000000000e+05,9.829542636619681417e-02,2.435655878476921110e-01,4.692115883029751577e-01,6.906777314040928317e-01,1.227462048003047812e+00,1.808325908396418269e+00,2.283967457673805601e+00,2.728837235334152567e+00,4.309003128011367423e+00,5.558827227861936393e+00,6.131587999259552113e+00,6.796822676699894927e+00,7.931623733104694374e+00,9.254203850119159469e+00,1.231697392507408573e+01,1.371114729578652991e+01,1.510692898717129395e+01,1.649911709400343796e+01,1.802124443423012679e+01,1.967881695439381673e+01
3.700030000000000000e+05,6.966063467135508169e-02,3.444149912782328293e-01,5.296111504668551406e-01,8.014179564394554589e-01,1.181128777575333189e+00,1.919814056714324924e+00,2.320990167881178401e+00,3.030135676503093123e+00,3.842233098461970364e+00,4.474341058524593961e+00,5.025002820105059165e+00,6.017231652618369786e+00,6.902250232484585801e+00,9.608399295364053572e+00,1.040360707619755765e+01,1.312146098820694284e+01,1.395911299453902288e+01,1.638675354949277363e+01,1.809838671862406301e+01,1.981870818558216385e+01
3.700040000000000000e+05,2.498412637675084813e-02,8.656117696742993139e-02,2.084957607948534353e-01,3.223906109963303734e-01,6.245501506703066141e-01,8.284122060936298659e-01,9.947716197593882148e-01,1.519165825663916891e+00,2.194166839778828315e+00,3.192254490132712341e+00,4.005779337653706307e+00,4.989178413822854097e+00,5.809838202467378032e+00,6.340320400428314684e+00,7.656974079232045760e+00,8.290290766606648987e+00,9.099378203165956691e+00,1.234853683169305150e+01,1.468374791068128005e+01,1.852373626124101591e+01
3.700050000000000000e+05,5.029159637617519607e-03,3.732414906493475293e-02,9.301990157495220179e-01,1.679336520282576295e+00,2.260364395208751986e+00,2.744408958075689853e+00,3.847087798157622363e+00,4.892355972505196604e+00,5.512185224879027956e+00,6.614532912661905684e+00,7.425936725339691513e+00,9.199135067759563356e+00,1.025638489616001792e+01,1.114064264248701264e+01,1.253176433872672746e+01,1.373701633242495745e+01,1.473562933358662974e+01,1.626823343812308664e+01,1.831369058942973638e+01,1.976318544962258628e+01
3.700060000000000000e+05,7.065547633986002385e-02,2.286275247599753868e-01,3.782611151398568294e-01,5.139936413425085782e-01,9.981376408163528113e-01,2.422752361968019130e+00,2.907745062157630400e+00,3.577856234939800650e+00,4.840256149708337396e+00,5.534189373299913228e+00,6.489133708184183114e+00,7.786134346821418362e+00,8.888638201305369080e+00,9.828255430581540608e+00,1.212909336766454871e+01,1.308013451360883828e+01,1.416796973147654448e+01,1.583706015270241352e+01,1.809490888910612227e+01,1.976965015944874438e+01
3.700070000000000000e+05,1.014293958285616970e-01,2.750786170924912621e-01,5.244943122128232771e-01,1.016512162748375303e+00,1.555458764652035253e+00,1.885310767188050018e+00,2.362614569776754436e+00,3.069396950492776277e+00,3.504002811815932983e+00,4.201220996120614615e+00,5.471747598323383421e+00,6.060352580148823165e+00,7.947965998351421923e+00,9.567441188020252341e+00,1.102168058454499899e+01,1.178248558134411361e+01,1.290030356882662055e+01,1.675545581067663292e+01,1.788067300818227423e+01,1.920692634469197202e+01
3.700080000000000000e+05,1.619607994276227592e-01,3.289673190501423150e-01,6.067240644907828662e-01,1.490958570908488934e+00,2.533783284585457984e+00,3.366501397011020025e+00,3.997528384931419154e+00,4.827183754083676170e+00,6.140134374469946366e+00,6.919611867903311619e+00,8.967616393605309710e+00,9.957402514646330971e+00,1.105562108096386531e+01,1.214256225784248500e+01,1.339268870182103299e+01,1.433273270344346528e+01,1.528625274845590098e+01,1.636030354066130243e+01,1.797400462209421690e+01,1.982989913089875955e+01
3.700090000000000000e+05,2.233114799649182913e-02,8.497381816773086349e-02,2.624089091608098334e-01,5.453242410444829602e-01,7.963462602100362941e-01,1.259446971427737205e+00,1.701383999203126551e+00,2.403918668959110327e+00,2.811225878572876091e+00,3.144236047827515534e+00,3.498043106892938070e+00,4.308936801813122663e+00,4.737724384001184674e+00,5.223525387544905030e+00,6.735264145303975880e+00,7.244785835126915430e+00,1.020817230426405686e+01,1.125768729408443214e+01,1.416970957527271757e+01,1.548854830952212680e+01
3.700100000000000000e+05,5.454291386486631588e-02,1.630912460617515158e-01,2.944382846372456397e-01,4.292602551640798403e-01,5.937424129710955345e-01,1.233532602500675868e+00,1.544708957445165787e+00,2.058663704486452417e+00,3.374271731432163079e+00,4.106222143932317437e+00,5.454615979444314533e+00,6.568409250552122991e+00,7.926598337819015683e+00,9.884535262795910882e+00,1.098221538334249914e+01,1.187982204993579138e+01,1.288866282210807768e+01,1.365756825374539751e+01,1.614576966559613069e+01,1.850681135039521052e+01
3.700110000000000000e+05,2.398730740538312922e-02,7.601996512600961431e-02,2.078104685646445793e-01,3.863666213685590378e-01,5.575856471089685185e-01,7.663270134227682107e-01,1.442222861976139026e+00,1.784375356131504553e+00,2.450656381556987284e+00,3.531700865727744887e+00,4.919803610087123857e+00,5.518645060748847087e+00,6.654954765736464495e+00,1.043196211309000354e+01,1.120293173185313051e+01,1.324787627152953817e+01,1.545746771341493542e+01,1.680801539112589182e+01,1.788523809412033572e+01,1.920262084992243246e+01
3.700120000000000000e+05,6.252721660213145238e-02,1.592900651300896975e-01,5.056556232276491203e-01,7.524588159865657211e-01,1.384582828647200170e+00,1.805518562604728317e+00,2.368761332031844358e+00,3.094522644695158142e+00,3.489586566171118953e+00,4.380737011582048979e+00,4.903312074204227322e+00,5.766446291128795920e+00,7.469246003592715510e+00,8.219391261366471468e+00,9.953837792166838838e+00,1.113360437963620342e+01,1.497937148144159991e+01,1.641688378985809038e+01,1.743169400158841142e+01,1.864585743289402231e+01
3.700130000000000000e+05,7.735692962485773982e-02,1.776743109864218351e-01,4.411894783941624487e-01,5.997791265283658468e-01,8.283453251103400916e-01,1.088161895381193123e+00,1.475551496514976968e+00,3.254606504188947369e+00,3.805506070127680829e+00,4.419360465849852204e+00,5.752367807503204311e+00,7.001827537451002392e+00,8.505429400000348750e+00,9.539858405468203628e+00,1.121562282960314505e+01,1.200484995638363372e+01,1.336303645722705369e+01,1.436117920696808170e+01,1.520454631164998283e+01,1.724435075443297194e+01
3.700140000000000000e+05,1.842821006501194070e-02,1.404931585947990502e-01,3.728565105520863510e-01,6.772127214550258678e-01,9.879814887937649059e-01,1.521057226625028402e+00,2.053804767788306229e+00,2.406971589160775693e+00,2.770850109925873106e+00,3.271596175993506606e+00,4.162005994547252286e+00,4.890381348449070131e+00,5.798677142831541786e+00,6.379591062122088374e+00,1.009102096808803495e+01,1.116742087922312976e+01,1.411330317767124853e+01,1.698380369747360774e+01,1.811690925955228337e+01,1.937622685149892021e+01
3.700150000000000000e+05,7.073235877873995658e-02,3.676143196534733537e-01,6.959266813651665551e-01,1.059966027568763902e+00,1.451820316895875873e+00,2.376121981854305787e+00,3.303535659212653464e+00,4.120782071528903856e+00,5.296159328142011624e+00,6.328051343184313282e+00,7.124320642972777229e+00,7.927578864935230563e+00,8.763893560935425597e+00,1.059722639168050762e+01,1.176442632376893904e+01,1.285111302573542780e+01,1.375652663259478814e+01,1.657353215562540782e+01,1.792694563821246589e+01,1.953375503285578674e+01
3.700160000000000000e+05,5.778393895269640090e-02,1.249629736110540179e-01,5.380328344497078419e-01,7.461020190343430336e-01,1.045798671418371573e+00,1.846507942864618501e+00,2.210623902957888465e+00,2.554560137196181024e+00,3.011911898417237055e+00,3.444462927143097986e+00,3.899033842183428078e+00,4.729894350219952415e+00,5.984315991205265028e+00,7.041709159451871258e+00,7.672905262768255241e+00,8.714349483398404317e+00,9.430584987802358654e+00,1.227954007733855768e+01,1.297742197199730185e+01,1.898444406537964824e+01
3.700170000000000000e+05,4.064217116357082826e-02,2.744146372147577839e-01,8.253167272215802264e-01,1.227663170189919217e+00,1.733079083628618733e+00,2.122242530669318228e+00,2.697675545061127167e+00,3.334777034817805408e+00,4.606141296003531949e+00,5.307221788326407008e+00,6.069909884908083697e+00,7.815959301175338325e+00,9.127707160058891489e+00,1.008297516113633563e+01,1.082032391655957682e+01,1.166872576787025650e+01,1.320784746178376245e+01,1.411906504568137066e+01,1.524224850983005908e+01,1.704244138094045269e+01
3.700180000000000000e+05,4.705564811701579142e-02,2.855836143024588214e-01,5.406753462251817632e-01,1.071068889349405584e+00,1.519911454068293422e+00,2.830349956997149974e+00,3.535376440034514456e+00,4.314167188038394052e+00,4.871119312972137294e+00,5.430370051299578726e+00,6.821659050544502279e+00,8.463347387884251560e+00,1.013784004657619242e+01,1.111262899123923020e+01,1.266109766428115613e+01,1.382036555168768110e+01,1.536495480224865240e+01,1.683536647638561945e+01,1.783780522940458013e+01,1.929697836457014404e+01
3.700190000000000000e+05,1.200790399707926115e-01,3.126972661373050855e-01,7.048800539919350960e-01,1.081135888750242469e+00,1.655171077160640936e+00,2.265046426560802573e+00,2.773997189386664619e+00,3.612610451669509004e+00,4.553942508605022255e+00,5.392407114410655566e+00,6.371878301551396895e+00,7.420795404361440362e+00,8.213579265907950955e+00,9.447747167310122762e+00,1.080852694380272183e+01,1.301562368351851617e+01,1.504083480048730870e+01,1.674066082786658072e+01,1.804717385806803520e+01,1.976465571120709797e+01
3.700200000000000000e+05,2.680778980153841751e-03,1.305386917991955276e-01,4.109298140375461372e-01,1.032858882748229679e+00,1.618272034588737363e+00,2.320930437984191297e+00,3.026499026089949140e+00,3.610600240631037572e+00,4.383259734256037987e+00,5.142855767644432419e+00,5.669828917533699553e+00,6.711497756744278398e+00,8.622816124679152594e+00,9.807977844184636140e+00,1.111840531183185909e+01,1.331982018916879618e+01,1.592182725937339782e+01,1.744126851518520738e+01,1.878845003102104982e+01,1.978981541709576675e+01
3.700210000000000000e+05,8.011672504474587342e-02,3.715176529417429929e-01,9.489044477709096537e-01,1.315774143688669184e+00,1.730865979212654171e+00,2.881018238117294850e+00,3.602717268762384073e+00,4.362269092123146841e+00,5.433934855557295052e+00,6.229227944348313173e+00,7.067418892025729704e+00,7.736347375004662297e+00,8.589794358586162915e+00,9.770897705543822198e+00,1.067659852115848018e+01,1.138952173482304708e+01,1.288559668047616213e+01,1.420154108845606622e+01,1.791568789950219553e+01,1.923884094040383275e+01
3.700220000000000000e+05,2.213017897500513254e-02,7.216979736979789450e-02,1.190369998986957611e-01,1.623461177352227836e-01,4.449342311516679693e-01,1.366751069933910490e+00,1.716533601720460656e+00,2.834093664184984540e+00,4.107011581343678053e+00,5.329708471474741138e+00,6.497410148407701591e+00,7.332438781342133893e+00,8.034015067935296628e+00,9.247300775354890590e+00,1.112605432767821512e+01,1.259534466784358919e+01,1.578534708942007292e+01,1.765181947953572106e+01,1.871929416963099158e+01,1.993976692683976637e+01
3.700230000000000000e+05,2.372759549270520019e-02,1.429577987810524142e-01,6.057421257501730549e-01,8.158921920875070732e-01,1.242613649160102973e+00,1.764659070887895975e+00,2.187243188456378107e+00,2.531972352189598041e+00,3.242479741403378135e+00,4.242136622229741860e+00,5.599009960279564879e+00,6.304317128752906285e+00,6.891337078520135329e+00,8.803708111066145037e+00,9.507868134153758533e+00,1.028976071897842637e+01,1.218629783934420452e+01,1.397613966199746649e+01,1.543391758939448266e+01,1.720424982762658672e+01
3.700240000000000000e+05,1.631316217425182735e-03,2.210794737532637555e-01,3.747903263838778809e-01,5.750795056918898140e-01,7.480670000299305400e-01,9.374932037914593952e-01,2.859658204751676092e+00,3.565320757811234920e+00,4.087503492534082739e+00,5.143228258033142097e+00,5.763740375868226629e+00,7.441647536708774879e+00,8.163165443410655087e+00,9.146769410405376277e+00,1.120224235551255276e+01,1.198371859153759544e+01,1.348151988978075977e+01,1.495358460033196124e+01,1.589324475754699684e+01,1.806861720594690368e+01
3.700250000000000000e+05,5.809719503129362472e-03,1.102372891030698465e-01,3.345453201059265247e-01,6.700058918061877478e-01,9.072583049252608278e-01,1.179654122488158485e+00,1.746797511223506127e+00,2.248924328486300972e+00,2.581134720513591052e+00,3.550256486713493587e+00,4.036024388078425673e+00,4.975931359393884534e+00,6.235381791579858834e+00,7.939940124713752212e+00,8.686717372187741759e+00,1.244415301495669546e+01,1.448490272276658075e+01,1.537563042258202373e+01,1.737581111993768701e+01,1.866170998715568885e+01
3.700260000000000000e+05,4.959149692513831198e-02,1.538879379835893513e-01,2.742104690058816407e-01,5.810783219274515687e-01,8.988453791461725739e-01,1.162254481901300318e+00,1.773980683647685019e+00,2.302165385889688665e+00,2.669654984044013801e+00,3.078734793923119106e+00,3.397312301745403218e+00,4.565940036456923146e+00,5.506634728086250874e+00,6.379399643387846375e+00,1.081102975307206648e+01,1.201940852299978957e+01,1.350805585160740385e+01,1.476676936683147190e+01,1.601203143306769050e+01,1.967299628943497680e+01
3.700270000000000000e+05,5.993357697701240383e-02,1.199231841060413029e-01,2.695666148920861094e-01,6.919074760429215765e-01,1.114208567276174122e+00,1.657351891199144278e+00,2.075444385413214299e+00,2.534329606935201262e+00,2.888624755355447604e+00,5.065843918902991128e+00,6.165700566993621123e+00,7.204060921179608279e+00,7.864028656956972618e+00,9.505970566269564159e+00,1.080928868922732811e+01,1.194819968403635002e+01,1.314006431959402121e+01,1.454756925371855303e+01,1.599206378519535754e+01,1.993604855378537266e+01
3.700280000000000000e+05,5.635840417181992024e-02,4.045358636820968190e-01,8.355271862714969133e-01,1.145881393294719608e+00,1.614440324342756750e+00,1.947267810637482555e+00,2.359454347366129134e+00,2.717083053334802933e+00,3.408738342658167220e+00,3.910701503858491357e+00,5.259178804999706358e+00,6.806202734542621258e+00,7.480825828171209224e+00,8.506897010918848423e+00,1.297672760235678879e+01,1.386383589154041651e+01,1.535279901545885650e+01,1.767930815131220257e+01,1.888580377847074132e+01,1.990732034170190090e+01
3.700290000000000000e+05,4.358545949343373138e-02,1.648583455416918753e-01,2.916233508206339531e-01,7.872018613164315504e-01,1.343471608362071246e+00,1.699487917172822549e+00,2.032061478301697033e+00,3.179718679936794246e+00,4.762194047331528068e+00,6.275681479887616376e+00,7.177893469230955503e+00,7.994145495191599338e+00,9.257534081785145474e+00,1.027606004051092548e+01,1.125809989438769954e+01,1.213302786351619567e+01,1.341714052009826474e+01,1.486341755235211259e+01,1.783976158764696507e+01,1.895189700834291457e+01
3.700300000000000000e+05,3.902645854777520018e-02,2.758319608516486277e-01,4.381971531003729936e-01,7.407798573647803586e-01,9.417504024839967736e-01,1.171225870214530174e+00,1.666511449671429279e+00,2.120412508621728698e+00,2.531090018605760772e+00,2.834984118528728558e+00,3.360279919133221771e+00,4.293663649823102446e+00,4.921480297918481739e+00,6.189118456966813397e+00,8.649151201147589063e+00,1.057122743893933858e+01,1.137641446368699860e+01,1.413003129929116319e+01,1.565160854456791917e+01,1.676634991266407226e+01
3.700310000000000000e+05,2.142589679010276082e-02,1.272982851613346789e-01,5.943343296914154195e-01,1.321530575089985948e+00,2.059969388414979896e+00,2.518933646452091502e+00,2.942837966521690607e+00,3.446462501647185483e+00,4.679864002555175873e+00,5.627833194501977943e+00,6.473643963963189307e+00,7.177582262002122349e+00,8.412136932720168048e+00,9.358902732194358975e+00,1.036057006111559353e+01,1.241795975108811767e+01,1.320164732586676237e+01,1.426669379065946686e+01,1.515854852361230520e+01,1.936726937454012187e+01
3.700320000000000000e+05,8.586530589552843207e-02,1.942166297246457063e-01,4.221082417194560454e-01,7.709055780203022401e-01,1.349240174848241214e+00,1.807570428407832441e+00,2.186556311780563977e+00,2.730982768034284192e+00,3.454858892569137474e+00,4.130696401808532592e+00,6.234705837277108031e+00,7.550421826800161718e+00,8.271807913363227627e+00,1.031194602549277484e+01,1.222023196238014542e+01,1.376016794960382761e+01,1.463257776574464764e+01,1.618007900100010232e+01,1.809955748075551085e+01,1.973394997197688383e+01
3.700330000000000000e+05,1.751768244400938590e-01,3.816682335911560919e-01,8.057191715445510827e-01,1.901072408289276261e+00,2.503347189395474182e+00,3.042035324638685978e+00,3.663436240061963556e+00,5.076745265342754720e+00,6.041943007364184659e+00,6.758086629743407237e+00,7.472483716557500877e+00,8.449065128326266105e+00,9.988594449849834689e+00,1.126366269881443039e+01,1.261940570018045804e+01,1.351326646960918509e+01,1.436147715610828968e+01,1.553895569291534962e+01,1.712948148918563263e+01,1.882523920538217155e+01
3.700340000000000000e+05,5.855731927962115613e-02,1.465234458035695742e-01,2.467539268496872218e-01,3.385416347374077262e-01,6.264772244013611102e-01,8.922500811016900180e-01,1.666458317130558919e+00,2.068346468019016449e+00,2.502876983625832441e+00,4.375075183271656343e+00,6.364150156690715932e+00,7.020300245798641647e+00,7.699960758212499812e+00,8.357985565968037989e+00,9.274832698241786133e+00,1.034350292967132745e+01,1.113064006632145464e+01,1.640595301316761123e+01,1.787542496331252906e+01,1.900098679144462466e+01
3.700350000000000000e+05,7.127663045143983744e-02,2.121353058935016023e-01,3.593728481728184487e-01,8.278256421016045863e-01,1.172419512315213019e+00,1.606252315088526172e+00,1.891518084894172613e+00,2.344519388279386440e+00,2.770123116903441485e+00,4.168764318759699883e+00,5.109947779257439926e+00,5.678096248962073211e+00,6.940771982938530371e+00,8.485158849409730308e+00,9.149481194647806959e+00,1.294171485430288016e+01,1.387229186228229239e+01,1.508782167653732742e+01,1.761708251182366070e+01,1.935862328101529783e+01
3.700360000000000000e+05,6.643696628248041414e-03,1.445371566818876019e-02,1.035344390900799771e-01,2.936355043767933104e-01,3.778246142898955551e-01,5.930632383136222874e-01,7.605275190849495326e-01,1.174771990654419618e+00,1.447436723278339166e+00,2.390293921471582372e+00,3.064053962082934124e+00,4.325691508862298917e+00,5.340992098351504680e+00,7.082078104136789065e+00,7.839017882330457709e+00,8.909850433012893589e+00,1.111875618692923950e+01,1.187376957061137617e+01,1.290688911385814563e+01,1.884399653994473312e+01
3.700370000000000000e+05,6.992404340093028026e-02,2.683733546746687182e-01,4.464438617140972232e-01,6.453526574623524859e-01,1.328694835554618425e+00,1.610632744002617134e+00,1.949577021112239184e+00,2.313720474993169240e+00,2.923938658983256111e+00,3.402135285520402341e+00,4.135180840098876764e+00,6.026771755013001552e+00,6.985310477364792270e+00,1.008295859776464454e+01,1.086011423756617589e+01,1.311286237090783935e+01,1.448091770369098263e+01,1.616880148941027073e+01,1.706841861502387658e+01,1.915993345711852669e+01
3.700380000000000000e+05,2.002249210331252804e-02,1.787856327583592364e-01,3.737768670424782558e-01,5.768605149792986886e-01,1.247992912353430572e+00,1.582472195853027452e+00,2.091305097896499099e+00,3.845694150051992999e+00,4.766935258148365051e+00,5.457635554983697901e+00,6.482144048949916026e+00,8.489091066675653607e+00,9.802693679063997578e+00,1.064592526207521317e+01,1.152196917642365470e+01,1.332034429279122278e+01,1.539687948088131364e+01,1.734794201616857734e+01,1.842478553885299064e+01,1.979251514022672964e+01
3.700390000000000000e+05,8.551520761428721418e-02,3.737588501488311454e-01,6.623206279251566686e-01,9.795580344517382798e-01,1.443000851982803479e+00,1.801904960909733067e+00,3.116052503739200397e+00,3.800301697010593394e+00,5.286127463034527629e+00,6.531258928375644146e+00,7.497669657177126190e+00,8.526575105346255512e+00,9.567986107950096297e+00,1.151746469661050831e+01,1.267353193054120020e+01,1.433154439755474741e+01,1.587379605690764528e+01,1.694914696990701231e+01,1.867859406024426505e+01,1.985359982877015383e+01
3.700400000000000000e+05,1.100846626857520105e-01,2.458081783655563513e-01,3.773203769680599784e-01,5.745925687189816777e-01,8.765640570640348406e-01,1.154644465003217491e+00,2.106960959491722019e+00,2.527557075986162083e+00,3.162131211761735283e+00,4.356922213499919927e+00,4.829520451632123290e+00,5.457779687130940971e+00,6.401132179514282150e+00,7.222681571122576472e+00,7.998492601397807711e+00,8.882759520121116026e+00,1.037060880823569597e+01,1.481378762786821746e+01,1.576546159446265172e+01,1.917928677746538213e+01
3.700410000000000000e+05,2.401401141583436871e-02,9.504834942695028488e-02,3.992830377269428466e-01,5.430879575823941430e-01,8.159441940031131324e-01,2.684954745803457499e+00,3.412963533181430975e+00,4.136637403855464079e+00,5.372614600829550113e+00,6.301541966196624323e+00,7.319399674211003237e+00,8.741672663766298257e+00,9.910354669197138477e+00,1.128636395379720980e+01,1.224090938929846750e+01,1.379527244819215070e+01,1.537713389630477323e+01,1.737617745604647368e+01,1.851932906143425939e+01,1.976058190124195235e+01
3.700420000000000000e+05,2.715411775581744180e-02,1.494764408046098669e-01,5.032147072325849901e-01,1.257456455800094908e+00,1.723573882269531676e+00,2.242463013254899273e+00,3.147349411005361919e+00,3.722481569643226074e+00,4.250785753843735471e+00,5.047268367693459545e+00,5.722051241040833069e+00,6.270744025605322847e+00,7.064192852695708957e+00,8.287579658765711343e+00,1.098468173457718322e+01,1.180278392487084815e+01,1.398232874278579807e+01,1.523233097919932888e+01,1.621134321444356630e+01,1.847905537406621335e+01
3.700430000000000000e+05,1.404241954256911784e-01,4.195386394794708984e-01,7.588103824301120071e-01,1.046268389072255278e+00,1.369360387451741712e+00,1.991293982614802394e+00,2.365682430307426642e+00,3.000768447471384270e+00,3.625706840653007745e+00,4.403788020620514665e+00,5.590093636769801755e+00,6.171421651846475953e+00,6.761779561195141675e+00,8.898857667978113284e+00,1.022153226485674971e+01,1.198923989992436745e+01,1.290753706059705941e+01,1.390330954715856748e+01,1.760346330270651549e+01,1.952343798956595933e+01
3.700440000000000000e+05,7.864144160798391958e-03,2.820503935534768303e-02,1.039462533639388120e-01,2.280976578361055829e-01,1.041909974549421580e+00,1.272749734004461120e+00,2.116393180565578902e+00,2.440592328815568202e+00,2.963518417796534798e+00,3.893735283112179424e+00,4.997045282843350478e+00,6.359331381816005546e+00,7.152116153405338572e+00,8.090709407994177482e+00,9.786733948843254538e+00,1.104133989051715581e+01,1.240088060268248249e+01,1.492498603776817490e+01,1.709547439334757257e+01,1.899802591546921349e+01
3.700450000000000000e+05,1.558004406245960816e-02,4.672554371182946475e-02,5.297768688996341568e-01,7.362852590780546436e-01,1.238722604363923230e+00,1.957255558947845975e+00,2.835844109577801309e+00,3.275637496742747956e+00,3.731619312617939777e+00,4.553734261036563424e+00,5.665918277512075996e+00,6.528397144118814666e+00,8.614688897374850995e+00,9.585133336315902142e+00,1.125365852873820849e+01,1.225648551798392738e+01,1.356416620719888755e+01,1.477481583693479372e+01,1.658000858503339359e+01,1.910456350642756007e+01
3.700460000000000000e+05,1.388316860670757436e-02,2.297334119008849207e-01,4.906857454554125475e-01,9.201757548120403918e-01,1.259823453210265898e+00,1.545529892833878538e+00,1.893984290401124593e+00,2.290713150468412174e+00,2.813551355165224699e+00,3.453090554554113289e+00,6.399519458476361500e+00,7.111335695477919217e+00,8.050443178058550586e+00,8.774998194866006074e+00,1.013493428991453449e+01,1.115175035567615502e+01,1.192336341061269245e+01,1.388463491234458225e+01,1.628086062525562028e+01,1.975517380841463577e+01
3.700470000000000000e+05,7.922985536663074146e-02,3.582930413252580770e-01,5.443161279241431894e-01,7.904213866649434372e-01,1.008075047120940981e+00,1.610521223082981512e+00,1.930260023461129792e+00,2.340440862606902428e+00,2.895241505343649990e+00,3.235069023014385259e+00,4.040211963913633575e+00,5.913740054485851161e+00,6.632996194360996078e+00,7.931138646562379435e+00,1.089320036114437684e+01,1.274646132652586061e+01,1.432918527796110197e+01,1.691425986755265853e+01,1.860444434594193197e+01,1.990870665229564196e+01
3.700480000000000000e+05,1.489495334545476446e-02,1.113336715192778659e-01,3.540302683549281237e-01,8.517182300325480959e-01,1.384977248944033734e+00,1.917633887169522433e+00,2.520218673880258997e+00,3.460308661283016285e+00,3.900379295001106250e+00,4.827710668983948850e+00,5.549537344907824910e+00,7.762709611541744437e+00,8.696796517098412949e+00,1.106747602901292638e+01,1.224236315217418181e+01,1.421783626669927258e+01,1.532723186389553760e+01,1.640554444835763448e+01,1.771952145479267315e+01,1.894183628092236660e+01
3.700490000000000000e+05,5.530119242566688964e-02,1.227695992106720979e-01,1.849504477346263220e-01,3.423590739181250342e-01,7.782686735906085840e-01,1.427466355302412060e+00,2.424227850147583574e+00,3.151137995882370646e+00,4.562317652046049332e+00,5.344264160828274157e+00,6.307598351319625429e+00,7.091448409423460220e+00,8.445936600881838174e+00,9.653074745117745437e+00,1.173720948465778768e+01,1.263918105312169615e+01,1.364148355041435678e+01,1.488160889564108835e+01,1.663413254785823270e+01,1.781244052927454646e+01
3.700500000000000000e+05,1.265362538504355427e-02,2.948089348972371404e-02,1.413992214179405904e-01,3.306191570784720035e-01,4.628608788340571323e-01,6.560190704354964542e-01,2.482683950593850497e+00,3.048179546238914739e+00,3.847838836289114717e+00,4.622095462280046974e+00,5.503448695049274697e+00,6.046023966500725599e+00,9.439630390539420546e+00,1.021846866845487689e+01,1.125294731352402522e+01,1.259956193171339400e+01,1.360599145690905587e+01,1.489436891381811279e+01,1.804065353141248806e+01,1.944482089125927970e+01
3.700510000000000000e+05,2.850312049207670562e-02,2.142695450574705340e-01,5.736234517734003502e-01,1.136934940316397302e+00,1.647365825580289211e+00,2.313058146222553901e+00,3.171640379036078983e+00,4.345631306049479115e+00,5.381233141510168849e+00,6.151770275998641679e+00,7.445489732883845413e+00,8.459228394113726068e+00,9.216408549288679808e+00,9.930942613490255866e+00,1.207554262534138623e+01,1.338818929826827997e+01,1.452060722082945787e+01,1.615288723549644700e+01,1.785679819914356514e+01,1.973690214797315079e+01
3.700520000000000000e+05,8.785523850994181316e-03,2.387873036980021624e-01,3.975241652157139871e-01,8.743002200739260488e-01,1.196454440639276751e+00,1.477748608263176333e+00,2.450749260044000621e+00,3.152521634771050962e+00,4.068225720851616600e+00,4.748691003063675531e+00,5.721765877983029824e+00,6.928756355501825226e+00,9.343698346001222177e+00,1.038179840550414035e+01,1.228501458998402107e+01,1.326903631468608324e+01,1.498105973884700148e+01,1.590591943147328813e+01,1.740634133029292130e+01,1.959025843468326755e+01
3.700530000000000000e+05,4.109114932005841769e-02,1.404422848519912836e-01,5.258980129329914321e-01,1.036468714516175282e+00,2.005192944202440763e+00,2.772078973827893478e+00,3.665740956888159818e+00,4.398494204922680062e+00,5.701088101018246590e+00,6.381074062454072049e+00,7.439443813329159383e+00,8.654386687437797931e+00,9.544607382441938626e+00,1.053050228644358555e+01,1.172545581461204200e+01,1.314775662747959295e+01,1.401719635841531542e+01,1.504929940320358916e+01,1.755417767359903536e+01,1.946188808772617307e+01
3.700540000000000000e+05,1.870540746830384737e-02,2.055129261846506683e-01,8.841353560471795214e-01,1.430474750341971912e+00,1.818483593800508835e+00,2.319178435498084223e+00,3.094797495639195262e+00,3.550787385766986937e+00,4.218864364688575286e+00,4.957955134780687168e+00,6.418755748356026913e+00,7.262422135213152607e+00,8.106586366419236356e+00,9.188646842821793115e+00,1.031853920891069443e+01,1.154453777525164604e+01,1.283203260653699829e+01,1.380389554581576661e+01,1.507290114002636727e+01,1.740585154748335839e+01
3.700550000000000000e+05,1.505131222254163514e-02,7.109405821293535155e-02,1.760232235408739632e-01,3.199283579755110019e-01,5.808993614671742467e-01,8.424216628399530116e-01,1.223984422249477788e+00,1.661067641309444731e+00,3.815788791386796497e+00,4.288388053122410781e+00,5.320051374684353185e+00,6.758761828276190542e+00,7.806534921965716300e+00,8.660897125738344471e+00,9.756108556848843705e+00,1.087082652343875111e+01,1.275868931435577203e+01,1.377828974468037870e+01,1.597244916538816106e+01,1.852558309220337307e+01
3.700560000000000000e+05,3.346916448196168847e-02,1.134706158944454035e-01,4.296954512142995286e-01,9.938267480385292174e-01,1.253639307700189498e+00,2.134904319417345597e+00,2.620929659624954500e+00,3.836710836576786576e+00,4.343386137272290171e+00,5.189824791508760526e+00,6.554582257980713145e+00,7.480961122926251150e+00,8.706651799529971925e+00,1.108414810877085444e+01,1.194750557982962036e+01,1.392348059051984599e+01,1.494458675703270956e+01,1.683236864376275577e+01,1.817391505351401904e+01,1.949814452116690688e+01
3.700570000000000000e+05,6.401939244349230673e-02,2.087855666625328954e-01,6.188320088380945272e-01,1.759055336384505619e+00,2.297708690305102053e+00,2.794431233772884049e+00,3.295645836181011923e+00,4.241086316821155222e+00,4.944993548759398116e+00,5.652615835938864741e+00,7.318100639610170433e+00,8.645503365726822764e+00,1.013974667940974506e+01,1.125504640176547433e+01,1.258089285145470448e+01,1.367683624943892440e+01,1.528541866973752761e+01,1.622539914308204700e+01,1.791674626518751268e+01,1.903247285560506441e+01
3.700580000000000000e+05,8.133049007423398535e-02,1.872247245385540992e-01,2.851245979477835535e-01,3.853980776979906153e-01,7.474193884116153708e-01,1.022027836138249768e+00,2.516330832403111728e+00,3.616230716241402909e+00,4.242976798765544011e+00,4.872221401793565221e+00,5.519615190791884451e+00,6.577067113537521159e+00,8.851543656538591875e+00,9.794170893663764588e+00,1.059328005595817146e+01,1.245623893549078787e+01,1.331832598809766388e+01,1.413236640049158765e+01,1.496410728450575078e+01,1.670255730511996006e+01
3.700590000000000000e+05,3.589333246313253234e-02,1.157773028557749218e-01,3.080742758854179142e-01,4.241516958004440951e-01,8.605540709423609158e-01,1.219899919870254035e+00,1.920712167890769262e+00,3.663654301939325286e+00,4.252551916564835111e+00,5.193714680050247168e+00,6.061858557000340042e+00,6.957053284179106178e+00,7.608987053644107768e+00,9.278450593666011770e+00,1.005474290708234797e+01,1.077004310363397366e+01,1.309968654297655988e+01,1.496957807026350018e+01,1.627901909083206178e+01,1.824558421279500919e+01
3.700600000000000000e+05,1.541054109998917232e-01,3.598740612720112697e-01,6.026158404110554256e-01,1.026692848565038396e+00,1.321723323788226878e+00,1.607422052651485744e+00,2.265452940991744768e+00,2.727217518456223289e+00,3.078566960168951816e+00,3.469014952622567982e+00,3.942934391555278140e+00,5.579576497567485305e+00,6.795044882736735126e+00,8.614867350588470529e+00,9.539481720712243984e+00,1.095779359638121520e+01,1.170664430240646858e+01,1.321925801001464684e+01,1.745037104331197142e+01,1.933650795178149551e+01
3.700610000000000000e+05,5.074652904284548960e-03,4.775447902341678486e-02,8.520063113121822962e-02,1.415143468593282883e-01,1.015313235780577195e+00,1.538732462301652504e+00,1.896973066436107302e+00,2.341423450805319106e+00,2.911859412525520163e+00,3.813550720696326835e+00,4.465357006027007358e+00,5.075044813059513160e+00,5.928882969496678257e+00,1.007283850557240079e+01,1.113396535010747357e+01,1.205837279674923757e+01,1.421934089504904897e+01,1.520989197565728013e+01,1.754194175605872275e+01,1.991353122259192787e+01
3.700620000000000000e+05,1.032928551460420286e-01,3.943978484273440444e-01,6.172704884073236808e-01,1.134617102468240102e+00,1.596209892166485123e+00,1.927794089775363151e+00,2.591053894220936904e+00,3.086764998077222266e+00,3.797426603608914153e+00,4.749432120524755163e+00,5.430491386223398109e+00,6.361513197865949820e+00,7.068726955761159836e+00,7.789080980560292744e+00,1.015669105153269314e+01,1.110916474525648212e+01,1.469996424055358908e+01,1.664383863581953094e+01,1.767456710911529072e+01,1.908802889819170190e+01
3.700630000000000000e+05,1.951459873556193880e-02,1.217342628372697355e-01,2.873704291280801959e-01,4.992771306829326683e-01,6.376450293902996558e-01,1.080917864260041439e+00,1.472482941564937420e+00,1.803095642135835064e+00,2.433251791310640400e+00,3.300299315175222681e+00,3.646115321163802214e+00,4.182856448309933306e+00,5.819607571112539013e+00,6.813906110740106215e+00,7.706348560541053772e+00,1.053006315406101834e+01,1.122643275458476886e+01,1.226465824696824924e+01,1.506438097151782074e+01,1.588358371924325319e+01
3.700640000000000000e+05,6.416353743047276126e-04,5.589175126693990414e-02,5.945322153714069913e-01,8.724769961681726471e-01,1.091222238812821210e+00,1.389226745105296645e+00,1.664078480303684104e+00,2.241823150993275782e+00,3.531145905541558605e+00,4.173965417414597923e+00,6.316359040194811314e+00,7.006053312990763615e+00,7.992235417367981043e+00,9.372353752358195678e+00,1.052968756473823575e+01,1.135057341068126924e+01,1.337038806859020390e+01,1.428576399232891880e+01,1.633495509163984494e+01,1.824080639664597214e+01
3.700650000000000000e+05,6.006566390940315525e-02,1.558965442366564425e-01,3.385124478303861428e-01,6.248608539409823415e-01,9.368363948403901631e-01,1.667981818662394033e+00,2.296370227556957300e+00,3.909394118346425806e+00,4.488821918353906426e+00,5.617780169839249105e+00,6.503199245364489123e+00,7.465778758649254776e+00,8.817109169943208258e+00,1.014159864699842473e+01,1.121543921442572156e+01,1.306587042673697141e+01,1.400232621142061085e+01,1.638534033895830078e+01,1.755540628972556760e+01,1.858897247878952896e+01
3.700660000000000000e+05,7.155147403386186156e-03,3.534658032693795970e-01,5.684891889307505108e-01,1.030432966614420298e+00,1.445283641824290921e+00,1.883965401266857853e+00,2.635324609948230368e+00,3.587774281184541003e+00,4.048597609024252364e+00,5.608155770201222801e+00,6.389786538619414813e+00,7.149144818064047335e+00,8.183970299908828849e+00,1.080148986550510770e+01,1.202083724958679056e+01,1.283800231493719224e+01,1.394684545833821332e+01,1.594136912876176559e+01,1.730689599839609016e+01,1.877424975994421530e+01
3.700670000000000000e+05,1.144628218005202536e-01,2.469812617406894617e-01,5.367114344065914144e-01,8.017644684475446759e-01,1.055939238332328944e+00,1.959662370131626696e+00,2.289952796370344767e+00,3.082055311128867991e+00,3.597406812932955944e+00,4.046476282346768372e+00,4.454600773035512162e+00,5.247107238088749348e+00,5.947432869019162460e+00,7.198793864176691315e+00,7.811496145895310050e+00,9.577953599456701994e+00,1.195118363492064084e+01,1.292160376073738171e+01,1.434185951073835241e+01,1.815304252847163724e+01
3.700680000000000000e+05,2.530733146537289535e-02,6.941827550496548760e-02,2.222119896505788672e-01,3.319485235568611081e-01,4.497998711341272271e-01,1.245223659169722108e+00,1.878140320606070279e+00,3.047667576605769035e+00,3.919014357368830304e+00,5.940884561417119514e+00,7.376192754523454020e+00,8.385191594449715069e+00,9.469890223975033550e+00,1.056781608108369497e+01,1.173341492170020217e+01,1.360138120450836041e+01,1.493177698204123161e+01,1.603264782843292124e+01,1.751087326199549565e+01,1.858129711118455063e+01
3.700690000000000000e+05,3.757128397025866207e-02,3.950943221829619212e-01,7.462488681789442024e-01,1.257367089001045990e+00,1.848415789249433949e+00,2.298879927449066329e+00,2.813283546288656733e+00,4.330393133610158429e+00,5.029847469360869461e+00,6.068103012625645221e+00,7.673927661385810950e+00,8.459636543002057252e+00,9.508640657943280061e+00,1.182346399895113009e+01,1.279230688637303714e+01,1.405892540673297830e+01,1.627285171417231524e+01,1.747824945343572622e+01,1.860149968285621114e+01,1.981778908033308895e+01
3.700700000000000000e+05,1.061427942850745598e-02,2.690146047855024314e-02,5.425014511856285360e-02,1.034047063727618898e-01,1.525048951302543365e-01,5.362234209955178965e-01,1.130121732836289139e+00,1.332981564565194788e+00,1.555653341403063772e+00,2.871099572370983122e+00,3.932421782988380521e+00,4.680649317400736642e+00,5.286148415993265459e+00,5.904497949142704982e+00,7.219560703420158099e+00,1.005031713056878750e+01,1.270004181095505835e+01,1.485187805638083525e+01,1.602036798091912573e+01,1.695917020074683990e+01
3.700710000000000000e+05,9.209851030553395379e-02,2.777289383841552439e-01,4.410219465351822299e-01,6.628044748867973901e-01,8.708029074605849740e-01,1.364078661319729546e+00,2.429505986566058429e+00,3.504501857703582246e+00,4.014323418366441132e+00,4.830548200044949780e+00,5.346915873618723225e+00,5.935370400459619944e+00,6.603475320184987396e+00,7.125195594511422925e+00,9.324597300690783186e+00,1.008004403321856479e+01,1.197245648012033392e+01,1.268696872823902133e+01,1.661727007592546101e+01,1.937240499304872188e+01
3.700720000000000000e+05,9.062193500306958693e-02,4.845831166718748140e-01,1.147726846689107960e+00,1.577686104364935282e+00,2.167907071884071613e+00,2.609718751745899734e+00,3.056028516743353851e+00,3.772941034729104359e+00,4.403690083922271903e+00,6.950750653787952871e+00,7.782914310984174300e+00,9.606805314144802210e+00,1.080534070768260690e+01,1.184909115463731943e+01,1.283594651627889505e+01,1.468609916623999112e+01,1.564984538602584685e+01,1.665733439786482606e+01,1.826108749934224207e+01,1.923723473824509966e+01
3.700730000000000000e+05,3.943353745073707728e-02,2.250881586600230744e-01,5.979934443734251648e-01,8.339894637988103376e-01,1.069331445405778958e+00,1.360338120069538359e+00,1.802933754950236001e+00,2.380177344928133820e+00,4.525970428916750166e+00,5.640210601394100465e+00,6.625910010638326852e+00,7.590648830051137885e+00,8.604402822249179295e+00,9.512767864815952379e+00,1.042543840140264777e+01,1.119091837995200756e+01,1.369184569775837090e+01,1.540127300520324383e+01,1.745998568314601229e+01,1.942299453235454365e+01
3.700740000000000000e+05,2.041498458334001231e-02,2.503935941149979527e-01,4.937664349926936813e-01,7.467756781534165000e-01,1.326375381372675299e+00,1.654033721987388850e+00,2.323657465428744295e+00,3.208729715474578192e+00,4.710214857955059564e+00,6.002998006853892399e+00,6.893429463591941975e+00,7.889348547536298994e+00,9.085704951997765733e+00,1.039650508899614323e+01,1.260394329063411689e+01,1.373085027989605500e+01,1.522243661433649642e+01,1.657381654542680494e+01,1.806598963445222594e+01,1.986889132805439573e+01
3.700750000000000000e+05,9.676398601178970438e-03,3.256279955454033370e-02,3.444471919929897874e-01,4.671008232455826636e-01,6.320132963388835901e-01,1.478394906074146586e+00,2.340834030034339097e+00,2.800329626966427732e+00,3.266248197363347039e+00,5.165337125445908839e+00,6.053080257321157731e+00,6.702247655921394376e+00,7.614640163570784992e+00,8.351387447997501212e+00,9.206037834832882183e+00,1.072587720910963682e+01,1.403734766947673762e+01,1.600409727552195704e+01,1.726965239855860190e+01,1.828395064038893381e+01
3.700760000000000000e+05,4.207425131064290724e-02,8.740376632581825511e-02,2.456598369415632366e-01,5.666462761084236632e-01,7.378576082140114734e-01,1.105995913257664220e+00,1.918341115375882477e+00,2.316566347439882989e+00,2.783042762929174074e+00,4.011267363091777227e+00,4.662112261455784612e+00,5.482893977376708250e+00,6.965495958372602381e+00,8.017154991433438127e+00,1.010249209423803407e+01,1.093403729287384785e+01,1.204518978042670696e+01,1.350424918472240066e+01,1.552455637956280654e+01,1.654574545879100356e+01
3.700770000000000000e+05,7.659186919341620658e-02,1.815538943049948006e-01,4.826644884484434517e-01,1.098064151396123123e+00,1.617137970676679082e+00,2.330214162452430848e+00,3.212308401666017055e+00,3.700078479841581114e+00,4.163476591067629684e+00,5.990191050429174879e+00,7.231794756375611755e+00,8.488762386754904909e+00,9.667173245447285623e+00,1.058134488935567674e+01,1.347020333435865957e+01,1.452669676277058208e+01,1.640474665053698544e+01,1.739270481086947839e+01,1.850248380478780774e+01,1.999046835801731348e+01
3.700780000000000000e+05,5.856789500746195642e-03,4.038832125594438160e-02,1.685936545362536343e-01,2.248430693497018851e-01,5.599585997840200724e-01,6.954661795295857818e-01,1.647863809373334654e+00,2.103808481056130830e+00,3.919269706318941004e+00,4.460504308986269706e+00,5.315070175298028943e+00,6.733306854834355093e+00,7.992241216867951970e+00,9.083564188264364958e+00,1.040185460509846749e+01,1.233874123971309800e+01,1.386290386386616902e+01,1.684618548456253606e+01,1.844239271926308277e+01,1.954059375652284913e+01
3.700790000000000000e+05,5.543957193636339653e-02,2.658265785138680393e-01,4.855057566823163251e-01,8.566171268001334660e-01,1.340616266113142663e+00,2.231252408617113048e+00,3.346101985059906969e+00,3.860848677651519623e+00,4.451647100626637155e+00,4.967015494460148339e+00,5.735887603415950053e+00,6.832144868986398833e+00,7.984555749081204468e+00,9.434143745599889996e+00,1.090994794616361396e+01,1.318851956574471629e+01,1.615172908362895754e+01,1.731579406284986433e+01,1.859354312104667528e+01,1.997176937362306148e+01
3.700800000000000000e+05,8.426267219008298781e-03,6.657533930896053498e-02,1.394102562694430336e-01,7.728042622550930218e-01,1.153346864825753215e+00,1.427143376625219728e+00,2.050516170535564342e+00,2.643914636870663415e+00,3.863720916556152130e+00,5.587350726044868487e+00,6.183826110354265104e+00,7.737169993679154700e+00,8.572613257711504176e+00,1.004766749613497723e+01,1.094339015260622361e+01,1.203536719262357835e+01,1.320359871922591566e+01,1.486982498086129212e+01,1.580237261290006323e+01,1.663955370096395470e+01
3.700810000000000000e+05,6.363173030684210474e-02,2.588504284325008342e-01,5.818194012696457085e-01,8.129443782474594649e-01,1.148097622039931487e+00,1.407138370190337273e+00,1.653266568811153636e+00,1.929278845663639608e+00,2.248240784109872603e+00,5.141379058293886750e+00,5.956639431829284348e+00,7.509238912383197295e+00,8.415936471174386924e+00,1.044765062691589463e+01,1.160228399292985024e+01,1.269466184444893564e+01,1.504245526786742992e+01,1.715922417221811003e+01,1.847630393592738329e+01,1.996348753812182508e+01
3.700820000000000000e+05,1.533432897521103122e-02,6.162930474790284663e-02,1.334473153362073505e-01,1.144243915964986869e+00,1.433509546489273312e+00,1.748775040991736418e+00,2.354662972045547420e+00,3.059529016153323511e+00,3.776637614371420426e+00,4.300575283242560332e+00,5.452259399831534736e+00,5.949398457092589965e+00,7.611931009422741035e+00,8.432184714716797203e+00,9.443245168155065983e+00,1.105420730822926600e+01,1.198860690773422100e+01,1.528041708634207474e+01,1.614109733489997467e+01,1.858018109835013831e+01
3.700830000000000000e+05,1.402005374016068728e-02,5.750001164853180136e-02,9.815917987334532580e-02,1.558548604166389850e-01,2.068018217019751415e-01,8.750155220405897438e-01,1.262155385671935193e+00,1.497328834542637210e+00,2.212727208529081224e+00,2.637938959272428718e+00,3.037138394132327779e+00,3.505737454135499309e+00,4.422822816837649995e+00,7.832763180308869089e+00,9.691449807676397299e+00,1.276515664647646098e+01,1.372535989780991095e+01,1.502982128220354241e+01,1.785683280365029901e+01,1.890824168815641571e+01
3.700840000000000000e+05,1.270141556926013271e-01,2.861629453700296200e-01,5.470229088173128584e-01,9.290055533841554691e-01,1.431480264859567697e+00,1.866754698337636853e+00,2.447304766286590105e+00,3.393806753343924676e+00,4.624682226258316042e+00,5.295712255074262131e+00,5.946472142416498130e+00,6.804582029636121021e+00,7.939922553777459591e+00,1.043390131047074121e+01,1.183856817985608600e+01,1.316387656813184037e+01,1.496085793500651207e+01,1.585220089056441495e+01,1.709248858133211613e+01,1.856773781367621368e+01
3.700850000000000000e+05,3.757377977597864405e-02,1.199067888937994653e-01,1.891183519708028449e-01,4.324074558011865577e-01,9.954516981024091882e-01,1.257473006497046519e+00,1.647911079463907136e+00,1.894306868169892688e+00,2.853867059996033184e+00,3.251314570245015467e+00,3.656409725585938464e+00,4.046961449079574891e+00,4.711207145351377079e+00,5.758830144817295604e+00,7.659476706368732124e+00,9.583241445625631627e+00,1.168263598043316698e+01,1.312500234168039626e+01,1.430626333205116651e+01,1.920278270977537360e+01
3.700860000000000000e+05,2.351546930815507919e-01,5.559671011620272996e-01,8.760874295390685962e-01,1.369556449107753870e+00,1.813930217537595979e+00,2.320802125136067318e+00,2.896587819053620283e+00,3.733054382961487505e+00,4.241755791164651512e+00,5.604651539493668899e+00,6.319211566218085885e+00,7.333543270238475742e+00,8.172742615533756805e+00,8.998532861245722714e+00,9.899550281176839661e+00,1.078441865644699682e+01,1.224279036861927317e+01,1.297684298442922923e+01,1.466714239145518306e+01,1.723517536736124356e+01
3.700870000000000000e+05,5.789527428124818798e-02,3.147136566792401169e-01,9.682431608475499107e-01,1.326653219651340976e+00,1.687460858748195847e+00,2.125905096829064256e+00,2.538637283823494073e+00,2.933536748954368889e+00,3.417950795939698860e+00,4.037981366166809138e+00,4.835762025845718348e+00,5.744527002353256862e+00,6.496751838478320273e+00,1.038776273875032352e+01,1.252802588175782539e+01,1.351867870810127314e+01,1.550450570628256486e+01,1.667599920289487514e+01,1.842780603692847663e+01,1.948981901377550230e+01
3.700880000000000000e+05,3.446636261444635529e-02,2.719315884407647044e-01,4.384592568829668302e-01,6.482317868498621571e-01,1.035421432748416137e+00,1.592990890283038974e+00,2.132864183538023539e+00,2.561548845002928232e+00,3.161675444793262457e+00,3.566795582157396893e+00,4.222684993338936543e+00,4.625412350424625174e+00,5.100111329057222420e+00,5.991624487676153521e+00,6.486575852949236776e+00,7.448176616107867076e+00,1.095501280975230962e+01,1.312489715857582517e+01,1.565715640490414273e+01,1.948408377606139652e+01
3.700890000000000000e+05,3.775539592670407174e-02,9.479964347883829134e-02,3.281209751786314799e-01,6.991584603634186657e-01,1.411603234024597642e+00,1.986483584205066322e+00,2.427135306168171969e+00,2.892364592609501628e+00,3.588980947473758398e+00,4.466506937890204476e+00,4.966870172150003704e+00,5.573491016251022501e+00,7.483083569407950719e+00,8.114069168819522559e+00,1.188196542455460580e+01,1.389583034721633048e+01,1.488062622726207707e+01,1.629775471290816569e+01,1.757044063333786710e+01,1.994466446673789051e+01
3.700900000000000000e+05,2.046605089397979249e-02,1.775842841864974098e-01,3.085758138763881053e-01,5.546101247396570955e-01,7.208330504617294077e-01,1.505799622959860917e+00,2.667091674637843468e+00,3.119886697478807314e+00,5.419647003348721626e+00,6.147195871173087411e+00,7.497855431465349163e+00,8.664544000792734124e+00,9.421201584497003623e+00,1.063046318928417833e+01,1.211753074101221728e+01,1.380096279849018259e+01,1.548262902332043289e+01,1.640497811639044201e+01,1.777575590716096698e+01,1.943169987860858683e+01
3.700910000000000000e+05,2.278393183132809696e-02,6.791229624323946723e-02,4.623333080371454518e-01,1.042917796634346583e+00,1.422536234289580204e+00,2.279147321568196105e+00,3.087483857562859146e+00,3.721315898412163037e+00,4.632236732428610892e+00,5.588016809759549730e+00,7.794059755109704390e+00,8.725828342908545920e+00,9.733926265915595621e+00,1.053844639908486869e+01,1.159795506933717135e+01,1.249975415931071332e+01,1.356995864171713428e+01,1.521363040200914973e+01,1.651795217741901922e+01,1.832123128908813214e+01
3.700920000000000000e+05,1.264505404344673511e-02,7.067715147703790279e-02,1.473345404848127593e-01,7.479674502606283859e-01,1.036109850491857109e+00,1.667223361573248130e+00,2.127225330350544397e+00,2.589205371209206241e+00,3.037873461486119364e+00,3.531707775535140925e+00,4.758806899838524451e+00,6.253203919459439319e+00,8.367798843631243599e+00,1.062679728004387059e+01,1.176155934003834957e+01,1.370001080666887283e+01,1.483686390735877225e+01,1.650441232323877827e+01,1.826555020093144321e+01,1.996527653905517496e+01
3.700930000000000000e+05,2.893491034493844705e-02,8.205482647983286526e-02,1.542634425200604120e-01,8.640487053345773383e-01,1.406971640354506281e+00,2.629089537913546160e+00,3.248375623450716176e+00,4.351133833084964486e+00,5.422889799494288177e+00,6.294563593589152184e+00,7.152292584958051869e+00,7.965930061676390395e+00,8.789842712779073253e+00,1.016010352763978908e+01,1.102450521612175116e+01,1.220399302118300078e+01,1.339265132588024265e+01,1.493467083832491760e+01,1.661992957577875885e+01,1.811810944272160739e+01
3.700940000000000000e+05,1.869418678485401664e-02,1.238892245421518989e-01,3.018461527410233325e-01,5.654884524508991817e-01,1.050300704260523910e+00,1.389061229729671387e+00,1.790670508373356284e+00,2.088364943675138363e+00,2.421997629152758069e+00,3.589935098656890311e+00,4.076183598402188579e+00,4.464425857096269823e+00,5.459255214764092479e+00,8.391326605967554642e+00,1.065475283781088933e+01,1.141018204064372199e+01,1.248911779664380717e+01,1.713143382978543627e+01,1.821281590169306597e+01,1.992226570510583983e+01
3.700950000000000000e+05,4.651230128690697629e-02,1.200641803549717945e-01,2.350227138949546601e-01,3.983131885958863805e-01,4.991366937053470787e-01,6.688982887058212423e-01,7.986317249087100389e-01,9.686030206090379124e-01,3.722758736657936218e+00,4.175825859965063280e+00,5.258203197218017877e+00,6.634114105000828765e+00,7.866752924156081406e+00,8.821331506826483704e+00,1.011147094704492311e+01,1.090441450357154807e+01,1.168160711508840954e+01,1.461645526910039194e+01,1.604133191753209076e+01,1.729059169033317289e+01
3.700960000000000000e+05,4.694454966396865991e-03,3.768307345386867624e-01,5.751241321061123513e-01,1.031855413181423931e+00,1.380692010883120435e+00,1.822105392403190471e+00,2.326195732646580083e+00,2.711738205908854837e+00,3.898718080263830821e+00,5.039515917075306106e+00,6.994094225958535027e+00,7.713916112454931806e+00,9.589682248158007738e+00,1.058615848699129103e+01,1.179231798518247132e+01,1.333743582517564086e+01,1.533862825270387020e+01,1.695015203343666244e+01,1.793329076532856448e+01,1.975252167471956000e+01
3.700970000000000000e+05,2.324528823237426156e-02,2.570091968944985261e-01,4.243119954198113497e-01,1.131491300878578965e+00,1.427259173598366404e+00,1.728438795353401281e+00,2.595366307900078162e+00,4.178640357789256576e+00,4.794817711260114024e+00,5.467239363432819133e+00,7.092273275416816958e+00,7.868500441410740009e+00,9.454481330591852029e+00,1.027754941736265515e+01,1.148859272031255152e+01,1.283674903091736397e+01,1.458684288100407400e+01,1.604127481701737423e+01,1.732169146531369819e+01,1.965588538272981722e+01
3.700980000000000000e+05,1.419350074518455074e-02,2.862841830832556500e-01,5.915157568490576612e-01,8.075328145435585192e-01,1.203703979077422881e+00,1.949159198006309435e+00,2.347117615004275848e+00,2.698423980321575044e+00,3.143958145511920321e+00,4.123480044983779180e+00,5.822718220534485845e+00,6.546592634165532942e+00,7.103763522060772218e+00,8.333664686123688270e+00,1.172768003135157144e+01,1.305356337564150948e+01,1.454898352365870906e+01,1.642031302846170249e+01,1.777221498274633049e+01,1.879847819869362624e+01
3.700990000000000000e+05,4.385079258068147467e-02,1.200512758895593279e-01,4.452945021703460515e-01,8.069763642046576813e-01,1.361147632179439126e+00,1.796657207918462396e+00,2.155447306905186711e+00,2.839307586464887123e+00,3.620418372578524391e+00,5.772923972783022606e+00,6.416291238355035453e+00,8.017594329704213152e+00,9.201819314800331995e+00,1.022394368000757048e+01,1.108077396502678269e+01,1.256861738611253010e+01,1.339083792084987401e+01,1.502120403556969741e+01,1.646414419222504222e+01,1.899242572553346164e+01
