5.700000000000000000e+05,4.349607947739442260e-02,9.481647301747275769e-02,1.637094384389566892e-01,4.595681878278354837e-01,1.068500705600161194e+00,1.669714670473723794e+00,3.906236917488288274e+00,4.589285525323382409e+00,5.394905047739658954e+00,6.067315115352975852e+00,6.704320177123744173e+00,7.501190054786312622e+00,8.676781075913176267e+00,1.075088467859096220e+01,1.186673609919972350e+01,1.340139757612609017e+01,1.565585519594932329e+01,1.679099270965626900e+01,1.834944865214229281e+01,1.969804212817301092e+01
5.700010000000000000e+05,1.637912539773443976e-01,3.538790247863057292e-01,6.159309431428158232e-01,9.835135844460158872e-01,1.390227901557308687e+00,3.101024174197144934e+00,4.201175720327659846e+00,5.191417182213988291e+00,6.139872570750638303e+00,7.050814333269876499e+00,8.054118329859205616e+00,8.902651447087214009e+00,1.066429121094627064e+01,1.260322771590729296e+01,1.357958001459098973e+01,1.466510439084966499e+01,1.588699336973517084e+01,1.698649570938798092e+01,1.854362693959956232e+01,1.960159108314456589e+01
5.700020000000000000e+05,2.280668293463916640e-02,3.169922792517749777e-01,6.764666791921418731e-01,1.223909762201574214e+00,1.558146526012598621e+00,1.986511831707167719e+00,3.519080086408343355e+00,4.324377296522685654e+00,5.039166649411373378e+00,5.647705212588777002e+00,6.507043092491116454e+00,7.414750301754200024e+00,9.190982430250359769e+00,1.043295105372921938e+01,1.226647618093597458e+01,1.388123433304151177e+01,1.556938054541988770e+01,1.664584594489762637e+01,1.772783105814443871e+01,1.924974161322220567e+01
5.700030000000000000e+05,1.932546087347608577e-04,6.209157243775620394e-02,2.984025457234737999e-01,4.316031949964891368e-01,1.254493599854144659e+00,1.600799373599818498e+00,2.254724703013907039e+00,2.704370665537691565e+00,4.104452244713431952e+00,5.564712492437932312e+00,6.548403271231670431e+00,7.718120131680903384e+00,8.936023684785450172e+00,1.074107076721931797e+01,1.157210492744795260e+01,1.341216185011762718e+01,1.539843014388947218e+01,1.666519687754683687e+01,1.860230777774951605e+01,1.999280113047685248e+01
5.700040000000000000e+05,1.146342270599520763e-02,5.672728569600549164e-02,1.805512682145781200e-01,5.402864401328706379e-01,8.065139496854772938e-01,1.946642768751908115e+00,2.658739346206209220e+00,3.361575062737044206e+00,4.670627463158647075e+00,5.830424140065749938e+00,6.978650004716611122e+00,8.576106295653259437e+00,9.628024983332068132e+00,1.070378699020987057e+01,1.152266747984457851e+01,1.336542946310921920e+01,1.508352334144041329e+01,1.677057124808434452e+01,1.791864335616802961e+01,1.912516734697020837e+01
5.700050000000000000e+05,1.052315285799620970e-02,3.547145943832141768e-02,5.975745628872319859e-02,9.840083998469983939e-02,1.334399600900356697e+00,2.579409847676978451e+00,3.717321495047885449e+00,4.305876520534287266e+00,5.181131598164894214e+00,6.289762651755188116e+00,7.212814501461917160e+00,8.047727391015706999e+00,9.104927976962603253e+00,1.051234969398556629e+01,1.156771570610706945e+01,1.269897353708143584e+01,1.521932429418462362e+01,1.633441115178092673e+01,1.805661677548691912e+01,1.953306699704529947e+01
5.700060000000000000e+05,1.231710085025128354e-02,3.774555783587563162e-02,1.416656412703952705e-01,3.374059793375003835e-01,4.417036770098037302e-01,6.818552619178579466e-01,9.977927925154793654e-01,1.190899281983949010e+00,1.446586637393673103e+00,1.650956247555449563e+00,1.868245937421395997e+00,3.159525314576827171e+00,5.579314112878002163e+00,7.364404975971187817e+00,9.322674535676048535e+00,1.014831076063298276e+01,1.113742581999829717e+01,1.295872937794599977e+01,1.416897459810465776e+01,1.616576110156918844e+01
5.700070000000000000e+05,2.315224084988520836e-02,1.068612512140039161e-01,2.676519208158518737e-01,4.894058165454753251e-01,6.930506794607188548e-01,1.219789350505859016e+00,1.465643027647003827e+00,2.367124578273297253e+00,2.925185334143605598e+00,3.550953242434689017e+00,4.048697600986029599e+00,6.341859256778658249e+00,7.802744513142670257e+00,8.440688214278075918e+00,9.404072844384556262e+00,1.055843925156699648e+01,1.201129317646995709e+01,1.544825126354084510e+01,1.701924017865246697e+01,1.825592670668397233e+01
5.700080000000000000e+05,2.679861188322729681e-02,1.468266773405282333e-01,4.047281570562856201e-01,7.791249348606514857e-01,1.426765833440206688e+00,2.207058631641687363e+00,2.873885901218642402e+00,3.429358434905248387e+00,4.117043689460516021e+00,5.087939743390553993e+00,6.148541332594797737e+00,7.430721672149635637e+00,8.104739095472556443e+00,9.241836068899839773e+00,1.018176588301740182e+01,1.134155872391983166e+01,1.307304665527048826e+01,1.505428852674906182e+01,1.692312799308695759e+01,1.942388080970769693e+01
5.700090000000000000e+05,6.383670895435655801e-02,1.721577610318989482e-01,4.656698978797085831e-01,8.067041985109213442e-01,1.084031951988040365e+00,1.642967249981316602e+00,2.276607190235722555e+00,2.934211861670691590e+00,3.652502656102298406e+00,5.028979546114527466e+00,6.532721677068576760e+00,7.671517605537895967e+00,8.757382916987173971e+00,1.081917021082301922e+01,1.181350541535135079e+01,1.265663262182258819e+01,1.387995815621530049e+01,1.489058660043693472e+01,1.629105997693422836e+01,1.932200837443078711e+01
5.700100000000000000e+05,9.944976293481522234e-02,2.231662131051797004e-01,3.654968653866941253e-01,8.045181700457044727e-01,1.364707765301810927e+00,1.695644076490304686e+00,2.606787444110371776e+00,3.058386233829081924e+00,4.269464985024937320e+00,4.921039797523739878e+00,5.431907547978716444e+00,6.143345945192919544e+00,7.048001192531319958e+00,1.025887654913626967e+01,1.161121290245611526e+01,1.239525091964819659e+01,1.353131982478963735e+01,1.468146812275269220e+01,1.561159131714298454e+01,1.817519621863939605e+01
5.700110000000000000e+05,4.729824849824981747e-03,2.068140366335977642e-01,4.569016395029983357e-01,7.453200029258146841e-01,1.390618557083614926e+00,1.838843572166410256e+00,2.189285813174442374e+00,2.543999296605307769e+00,4.346913318649370694e+00,5.000976653027755958e+00,5.733810527724329198e+00,6.838042607448359789e+00,7.473576258609831768e+00,8.266601448072941949e+00,8.864856967484994854e+00,1.225437884487967466e+01,1.381238045160108285e+01,1.510457600923331967e+01,1.646476764678272176e+01,1.733818856616448301e+01
5.700120000000000000e+05,1.530030361390066762e-01,3.145740876786697893e-01,4.920747777034114590e-01,8.725772689795840975e-01,1.417962834920550197e+00,2.365702942507245332e+00,2.987928028971690075e+00,3.529737781599910917e+00,4.793825448163791414e+00,6.353370476091336982e+00,7.046266960566819115e+00,7.982781140735087710e+00,8.687625902508157694e+00,1.017671154291911506e+01,1.098446514603780422e+01,1.316226338206397450e+01,1.484572749383252166e+01,1.599486291055407072e+01,1.779028328371400036e+01,1.873586359519179823e+01
5.700130000000000000e+05,1.788114361118409157e-02,1.819576202710888602e-01,5.200401362914760517e-01,8.854077116237797362e-01,1.376943976457028374e+00,1.697991562866060677e+00,2.004707061505158538e+00,2.410625646765636176e+00,2.887377558740041650e+00,4.371018505317033842e+00,6.199265013271814340e+00,7.927963324996396111e+00,9.472825721167836832e+00,1.024072619699317244e+01,1.108746957070157357e+01,1.203472886196460756e+01,1.322016754012116735e+01,1.414982284433906123e+01,1.541990336763916858e+01,1.988904270227878968e+01
5.700140000000000000e+05,2.635600607543786555e-02,7.771530167964679769e-02,4.278748774838960767e-01,1.001655179182003419e+00,1.516297910056105369e+00,1.901530424338783387e+00,2.335051599732104854e+00,3.692134359338246519e+00,4.264340854885375620e+00,4.885733518206847315e+00,5.516817978773461917e+00,6.096721867558488661e+00,8.003345121826759723e+00,1.128282668684741097e+01,1.214899561384445192e+01,1.370097483909994907e+01,1.495418194131492129e+01,1.673032285345654913e+01,1.770580023454759910e+01,1.874379457730552545e+01
5.700150000000000000e+05,1.886362387767626103e-02,1.757526839702110433e-01,3.058702857857031887e-01,7.071363655641302870e-01,8.995093714926266637e-01,2.300060286198613024e+00,2.698602922084699429e+00,4.156227629490024000e+00,4.958448998308558231e+00,5.580890388039891903e+00,6.321336371410327892e+00,7.146518585077021868e+00,8.441080997330320912e+00,9.843027039080860519e+00,1.073776962076318853e+01,1.188175271540443667e+01,1.304424105035220727e+01,1.563121863686354374e+01,1.763587571015208511e+01,1.938491255261566693e+01
5.700160000000000000e+05,3.569379920683513063e-02,9.515034895231888612e-02,2.206001251193452362e-01,4.309101182503840555e-01,5.880811294582788396e-01,1.688633532477079591e+00,2.154435251872695911e+00,2.971501513353972612e+00,3.542729132691357918e+00,3.980746097215166479e+00,5.364778956601709226e+00,6.577985529229133377e+00,9.137310225110940820e+00,1.019069778574899843e+01,1.138267604543984035e+01,1.287077933095707216e+01,1.434647211898449726e+01,1.564776815596118809e+01,1.760644203011403519e+01,1.999609352443417265e+01
5.700170000000000000e+05,1.084973808345335300e-02,1.232964916341008355e-01,5.226120176224222647e-01,7.166222078864161737e-01,1.054441441360514542e+00,1.443899302769448889e+00,1.925493689025971733e+00,2.518138239313304716e+00,2.954872599725552273e+00,3.552598106096824804e+00,4.513918751328342083e+00,5.295756322777597447e+00,7.099190580012703755e+00,7.798262761961023415e+00,8.961189691673663305e+00,9.990522612952794645e+00,1.167382964629555175e+01,1.466224267486227184e+01,1.848900561119921804e+01,1.952001203165024634e+01
5.700180000000000000e+05,2.264358881630412768e-02,5.080704830896243251e-02,1.331118466987746274e-01,7.394707080232185703e-01,1.120784644588470158e+00,1.434442591272576673e+00,1.739261202900966197e+00,2.900208558936217429e+00,3.544770110187659196e+00,4.008107756482599981e+00,5.367433890514356598e+00,6.618245530158887391e+00,7.249417403155110406e+00,8.575163924811569416e+00,9.417117357570685243e+00,1.057390978546754745e+01,1.169634939936125484e+01,1.652155025641853925e+01,1.822681785496934026e+01,1.990782519212011081e+01
5.700190000000000000e+05,4.820618726718794989e-02,2.377027680932097820e-01,3.659592088532735987e-01,5.615900023946274189e-01,7.741327525038210755e-01,1.001764136276339423e+00,1.327984254091148175e+00,2.072035636245283641e+00,3.449750716195862488e+00,4.926448516656066978e+00,5.713119414810868157e+00,6.607074454036863997e+00,7.528846477727060282e+00,8.181554668833923571e+00,9.522163437152686427e+00,1.266627186836287144e+01,1.496634583901638216e+01,1.630925745832534091e+01,1.847457618363603515e+01,1.972346841765935466e+01
5.700200000000000000e+05,6.629275205682583216e-02,3.238910051758909781e-01,4.985321114720944191e-01,6.822492649246800767e-01,1.148929159581545401e+00,1.859947412737906758e+00,2.504862732042547613e+00,3.093004014259302714e+00,4.788136616452177030e+00,5.320154634930895021e+00,6.029130377617423875e+00,7.514983123002290988e+00,9.660424395887188709e+00,1.103778184707773136e+01,1.333281172500942624e+01,1.429558586263487463e+01,1.562870919130305936e+01,1.681874501076844197e+01,1.794407859251408155e+01,1.954856659016827436e+01
5.700210000000000000e+05,1.707166026097950429e-02,1.462056475057047500e-01,2.828080695682547718e-01,6.540794345928531150e-01,1.153875106896774527e+00,1.876860514309711681e+00,3.607026716181796822e+00,4.383152631895276485e+00,5.366613960221692459e+00,6.244634376510385110e+00,8.197580785802163206e+00,9.506847490738207895e+00,1.038615409241921483e+01,1.232934215094750563e+01,1.389799138708215942e+01,1.503862099289720788e+01,1.623683227820735553e+01,1.719526687358852968e+01,1.885532370547027625e+01,1.993428682890856152e+01
5.700220000000000000e+05,8.151249803353022294e-03,1.060572598111895193e-01,2.106613799499328366e-01,3.803284517934706344e-01,6.632773233795324908e-01,1.827274843398461357e+00,2.819331012443064832e+00,3.748629427106766165e+00,4.880815362152916670e+00,6.777820863575901633e+00,7.747704442522361568e+00,8.611702311629642281e+00,1.021232438682587862e+01,1.133348119537065912e+01,1.217348028095956458e+01,1.353898139508630827e+01,1.533464870603915564e+01,1.667884943644573781e+01,1.764497364645114885e+01,1.922871817076117296e+01
5.700230000000000000e+05,1.438732265276376765e-02,3.358825151574620360e-01,5.808350212604885821e-01,1.017712926364859438e+00,1.422678663924865194e+00,1.849768315171408606e+00,2.511532817429012354e+00,3.128698628023800943e+00,3.963414849207442359e+00,5.472439136392750925e+00,6.279906927546048401e+00,7.178633560847886841e+00,8.300104372109617046e+00,9.383811302776056351e+00,1.034548917661177470e+01,1.257658950368652562e+01,1.406010281156219222e+01,1.490352794482879339e+01,1.729951681686532083e+01,1.832002183123823613e+01
5.700240000000000000e+05,1.836613839680689697e-02,3.494148087883302001e-01,5.734401454819045840e-01,1.105531623258392049e+00,1.420442962301549095e+00,2.033697849330732499e+00,2.683439096001870805e+00,3.468869859756229523e+00,4.010100592042449286e+00,4.708394898963186748e+00,5.530020388152808053e+00,6.338458434840555711e+00,8.950757453680528997e+00,9.689469374548108860e+00,1.284885639144954261e+01,1.484319168303339609e+01,1.633888640537206527e+01,1.748777971210205706e+01,1.878919537880689816e+01,1.990421527565058213e+01
5.700250000000000000e+05,1.898629989814859531e-02,2.127169036996505724e-01,5.059346283866523741e-01,7.405947098043630383e-01,1.593981568655097991e+00,2.178011999523588926e+00,2.608584573810113660e+00,2.984395626139308533e+00,3.408078766580923791e+00,5.099267001997638715e+00,6.076430065858959395e+00,7.148884761103044383e+00,7.939445330129946576e+00,9.896969557520534977e+00,1.137946337579769818e+01,1.281263871993349568e+01,1.465080164640609972e+01,1.577674622446609121e+01,1.694220975883214919e+01,1.936519580744090163e+01
5.700260000000000000e+05,1.795374589224518758e-03,7.423120842024766297e-02,4.736586732755119211e-01,8.880083900653841233e-01,1.267233157079117323e+00,1.538951151380685500e+00,1.998183943362842108e+00,2.340846477415822413e+00,3.056752253078094395e+00,4.706405279874351422e+00,5.390585326374794484e+00,5.919800060357896854e+00,6.761653150637611631e+00,8.048298702776898850e+00,9.056389779828855069e+00,9.918701682439028389e+00,1.093085203290551632e+01,1.344567297913517478e+01,1.468488904624047642e+01,1.891304409985222890e+01
5.700270000000000000e+05,9.964783436750779266e-03,2.406183175057710066e-01,5.153338049544222699e-01,1.046162654482634125e+00,1.579282103413943705e+00,2.254084208559299363e+00,3.296098582771682217e+00,4.236652032092382392e+00,5.097018421000096389e+00,5.714199186722370705e+00,7.059682281749114274e+00,8.149581641987982294e+00,9.177120916647893978e+00,1.014469229652840276e+01,1.121562420055029641e+01,1.282486766440208648e+01,1.391992208711333667e+01,1.663412409611153109e+01,1.822050169744888137e+01,1.989298040628868591e+01
5.700280000000000000e+05,1.605459467392655881e-03,3.121122924485555394e-01,6.807807184175133086e-01,9.158282410971363419e-01,1.278823090308035537e+00,2.116946385742253245e+00,2.483585681991579808e+00,3.780080203755845858e+00,5.173868696275240708e+00,5.819601741647288051e+00,6.788730774767452125e+00,7.456983367746277125e+00,9.206015699174153966e+00,1.146200814809540702e+01,1.241028796672373780e+01,1.403109751085762369e+01,1.510999446014165670e+01,1.614174921094099702e+01,1.708868404906255023e+01,1.984620088111560676e+01
5.700290000000000000e+05,1.295482662589801937e-01,3.502025710803533531e-01,7.150968409134528248e-01,1.092773429489329651e+00,1.471964318961361151e+00,1.910394804645654032e+00,2.441172490872340006e+00,3.429665347322516489e+00,4.054787150144376184e+00,4.793744784248343827e+00,5.758361286705171445e+00,6.682735302899807550e+00,7.935575983129235844e+00,9.987409567721307724e+00,1.172167810010165390e+01,1.289804463696863834e+01,1.436271240448046704e+01,1.615836306744283490e+01,1.808591097715155982e+01,1.981900465880512741e+01
5.700300000000000000e+05,1.847432947488624189e-01,4.050569311544518492e-01,6.464264144937943435e-01,8.693249570248160474e-01,1.653230443102065461e+00,2.196749234769682424e+00,2.787191273169834727e+00,3.418386912116607945e+00,4.058462175130924443e+00,4.550996298517798522e+00,5.231292532228589920e+00,5.801983948806122449e+00,6.423117576267821427e+00,7.027523179025861211e+00,8.588140339796236589e+00,1.037137975528012390e+01,1.108628676981323302e+01,1.174457915705003153e+01,1.647481395443567820e+01,1.812312014304513852e+01
5.700310000000000000e+05,3.964686203270006981e-02,1.884586051376084814e-01,3.896441897243271280e-01,5.201391228979139747e-01,1.019264457291583881e+00,1.366095326069899141e+00,1.844584360859632177e+00,2.337093102375632725e+00,2.777571893205600162e+00,3.188703150675263664e+00,3.739560304277250058e+00,4.218724927780986178e+00,6.820082328976644348e+00,8.838361461043213296e+00,1.069941741452154993e+01,1.262955035266666215e+01,1.539246298734289198e+01,1.630709049561714252e+01,1.773771995439579285e+01,1.956588763352234750e+01
5.700320000000000000e+05,5.854021452930902036e-03,9.160026411776733823e-02,2.265539617953628015e-01,4.383427860008324295e-01,7.401009736330982358e-01,1.020121801115860816e+00,1.730122676184441488e+00,2.254499067327802919e+00,2.541601144111265587e+00,3.447178786969232966e+00,3.840110468054217741e+00,4.442801763414466976e+00,5.551737351451893510e+00,6.330047001405892715e+00,7.965194832407026304e+00,9.040479276505850592e+00,1.075172451133133222e+01,1.254714849803501053e+01,1.423029395422385690e+01,1.999605046540771625e+01
5.700330000000000000e+05,9.335868883931042195e-02,3.209985806568893540e-01,9.836217583407707021e-01,1.351552168422837763e+00,1.829102458877513993e+00,2.608033401970367926e+00,3.090765747654788065e+00,4.192034924160078724e+00,4.982673959562990085e+00,6.179654908885816589e+00,7.527709121302585515e+00,8.938185659067944044e+00,1.050152525923504321e+01,1.136130520177797365e+01,1.243627145432249392e+01,1.331645626941703853e+01,1.446981912083210808e+01,1.628325232602841766e+01,1.778573789512038417e+01,1.960211260454526183e+01
5.700340000000000000e+05,2.338402873553846462e-02,1.620578736385231977e-01,2.474731803219343274e-01,5.058500175750522132e-01,8.099909173610664315e-01,1.614040917129911712e+00,1.943196163162861589e+00,2.641399931050672834e+00,4.342996973282727602e+00,5.750835482947817212e+00,6.579347129538394512e+00,7.699650742782933932e+00,8.832291124002900062e+00,1.016577451430957879e+01,1.092701831523618239e+01,1.241212397375656806e+01,1.324300444348078543e+01,1.474333728997774884e+01,1.637500338461505223e+01,1.878536398540640562e+01
5.700350000000000000e+05,5.032740889681197594e-03,5.541961921477445152e-02,1.201747600969005347e-01,6.099014124407169390e-01,8.033840181184997986e-01,1.538468985373428799e+00,2.176738945720643414e+00,2.917585979189144751e+00,3.723042688407955936e+00,4.647426429148801219e+00,6.237978632422251479e+00,8.291321677324445361e+00,9.622568829080234920e+00,1.043038576317192323e+01,1.141475924779869366e+01,1.237852226977969039e+01,1.358490627678165374e+01,1.599504289446358030e+01,1.715613257972819383e+01,1.935998666140431723e+01
5.700360000000000000e+05,8.881110648935253149e-02,3.939715128599143856e-01,6.278417698553243609e-01,9.180180770090924369e-01,1.357411736882538467e+00,2.131844435918292646e+00,2.637503063371580581e+00,3.112712973619667700e+00,3.559623181011905224e+00,4.149778456959751338e+00,5.741352452389680394e+00,6.334054754506531992e+00,7.851928997686945522e+00,8.662134509428843998e+00,9.428928932514557104e+00,1.010347456245727926e+01,1.247478597101014408e+01,1.573758608610400600e+01,1.722025705733314638e+01,1.921105674109813677e+01
5.700370000000000000e+05,4.461663267069160277e-02,3.186829224215701473e-01,4.819087269773759674e-01,8.807708836298138166e-01,1.156054583267854152e+00,1.513276677687480642e+00,1.818237637827770703e+00,2.175746913413288297e+00,2.959673354174654936e+00,4.196324096915935442e+00,5.477326747463511225e+00,6.094062762810868783e+00,7.316947059930949848e+00,8.786903399193299435e+00,1.045485278689913144e+01,1.187325017015016293e+01,1.483512793513243899e+01,1.622637412989227101e+01,1.735458419927390494e+01,1.859432654948072283e+01
5.700380000000000000e+05,2.060353707475903740e-02,3.204844120463610224e-01,5.188350158743638696e-01,7.158087447063072872e-01,1.010157598848393956e+00,1.418830064684540870e+00,1.840864306822575180e+00,2.290316766429234541e+00,2.598709083554366028e+00,3.794277874390309613e+00,5.500761670020517080e+00,6.729281960549354125e+00,9.271588941858878385e+00,1.032000412714477555e+01,1.110949558516223590e+01,1.282753121939399676e+01,1.377874485087104084e+01,1.554628406297220522e+01,1.701065561732951537e+01,1.982041515954085042e+01
5.700390000000000000e+05,6.524733030876472828e-02,1.721925926141678609e-01,4.473564914616265931e-01,6.602108886854844982e-01,8.313419200905447504e-01,1.225375268562790110e+00,1.449467362625130207e+00,2.193515104396580817e+00,3.958228012188556466e+00,4.498565381169745692e+00,5.661648721058494260e+00,6.463586005668804368e+00,7.552007427710051068e+00,8.240681881912893303e+00,1.011058987745033377e+01,1.109718169357742745e+01,1.200438427023514976e+01,1.648097881607944259e+01,1.790811198831764273e+01,1.985857962597620840e+01
5.700400000000000000e+05,7.240131883702316529e-03,6.921306014679706742e-02,1.463368797208710603e-01,3.923530392560192759e-01,6.639591773706549072e-01,8.532815996783316148e-01,1.457783474633056020e+00,1.886981219621843842e+00,4.642274942818614747e+00,5.182488860551877963e+00,6.184556903806986305e+00,6.943160583856231582e+00,7.574754450886269197e+00,8.611834237481840404e+00,9.291524094792745103e+00,1.132978459882346911e+01,1.226324239711692954e+01,1.355529095541678863e+01,1.441389393997157420e+01,1.923503613594610329e+01
5.700410000000000000e+05,9.630521657305168848e-02,2.091626720211634538e-01,6.583109882786730704e-01,1.001000185480695137e+00,1.370158599518745968e+00,1.662440123776618650e+00,2.371481465229708263e+00,2.824472251544631440e+00,4.148004075780868938e+00,5.751748688661223241e+00,6.417329105550056312e+00,7.533710680316382025e+00,8.228758483540085322e+00,1.006677703360280596e+01,1.103903008185935164e+01,1.212854381864724473e+01,1.469944347544302587e+01,1.586114339597935441e+01,1.688561059634499273e+01,1.953637548998106155e+01
5.700420000000000000e+05,4.453988134468178650e-02,9.373362899125137204e-02,3.574030350058635674e-01,5.792275397532873349e-01,7.954313329933726529e-01,1.935731930600953277e+00,2.831855199286692937e+00,3.699584906373724280e+00,4.693491926428187355e+00,5.769252016424131213e+00,6.419539826687257644e+00,7.038598025027324567e+00,7.814148435508246671e+00,9.287730301286256207e+00,1.004489591131110338e+01,1.098533281344465173e+01,1.198750758716464304e+01,1.297998694247581852e+01,1.436284658001021164e+01,1.533456932132544281e+01
5.700430000000000000e+05,2.159939972410007680e-02,1.231826722311957223e-01,4.036620167513618185e-01,7.847018812289654477e-01,1.039844505283062936e+00,1.261534540119708003e+00,2.489942879419102972e+00,3.018287017115640403e+00,3.596916109357130242e+00,5.527899670512434582e+00,6.222086099890914213e+00,7.407629531257569511e+00,8.935457168485948287e+00,9.795587940563722285e+00,1.127468783762247106e+01,1.330245064984514336e+01,1.418945774939199289e+01,1.577836509555119271e+01,1.807106317965307696e+01,1.957808191780756957e+01
5.700440000000000000e+05,7.487613299052786608e-03,1.354078801523774800e-01,4.902684875723426483e-01,1.247118713284796510e+00,2.007799662349501357e+00,2.548416737454700431e+00,3.583575206817295022e+00,4.388302974779114685e+00,5.005396760411143120e+00,5.563820424729306602e+00,6.298255567963769508e+00,8.182748023940350279e+00,9.690304385552575894e+00,1.063995921998345828e+01,1.155260128180732515e+01,1.319280351055994416e+01,1.405272606247994638e+01,1.709766623918537576e+01,1.826058470575566162e+01,1.966536958137463387e+01
5.700450000000000000e+05,6.544961042244779037e-02,1.427464111783236511e-01,3.993081486985189388e-01,5.653150616767552705e-01,7.146692008124638784e-01,9.854870048453610032e-01,1.163782910086104572e+00,1.552328450846714780e+00,2.178961092403657762e+00,2.648728172645986589e+00,3.106037758024252859e+00,4.790468756009868656e+00,5.800451007872855058e+00,6.652826560178249693e+00,7.292109223427948095e+00,9.856484452980732058e+00,1.074627508972860923e+01,1.285528455088571320e+01,1.631943226433121552e+01,1.973151454453156362e+01
5.700460000000000000e+05,3.054540872372735194e-02,2.090302669289716420e-01,4.774805736421127156e-01,7.004915703824203810e-01,8.982644435569092645e-01,1.283024438638667997e+00,1.630674266236789460e+00,2.360715555811239597e+00,2.811049632609629256e+00,3.376157034030114801e+00,4.812330609669727366e+00,7.086445266147686439e+00,9.037039067353100918e+00,1.059519700860001201e+01,1.206064410832341238e+01,1.379150877668700304e+01,1.490131593974820134e+01,1.636318449149587195e+01,1.769335638211549266e+01,1.918766934550592396e+01
5.700470000000000000e+05,9.969010823077661954e-04,1.126278669094846752e-01,4.842775038622902928e-01,1.245209805662071290e+00,1.708160657533226878e+00,2.256718018643386614e+00,2.889903737985196841e+00,3.419010053049321485e+00,4.357077802362550933e+00,4.883833732057269117e+00,6.321766979867095237e+00,6.900410572989695623e+00,7.600593908111175523e+00,8.908976714284529308e+00,9.834157894366491348e+00,1.262961110991281544e+01,1.436738559721895037e+01,1.567928196808157537e+01,1.868521932862540780e+01,1.977514193578793567e+01
5.700480000000000000e+05,5.939079538887614973e-02,2.812818705182527079e-01,5.945407861550897621e-01,8.498297928454370265e-01,1.191834980751316664e+00,2.576857845692054561e+00,3.419407433999061663e+00,3.970434442454230606e+00,4.509078673800416937e+00,5.202414866160087747e+00,5.773524656672626598e+00,6.621144815353473767e+00,7.847519831466715168e+00,8.526459313843609777e+00,9.642081466548443558e+00,1.198715194383684945e+01,1.300345090292607786e+01,1.461154618573814545e+01,1.554690158998768368e+01,1.775545536281044434e+01
5.700490000000000000e+05,1.021680679111937051e-01,2.045935456680012532e-01,6.513044950487174578e-01,1.233190668230484732e+00,1.563218484343746439e+00,2.229315162935998629e+00,2.611648220164493495e+00,3.332177994197238036e+00,3.810981816933642907e+00,4.862234102285489357e+00,6.754554527839166767e+00,7.927205758671212799e+00,9.282146409722329850e+00,1.044339474482289276e+01,1.157790813645532779e+01,1.266888870323711558e+01,1.475006590361512515e+01,1.666404769368376293e+01,1.777998399410624586e+01,1.992916829038935944e+01
5.700500000000000000e+05,6.474645200212725271e-02,1.516968116167167757e-01,4.824207654527854494e-01,7.289928786340031941e-01,1.277063563564263537e+00,1.560980324209167991e+00,2.025839468679783373e+00,2.626329680653111787e+00,2.986508006633504131e+00,4.960599279114731530e+00,6.400382501952056380e+00,6.994564032173924417e+00,8.123553844889984887e+00,8.788050903118076462e+00,1.087355864953619822e+01,1.271088639101811424e+01,1.432314775129202289e+01,1.573523246338520032e+01,1.800551494526912677e+01,1.999001098577917190e+01
5.700510000000000000e+05,2.464255728311537386e-02,1.584733402041842432e-01,3.691805775163842229e-01,7.653073864946700056e-01,1.113436474650453700e+00,1.799559164283494717e+00,2.633049208907008332e+00,3.073577835464564423e+00,4.314343882502630123e+00,5.085757650979257249e+00,5.680526933766541831e+00,6.926510143261628727e+00,8.280807848903478430e+00,8.981704295446517605e+00,9.778648140246325227e+00,1.112237100670946255e+01,1.295946388148384365e+01,1.431188146049005283e+01,1.628020464550481350e+01,1.848979439889391330e+01
5.700520000000000000e+05,1.164496665225690508e-01,2.842898676304410621e-01,6.133063762889848780e-01,9.104453245495536251e-01,1.511322326496143287e+00,2.001935887859827012e+00,2.455278205088245347e+00,2.919835078834319475e+00,3.769327300598255270e+00,4.281424288156868485e+00,5.420769189649471187e+00,6.801973082078433208e+00,7.673484369014079931e+00,1.057998005903237448e+01,1.221596257157795229e+01,1.305386710970474873e+01,1.431216526678573153e+01,1.556819803126329482e+01,1.675772057331801079e+01,1.978415898169434683e+01
5.700530000000000000e+05,8.365212885815487276e-03,1.658297926771272746e-01,8.265470709128420745e-01,1.102212266763426651e+00,1.491322099253438171e+00,1.845748681760629895e+00,2.318897224739951746e+00,2.738622810379980343e+00,3.190262850500403591e+00,4.405729887801960842e+00,5.598555418719608490e+00,6.466523889366921907e+00,7.851177108283475370e+00,9.793421243185319369e+00,1.065603599944342683e+01,1.193872398413867053e+01,1.375595765424099071e+01,1.504961550950136306e+01,1.658864959588984789e+01,1.784961440665778909e+01
5.700540000000000000e+05,1.904732283361809664e-02,1.953685739405748301e-01,7.665695620308833336e-01,1.129888281680647033e+00,1.452473198312516534e+00,2.240930066638961549e+00,2.748170659446498743e+00,3.436293055840303978e+00,6.444045560410026852e+00,7.460526074266401686e+00,8.210269974096334522e+00,9.199471778535279753e+00,1.066342384756089423e+01,1.179017709454927143e+01,1.275332502390470601e+01,1.413892828246857647e+01,1.548222992796559616e+01,1.650889010561683179e+01,1.747269413381097891e+01,1.880194023736521913e+01
5.700550000000000000e+05,1.057394921784940989e-01,2.525676157506684394e-01,6.100671296569656343e-01,9.535861576204660572e-01,1.410788208676965638e+00,2.781608400007014037e+00,3.354785458029393652e+00,3.887684019974742888e+00,4.438245295392722056e+00,5.051354112551361908e+00,6.272397145176674904e+00,6.876561767437173067e+00,7.841500632294324369e+00,8.754112697977429747e+00,1.030540960563255481e+01,1.159408900421133026e+01,1.304393571793888640e+01,1.551240413548058861e+01,1.718019316004216890e+01,1.811268951447960873e+01
5.700560000000000000e+05,7.323983970282998968e-03,9.122663103471140289e-02,1.807593261746989199e-01,2.620387015203680114e-01,4.136668705884510855e-01,1.654767770083708456e+00,2.178984048776586135e+00,4.037708540000581436e+00,4.687381176827084772e+00,5.645922873185012847e+00,6.823724567689636089e+00,7.503515395729566606e+00,1.067651910134135029e+01,1.167628076208234056e+01,1.276147420221390583e+01,1.382670056152507243e+01,1.530923485392289862e+01,1.665038074846000882e+01,1.823373465301799001e+01,1.966793602056857182e+01
5.700570000000000000e+05,1.851726964543065623e-02,1.119818733786115406e-01,3.162265855418168181e-01,4.471200115233009420e-01,8.859350391063458563e-01,1.165246032766158457e+00,1.663799810613834751e+00,2.272171484380960393e+00,2.820320151540186782e+00,4.690315922901000079e+00,5.332868234902520932e+00,6.731215995867451340e+00,8.647053329609180494e+00,9.347682117864586360e+00,1.098118534333116081e+01,1.191853441672940583e+01,1.294983773774043456e+01,1.539616359899042131e+01,1.777009111914414774e+01,1.876870461246779698e+01
5.700580000000000000e+05,2.513648146438063335e-03,4.547221746845120371e-02,1.589812862847180819e-01,4.281273829425282784e-01,5.465010126511171684e-01,7.532214736367610630e-01,9.138126075062290576e-01,1.343036453181415624e+00,1.867892048695548812e+00,2.290877272754635818e+00,5.141167368606062382e+00,5.629989721647346457e+00,8.891977809675308819e+00,9.870117926023583621e+00,1.101699316958092112e+01,1.184418581606107601e+01,1.525549308489014777e+01,1.658979199411890804e+01,1.763486416451844008e+01,1.926114961761728139e+01
5.700590000000000000e+05,2.522658297431379371e-02,1.202475295337950278e-01,2.560624966697964133e-01,6.415221465118849942e-01,9.318718836692302387e-01,1.744776899083165578e+00,2.074626680005756008e+00,2.434826952946162137e+00,2.745865956853747569e+00,3.129618080529406043e+00,4.509864668237208996e+00,5.548529349982012526e+00,6.947983694133189836e+00,7.968378607553066928e+00,9.815639737093244221e+00,1.089599830930746549e+01,1.188611958769847021e+01,1.309109252828384662e+01,1.488859989118692084e+01,1.683046121817024243e+01
5.700600000000000000e+05,2.370526905947456520e-02,1.289054040086914377e-01,4.176791673360796819e-01,5.766049689136787393e-01,7.376944660407958043e-01,9.627530144970428694e-01,1.788480089700157372e+00,2.371112716671179399e+00,2.797687574341034988e+00,3.534025502918194395e+00,4.401653149115798414e+00,5.217213758091071796e+00,6.828960303051412772e+00,8.436909406446881476e+00,9.068547729070786545e+00,1.075515505450723275e+01,1.467750672939255807e+01,1.667756968994066469e+01,1.823347539706930931e+01,1.968727144068392576e+01
5.700610000000000000e+05,2.789448949388828591e-02,1.305642726608113868e-01,3.380089738174988367e-01,5.838142506434951251e-01,8.133246536175797736e-01,1.300350116808657752e+00,1.900980407415650220e+00,2.484075474966340735e+00,3.467901105598156342e+00,3.891242206745531007e+00,4.390132876600069345e+00,5.152864019079116176e+00,5.616618873129826106e+00,6.759946003462335540e+00,1.160651128014645295e+01,1.343550931646263535e+01,1.530722744485648512e+01,1.647356897298885414e+01,1.864109594474487608e+01,1.967427494135513300e+01
5.700620000000000000e+05,4.358572885363043437e-02,1.291653605959408591e-01,7.534781411058005807e-01,1.007521080594205198e+00,1.496111991839662592e+00,1.845843347346349583e+00,2.814175512097350840e+00,3.643289034058059706e+00,4.329010658205861617e+00,4.846858055144249278e+00,6.316726755451907316e+00,7.069129913620184169e+00,8.425290255708798526e+00,9.184214433972602620e+00,1.058892864424654157e+01,1.159572938245734974e+01,1.329595419371103660e+01,1.492282254738988101e+01,1.765187338194203548e+01,1.990761333507488828e+01
5.700630000000000000e+05,1.473853929792401374e-02,1.311645335771909338e-01,2.250867351929387583e-01,4.885932341091523412e-01,7.066473156363722863e-01,1.511382058156300667e+00,2.169111917597899897e+00,2.604174406196564817e+00,4.257411696110897203e+00,4.923034283540149048e+00,5.865816883091079958e+00,6.426574337902327017e+00,8.059030895795080696e+00,9.583558833761301798e+00,1.078202746548042334e+01,1.169257603658894062e+01,1.299833479141829429e+01,1.457293746564679715e+01,1.597099819816403077e+01,1.751653119872225517e+01
5.700640000000000000e+05,4.931706330961871387e-02,1.031369539025019932e-01,2.357521240121085437e-01,8.211070791340966402e-01,1.236784318010148542e+00,1.505711613938211180e+00,3.251724639521816673e+00,3.738910105362323932e+00,4.218052778817997783e+00,5.262189446226985368e+00,5.866252335818603392e+00,7.448474058994518643e+00,1.007827164345564874e+01,1.180341763255624343e+01,1.363539628824656269e+01,1.501312702150843670e+01,1.642550702760018311e+01,1.744581042796615122e+01,1.869936276628898497e+01,1.995767420567186079e+01
5.700650000000000000e+05,7.153964789127309487e-02,1.702548458043051660e-01,3.687185303521927082e-01,5.374129282932806895e-01,7.305973507590202143e-01,1.226297746204387362e+00,1.693862382984814285e+00,3.022143396275410510e+00,3.472181180240050846e+00,3.898289130355371057e+00,4.963134083466911761e+00,6.442419481247465995e+00,7.002938072649458334e+00,7.691855684168962703e+00,9.001204211883539585e+00,9.963930091876759931e+00,1.388923040819707921e+01,1.473364314786709706e+01,1.655230378309200390e+01,1.919789631534733942e+01
5.700660000000000000e+05,2.286729371755791274e-02,9.029715693269246835e-02,4.744088524433640597e-01,9.863677891088622474e-01,1.236564632912698913e+00,2.138625392073341125e+00,2.759351987838890352e+00,3.185021391605289409e+00,3.696022501932254123e+00,4.110915761975655336e+00,4.604962471697131576e+00,6.652510823537989282e+00,7.415206166772507324e+00,1.025356519777910691e+01,1.134708135290986242e+01,1.240929293335090122e+01,1.608760408890607962e+01,1.733561564086548756e+01,1.850636033704962458e+01,1.948041650228012145e+01
5.700670000000000000e+05,1.620219730361538435e-02,2.887967668460476034e-01,5.691755292885614104e-01,7.931308979630320444e-01,1.743636285960752375e+00,2.174836721263277539e+00,2.729422813862046659e+00,3.205799255072378173e+00,4.991360373955686214e+00,5.779089458926676137e+00,7.391641137813703466e+00,8.287617123105111006e+00,1.048774639692057775e+01,1.159090497598920777e+01,1.323816321477692348e+01,1.420237635936061693e+01,1.521455383546962103e+01,1.633592891199323560e+01,1.803442436806130544e+01,1.988282691621293807e+01
5.700680000000000000e+05,9.099174781430963144e-03,6.870436316405559296e-02,1.468529780077368896e-01,3.519794470992638757e-01,6.710239782200538849e-01,1.064489444264734130e+00,1.438129258209868588e+00,2.801693085935643701e+00,3.408132187920826617e+00,3.924947366506075230e+00,4.773914024166566072e+00,6.027065191337623418e+00,6.853724037073306796e+00,7.392015414113355831e+00,8.653194726715458529e+00,9.902904622021306835e+00,1.328955718540226982e+01,1.614879625892338311e+01,1.715897475760568014e+01,1.996375075763824825e+01
5.700690000000000000e+05,1.661588940833448325e-01,5.930821688762024646e-01,9.140200271898267781e-01,1.220727300857797015e+00,1.548282217739720856e+00,2.008117929767211596e+00,2.888404171123912345e+00,3.502273538242003603e+00,4.712886994424164477e+00,5.256165859197976076e+00,6.491168550961674555e+00,8.567998489978132071e+00,9.998477430879754380e+00,1.101074861281206729e+01,1.191893568777554613e+01,1.331924435724871358e+01,1.451993479251222396e+01,1.680504348860963049e+01,1.854244885163477008e+01,1.980957035392663812e+01
5.700700000000000000e+05,9.499317871310697381e-02,2.503383405538186501e-01,4.889272775883881650e-01,7.811343029821249395e-01,1.634915592104249527e+00,2.211449809956993029e+00,2.901884795425913488e+00,3.935999381557333976e+00,4.567249093734992549e+00,5.483343267247975383e+00,6.921275381389428993e+00,8.035920130396805305e+00,8.811190129677569871e+00,1.004702804505904723e+01,1.137395630557442061e+01,1.292476001920468676e+01,1.421518501374922572e+01,1.726457636413386965e+01,1.866403732161008477e+01,1.986435566781317519e+01
5.700710000000000000e+05,1.335170124558893168e-02,1.286931058413787188e-01,2.483551852899886780e-01,4.180992174938267247e-01,6.066148296701312503e-01,8.384528147369780804e-01,1.320459263488729551e+00,2.176066465869056721e+00,3.963325134574807507e+00,4.866727485961572341e+00,5.599976318224856087e+00,7.639492743503526917e+00,8.318179929436098519e+00,9.391332668868948019e+00,1.078057524609478790e+01,1.249088314672836475e+01,1.456779768811578712e+01,1.560469229477456921e+01,1.728129726361767027e+01,1.842786079731094517e+01
5.700720000000000000e+05,3.314691830133420503e-02,6.993862585740706628e-02,1.411697646716967292e-01,2.523467212382151104e-01,3.950956574683833766e-01,6.008066278544250682e-01,7.948675874578678968e-01,1.363475627934560563e+00,2.245706882823025552e+00,2.662692145211006611e+00,3.258113215896176307e+00,3.903030849288548154e+00,5.355222053429843143e+00,5.848238329569518612e+00,6.522307837525783469e+00,9.815513269751079406e+00,1.276180138996050317e+01,1.361052123147951676e+01,1.701182374629936689e+01,1.992782578452095876e+01
5.700730000000000000e+05,2.748904413500108390e-02,5.849542000441254608e-02,5.712387225356110321e-01,9.101082764339953890e-01,1.604903724070485094e+00,1.961032834302405492e+00,2.387074981449459177e+00,3.108144597130460873e+00,3.941984581134360344e+00,4.704002653187014715e+00,5.522184155384826099e+00,6.033105630061061930e+00,7.387558179847315110e+00,8.094722542340495153e+00,9.268497558283412374e+00,1.201866701153625350e+01,1.345196338162520533e+01,1.482501803917408623e+01,1.581636760153693011e+01,1.981407770152146952e+01
5.700740000000000000e+05,2.640726718966324160e-02,1.501944134185364543e-01,2.902991129341915277e-01,4.342204041391641844e-01,5.460925985182368825e-01,6.791369911830025252e-01,1.473080448970952805e+00,2.325761660567956746e+00,3.009306809936548976e+00,4.468698697686201093e+00,5.614254819627539028e+00,7.054709685606581182e+00,1.011429436212957711e+01,1.090138212895187486e+01,1.233040522237826409e+01,1.334098379975842619e+01,1.447691568773223381e+01,1.600602921749227647e+01,1.713157440994389091e+01,1.885529020957473278e+01
5.700750000000000000e+05,9.378420205459203629e-04,5.859179911872924862e-02,2.409985458493105748e-01,3.929038269104556669e-01,5.109983614178309486e-01,1.564573067322719169e+00,1.851998466883690631e+00,2.661251469495914179e+00,3.138467999099403993e+00,3.869831054818209992e+00,6.283914597075859199e+00,8.284242055725608012e+00,9.460496392316121828e+00,1.087670211975230927e+01,1.224752830653368996e+01,1.318413191626540204e+01,1.537997220741891269e+01,1.708760821353563841e+01,1.823082469996677091e+01,1.965141518091798289e+01
5.700760000000000000e+05,2.694284647271905087e-02,2.792168616466776943e-01,5.976638294930205486e-01,1.170338961548786916e+00,1.514929978890664497e+00,1.823706270466876722e+00,2.244345191295586073e+00,3.252002387832672703e+00,4.767414039665916370e+00,5.467538260137004613e+00,6.173221539424043058e+00,6.766318266015536764e+00,7.721164985270352332e+00,8.547835082524791517e+00,9.296456213474254326e+00,1.076101547339107789e+01,1.215425008216719149e+01,1.403613262506362602e+01,1.508195151605773177e+01,1.859865993811320450e+01
5.700770000000000000e+05,1.742972518285379468e-02,1.476770746980839988e-01,4.086400756211105989e-01,9.040711293706387153e-01,1.294832526684009277e+00,1.557033495722915051e+00,2.104495346702051961e+00,2.749900348832051478e+00,3.118238324497593972e+00,3.930502386981904461e+00,4.690336922348472548e+00,6.043739660426780347e+00,6.700682529293615630e+00,9.338867109199878058e+00,1.028899119999855039e+01,1.197984341048453594e+01,1.368007953857036796e+01,1.519771654637298042e+01,1.744388910817902527e+01,1.948932482850099390e+01
5.700780000000000000e+05,6.260523365172732113e-02,1.758726947320328193e-01,2.707156764673454008e-01,6.379080014557776401e-01,1.047999522185351085e+00,3.414724948413601968e+00,4.164357022304058908e+00,5.031323035851253955e+00,5.919056586999031033e+00,7.009240616394272649e+00,8.067583532786882117e+00,8.831155934934560747e+00,9.876354736668911727e+00,1.131477673524184802e+01,1.243645775989650737e+01,1.435756326148159800e+01,1.526285589420144007e+01,1.653463935672532159e+01,1.861430932553010109e+01,1.980842784886904795e+01
5.700790000000000000e+05,8.616103025290478001e-02,2.635952469509050822e-01,5.965932345157720640e-01,9.866759578756352234e-01,1.736718773886383627e+00,2.389021546427413156e+00,3.963365903849269234e+00,4.615720161066154681e+00,5.269682118593953746e+00,5.906763294513713625e+00,7.020067284170624866e+00,7.769247162258823280e+00,8.751776969215534052e+00,1.016365349073833890e+01,1.092721129405992286e+01,1.331216220087205926e+01,1.451121621561394370e+01,1.610971542627149233e+01,1.752698617870427711e+01,1.925555805745859672e+01
5.700800000000000000e+05,1.801154511357649923e-03,1.792728839044528399e-01,4.198134253356752277e-01,5.849229992418640833e-01,8.618019206255034259e-01,1.056089645673899069e+00,1.566012031951522054e+00,2.474618757290805604e+00,2.967240663623688768e+00,3.803142138390938953e+00,4.393584408476778336e+00,6.399329871604164666e+00,6.971030514555848434e+00,9.384271966422915057e+00,1.051710528194552374e+01,1.162921347611626288e+01,1.483976092153970860e+01,1.598497467483779211e+01,1.814765736768277193e+01,1.945614491278712066e+01
5.700810000000000000e+05,1.472132154314331753e-02,1.156075219679850719e-01,3.730275809767543693e-01,5.496598273719035532e-01,1.625922414838696817e+00,2.298201520158670963e+00,3.787590477388051546e+00,4.374954679099683830e+00,5.807346276533412066e+00,7.130567411198728500e+00,7.848658405284360207e+00,8.961325783217500174e+00,1.021490421933467729e+01,1.142951096847312620e+01,1.269331235088731802e+01,1.356462590508410493e+01,1.463117606618699362e+01,1.609638748481057391e+01,1.763174139032256349e+01,1.995179448496423902e+01
5.700820000000000000e+05,5.683451448777399051e-02,1.349350603423271622e-01,2.401170199586523113e-01,4.472141362409605136e-01,5.800605803258096493e-01,9.911667555536982643e-01,1.245701369735686237e+00,1.780428892197436497e+00,2.870012256542631590e+00,4.143116039836835185e+00,4.783627172265633831e+00,6.897288148392314966e+00,8.750550297725141036e+00,9.724785411183509254e+00,1.046078995945704548e+01,1.135148628741155186e+01,1.258995110311662557e+01,1.421305050369978140e+01,1.552620883998376122e+01,1.990428313692160245e+01
5.700830000000000000e+05,8.992772456832043293e-02,2.578098106456869765e-01,3.882185649275514683e-01,8.472021098366671055e-01,1.154143157619898385e+00,1.485915326861225072e+00,1.834089390326538505e+00,2.353655075408579656e+00,2.844882811471018513e+00,4.657924967872872912e+00,5.301211815744457212e+00,5.792396087209825239e+00,7.204500165374210674e+00,9.334089534766524920e+00,1.047981000417756370e+01,1.152067959743740388e+01,1.238471034069260668e+01,1.528084457040757371e+01,1.663538793940780636e+01,1.755208834066905155e+01
5.700840000000000000e+05,7.803344554133406774e-02,1.874621573536894292e-01,3.229703904998656450e-01,4.658238329089887664e-01,6.466738812281791482e-01,8.773130764797276715e-01,1.502336340165391970e+00,1.821537521086190381e+00,2.071467623735357311e+00,2.502990769944826166e+00,4.311809403333922930e+00,5.237740315393455859e+00,9.102221574295148443e+00,1.096133813809356106e+01,1.188182723631284610e+01,1.341884510803400232e+01,1.459747714801510199e+01,1.574880920419611563e+01,1.708228785448644871e+01,1.860541904566913018e+01
5.700850000000000000e+05,2.787746727679030201e-02,3.521477267016179802e-01,7.314590119747444996e-01,1.128741189973676118e+00,1.594190008061234121e+00,1.921996587100128773e+00,2.340320470153458565e+00,3.185738588215947686e+00,3.611167438192301571e+00,4.896449554615694311e+00,5.917310912672900436e+00,6.726254760439651648e+00,7.651307158567881572e+00,8.641412512816925684e+00,1.040146827920927386e+01,1.236412933782664858e+01,1.401304095482685774e+01,1.523225660900921596e+01,1.834906034016532317e+01,1.941243049914662322e+01
5.700860000000000000e+05,5.036551542384715141e-02,2.762339691498596483e-01,4.884086037681657499e-01,6.978175121251313229e-01,1.000962696644327021e+00,1.747093091741400928e+00,2.052938985623181445e+00,2.411814672480875998e+00,2.803843236423765095e+00,3.603443382848366738e+00,4.370945130145516444e+00,4.840657727893839635e+00,5.612721782248661917e+00,7.530827215654126050e+00,8.098690230700089643e+00,1.122573313884624113e+01,1.309212320838336652e+01,1.443046072302614746e+01,1.767313522207027532e+01,1.900547829626351515e+01
5.700870000000000000e+05,2.067787011746102799e-01,5.742039532967877502e-01,1.122079951826216782e+00,1.840546524994323363e+00,2.317728670547478220e+00,2.885242433271442586e+00,3.623662338693227181e+00,4.535902389959385772e+00,5.137582449997959877e+00,6.296354943208601007e+00,7.493221197817016233e+00,8.241137796856261133e+00,9.112230326771571853e+00,9.948225459595086306e+00,1.073256660679189167e+01,1.169937931335891612e+01,1.256285850630982814e+01,1.607271378176609744e+01,1.710650226173354582e+01,1.993578271349522879e+01
5.700880000000000000e+05,7.232143219267883616e-02,1.871021999033009031e-01,4.113197942592390355e-01,6.531364138690745058e-01,8.727936288289700473e-01,1.105313855416574897e+00,1.707240528878114283e+00,2.547946896161019659e+00,2.869341625369691506e+00,3.260594203796827184e+00,4.695688560619605489e+00,5.505987551857815632e+00,6.595456712852025838e+00,7.706118908546741864e+00,8.576093506079677908e+00,9.417751669543552140e+00,1.091956297001664389e+01,1.405587393880201574e+01,1.515525665759542306e+01,1.869026059584118471e+01
5.700890000000000000e+05,2.857231101314527955e-02,3.486770265444116834e-01,5.940944736982862739e-01,1.372785189897897329e+00,2.072575404033978774e+00,2.493119189279653369e+00,2.916458490879890952e+00,3.843144006579104932e+00,4.637667719157619217e+00,6.691779385851121198e+00,7.650906228274283016e+00,9.325981986132930501e+00,1.086223795790235869e+01,1.171510534465467224e+01,1.282738839627961447e+01,1.373493896122784008e+01,1.486466857941992892e+01,1.589731689265956049e+01,1.796498604750447470e+01,1.954631209304479356e+01
5.700900000000000000e+05,3.394710528274891281e-02,2.243819066856125310e-01,6.548368335609751067e-01,1.543805457887619692e+00,2.294422374438235046e+00,2.776369362362734350e+00,3.273790311076296700e+00,3.922707780421086809e+00,4.846411838849629561e+00,5.820453542643354794e+00,6.455126790725699060e+00,7.487441649705029789e+00,8.225307451607671183e+00,9.370529168263574959e+00,1.151275983831629013e+01,1.273898561566470988e+01,1.448193908193909252e+01,1.554816734346868223e+01,1.815054249601741532e+01,1.994087670780215049e+01
5.700910000000000000e+05,4.931633017363856730e-02,1.629589844489010009e-01,5.345350384026850143e-01,7.313647970780352559e-01,1.405792252624945560e+00,3.162524564937498006e+00,3.927780804247507085e+00,4.544650793815936396e+00,5.401059870285756404e+00,6.396989157743844245e+00,8.065268298198311925e+00,9.092614777297983508e+00,9.868951482092469973e+00,1.075930305081229044e+01,1.163665312494160275e+01,1.249534456488458822e+01,1.331085673050811025e+01,1.512651781525935313e+01,1.696912758994729131e+01,1.903777717518139667e+01
5.700920000000000000e+05,1.126159742265586683e-02,4.946447885423177482e-02,1.472430785921745588e-01,2.551872225140212613e-01,4.079095392332676706e-01,9.424718217261651709e-01,1.338305700889376837e+00,1.967780301404476795e+00,2.644057260777154195e+00,3.077284144765589424e+00,3.574986883352741618e+00,4.057210810352467334e+00,5.769708383232671878e+00,7.103636903716193274e+00,7.934153903701588462e+00,1.029052792653188675e+01,1.259099875412322511e+01,1.342041479997513775e+01,1.521284562676411056e+01,1.717391612313324956e+01
5.700930000000000000e+05,1.789269266562072414e-01,4.420504669463174441e-01,6.826340423249547262e-01,1.145365695956997776e+00,1.677156169047176348e+00,2.478595019430948732e+00,3.078199175571332269e+00,3.623848474610615433e+00,4.483829534363154679e+00,5.891746332877019654e+00,6.535791790151540326e+00,8.358479423192580526e+00,9.190007151677123787e+00,1.095976755084685905e+01,1.231530846215376940e+01,1.339329659231293412e+01,1.448862026312457907e+01,1.555570285118659513e+01,1.686008107370727771e+01,1.889818569234047629e+01
5.700940000000000000e+05,1.279296954889497240e-02,9.631087150083694759e-02,1.788532686410880812e-01,2.432739041992544315e-01,6.853242095902639663e-01,1.140006780823096699e+00,3.272905217567403380e+00,4.909949086199835833e+00,6.149051608806665570e+00,7.211382399065644933e+00,8.194440932385742116e+00,9.158393667292436646e+00,1.010241643348845031e+01,1.090269568745514839e+01,1.203081648937199155e+01,1.311067845075483262e+01,1.468836583195420786e+01,1.615818500348429154e+01,1.718268980912172239e+01,1.904258995025718093e+01
5.700950000000000000e+05,4.631850502901779798e-02,1.364819513634814019e-01,2.224704858142867447e-01,3.943734257111359831e-01,5.534614066700493940e-01,9.193871381207943116e-01,1.097731987607206694e+00,1.931491118267179452e+00,2.247199590202146879e+00,4.134704929912489391e+00,4.572814204616996392e+00,5.282955165556157517e+00,6.790267359734661667e+00,7.813392636962530169e+00,8.992302841651138579e+00,1.019200731349376632e+01,1.377155571996883943e+01,1.494340029531007019e+01,1.710637815019725139e+01,1.877750609527955561e+01
5.700960000000000000e+05,2.937843890560143389e-02,1.659169273628944286e-01,3.129543272957775457e-01,9.360233048898991548e-01,1.300810016594887708e+00,1.629040851466200257e+00,2.085620012910843979e+00,2.582032378435694220e+00,2.954595536166408909e+00,3.628541539200841548e+00,4.053570649749694610e+00,4.807359883084942886e+00,5.769194575675015813e+00,7.130023371115778552e+00,7.759140846516959122e+00,8.621964826815876393e+00,1.140481915318437522e+01,1.321052228336213119e+01,1.674918877077399415e+01,1.940925003215351907e+01
5.700970000000000000e+05,3.546394290427612450e-02,2.375903958509750780e-01,3.583309386305173483e-01,8.097940740528724035e-01,1.661395370439986419e+00,2.086743154423948532e+00,2.621060352179008568e+00,3.297177142389045912e+00,3.844962397550650390e+00,4.360625588425310895e+00,4.820950463323161017e+00,6.832007377558454664e+00,7.868502783937771916e+00,8.937726111516402838e+00,1.061658795843170466e+01,1.277108627622171788e+01,1.602465815233806623e+01,1.785612978846242171e+01,1.885406213416716881e+01,1.990085173563452159e+01
5.700980000000000000e+05,1.788745681074854765e-02,6.626772112296253070e-02,1.144912992082979253e-01,2.297198332919361263e-01,6.851449661050734719e-01,1.334745928696738693e+00,1.839944900312320275e+00,2.332873886663632490e+00,2.691583179163852257e+00,3.621277187546680931e+00,4.024931833463758046e+00,5.381264336263312131e+00,6.587267710674796106e+00,7.171608667016324823e+00,8.530989869369150824e+00,9.707637201328614296e+00,1.305257602986711696e+01,1.412047502248401898e+01,1.602046821145376754e+01,1.788206285292651287e+01
5.700990000000000000e+05,1.461250210526798821e-02,7.821046343722404259e-02,1.471196201699598305e-01,2.471409732496647749e-01,7.016985029462224910e-01,1.589908400206427208e+00,1.964370308590872805e+00,2.825014752044819666e+00,3.305720188303508777e+00,3.734434168806707532e+00,5.661974432572844940e+00,6.461450709443016471e+00,7.078497141714634289e+00,7.822445412380899299e+00,9.174437273993174102e+00,1.055049658603560836e+01,1.214215910632683482e+01,1.320056225084737456e+01,1.809512697773812562e+01,1.952913980325989840e+01
