6.300000000000000000e+05,1.788320148858602021e-02,1.376326000780432324e-01,2.619992568510027819e-01,4.102211388162984029e-01,6.296007779417511774e-01,1.179897266524384092e+00,1.859466086074135216e+00,2.532603420799153682e+00,2.918042333716638126e+00,4.252902193926423102e+00,5.018671250214002733e+00,7.611458527835102572e+00,8.258635825740666903e+00,9.096899489126556659e+00,9.845169385543051987e+00,1.095483845044304694e+01,1.175935202961532688e+01,1.285437227789304337e+01,1.692686341704375153e+01,1.935857400667435257e+01
6.300010000000000000e+05,4.811852031316998790e-02,4.504905758740844757e-01,7.821068512860592792e-01,1.066133752103595178e+00,1.437549085411481409e+00,1.744685299075158902e+00,3.267807697885463547e+00,3.883994996221381335e+00,5.031882284209713063e+00,6.395992662842387766e+00,7.773267397993054217e+00,8.577790784066806395e+00,9.632809701100669031e+00,1.137890589634807448e+01,1.240680404165078521e+01,1.333913702497711640e+01,1.511944226213222109e+01,1.636165454609838577e+01,1.771686409411325158e+01,1.941343827197948002e+01
6.300020000000000000e+05,4.124296230500601457e-02,1.149325185385652315e-01,2.151089365860328062e-01,3.534899065900143356e-01,4.751053400274407590e-01,8.437073777809331876e-01,1.003244463660823538e+00,1.867034699208351078e+00,2.357782216352164451e+00,3.712771544456077155e+00,4.571595554842970088e+00,7.458093667650144809e+00,9.208209924337582564e+00,9.949313620917028089e+00,1.155737451398545090e+01,1.397729447365847477e+01,1.514401820799072063e+01,1.627792380725296439e+01,1.804634941606383691e+01,1.935200863073621846e+01
6.300030000000000000e+05,4.072574974555254190e-02,2.873137055749241942e-01,4.707742620486785601e-01,7.579282706140961778e-01,1.010167494592690840e+00,1.810205806301198983e+00,2.138206687646936999e+00,2.480343596590416588e+00,3.161937210358284567e+00,5.266122341203595347e+00,5.858548620820602792e+00,6.455219170266952133e+00,7.086562919588308418e+00,8.509769248750114201e+00,9.585338034138597862e+00,1.078667891131743239e+01,1.260340442468923428e+01,1.357629615150581515e+01,1.509540520688855558e+01,1.876248008144762736e+01
6.300040000000000000e+05,2.159182841928830587e-02,1.609082362995233328e-01,4.611165862044217523e-01,6.347818300461804952e-01,1.118707875976775457e+00,1.812032555559178082e+00,2.273906707704439256e+00,4.054406736017301505e+00,4.640185120592266621e+00,5.206421599347045515e+00,5.812760461111492027e+00,6.489934341671697027e+00,7.033115507911054110e+00,9.234946461517276717e+00,9.968389214739444171e+00,1.076459926928962219e+01,1.165838804770051951e+01,1.581522585935423209e+01,1.679608233711323351e+01,1.927956863827219891e+01
6.300050000000000000e+05,2.382725530673202030e-03,6.298654215105115028e-02,8.068567131667868653e-01,1.352962082080733541e+00,1.772223467053383850e+00,2.461564179169442035e+00,3.357620796122435802e+00,3.865296200554723782e+00,4.622076526017712794e+00,5.402794074822560688e+00,7.691209553685302680e+00,8.858816286690528230e+00,1.084828382259757618e+01,1.240395280352952945e+01,1.333177859052305259e+01,1.442965100477503704e+01,1.535364232392985429e+01,1.633547892357869102e+01,1.736575558063230318e+01,1.866932846058297102e+01
6.300060000000000000e+05,4.088341499772152332e-02,2.030072720763149707e-01,4.046000392964828052e-01,6.079230013542820110e-01,1.357977664481730518e+00,2.203811572280780062e+00,3.012374278323367349e+00,3.751058673720147674e+00,5.123223759642442587e+00,7.767176955348383594e+00,8.999046341420092077e+00,9.905135981348887952e+00,1.121894414403363172e+01,1.232446505549066096e+01,1.320825797483269604e+01,1.455749297813589216e+01,1.550308126551760424e+01,1.723741280926629216e+01,1.828673824632143763e+01,1.931976260293856384e+01
6.300070000000000000e+05,1.054257404678597965e-01,5.193463471285173494e-01,8.168438855879386340e-01,1.164614660923801726e+00,1.614629054609496572e+00,2.244806900122584548e+00,2.850204992198269949e+00,3.283074110889594444e+00,4.051095820899291766e+00,6.237995604194637167e+00,7.335769874750719843e+00,9.404351824933442572e+00,1.086771733221843483e+01,1.192091361492184021e+01,1.317069014126382953e+01,1.433485328374198353e+01,1.588335999399245502e+01,1.745395173436243397e+01,1.847442302655212032e+01,1.975405962782220115e+01
6.300080000000000000e+05,3.083165837000279019e-02,1.550347580104376455e-01,7.285446200257079674e-01,1.208234967308570607e+00,1.517616176021993057e+00,1.851541728739660275e+00,2.403149970373292810e+00,2.815907397307453763e+00,4.353344200550372634e+00,5.259956999486115947e+00,6.377106680112927251e+00,7.715465924297394196e+00,8.595250835053429128e+00,9.383679328381370865e+00,1.067635479831840506e+01,1.177666210827302784e+01,1.401387534154748060e+01,1.624873629304800104e+01,1.730318642657978145e+01,1.826944625732047456e+01
6.300090000000000000e+05,5.656629928220235914e-02,4.224093633784937740e-01,6.880468663150159925e-01,1.095400373397628524e+00,1.519919411959126387e+00,1.902838991516489831e+00,2.460927064911947681e+00,3.740004424892767965e+00,4.921226310671161563e+00,6.036874170976589404e+00,7.717392087792499744e+00,8.489768366523895438e+00,1.021855632572568062e+01,1.156030967158040390e+01,1.254730834422149144e+01,1.356925626040756860e+01,1.452591426285808573e+01,1.681218975937425242e+01,1.783324729627257099e+01,1.956934217159761857e+01
6.300100000000000000e+05,9.603509996797598980e-03,1.087491307245695982e-01,2.524974515485489679e-01,6.637737377302572739e-01,1.567299634423837684e+00,2.034510505400171532e+00,3.036617392820192052e+00,3.946636895369553422e+00,5.167972309639786488e+00,5.907172805752082922e+00,6.758555438673175431e+00,8.274832303504188857e+00,1.025787746845852055e+01,1.124792804392689227e+01,1.268300689855914243e+01,1.439677759513495658e+01,1.555806860264665126e+01,1.660217264783009483e+01,1.857186695460240244e+01,1.971316864630740540e+01
6.300110000000000000e+05,2.673718018595683255e-02,7.106624893816682054e-02,1.341945100727314211e-01,4.942461594914120404e-01,7.448296635827694745e-01,1.793716603965282319e+00,2.492440883983110922e+00,2.955016442129973164e+00,3.330228735535168738e+00,4.410658750392714822e+00,5.996142313685449921e+00,7.016231730993032656e+00,8.290766862708409235e+00,9.141391269829920674e+00,1.016023303100626407e+01,1.123125186177203538e+01,1.374534793294793467e+01,1.457228537393043233e+01,1.681031622203486364e+01,1.851792234997244080e+01
6.300120000000000000e+05,1.696711502460235277e-02,1.510698057914074965e-01,3.022498437939455940e-01,5.736614639460122511e-01,1.132933460334665909e+00,1.799384541668340942e+00,2.711870405640500525e+00,3.338588990024707215e+00,3.978338834629884246e+00,4.649747209938855264e+00,7.038804359182464943e+00,8.456185348323893791e+00,9.588494494769552290e+00,1.132392631955633000e+01,1.232275273304116325e+01,1.444009969479081867e+01,1.556628445658978954e+01,1.668146645851542331e+01,1.775226178699870161e+01,1.988042745796237654e+01
6.300130000000000000e+05,1.094313584343140633e-01,3.939281978755346803e-01,9.491694488893300807e-01,1.310217527284005090e+00,1.773455091447307952e+00,2.164788238223279038e+00,2.532414686753061250e+00,3.323196563105711654e+00,3.790168151073459946e+00,4.353725154277077181e+00,5.317826999882590222e+00,7.025880298989021000e+00,7.823156701492687937e+00,8.640945284072651944e+00,1.055843194844904431e+01,1.130670643242248730e+01,1.211963098301016473e+01,1.627525853506142894e+01,1.718685943851000886e+01,1.898372555812840190e+01
6.300140000000000000e+05,1.729849103798284382e-01,3.602096525278402073e-01,1.062634742394644061e+00,1.743486167855332170e+00,2.180794203633980466e+00,3.032885387492879836e+00,3.728980895689019803e+00,4.892141651533518321e+00,6.277522357689058197e+00,6.991798547810201825e+00,7.703612789362936475e+00,8.453792530904825853e+00,9.257762502850486186e+00,1.088715826985396795e+01,1.219099881512358152e+01,1.304210595692141261e+01,1.419879846654935385e+01,1.580903902667370353e+01,1.685370410791160012e+01,1.843749292664688255e+01
6.300150000000000000e+05,1.554264600647659034e-02,4.800682583743172138e-01,7.826646806519758082e-01,1.124143961257225488e+00,1.581434591494726982e+00,2.051275632949786321e+00,2.571511631573240031e+00,3.148332842526858855e+00,4.276517378656013335e+00,5.046499604042875120e+00,5.854826624972985449e+00,6.394414944710745452e+00,7.596999711468908956e+00,1.052284233020222004e+01,1.173070656246746779e+01,1.255301667171212188e+01,1.340905794407846408e+01,1.595000388635673438e+01,1.725391959072567971e+01,1.907295315331808894e+01
6.300160000000000000e+05,4.304100638211227903e-02,2.115663656233495171e-01,4.724462885664124645e-01,7.152570028901550359e-01,9.163785054484552273e-01,1.339939852096289297e+00,1.638146952983269955e+00,2.084134708571704131e+00,2.929698936026388978e+00,3.350649216309057543e+00,5.635195858365551480e+00,6.353524760734761578e+00,7.010147798281416875e+00,7.862316789036714937e+00,8.889235781493832533e+00,1.088341570015586868e+01,1.223870749085901011e+01,1.405251061847122074e+01,1.536346137657343114e+01,1.803309845609714657e+01
6.300170000000000000e+05,7.896880783175963536e-03,1.724459943767426839e-01,6.006467419487736548e-01,8.984574625944850013e-01,1.452858526828804564e+00,2.013344152901618944e+00,2.612887220071010930e+00,3.311225381517298061e+00,3.790380900286893340e+00,5.484179938599344162e+00,6.571489129158320175e+00,7.742574092031466293e+00,9.279698166545658822e+00,1.019615786029393512e+01,1.105375198256182045e+01,1.204242430897125082e+01,1.385921956503522523e+01,1.513322781336757927e+01,1.604355465594967356e+01,1.845840436646421523e+01
6.300180000000000000e+05,3.885872028225667574e-02,1.718705474108028763e-01,2.949990004111078257e-01,3.942096348218000479e-01,7.522012566366592656e-01,1.602144483622656157e+00,2.235315183236272762e+00,2.770092936949667184e+00,3.748923380888466994e+00,4.682726622868429445e+00,6.070532027000978381e+00,7.551931912057057161e+00,8.732761558215244690e+00,1.145473478662198197e+01,1.266838884406660526e+01,1.424227068771703841e+01,1.651443958989354144e+01,1.762033786805067237e+01,1.883837829606525105e+01,1.986959833188053537e+01
6.300190000000000000e+05,8.947844833447882174e-02,1.868550789663101508e-01,3.530237614122812007e-01,7.516035222057966259e-01,1.114663077501975685e+00,1.342052296895810626e+00,1.968240766904159944e+00,3.452167696876954572e+00,4.254993268211249458e+00,5.747062449627525993e+00,6.539472840597553294e+00,8.595481506619305989e+00,1.079053243951237739e+01,1.184953892886863080e+01,1.280437423322340962e+01,1.398430574380370750e+01,1.515374198983723630e+01,1.626871235103947555e+01,1.728171959832748783e+01,1.976415957796731604e+01
6.300200000000000000e+05,2.973588023024031912e-02,8.188434559818857927e-02,1.937538383598652603e-01,5.033468223909722816e-01,6.557039679939102861e-01,1.331465412631491985e+00,2.851075726613202299e+00,3.692532520423855047e+00,4.280898972748408582e+00,4.898618240102949883e+00,5.906345066090429086e+00,6.646622760039976541e+00,8.650205085379960579e+00,1.024560804498067235e+01,1.165984962324110086e+01,1.294686474364510076e+01,1.434945971103965512e+01,1.681052343441223229e+01,1.818255561408225418e+01,1.975715306945606287e+01
6.300210000000000000e+05,8.311615006762917979e-03,1.780214802030888332e-01,2.678162990891544970e-01,4.286380280546242538e-01,6.967108192751780837e-01,8.418937707712983443e-01,1.268893625912909773e+00,1.682469867572685907e+00,2.253954469544176664e+00,3.067841373176572795e+00,6.594037651289182733e+00,7.355895377325639473e+00,1.126603960898668966e+01,1.219644574609699106e+01,1.317255211849781737e+01,1.447322485695029748e+01,1.541128781636484213e+01,1.634414008994465206e+01,1.838608885419797545e+01,1.947439437163764353e+01
6.300220000000000000e+05,1.220689034016652075e-01,3.242547375844360147e-01,5.390185435947673076e-01,8.556384135600976215e-01,1.252079059622935864e+00,1.557928797620351968e+00,1.861957115769872662e+00,2.154838585912822069e+00,2.436184204047807444e+00,3.099661316351435048e+00,4.273261352561262605e+00,4.702106878017321634e+00,7.440435366258278727e+00,9.276211598733489438e+00,1.031431324726126064e+01,1.133126520142119631e+01,1.204955612978798918e+01,1.493854728864356218e+01,1.832265971082354739e+01,1.936023018664665329e+01
6.300230000000000000e+05,7.088299622212235196e-02,3.654788392677370545e-01,6.931229053704173193e-01,1.070719829980010918e+00,1.341696226243743739e+00,1.666218871775663857e+00,2.346419945986847999e+00,2.775694311375921153e+00,3.415023743120116251e+00,3.902525508861348413e+00,4.338020626226797738e+00,5.304127338311164230e+00,7.223426702887159934e+00,7.888699196404095559e+00,9.658875880430713323e+00,1.059553559179211568e+01,1.348522133679098722e+01,1.537161068461203151e+01,1.660248649914725050e+01,1.825091366514584124e+01
6.300240000000000000e+05,2.091914530289906704e-02,2.496327934905324675e-01,6.634526366585963286e-01,8.983164717820875111e-01,1.171041110677955022e+00,2.105638435336272263e+00,3.024891621506488715e+00,3.584377120738216682e+00,4.313245883514721157e+00,4.906498217237737158e+00,6.333280038986095484e+00,7.082483735499632616e+00,7.784597082033330118e+00,9.421423506824734062e+00,1.014402926116786929e+01,1.217957179997801553e+01,1.325693259958812398e+01,1.419372229636841709e+01,1.552584706148606131e+01,1.934197104698495195e+01
6.300250000000000000e+05,4.913071174129202134e-02,1.376086152551907471e-01,2.761393012242425726e-01,6.493538222768444612e-01,8.597743213052089217e-01,1.179490885889774132e+00,1.462802555491278689e+00,3.648543990552439276e+00,4.125933614708666042e+00,4.589072755896611788e+00,6.344724507104728239e+00,7.124943634483193122e+00,8.813670253178003122e+00,9.754605013794451551e+00,1.170673643382300178e+01,1.338440476521506284e+01,1.505226450335057820e+01,1.640019270980478794e+01,1.764458264354239247e+01,1.864237696105377751e+01
6.300260000000000000e+05,8.881299660501107418e-03,5.468723041336986945e-02,6.321280531816566572e-01,9.899683697874595012e-01,1.372270513186377272e+00,1.668601784062661686e+00,1.965756408823446932e+00,2.370698785153160237e+00,3.571576026758514821e+00,3.969499902096262911e+00,5.191651502002616603e+00,6.859621016591406217e+00,8.517030662818017461e+00,9.546006332917924553e+00,1.053998247554523005e+01,1.397957178706033510e+01,1.587590892369969353e+01,1.695632594430552942e+01,1.803755520168537529e+01,1.949040425532202647e+01
6.300270000000000000e+05,9.710071562850997040e-02,5.425131134951368672e-01,8.859850632672580106e-01,1.475579707025465925e+00,2.198056203345100101e+00,3.041117385821136221e+00,4.023698690863161787e+00,4.614994611553030701e+00,5.569763045176180150e+00,6.257731605788584339e+00,6.994823914595897918e+00,8.081614788107305714e+00,8.806159355460712490e+00,1.119372020775720600e+01,1.277382203673990446e+01,1.364985614954112059e+01,1.493634142437817935e+01,1.612273100220826905e+01,1.837625703401675992e+01,1.942869354549846506e+01
6.300280000000000000e+05,3.869917260714017537e-02,1.826345899995904798e-01,5.393343844121081254e-01,1.060424118829287554e+00,1.388909401485035611e+00,1.666842886223938391e+00,2.043812526751150216e+00,2.409616214804600531e+00,3.000972742763943657e+00,3.944734989661993207e+00,5.262114296295159477e+00,5.931491794173681775e+00,6.834389557516473701e+00,8.952254527815075136e+00,1.003402080569670574e+01,1.136751772024225815e+01,1.423252549386340426e+01,1.681268618881910726e+01,1.798553965311939251e+01,1.954864751364609532e+01
6.300290000000000000e+05,3.743198883853438019e-03,6.297820166242895645e-02,2.866527703237651270e-01,3.900150766983161432e-01,6.920346406743621559e-01,1.390362376746438811e+00,1.762293995640752176e+00,2.736051525979306120e+00,3.210744992872239578e+00,4.164766591515704164e+00,4.736589991739434069e+00,6.665121868726552989e+00,7.431301337450780586e+00,8.435361574091675863e+00,1.028219706996159388e+01,1.144609544137594170e+01,1.287337531216579833e+01,1.524670403068473057e+01,1.746842211584934290e+01,1.999300135113545807e+01
6.300300000000000000e+05,4.733765538394996142e-03,1.063576360949995969e-01,4.223938294636625512e-01,8.751346150991285988e-01,1.303540954977376209e+00,1.747826896618517756e+00,2.228145720071553093e+00,2.807670649921894857e+00,3.269317710204421967e+00,3.704524790988407368e+00,4.360727490377066751e+00,5.290744060486643363e+00,7.276601690414270074e+00,9.470620973755750072e+00,1.086505963484465553e+01,1.206287186341269013e+01,1.302867141679310414e+01,1.502237460333594399e+01,1.706549279358558735e+01,1.966508586004452042e+01
6.300310000000000000e+05,1.359249555097330475e-02,2.892453678033923836e-02,6.278731125596159757e-02,5.579785262567873438e-01,7.748720535269026932e-01,1.877961701991278654e+00,3.119677470409600861e+00,3.750450555943520392e+00,4.269203753481720653e+00,5.378228497187830470e+00,6.198490051943517543e+00,6.868335800820975834e+00,7.610787186246722236e+00,9.782206167348455494e+00,1.114977106613874369e+01,1.367063397811924652e+01,1.525350285001047723e+01,1.619835670822278217e+01,1.804585600609959783e+01,1.987576838689962244e+01
6.300320000000000000e+05,9.085229454304499797e-02,3.630546975607171767e-01,6.071628623391804869e-01,8.539518329954027820e-01,1.357812997662342536e+00,1.782408365492359703e+00,2.327245229812235472e+00,2.688769501224093972e+00,3.308293794456242942e+00,3.686052741831240542e+00,4.281572444007193390e+00,4.751534683069086995e+00,5.504793410724660774e+00,8.094706847135302752e+00,9.082738942516778380e+00,1.072657872646251853e+01,1.209483497241976302e+01,1.331258025476771856e+01,1.568129823919227128e+01,1.811751015760659911e+01
6.300330000000000000e+05,5.338562008593172870e-03,6.210046235797417324e-02,1.808097520383875612e-01,3.545727879785531833e-01,5.041539641065861943e-01,1.128146493505427950e+00,2.551845359699255855e+00,3.265394827604666261e+00,4.027318692003213130e+00,4.712518702801822279e+00,6.264200014924523607e+00,6.889660400071445423e+00,7.721128617229645386e+00,1.095341032936424597e+01,1.271613449376667582e+01,1.390961935255827875e+01,1.553213355832037301e+01,1.738884325947611131e+01,1.841936577594766433e+01,1.983532390348839414e+01
6.300340000000000000e+05,1.500690601803700286e-02,2.448830404273840688e-01,5.248941968400708813e-01,7.768826528514596319e-01,1.156345656265587607e+00,1.631931228254122068e+00,2.335466239637770336e+00,3.600545130089242818e+00,4.354533852675821493e+00,6.172697144249873702e+00,6.951525615273665970e+00,8.674088114661794080e+00,9.405380347138136088e+00,1.133875114282920649e+01,1.303211177467228410e+01,1.426462090712179709e+01,1.615145382099533578e+01,1.778572942234483278e+01,1.878192597260988705e+01,1.982462520702930675e+01
6.300350000000000000e+05,9.569780401326066777e-02,3.139446665438976325e-01,4.711721226574406840e-01,6.418856405481876415e-01,1.124792774087860492e+00,2.343766765598402912e+00,2.856638610580471305e+00,3.478598223518466703e+00,4.074834733157769229e+00,5.161445364196985075e+00,5.776601715861501951e+00,6.374128732729395175e+00,8.772577467687151298e+00,9.804363673668770929e+00,1.170888263898891424e+01,1.293923417270589127e+01,1.406081821136217691e+01,1.626154232700369207e+01,1.837438732716088552e+01,1.968728839538587749e+01
6.300360000000000000e+05,1.051368610260861036e-02,1.613661125423015985e-01,7.014775215090983673e-01,1.049491089181542325e+00,1.569716284949137508e+00,2.551470428393646017e+00,3.272363307708685110e+00,4.299399499584882101e+00,5.258683927818996295e+00,6.118352199445046047e+00,7.004425067243015945e+00,7.692107879376461455e+00,8.370727517534371387e+00,1.058450863349593085e+01,1.139877297414222745e+01,1.268053167002383397e+01,1.434772748894284078e+01,1.565004880881275895e+01,1.717614725531899467e+01,1.942845169622142620e+01
6.300370000000000000e+05,1.695280149721045682e-02,1.455124325422345599e-01,5.871186611425298629e-01,8.765441542770067151e-01,1.127407186011105678e+00,1.653124475391867687e+00,2.035216653014324084e+00,2.816448132534670634e+00,3.239956699573810273e+00,4.757055579426396008e+00,6.974762109028750601e+00,7.710298049412410037e+00,8.608718679358874581e+00,1.040551025857156908e+01,1.130393839572682246e+01,1.263686295968884110e+01,1.423238018673194105e+01,1.591727249533479238e+01,1.797470996787876629e+01,1.913197008310613967e+01
6.300380000000000000e+05,2.298485526537286106e-02,1.168232929526109576e-01,2.471065911005960736e-01,7.415731840544363962e-01,1.258399178065344071e+00,1.745669456457504376e+00,2.311553010456527169e+00,2.938582740866960918e+00,3.564839469370022940e+00,3.984335989965289926e+00,4.579511082063234539e+00,6.418612973794391330e+00,7.171983453498557814e+00,8.036298373825733421e+00,1.037480886245673162e+01,1.289305789878765296e+01,1.373282482328349374e+01,1.664279668045009686e+01,1.763407988829667516e+01,1.978448178177179528e+01
6.300390000000000000e+05,2.025388302335695556e-02,1.705395199592338873e-01,3.459526426160471901e-01,6.883296112534549316e-01,1.179103054671544637e+00,1.655302942846268888e+00,2.081047595865351152e+00,2.979815863108241203e+00,3.931958299744435337e+00,5.109793393109272053e+00,6.289531291074861308e+00,7.981520236737283724e+00,8.873785931803313431e+00,1.048792255445922805e+01,1.199707505116419526e+01,1.342427546153301776e+01,1.464632593881506395e+01,1.713745653158806448e+01,1.861398595533557909e+01,1.984444022290223941e+01
6.300400000000000000e+05,5.853522319342407965e-02,2.427890448402003631e-01,4.138244186249158130e-01,5.586949008433088615e-01,7.119013489887998647e-01,2.576271746247694949e+00,3.480190645794890791e+00,4.079296829332970553e+00,5.022772617964626818e+00,5.692528544323629092e+00,6.306993935949538610e+00,6.889524072592811521e+00,7.922476524918731222e+00,8.930173191173199854e+00,9.638357743874927053e+00,1.099638265282702854e+01,1.371836793544999189e+01,1.518697558300750572e+01,1.827045271672873739e+01,1.973722149771140977e+01
6.300410000000000000e+05,1.292712979230661308e-01,2.665980771310734188e-01,5.431448059961914154e-01,7.471667934642551856e-01,1.344885633799328684e+00,1.642836657679701329e+00,2.592934905776858034e+00,3.182005093766862025e+00,3.891745457291444943e+00,5.044574996195040129e+00,5.672492986738856047e+00,6.411556148110811648e+00,7.046557722846670480e+00,8.473523174521051970e+00,9.949692454812105069e+00,1.115092267948331717e+01,1.187516220347902163e+01,1.314828845226118226e+01,1.454392350495605868e+01,1.545276036790427732e+01
6.300420000000000000e+05,3.705809954334016165e-02,1.604245613277290872e-01,2.505714669737869604e-01,8.356721827756943277e-01,1.339974208292235680e+00,1.875382889422070765e+00,2.481827034936936016e+00,2.930256362287645189e+00,3.573848136022026889e+00,4.951315295930173832e+00,5.640190152717067917e+00,8.071935390123357479e+00,8.795377357880406421e+00,9.834567381091414262e+00,1.102534776939981143e+01,1.247184942638103955e+01,1.351615371700972901e+01,1.453309784411833583e+01,1.730994536386410587e+01,1.974705437785810247e+01
6.300430000000000000e+05,4.200937885555311446e-02,1.251308474484627009e-01,2.955166410680359901e-01,6.939005375784796925e-01,1.541203256885724793e+00,1.935048137667122470e+00,2.973612349892983175e+00,3.647384243930221537e+00,5.136595210795229072e+00,6.053047040184928562e+00,7.893092585321078936e+00,9.019232624741727378e+00,9.840902169664126120e+00,1.112868888691090419e+01,1.347309842631075938e+01,1.461992489907348336e+01,1.572279623700872264e+01,1.707633884736959828e+01,1.824826515820965511e+01,1.937421708171057944e+01
6.300440000000000000e+05,1.297789743755028979e-01,3.833375624966031125e-01,8.771657985274202707e-01,1.221741521464665414e+00,1.585350860116358618e+00,1.903801095785984110e+00,2.305787945427489216e+00,2.668847675402511221e+00,3.153673129007830589e+00,3.880083987729365802e+00,4.590225058302134009e+00,5.242744484167491059e+00,6.022326098701968888e+00,7.155893652194262877e+00,9.250231921936482138e+00,1.128095463072605398e+01,1.462023991799286904e+01,1.579399942077442631e+01,1.768308170816818858e+01,1.975348200196865989e+01
6.300450000000000000e+05,8.309636268849840413e-03,2.292215996392243937e-02,2.516074667260550513e-01,4.441917801441630509e-01,1.654255627712873933e+00,1.993833248012442105e+00,2.706023447605181431e+00,3.503240388429397001e+00,3.986008111685235278e+00,5.795113437102880738e+00,6.670276548985119014e+00,7.514869027665443291e+00,8.901637030707798104e+00,9.726383019867462565e+00,1.164663632940463778e+01,1.373804008342711036e+01,1.595612345233870322e+01,1.706470529230306710e+01,1.829818243949764778e+01,1.929373534395416101e+01
6.300460000000000000e+05,2.133099108252312082e-02,1.205035962324603194e-01,2.388717113234967160e-01,6.270260424209261885e-01,8.851731026598147478e-01,1.160479940344169014e+00,2.582946953311301641e+00,3.045160313475218317e+00,4.126429783408567253e+00,5.346021878184105347e+00,5.985253977370575740e+00,7.324053657277449503e+00,8.252710147062703783e+00,9.161191215505342100e+00,9.957617349204493706e+00,1.159046473159170354e+01,1.375950522455427993e+01,1.603091973154991834e+01,1.779040063853912557e+01,1.887437257979885885e+01
6.300470000000000000e+05,2.422392462671429936e-02,2.049394660368644150e-01,3.286947997754751105e-01,6.527774031650119824e-01,8.246706147253068941e-01,9.975393609877691858e-01,1.391665822046586509e+00,2.218884787790300628e+00,2.514354993067620558e+00,3.148705824216492033e+00,5.070256316947802766e+00,5.857176595284489196e+00,6.713145040951100206e+00,9.910028281750211221e+00,1.119084410179884692e+01,1.222586265694437380e+01,1.344635134443858426e+01,1.458836291072213953e+01,1.543569056323133815e+01,1.716564727213899388e+01
6.300480000000000000e+05,2.968944940907347618e-02,9.515784851613950934e-02,8.700716446822772676e-01,1.251306226826355505e+00,1.734346832857172505e+00,2.357407199048758173e+00,3.410136008493917181e+00,4.078758071301649579e+00,4.927521925444007245e+00,5.761518912805127179e+00,6.559971053266831831e+00,7.749315131293441183e+00,8.901762010630326571e+00,1.003678893218350154e+01,1.115023678975213883e+01,1.236903801890526999e+01,1.407530686791633734e+01,1.587924078556737939e+01,1.770233331418850753e+01,1.993777698462444192e+01
6.300490000000000000e+05,9.621624900386405166e-02,2.263380989198471305e-01,7.834888906751465987e-01,1.077024943492200570e+00,1.637300769575558590e+00,2.595773571187512729e+00,3.382885783369700583e+00,4.172671841150589422e+00,4.698549795972065901e+00,5.428574443960841656e+00,6.436894180371950824e+00,8.627593218240727779e+00,9.586976349339177972e+00,1.097644989503255175e+01,1.197121639129926329e+01,1.458938168073173003e+01,1.571990665620208638e+01,1.666237773052383275e+01,1.779252213873349220e+01,1.996537795647493851e+01
6.300500000000000000e+05,3.181359742064104879e-02,7.306926749508479979e-02,1.191263488650816660e-01,7.493395084397747041e-01,1.287301987271371573e+00,1.785199685574941908e+00,2.283451889322350770e+00,3.290211758085487936e+00,3.797943036312544152e+00,4.724908774330368821e+00,5.450142588656423648e+00,6.243377179925085230e+00,7.389533750608041629e+00,1.014710062229052845e+01,1.249824097148238344e+01,1.336146262760852110e+01,1.468439850945786063e+01,1.662247461568870222e+01,1.782713916108673047e+01,1.959330236172264961e+01
6.300510000000000000e+05,4.609558218595721790e-02,1.574686335870512099e-01,3.875000900879883581e-01,6.759351442924490527e-01,8.900552205177086895e-01,1.580131274043905076e+00,1.999491955548535982e+00,2.751271020380701593e+00,3.851440966727932569e+00,4.341569141293385670e+00,5.924965764773094001e+00,7.068280899869479939e+00,8.340388808334800785e+00,1.030561672312738963e+01,1.131688764175488515e+01,1.216308138591242027e+01,1.460197970413556590e+01,1.776611391304226473e+01,1.875649001623262180e+01,1.978815006480693484e+01
6.300520000000000000e+05,1.072606562314989409e-01,2.937025456125899048e-01,5.370945496485119985e-01,7.644757330030778064e-01,1.399272194686733695e+00,2.110086834536747169e+00,2.643769972405656254e+00,3.232313201294767069e+00,3.743785783717651583e+00,4.241520668277278361e+00,5.490911731291705955e+00,6.669695374969522916e+00,7.240913950725682113e+00,8.258221015058145653e+00,8.897035264847207969e+00,9.593044269153377712e+00,1.150125889708910876e+01,1.228779066632863071e+01,1.531049888100658762e+01,1.614402848927595358e+01
6.300530000000000000e+05,8.360200833210429394e-03,4.500744270461853880e-02,4.058982342880056438e-01,7.332503030542727451e-01,1.056453392416543124e+00,1.326572390783851141e+00,2.401589774293636737e+00,2.958550664250186202e+00,3.400718971613306607e+00,4.718972555762245946e+00,6.046484933706584464e+00,6.937850487069040284e+00,7.731489649475476789e+00,9.453362842955712608e+00,1.081329499002514538e+01,1.167357387973490290e+01,1.278927090890909213e+01,1.506819486423981758e+01,1.743113818098663970e+01,1.978314956833517613e+01
6.300540000000000000e+05,8.735101244060539116e-02,4.299872833626190438e-01,7.116545692397954204e-01,1.325686479392400585e+00,2.284241154672575380e+00,2.949121523646092591e+00,3.839880088043027495e+00,4.579132800708223705e+00,5.207778048322651898e+00,6.051093121232421268e+00,6.719753204357858500e+00,8.062695986983474228e+00,9.031926174630491744e+00,9.760803808397362502e+00,1.072258464108447917e+01,1.168690925855241325e+01,1.408957937428596452e+01,1.575741222044015366e+01,1.691060892135988070e+01,1.870895192381165728e+01
6.300550000000000000e+05,5.000673544345168864e-02,2.162352514238010670e-01,7.912099239153536079e-01,2.088573163646285202e+00,2.615983845622349868e+00,3.419372843924466832e+00,4.384747169361690844e+00,5.119153666237018285e+00,6.267816343800471479e+00,7.145238262555004383e+00,7.865112521565811754e+00,8.710603344765488032e+00,9.536390336589485983e+00,1.077226745506546735e+01,1.272753105874758717e+01,1.368544755969513638e+01,1.462182827279388597e+01,1.582008931061293033e+01,1.815459336410841829e+01,1.930919674021949461e+01
6.300560000000000000e+05,4.170027630587602729e-02,1.696593872912681711e-01,5.474605720587111257e-01,1.137863329349131813e+00,1.459562898630815120e+00,1.946084152981280901e+00,2.994491304119129893e+00,4.032924510741609403e+00,4.788070257725316026e+00,6.265448116713791649e+00,7.316310779234107997e+00,8.049761180421116435e+00,9.341039074316789481e+00,1.024384417158118765e+01,1.168233460336189644e+01,1.299202272380783185e+01,1.457486104900864632e+01,1.548378261852663940e+01,1.665867212346043758e+01,1.849144123110918514e+01
6.300570000000000000e+05,9.964855456469745576e-02,2.484862022183971231e-01,4.154618446552468258e-01,5.788270628038252319e-01,8.137446248801594173e-01,1.050409022486340938e+00,1.662085251246837370e+00,2.847446240020300223e+00,4.485919614347397832e+00,5.078239780265862535e+00,6.349130288737431016e+00,8.076127630157738935e+00,8.913656146477086040e+00,9.977107241407450644e+00,1.241451954057013118e+01,1.336351062569711168e+01,1.588563100833372843e+01,1.690843633370696253e+01,1.857203693465453398e+01,1.982704378629529884e+01
6.300580000000000000e+05,3.281787147500114799e-02,1.049170350458619172e-01,4.728677950196693569e-01,7.729831425373960840e-01,1.110077752122210493e+00,1.591394130009784025e+00,2.084579696665290971e+00,2.943350152750394244e+00,3.426278141224888607e+00,3.903381584678960792e+00,4.508011678829412006e+00,6.143865157279439160e+00,8.238737637574757855e+00,1.100081047160358771e+01,1.238061202250090709e+01,1.365418552301269983e+01,1.476021974583748886e+01,1.626623667391281458e+01,1.778247549265223526e+01,1.876727302170231226e+01
6.300590000000000000e+05,4.582077720420740796e-03,2.107461687089571267e-01,4.382231974670872665e-01,7.042266805070007685e-01,9.894659176556841462e-01,1.411418971472075068e+00,2.124619975987005027e+00,3.338303878583109174e+00,3.803743523480098698e+00,4.396785038266567192e+00,5.488103100875806106e+00,6.251379786517489379e+00,7.810061917166953194e+00,9.598931178314963120e+00,1.271146406111612137e+01,1.420735364383591914e+01,1.511035217428450395e+01,1.603274870025619592e+01,1.803348199471050251e+01,1.999845040903095850e+01
6.300600000000000000e+05,3.936397911862388188e-02,1.756011677266020587e-01,3.299927447957179405e-01,8.031803754949913277e-01,1.095832024403262217e+00,1.763079719570800341e+00,2.143271400842667429e+00,3.167457535234873944e+00,3.658529817991327704e+00,4.438303533695560965e+00,5.608004761255519277e+00,6.477992184862245040e+00,7.643004762346158998e+00,8.299980638526109900e+00,9.343592278284283736e+00,1.004128481142405782e+01,1.189079109875275897e+01,1.287973427906965718e+01,1.486228874772423225e+01,1.825569069095514507e+01
6.300610000000000000e+05,1.316304621719499579e-03,8.227763808923271860e-02,3.993837400788707859e-01,6.271779698993067420e-01,9.490140162436944138e-01,1.311690325021380499e+00,1.588012928018045944e+00,2.017574301075521603e+00,2.307179838547357420e+00,4.381751136535008584e+00,5.141490260253899436e+00,7.116429031810353578e+00,8.079427959011887594e+00,9.335773746671776507e+00,1.049670804832779325e+01,1.146366133588597691e+01,1.354198100582599373e+01,1.508729259516588783e+01,1.616457867088617206e+01,1.802144303230558009e+01
6.300620000000000000e+05,4.886846461877702996e-02,1.166281222017035990e-01,1.955379599221773734e-01,9.737672659508129769e-01,1.246594330160104569e+00,1.530156832451376347e+00,2.765280502124235262e+00,3.393811061902422210e+00,4.581824693192903197e+00,5.534050203617157493e+00,6.987621140070913839e+00,8.685053871610515230e+00,9.740882005150901080e+00,1.159418738466338894e+01,1.253216682080566891e+01,1.342606590992442683e+01,1.502623692677092038e+01,1.631312530888721568e+01,1.804973814746848859e+01,1.960976018957127209e+01
6.300630000000000000e+05,5.266409547508810185e-02,2.472538365610803535e-01,9.521645149230189009e-01,1.275792578177158632e+00,1.653725651458963330e+00,2.070605296051446498e+00,2.993523347674955204e+00,3.618141530166705699e+00,4.243750378029773174e+00,4.744137879097833022e+00,5.812040139444689224e+00,6.661706425176618040e+00,7.828953539648051851e+00,8.965836869027754119e+00,9.693193266069224379e+00,1.075531562174745837e+01,1.215061188229874389e+01,1.343866266100083173e+01,1.547564922033628143e+01,1.638452347917897711e+01
6.300640000000000000e+05,4.458480386930641082e-02,1.342935748634903614e-01,2.214592618819553049e-01,3.901609024678136528e-01,5.620017094116686041e-01,1.165773087192136570e+00,3.306201033322931693e+00,4.026655124863967927e+00,5.112585600518389839e+00,6.612229680567597079e+00,7.384517391100653860e+00,8.122535246091626249e+00,8.844626385605415919e+00,9.877486440199753304e+00,1.085881040141019582e+01,1.244050666151140661e+01,1.505539405868403158e+01,1.614320601643407116e+01,1.738509164464367984e+01,1.927389112268355120e+01
6.300650000000000000e+05,6.241259069787719049e-02,1.825044441507657211e-01,6.997927632193181591e-01,1.025277060313441346e+00,1.434434604609955421e+00,1.820215284375034992e+00,3.113116591535748157e+00,3.932024099451645327e+00,4.789683780986001338e+00,5.751160342855555996e+00,6.679873364152438597e+00,7.847710765361308738e+00,9.093772115586013172e+00,1.126743432098619913e+01,1.222281336626963011e+01,1.306611084766907105e+01,1.528578801779892338e+01,1.708695375740759204e+01,1.845885938407358040e+01,1.995464496395040399e+01
6.300660000000000000e+05,1.517248975265617084e-03,9.251257677373736499e-02,3.132294039058679536e-01,6.838741351541712810e-01,9.059359884968443133e-01,1.122914042154013137e+00,1.355056060862767087e+00,1.573459182410939405e+00,2.370284739418401454e+00,3.239255896038892857e+00,6.687994715133505963e+00,7.551516610879348335e+00,9.114045199147806642e+00,1.048445997238310312e+01,1.204541019936220358e+01,1.301757577481071593e+01,1.427136986817938613e+01,1.529592263043786815e+01,1.846293467203477334e+01,1.950599020643255699e+01
6.300670000000000000e+05,5.631825177143556793e-03,2.572106630541770578e-02,5.256400489168022716e-02,2.891946119692514472e-01,3.964799338586549871e-01,8.199455469791245843e-01,1.284365059241477258e+00,2.161582610971175100e+00,3.007151166301031964e+00,3.638716184436217027e+00,4.095237697465781146e+00,5.452455965791690673e+00,6.873623590382912596e+00,7.837254264045117935e+00,8.494439901492153666e+00,1.006950192687209977e+01,1.128950500648213406e+01,1.246313259318961641e+01,1.334851038053894712e+01,1.656843812657540127e+01
6.300680000000000000e+05,1.325403524636642461e-01,4.098727089910612076e-01,6.956033875716192139e-01,1.058426045364686985e+00,1.539731743037282108e+00,1.944722065607138450e+00,2.318500248012112408e+00,3.001800093606462383e+00,3.934236010847976139e+00,4.673398459065284172e+00,5.260406011200725374e+00,5.851177285941306039e+00,6.517306028926546091e+00,7.199450236660363878e+00,8.995987530294440759e+00,1.205186443919720318e+01,1.313098890613381364e+01,1.451730960815127780e+01,1.683965469780693880e+01,1.940859993072900380e+01
6.300690000000000000e+05,2.410605309806190810e-02,5.921374556419396473e-01,1.009498548227591108e+00,1.507704722830590427e+00,1.939502124062522093e+00,2.398825030893129817e+00,3.624952182097733733e+00,4.331498626754068937e+00,5.006917583575542174e+00,5.581305273866991712e+00,6.309740537105660962e+00,7.885754750513424227e+00,8.544354955621118464e+00,9.306889371257549115e+00,1.061623465917389630e+01,1.264782435552037221e+01,1.361414776458220288e+01,1.571232820171927713e+01,1.861576326632376066e+01,1.987651385366586965e+01
6.300700000000000000e+05,5.650179785874920313e-02,1.482543613106976910e-01,5.308270156191735589e-01,8.777227791103086041e-01,1.866955466390604723e+00,2.392326473236809470e+00,3.040051568961527728e+00,3.925583055332844573e+00,4.614838934158138173e+00,5.453064143518593809e+00,6.023598215779241372e+00,6.646609875659756028e+00,8.077038325817804676e+00,1.018103554193294258e+01,1.137606753967707363e+01,1.268449566977060350e+01,1.395091712974410392e+01,1.571970137321168615e+01,1.695225541071629038e+01,1.939555125847945405e+01
6.300710000000000000e+05,3.091516851285835976e-03,1.265985759370005237e-01,2.134669832126103728e-01,3.423381293692742133e-01,4.939129315485890626e-01,9.089808574251905249e-01,1.621717350239417321e+00,1.943693465269278775e+00,4.126150622155333458e+00,4.671874074761337425e+00,5.433417961789689166e+00,5.949927966387656753e+00,6.946643278013354461e+00,8.124114415639875020e+00,1.025465090428077097e+01,1.096712437766261772e+01,1.292434574665441716e+01,1.478435006701770149e+01,1.855923057027096590e+01,1.984989906486132938e+01
6.300720000000000000e+05,8.173473638985684353e-03,1.562143319546986930e-01,4.855878400441029363e-01,1.015559932498900864e+00,1.801167339994013128e+00,2.213476087167865813e+00,3.378328251798980553e+00,3.939232207800005270e+00,4.718423118146455764e+00,5.429214294351804249e+00,6.974636971279870146e+00,8.376063052633369921e+00,9.484276931560033930e+00,1.070220720082062549e+01,1.295732156443209071e+01,1.388858660473609064e+01,1.476817870810962496e+01,1.564025968318173021e+01,1.729533740704945188e+01,1.864734117420283965e+01
6.300730000000000000e+05,1.144759552374530198e-02,2.538472170657635196e-02,4.437147532509166936e-02,2.321607555857307936e-01,5.405615540339381297e-01,6.772811332137560481e-01,1.779244655453066315e+00,2.161390785926724512e+00,3.424394099853380613e+00,3.971370525801910745e+00,6.121647074735354188e+00,6.879743775361950142e+00,8.780404355735210942e+00,9.783442852451891270e+00,1.144883163081139443e+01,1.276194065567571201e+01,1.463706869313982217e+01,1.698636513141233451e+01,1.800414218318904602e+01,1.932928449541352478e+01
6.300740000000000000e+05,5.520079958141821397e-02,1.106196359273863283e-01,2.037449295368748414e-01,6.220011384744821292e-01,1.210161440611921435e+00,1.470922880924984577e+00,1.848331753784910436e+00,2.788506039828393845e+00,3.167253469130010046e+00,4.164054013432757273e+00,4.694431371416782461e+00,6.149330794807225331e+00,8.320728404969779390e+00,1.078229612624061851e+01,1.203586881472305414e+01,1.289318514371646351e+01,1.402518983467702007e+01,1.532049191326871806e+01,1.793221840153945479e+01,1.907708864792844139e+01
6.300750000000000000e+05,8.584006859338444428e-02,2.158031060865601702e-01,6.808011122288443184e-01,1.006278448661221958e+00,1.789244068401328880e+00,2.663376628149042524e+00,3.387189001184552239e+00,4.447058296306608760e+00,5.115786604791987102e+00,5.807794179056157802e+00,6.635432180739594621e+00,7.628772258251542482e+00,8.908438196881238724e+00,1.158509550880740591e+01,1.268644794942901832e+01,1.387956301394720882e+01,1.517365497400409602e+01,1.664911705069628312e+01,1.878830208782432010e+01,1.996347639707038724e+01
6.300760000000000000e+05,1.131314216486809521e-01,3.202559148628938424e-01,5.043138007810057388e-01,6.765953073072967783e-01,1.139705106000727497e+00,1.842710374667725137e+00,2.154179159013808853e+00,2.494975645967834055e+00,4.039793960731259403e+00,4.502970364842308726e+00,5.620908791894777323e+00,6.192291143665901387e+00,6.778685022864692655e+00,7.719225102925943993e+00,8.609258070940349228e+00,9.465896788840261422e+00,1.042741439316263907e+01,1.160370708803995576e+01,1.588826834162012602e+01,1.713453934376992294e+01
6.300770000000000000e+05,1.061037695385161905e-01,4.644383645169056773e-01,7.406293517661556303e-01,1.189842351306827251e+00,2.062369635160447690e+00,2.551392939462715947e+00,3.218705017634881482e+00,3.743007217641826756e+00,4.962424573742923783e+00,5.539606665963598076e+00,6.920816416873337040e+00,8.258657898227578897e+00,1.008084910258366484e+01,1.145003000725056452e+01,1.306076261146700013e+01,1.444348395997834267e+01,1.548199346985767910e+01,1.646784945360336749e+01,1.801181769397584276e+01,1.949040216137192516e+01
6.300780000000000000e+05,2.103145037597176081e-02,6.284446293141954243e-02,1.708173172311635568e-01,6.888361320721712033e-01,2.135844837285870490e+00,2.693944448693093907e+00,3.651962091607883210e+00,4.220810453969760623e+00,4.824193166853434356e+00,5.403309838651598085e+00,6.637360346850480930e+00,7.736972341629863692e+00,8.859588169073251862e+00,9.708712986433397418e+00,1.097190171596933972e+01,1.193212541302148111e+01,1.387316208766964110e+01,1.541410310131195160e+01,1.700895262719144796e+01,1.896990286278308702e+01
6.300790000000000000e+05,5.367450538755313971e-03,7.008097719666417369e-02,5.542316524405255240e-01,1.034779414364719319e+00,1.332041256295755094e+00,1.761251525063431078e+00,3.310915438441799807e+00,4.079812685600875177e+00,4.669001643828679882e+00,5.515177577202942771e+00,6.235459342216246981e+00,7.062615883570925845e+00,8.077820986731550690e+00,1.031077180247666369e+01,1.106711378712444827e+01,1.210896579712905918e+01,1.290746380206421762e+01,1.501174349491549975e+01,1.701384289932609306e+01,1.979853109602566974e+01
6.300800000000000000e+05,2.097178251576792274e-02,8.386034687167565060e-02,2.706203284509594020e-01,3.613104835782379176e-01,6.807469357248957520e-01,1.212546158036905686e+00,1.439607602141695253e+00,1.710479122950379960e+00,2.509501369677578531e+00,3.504343249714414466e+00,4.515776686874359847e+00,6.379813649253524233e+00,7.804701138365989443e+00,8.564146205264975720e+00,9.264230270198677175e+00,1.047566967080518907e+01,1.124374666888582297e+01,1.223736456929131933e+01,1.588591602017421245e+01,1.790804665436981225e+01
6.300810000000000000e+05,3.650835605017332952e-03,5.492706349149534262e-02,9.811919856234840864e-02,4.025047473889546978e-01,6.813386978581648101e-01,1.301031448381327005e+00,2.011456865634758895e+00,3.076739384029158586e+00,3.791545139935020625e+00,4.568885853154450061e+00,5.108288507206085960e+00,5.929762900819079974e+00,8.143854020704120344e+00,9.923500525689560092e+00,1.157423034323034194e+01,1.248971918022881766e+01,1.347355569303576672e+01,1.517790778293606380e+01,1.624269390481930841e+01,1.909900010283498872e+01
6.300820000000000000e+05,4.680524062362434456e-02,1.507725574443090633e-01,3.355433551171307371e-01,6.580311723319014483e-01,1.119620415268486990e+00,1.420578801426259696e+00,2.082792633198656596e+00,2.532825274430249074e+00,3.145058740970324784e+00,3.874050014533297670e+00,4.879109894233931932e+00,5.843877225576990853e+00,6.750734485258342410e+00,7.293733406769718819e+00,9.028267117453026458e+00,9.685785443428125419e+00,1.073640914541023683e+01,1.151355929618234519e+01,1.256962812670748697e+01,1.543962593800906724e+01
6.300830000000000000e+05,6.080307387328343083e-04,6.456621461902534165e-02,1.105246251150785453e-01,3.266965590078956261e-01,1.252261934450598080e+00,1.608632227631504819e+00,2.600184374263498466e+00,3.113192338742098109e+00,3.824981872392974935e+00,4.467006673668074690e+00,5.027826575438679946e+00,6.490197035806379411e+00,7.140601785271988966e+00,8.023609288987964661e+00,9.460042436115431386e+00,1.306677172989587277e+01,1.400161032479542200e+01,1.551234429176037111e+01,1.651033425357350026e+01,1.788962892659484538e+01
6.300840000000000000e+05,1.351510241347042562e-01,2.741082232936804530e-01,5.012689208057798940e-01,1.113871998642038896e+00,1.492779340227687435e+00,2.445440143510857034e+00,2.937853881726905314e+00,3.381826481909435245e+00,4.833116447186028175e+00,5.992508399137861375e+00,6.673266671487385615e+00,7.714081351222546346e+00,8.548044047775483989e+00,9.893054103787310538e+00,1.083470711828656086e+01,1.324521973368604932e+01,1.510757432418409252e+01,1.697462662437094849e+01,1.810433037640819620e+01,1.924896352833446400e+01
6.300850000000000000e+05,4.086468277986865516e-02,2.619394456890866696e-01,6.054767486416166022e-01,8.556306497543668677e-01,1.178109928719094368e+00,2.036470805485243840e+00,2.555882724636797221e+00,2.965722686332176394e+00,4.936605219365625352e+00,5.874453254425140436e+00,6.634967889572585875e+00,7.342774589756221104e+00,8.677581722569483347e+00,1.079801006205416947e+01,1.230462048040251766e+01,1.317931609156729245e+01,1.501192013244589241e+01,1.682418550235992782e+01,1.855526705416246713e+01,1.973969081344300847e+01
6.300860000000000000e+05,1.471449165054639074e-02,1.743826292919754550e-01,3.277674577936339206e-01,6.838239123336635750e-01,1.223956126143332490e+00,1.490413339426196693e+00,1.803265617168038570e+00,2.490044524780953061e+00,2.889770551991165171e+00,3.605359433620649590e+00,4.301520793483502914e+00,6.792818226741283993e+00,8.366226455568957832e+00,9.150811231699387704e+00,1.002807781798318310e+01,1.128112345126781690e+01,1.444116785535376657e+01,1.582036352625432052e+01,1.679086974260388132e+01,1.927497594173198436e+01
6.300870000000000000e+05,9.900524512386543741e-03,1.468229286196769401e-01,2.707582610216485719e-01,8.101479269993352439e-01,1.294289801306322651e+00,1.701176036385035450e+00,2.083768954072262147e+00,2.984235849823827280e+00,3.563507196461508819e+00,3.993757568557873228e+00,5.516879774614304566e+00,6.093841921246783144e+00,7.131103996100652154e+00,8.886796707634633918e+00,9.583905828516208203e+00,1.105108214106828335e+01,1.322596887218344541e+01,1.495292876584106168e+01,1.713840475977266564e+01,1.972408144847094036e+01
6.300880000000000000e+05,9.237992356251334414e-04,3.233903321340401149e-01,6.283480958834789520e-01,1.535818002576380348e+00,1.999081924278423461e+00,2.611625741551121038e+00,3.074345068780424572e+00,3.547151063376881019e+00,4.632537373410789527e+00,5.339620278681946886e+00,7.332354111678876407e+00,8.018605604206880955e+00,9.157837409554872465e+00,1.057796987795472532e+01,1.179552543011125287e+01,1.325753793235146816e+01,1.415546206933985474e+01,1.728249050627995231e+01,1.830248066430444354e+01,1.926888309472184346e+01
6.300890000000000000e+05,1.646932711632009827e-01,3.785441583024269363e-01,7.597802902180980089e-01,1.165395971482874771e+00,1.533263498264937352e+00,1.938825652336756411e+00,2.272091764935984415e+00,2.943949442343333445e+00,3.534226923891810923e+00,4.269343782616862981e+00,5.326946491363698577e+00,5.949508794323855376e+00,6.761961023139659410e+00,8.381875148802844677e+00,1.055195414923001351e+01,1.179948996436433006e+01,1.354681345280256544e+01,1.441535410527117911e+01,1.563467122895405836e+01,1.728985538412941736e+01
6.300900000000000000e+05,3.783861318891101888e-02,3.662047812607245323e-01,5.951296052649576174e-01,8.929623304012737073e-01,1.757874022709210449e+00,2.114702644627633799e+00,2.970034559224471682e+00,3.405001590332877193e+00,4.031674516740264558e+00,4.659349003480713236e+00,6.096735188363353153e+00,6.779701530508614127e+00,8.038371542307196194e+00,9.971623853866820042e+00,1.143039593477619675e+01,1.264341321090438619e+01,1.506584672972165428e+01,1.624256365370230526e+01,1.758897295869575927e+01,1.971733516270257169e+01
6.300910000000000000e+05,5.972309057626101758e-02,1.826356527640293770e-01,4.619887150300159284e-01,6.427399247938039295e-01,1.147772368655588515e+00,1.439240713964510476e+00,2.522958519194254734e+00,3.814852029068733330e+00,4.429985565068502495e+00,5.370872388469523528e+00,6.575175019752077965e+00,8.508737752707503432e+00,9.368514321707193560e+00,1.061703496410329173e+01,1.187261681947961023e+01,1.282855101077169557e+01,1.434448939393531397e+01,1.566856954300265592e+01,1.681949543813135506e+01,1.824542754647177745e+01
6.300920000000000000e+05,5.638579306313473705e-02,2.325086801949602933e-01,3.618720048199945971e-01,4.909779921766292965e-01,6.728919748209355456e-01,8.923495665822602785e-01,1.997779559463608967e+00,3.591754865787290640e+00,4.188329447168499975e+00,4.897970125158383148e+00,5.799668982063236555e+00,6.829649775167869308e+00,7.497182678012225487e+00,8.982032550288685968e+00,9.695112789435190948e+00,1.122027448216736722e+01,1.223159145167539208e+01,1.714827619784818324e+01,1.839810710840100683e+01,1.937697961838261307e+01
6.300930000000000000e+05,1.679359983301775827e-02,5.684815608702065148e-02,2.673528303449679289e-01,3.854736600959181025e-01,7.854973964992328916e-01,1.050809760142683569e+00,1.370836247326084223e+00,1.977213436568128202e+00,2.513530302287125373e+00,2.876378161913288878e+00,3.396173939063298342e+00,3.844710643259951599e+00,5.504019759469125361e+00,6.538517780000629109e+00,7.075699895482235213e+00,7.850105779102380055e+00,8.988073361948279327e+00,1.066900024559862459e+01,1.162415635950986825e+01,1.475354476753549093e+01
6.300940000000000000e+05,3.807086934571990433e-02,1.041011116936514380e-01,2.921990370035808526e-01,5.654069022655154875e-01,9.496210117862274869e-01,1.303116256340597356e+00,1.526100898325933652e+00,1.745669396569615728e+00,2.574942286082504861e+00,3.194404917368105501e+00,4.588088370901239443e+00,6.291373111312951849e+00,7.399171408472174249e+00,9.037313007939832943e+00,1.031675325074776950e+01,1.411160692775426817e+01,1.516693999157347861e+01,1.617164388004674080e+01,1.798561743377907263e+01,1.909492036876225640e+01
6.300950000000000000e+05,5.752379947430141804e-02,1.199626274802976234e-01,6.081044692679000718e-01,8.345104109390453218e-01,1.171045337438024747e+00,2.310858058532291537e+00,3.021264604330338166e+00,3.681862120400437810e+00,4.256893957023104136e+00,4.742384792579250608e+00,6.728129872030228498e+00,7.859494864833574290e+00,8.708349235043696623e+00,1.028512074475136195e+01,1.108926347769920184e+01,1.206761268969844636e+01,1.323883109205891984e+01,1.440678325518994640e+01,1.884768511701205185e+01,1.986568857031453561e+01
6.300960000000000000e+05,4.323931615675180584e-02,1.191212313097418374e-01,4.455835284156927090e-01,7.223640041585417393e-01,1.009027009514161133e+00,1.409033012255530570e+00,1.839436792152742139e+00,2.526979451579825842e+00,3.529377723084532015e+00,5.271203410724868199e+00,6.355893505344610617e+00,8.189963486632578338e+00,1.052239230993404462e+01,1.134367853275263016e+01,1.276528872938444614e+01,1.372679768653860854e+01,1.470437358506002745e+01,1.638453883420201862e+01,1.765850122214925477e+01,1.946495600526095515e+01
6.300970000000000000e+05,1.374197276117439248e-02,7.394665254783627795e-02,3.942753887004728508e-01,9.291950399904891356e-01,1.631019018131835807e+00,2.283010602985535265e+00,2.767528698399518206e+00,3.295896721637138427e+00,3.976515360748237971e+00,4.711627415122350726e+00,5.403749789603304876e+00,6.455313531299600172e+00,7.490632073348955977e+00,1.104659008150647104e+01,1.183715119228961754e+01,1.288287170192035092e+01,1.466674502388367962e+01,1.557107085720221562e+01,1.694822338330999756e+01,1.790902104673062212e+01
6.300980000000000000e+05,5.951167685029790100e-03,3.566352596156185939e-02,6.297704218090527384e-02,2.558576727780255133e-01,1.148146899053669179e+00,1.878525287535031563e+00,2.373217026494566007e+00,2.971878027695232127e+00,4.306248196581478282e+00,5.505361230146114337e+00,6.428342573797267256e+00,7.173501964384908725e+00,8.063865975800849739e+00,9.328021243468272772e+00,1.057970147253893956e+01,1.196227971218004882e+01,1.391113271404188545e+01,1.473793359082157473e+01,1.716334154141966195e+01,1.920257337284825994e+01
6.300990000000000000e+05,5.833620392628913187e-02,3.171714949807531436e-01,1.105238566185253291e+00,1.513733425560698898e+00,1.960260544813511308e+00,2.376317870637188356e+00,3.164955980686661619e+00,3.840219429103758131e+00,4.510566790918604241e+00,5.155957536825518162e+00,6.198225775663854797e+00,7.424376967174654673e+00,8.152543273893700260e+00,8.807418236764183561e+00,9.933295657366521425e+00,1.191886608811835302e+01,1.287484588801257601e+01,1.576428002978062182e+01,1.712458709573914817e+01,1.956139508639725122e+01
