1.000000000000000000e+04,9.948161731435538613e-01,7.194419627357556690e-01,6.792207646698813495e-01,6.248528246362957672e-01,6.175075999503553126e-01,5.243710257456968282e-01,5.078353405167176371e-01,5.075133241774472115e-01,4.255472684884803458e-01,3.347188551153886804e-01,3.250368824956788583e-01,2.848634315772857750e-01,2.101023823242510469e-01,1.506380215725191540e-01,1.087787626041758493e-01,9.706592562169746863e-02,7.531193350829923361e-02,7.250628454987662064e-02,5.881090277117217990e-02,4.826441646242318750e-02
1.000100000000000000e+04,9.956142554851578064e-01,9.279577315652471903e-01,9.151505357778659810e-01,8.881797132752975443e-01,8.769821540059122844e-01,8.562249704696780483e-01,8.254206409543866085e-01,8.090065512195855346e-01,7.401102675100525996e-01,6.516738404720919808e-01,6.284786160350949169e-01,5.887787822939236637e-01,5.800500489654016878e-01,5.747818025251485441e-01,4.659618660852196115e-01,4.642774945398057129e-01,3.573933535588700305e-01,2.598495180860238563e-01,1.536830999560253597e-01,7.333624578520592241e-02
1.000200000000000000e+04,9.860643378478468613e-01,9.009075090264472285e-01,8.393177836197397435e-01,8.165753571762252028e-01,7.246224805427818882e-01,6.858227720909506608e-01,6.491404752877673046e-01,6.144636319665666147e-01,5.759292488685402445e-01,5.673716511123306772e-01,5.559236065592635390e-01,5.451778900712718201e-01,4.882807809364645424e-01,4.595304075316432035e-01,3.977000280035231095e-01,2.522956446720439061e-01,2.464914501392043711e-01,1.281563934308247443e-01,1.228536291500775812e-01,6.965852352849755125e-02
1.000300000000000000e+04,9.479092694387740714e-01,9.437293962895083599e-01,8.950130061473232645e-01,8.719654639138373353e-01,8.432042164728769107e-01,7.234128772852717049e-01,6.994005180656237552e-01,6.722020931530963139e-01,6.488792642145368994e-01,6.166081839511805551e-01,6.042611877522955366e-01,5.453131692238412098e-01,5.046351406303279941e-01,4.269123592976986625e-01,2.545663786989120769e-01,2.381775240664849580e-01,2.106018009621729581e-01,1.361435008193966345e-01,3.386880359342625546e-02,1.990829572287899918e-02
1.000400000000000000e+04,9.538336573090150372e-01,8.668819577574163882e-01,8.518998698582486151e-01,7.163712029655687763e-01,6.852578505029612854e-01,6.355070121645662873e-01,6.118632261191676580e-01,6.006362290035690554e-01,4.896394964778933989e-01,4.863938848913383906e-01,4.275315353525662720e-01,3.702314379621518547e-01,3.301112907689478515e-01,3.142412172676986026e-01,3.127627111623779710e-01,2.252983104536979697e-01,2.126642716299996794e-01,2.028311936030284812e-01,4.524166739809365456e-02,3.445898694060001155e-02
1.000500000000000000e+04,9.700316718078689782e-01,9.360435217399208918e-01,9.103323498195543539e-01,8.458032239495525406e-01,7.088559106887957206e-01,6.273319748575221233e-01,5.712188329893854721e-01,5.706989141438534308e-01,5.032775150629138494e-01,4.583987174902416362e-01,3.648645788783120292e-01,3.556390668055025017e-01,3.129066404449860617e-01,2.024931850278645085e-01,1.984273376732381688e-01,1.707688886145637408e-01,9.147298490631905477e-02,7.102758963409305792e-02,6.291049470207810135e-02,1.302185735224214991e-02
1.000600000000000000e+04,9.438474920766324328e-01,8.134950840948750317e-01,8.009329719132275427e-01,7.639650125767590838e-01,7.628591942753295552e-01,5.290299278959769147e-01,4.681374261056197028e-01,4.102166188679968739e-01,3.909166186582613278e-01,3.589372607616619915e-01,3.337920235817586345e-01,2.744324261158898048e-01,1.966978181378266077e-01,1.896721378117451895e-01,1.783036390280011707e-01,1.766183737388168362e-01,1.351134445590657096e-01,1.295039218056500685e-01,9.194279037621844175e-02,7.209804559371790766e-02
1.000700000000000000e+04,9.939895154292676116e-01,9.775238588416268470e-01,9.373333048585527072e-01,9.014571051651639744e-01,8.696038147319394840e-01,8.574010416781545629e-01,8.573265880156284435e-01,8.141674565806382713e-01,6.964316544545916532e-01,6.593872508850355807e-01,6.236285657745310740e-01,6.055057247136141907e-01,6.006680967516785374e-01,4.311892376546299088e-01,4.093784052388298456e-01,2.393343858966356930e-01,1.897478745799532351e-01,9.681302347740816661e-02,8.867547843480449998e-02,4.696679551169125055e-02
1.000800000000000000e+04,9.305381735074204075e-01,9.039933753745057476e-01,8.263289008139141911e-01,8.261674509478956763e-01,7.585280610358211550e-01,7.316893852531847209e-01,7.241280092053999917e-01,6.618236015546204998e-01,6.107947103087902896e-01,5.543126243309545176e-01,4.387475193095500270e-01,4.179394890524776862e-01,3.872571593434137593e-01,3.724785020829046722e-01,3.550006641606595625e-01,3.253990250449947386e-01,1.875682315572890779e-01,1.778984890566275290e-01,1.054824298840489893e-01,4.625171939825478695e-03
1.000900000000000000e+04,9.406834666007944934e-01,9.242216064384145557e-01,8.629524789108438121e-01,8.325918419942125448e-01,6.322167372206205505e-01,4.976451630017755257e-01,4.406148187254897985e-01,3.937326744556931546e-01,3.778806273601419408e-01,3.731284961206249307e-01,3.254127962439741228e-01,2.988902421581183244e-01,2.850223155534398201e-01,2.166005552020965341e-01,1.795031725048769067e-01,1.324311036125424001e-01,1.082821946521400625e-01,5.946803966505920247e-02,3.299076755737351263e-02,3.102948241965375331e-02
1.001000000000000000e+04,9.011095359943026573e-01,8.829230184668859227e-01,8.778786907179131349e-01,8.065893427993215958e-01,7.678459376746826770e-01,5.203391585749262971e-01,4.723742053782560291e-01,4.509613802097336421e-01,4.494626753029608013e-01,4.085523981409912020e-01,3.935791827588943637e-01,3.858105896051577943e-01,3.814939277025619635e-01,3.638084230487947934e-01,2.117067408069954748e-01,1.742663848629603107e-01,1.122525895353774228e-01,5.957236301656398947e-02,4.392513195370451040e-02,4.201736561273983206e-02
1.001100000000000000e+04,7.511078907007361360e-01,7.246720016485701521e-01,7.206105913274795105e-01,6.938248416729633217e-01,6.827779880956680314e-01,6.341398041119217233e-01,5.663540849623186491e-01,5.588704546209692925e-01,5.580050842950640133e-01,4.677003930014030919e-01,4.079932810227790974e-01,4.077308723159946968e-01,4.020456486001889873e-01,3.936098012422705184e-01,3.450673078897722457e-01,2.483905862163171552e-01,2.151839125270095243e-01,1.917600554089954334e-01,1.460974845419150681e-01,4.407564472996838845e-05
1.001200000000000000e+04,9.944072523051141754e-01,7.857753486901843942e-01,7.807834514605223042e-01,6.769087947113872072e-01,6.095351387441362290e-01,6.006186384949608881e-01,5.757344972353399815e-01,4.480430054545175844e-01,4.380359283634517320e-01,3.633221694246560052e-01,3.295947276530315495e-01,3.125029718067774409e-01,2.882594125114058548e-01,2.876816262364813026e-01,2.588977654789127447e-01,2.488318262090017940e-01,2.418735362799101507e-01,1.850974371189624268e-01,9.026442437226145366e-02,1.074084697319555026e-02
1.001300000000000000e+04,9.663015119413531639e-01,9.291014180681236301e-01,9.044151186052465929e-01,8.929554290168189024e-01,8.571187018982565631e-01,7.835423577378731741e-01,6.523549038097129493e-01,6.381240611835046206e-01,5.858045582746951307e-01,5.082764539385309366e-01,5.038283339727671617e-01,4.869695552191132260e-01,3.541479000782299380e-01,3.512829749502112131e-01,2.892775895120431873e-01,2.092012155188960332e-01,1.436635348624520914e-01,1.276893613788205872e-01,8.996791346830423919e-02,1.066130121193575864e-02
1.001400000000000000e+04,9.977360122215672700e-01,9.719890437515558146e-01,9.643310146733746757e-01,9.452325705739512696e-01,9.436750004550448212e-01,9.373764183075189438e-01,8.593910377039503112e-01,7.606136842761137551e-01,7.490581246708550855e-01,6.683986668231011175e-01,5.943974352701176800e-01,5.715787962099100339e-01,5.301502835210093467e-01,4.100489542994122383e-01,3.594460227681350872e-01,3.444077211424546592e-01,3.423062438775269500e-01,2.731233581954809475e-01,1.084116307640750065e-01,7.111678537185495141e-02
1.001500000000000000e+04,8.831236258416186313e-01,8.745462233811247543e-01,8.514162262737041686e-01,8.164345635051324379e-01,7.621925702129743740e-01,7.188212393490125418e-01,6.370530334393671446e-01,5.320209098209355281e-01,5.217867410132004391e-01,5.181818128312019045e-01,4.514013846835618349e-01,4.225700695225935721e-01,3.442523012237457269e-01,2.912273695381175642e-01,2.796093731679676342e-01,2.698292231044249201e-01,2.022159750321789184e-01,1.875982505780563470e-01,1.739924159878200038e-01,7.300335264944102232e-02
1.001600000000000000e+04,9.940654543137453780e-01,9.695181782990439645e-01,9.633087073325702354e-01,9.069492820783540132e-01,8.987235622268817670e-01,8.210180623660640054e-01,7.972041520608256215e-01,7.577769247272329034e-01,7.255120096776360716e-01,5.893704742841140432e-01,5.769029682110116131e-01,4.870392542705098693e-01,3.875957356506464224e-01,3.782939584767841534e-01,3.232645262732618541e-01,1.977635330221093612e-01,1.813838838422840993e-01,1.000867642359176690e-01,9.823889193877388681e-02,7.592969352122835858e-03
1.001700000000000000e+04,9.727428034987752881e-01,9.674830248599819438e-01,8.999278690573085937e-01,8.579437443372686101e-01,8.546275338738918981e-01,6.557056988016723986e-01,4.124343250562955143e-01,3.975647545261536964e-01,3.562522339831134532e-01,3.297329307401334342e-01,2.443174909402874295e-01,2.000760043994967985e-01,1.728868709369651979e-01,1.685175093173537642e-01,1.564232793647318820e-01,1.360300995753550568e-01,8.892629483180680694e-02,5.591766850323132143e-02,5.080054659221577840e-02,2.775830478197482964e-02
1.001800000000000000e+04,8.714093794149913030e-01,8.069802801333670894e-01,7.991367642659793491e-01,7.857004699039614737e-01,6.716529140889307969e-01,6.602923963258126028e-01,6.361423151169057766e-01,5.752009135182165611e-01,5.717146201337758304e-01,5.408390034690742088e-01,4.998936631257355767e-01,4.936686790921904766e-01,4.895299207387732165e-01,3.279191830443820566e-01,2.627602657700008892e-01,2.448613192940529704e-01,2.392953354437085123e-01,2.347133830503800311e-01,2.164143557039692745e-01,5.006180841445295737e-02
1.001900000000000000e+04,9.765098466850354875e-01,9.126126629845945359e-01,8.094837543972578375e-01,7.418518238218335670e-01,7.363967017971626561e-01,7.142913904417274029e-01,6.964186034634756162e-01,5.042928690061485586e-01,4.681704884935562472e-01,4.296826116624609115e-01,3.237576183041720457e-01,3.026383341536990068e-01,2.998353323819754612e-01,2.783000817649605718e-01,2.442768744956267390e-01,2.059330522350828474e-01,1.955279551580323405e-01,1.651385272608669741e-01,1.576495246316894638e-01,1.066840739906294022e-01
1.002000000000000000e+04,9.934415961377056625e-01,9.578825003953164163e-01,9.401434811196291985e-01,8.814690247896809216e-01,8.621159036912779960e-01,8.582148977184556049e-01,8.138932149968139962e-01,6.084421950008698232e-01,6.006673533928272857e-01,5.520404580290861896e-01,4.725307056993973687e-01,4.617834449209972103e-01,4.350301511891154771e-01,4.180586634141679747e-01,3.544028232601152961e-01,3.396742152246623458e-01,2.627272620905651834e-01,2.448278133166328363e-01,1.823177700292302195e-01,1.487599409546879192e-01
1.002100000000000000e+04,9.807702424801330032e-01,8.838449289737958514e-01,8.591111644856528340e-01,8.260655601094916145e-01,7.727207492986146731e-01,7.632739346326263830e-01,7.442567425030444106e-01,7.000440424681497742e-01,6.375803999479408013e-01,5.663097824972205263e-01,5.394649976934471347e-01,5.332697959761906192e-01,4.397060652441531214e-01,3.861964322331589150e-01,2.998049461516308911e-01,2.105134638429364546e-01,1.948764885251810242e-01,1.578053034164238477e-01,1.014108532861873746e-01,8.684147437726985608e-02
1.002200000000000000e+04,8.625989498755165519e-01,8.593639725791769601e-01,8.326025482642457343e-01,7.853466853437259809e-01,7.815119582702879653e-01,7.051273835113806010e-01,6.840034653727617986e-01,6.762650845379966080e-01,6.473994026938633128e-01,4.764516154529584435e-01,4.428129216370678689e-01,3.967831273214662557e-01,3.080678887063899030e-01,2.574031741794909900e-01,2.194532822322448062e-01,1.678552060731790530e-01,1.076241417856610427e-01,5.565093277035626507e-02,5.245670885092190705e-02,3.893652392384960859e-02
1.002300000000000000e+04,9.798822392320194474e-01,9.321163879211370462e-01,9.120813503642702935e-01,8.097488191614449216e-01,8.010080403967440033e-01,7.671001199110680790e-01,7.284423280781802124e-01,7.067550920896940037e-01,6.602245198487187716e-01,6.271526493495475085e-01,6.254916309975958599e-01,5.891767753577316080e-01,4.841969667552121770e-01,4.456904184496853771e-01,4.433645651450026648e-01,3.877553548105522330e-01,3.032090007260707099e-01,2.501329909101670523e-01,1.900793627212243875e-01,1.517549377253722964e-01
1.002400000000000000e+04,9.761376950012145004e-01,8.908289091715825281e-01,8.892821399575850938e-01,8.297246092144952012e-01,7.674777919168187523e-01,6.783476257627054640e-01,5.779621209553734706e-01,5.565990694060941602e-01,4.807398506640140345e-01,4.728929446978740181e-01,4.352528723119855059e-01,3.057758946568140956e-01,2.862160293429844016e-01,2.721978634367847594e-01,2.533568350241498512e-01,2.482468566275241040e-01,8.927616809828731181e-02,2.501603099485572024e-02,1.124461185991121326e-02,8.016776590720531281e-03
1.002500000000000000e+04,9.993289413908085228e-01,9.237132601087031381e-01,9.022028391269023562e-01,7.001383269537182485e-01,6.750393223357572525e-01,6.726139992386132027e-01,6.724626774526654138e-01,6.478465600025760107e-01,6.308360215720175690e-01,5.868860124202387452e-01,5.491937134699031997e-01,4.829258979725549183e-01,4.697890248643294964e-01,3.154354139815687130e-01,2.964186623724494041e-01,2.837752758490607041e-01,1.530577624462229336e-01,7.319040824248834731e-02,5.052056513637148694e-02,4.412010870950400232e-02
1.002600000000000000e+04,9.965321060283611754e-01,9.814816583048121545e-01,9.359390883062653765e-01,8.519019526660203123e-01,8.324000651893685987e-01,8.282939283682881904e-01,8.262112282092249904e-01,7.835353716699877680e-01,7.414394590495538839e-01,6.193685297702801185e-01,5.620333899528749955e-01,5.332223430846728673e-01,5.247690697964426665e-01,3.988486659758887498e-01,3.291228566077396556e-01,3.163557691744673939e-01,2.584794732502510017e-01,1.104000810572749458e-01,1.276016590646544824e-02,3.877204310084092498e-03
1.002700000000000000e+04,9.877678193232656279e-01,8.729450361284845084e-01,8.233237503241745969e-01,7.259310089665830246e-01,7.073898581179374201e-01,6.172944155145311251e-01,6.142947283809152559e-01,5.652102826835168070e-01,5.528753046316229325e-01,5.506928487307301001e-01,5.436786268415511048e-01,3.709041749079292627e-01,3.439318026622542046e-01,3.308601146213715483e-01,2.725517319700762053e-01,2.571637694799940865e-01,1.621729764856291167e-01,1.182615189022711011e-01,1.051271133889971621e-01,4.203936505261263168e-02
1.002800000000000000e+04,9.843392346671492321e-01,9.694506820279689130e-01,8.801897270767319315e-01,8.440953131355526384e-01,8.406178619526452067e-01,8.032779264970969502e-01,7.661740750057006721e-01,6.879657596502787298e-01,6.463831372997328462e-01,6.054533074459035324e-01,5.946067397714226432e-01,4.603047204658333724e-01,3.965289921423448272e-01,3.905483616083036402e-01,3.641086411714137272e-01,3.497176380831548137e-01,3.292481759418992571e-01,2.708945177729482623e-01,1.492205295613524552e-01,1.035528395843038352e-01
1.002900000000000000e+04,9.909598826031700280e-01,9.477624909134793052e-01,8.694496694251128144e-01,8.076031405471865154e-01,6.454681736918619350e-01,6.432156345687249921e-01,5.635209798929300407e-01,5.545911711390999477e-01,4.791426989936409253e-01,4.332119583285101161e-01,4.047929965674257335e-01,3.731398490358405207e-01,2.931261926183208466e-01,2.467248768983525409e-01,2.249593731335306490e-01,1.853720590801636314e-01,1.292051155253995942e-01,1.169868542356586882e-01,1.159546675443448027e-01,1.522450765096483583e-02
1.003000000000000000e+04,9.281336240540587479e-01,8.469267782859453142e-01,8.460842288356674734e-01,8.436212359779358128e-01,7.383293074487027319e-01,7.304240673083871593e-01,6.631591468420386937e-01,6.615870619022741206e-01,6.210517213040027684e-01,6.190429019991953163e-01,5.878989669803568185e-01,5.179730882177304707e-01,4.701821912995777231e-01,4.664031232504286528e-01,4.011142620343207676e-01,3.963745980044208750e-01,3.353850594242206995e-01,1.174700449743789621e-01,1.113151902345267397e-01,2.390079232792319264e-02
1.003100000000000000e+04,9.529089055263663122e-01,9.413610335468310941e-01,8.238402445501851190e-01,7.678637155180990659e-01,6.966595826957363569e-01,6.683055174570389223e-01,6.520854479156030781e-01,5.286201880959376931e-01,5.284203876755184659e-01,5.139780251690153623e-01,5.091406975627968956e-01,4.669451519351240920e-01,3.608363136375432045e-01,3.406674218793335207e-01,2.852651052602942494e-01,2.686651586200321518e-01,1.675316853005092144e-01,1.517332893743851274e-01,1.123122511760800135e-01,9.590263194212955700e-02
1.003200000000000000e+04,9.863078614099799468e-01,9.152436437217116305e-01,8.732489233344596924e-01,7.828225592070697791e-01,7.678630884602261064e-01,7.176937308395595627e-01,6.698402629210736814e-01,6.507656217305417545e-01,6.229270838997079673e-01,6.222244180251851331e-01,5.010195666207616361e-01,4.827337872723451717e-01,3.837686381358524912e-01,3.237473820585633488e-01,2.816277198645633639e-01,2.662728919005494799e-01,1.029882258775085546e-01,4.266907958355703467e-02,1.685867576222832565e-02,1.609027054912748333e-02
1.003300000000000000e+04,9.599652718178860455e-01,9.371359819331018803e-01,9.366867361139309400e-01,9.248002837940785259e-01,8.985330163145824889e-01,8.432116271107475969e-01,7.532941004967892429e-01,7.467084664184415743e-01,7.242560545753552459e-01,6.227573033328571706e-01,6.041641962180399616e-01,6.033531161659001496e-01,6.005705447556877186e-01,5.691907083285661084e-01,5.438491268241992804e-01,5.026788859995439118e-01,2.746781950115719795e-01,2.707552090054262672e-01,1.718899759678840233e-01,1.467024078238978735e-01
1.003400000000000000e+04,9.873478619722412253e-01,9.784741444573685776e-01,8.810339754409441948e-01,8.652698195732660968e-01,8.500639293557477050e-01,8.110599896911961926e-01,7.961169679653624653e-01,7.889860889102896513e-01,7.485795453044581382e-01,7.219657437746562767e-01,5.866658972927176752e-01,5.675772990082577074e-01,4.203481673924936990e-01,3.695500992268949680e-01,3.424471954414575192e-01,1.795564455459652820e-01,1.521564080727757506e-01,1.235468129544488036e-01,6.367344605163738347e-02,5.325127906787463505e-02
1.003500000000000000e+04,9.388225116294265371e-01,9.117451657824378053e-01,9.109648584497362922e-01,8.818708619465728260e-01,8.600266221324844862e-01,8.161921949454427061e-01,6.588729078815138696e-01,5.249926806525784251e-01,5.150767428550621085e-01,5.080904473416110179e-01,5.070028437654365838e-01,4.625275926666603254e-01,3.732172853309996263e-01,3.537649021952768980e-01,3.345506703780556368e-01,2.856643377246530502e-01,2.012914487560361065e-01,1.974187478502466009e-01,1.621162868926403489e-01,1.391236958186620187e-01
1.003600000000000000e+04,9.210673858649286450e-01,9.162948694539462258e-01,8.487732496202896604e-01,8.171899430008029430e-01,7.391145275824249072e-01,7.190706107134943181e-01,6.625965977796511863e-01,6.534335859964153226e-01,5.082117772169997272e-01,4.333115583029892859e-01,4.298332525892996081e-01,3.971827746248589586e-01,3.801988897998037631e-01,3.671114659929953783e-01,2.248948179699491456e-01,2.230688748582220216e-01,1.485669685329923384e-01,1.384686433676727280e-01,1.235564283779095884e-01,9.369206649488170946e-02
1.003700000000000000e+04,9.942883959853603404e-01,8.802018800639578311e-01,8.781455836635748691e-01,7.825072641673913587e-01,6.565290507488538152e-01,6.491947180864886535e-01,6.044170571734531761e-01,5.489915763124336712e-01,4.790554288521449156e-01,4.634022015966677843e-01,4.392890128971225217e-01,3.581883805140658739e-01,3.340232004262205789e-01,3.156050150711237068e-01,2.775417851626145183e-01,2.182173212327060963e-01,1.746804910531468691e-01,6.647223120234257987e-02,4.380874924041211482e-02,3.204555303060174776e-02
1.003800000000000000e+04,9.937906803884755114e-01,8.047585236151012511e-01,7.671470858025442041e-01,7.644346089254873133e-01,7.280908508281827007e-01,7.065321704386258173e-01,5.576950363049304471e-01,5.262620835045288548e-01,4.563561433132217182e-01,4.160932177861988990e-01,3.632703594518895684e-01,3.538647288544660707e-01,3.529927733205813212e-01,3.323618029765275095e-01,2.393472293966406594e-01,1.770941903428135955e-01,1.327910301514890756e-01,3.304528065834100303e-02,1.637564090198362354e-02,1.619859390482669692e-02
1.003900000000000000e+04,9.829656385335836521e-01,9.739950957897415273e-01,9.094697724268792083e-01,8.745796707041596507e-01,8.732626034963523187e-01,7.518682573885949738e-01,7.440805708192271828e-01,7.351013328918807321e-01,6.627219386350987618e-01,6.193081281445963482e-01,5.266049798226385414e-01,5.011607746452618750e-01,4.939850308822676395e-01,4.280483210659483673e-01,4.008708706294296098e-01,2.564683705848733730e-01,2.181293847206421388e-01,2.016197015573678586e-01,1.938510859205860859e-01,5.578780910775282820e-02
1.004000000000000000e+04,9.574697691628909491e-01,9.020305894372888655e-01,8.401712917558296079e-01,8.215922290178334642e-01,7.855005388059633775e-01,7.353659036953188455e-01,6.412797975718573795e-01,6.199034468571793521e-01,5.814335198519321457e-01,5.647828533481931146e-01,5.153011112042840125e-01,4.803780924867713242e-01,3.764068951404833108e-01,3.724864842607212845e-01,2.789575932052857921e-01,2.056606880729519027e-01,1.973666091795158728e-01,1.076573906297179084e-01,8.988173710811919737e-02,7.611161032619806477e-02
1.004100000000000000e+04,9.589171492238154348e-01,7.725574783628288422e-01,7.206810911834963251e-01,7.085690910801285547e-01,6.856856211868794793e-01,6.688900516039431032e-01,6.438107936463078884e-01,5.276370253466512450e-01,5.020417981753264591e-01,5.005019314802158226e-01,4.713023579036744737e-01,4.360297120184463138e-01,4.344788931836033319e-01,4.209374391944694649e-01,3.244086918840279887e-01,2.877983682294550372e-01,2.488148276853023866e-01,2.164966094786089368e-01,1.562787536355136897e-01,1.455353235386018795e-01
1.004200000000000000e+04,9.275353920755109449e-01,9.210525566136946729e-01,9.049461904494142672e-01,7.759586712415451615e-01,6.280162387608396735e-01,5.753256324889417517e-01,5.249423370392725108e-01,4.414198491095907562e-01,4.027634796459566013e-01,3.570511186879973264e-01,3.369973345803234377e-01,2.703479438411634517e-01,2.264102283654962910e-01,1.623551642322489386e-01,1.571544260854593755e-01,1.364943006672121317e-01,1.195954189270415080e-01,7.435033119279399472e-02,6.308125752397708563e-02,6.471998835668735239e-04
1.004300000000000000e+04,7.851267736345897141e-01,7.799737207232156910e-01,7.448823332179539403e-01,7.124009105650789264e-01,6.335823133069905522e-01,5.772954048069135480e-01,5.486108291400247916e-01,5.151214154366199338e-01,5.086161095934516041e-01,4.405305129135144160e-01,3.889364980724643317e-01,3.836007952329051340e-01,3.579221155789781283e-01,3.552579554321033672e-01,1.421753896034203546e-01,1.362446971362150094e-01,1.183083867629673991e-01,7.629034722015126668e-02,4.121202801907664082e-02,2.270651158080883025e-02
1.004400000000000000e+04,9.931675541549418451e-01,9.243718931406398331e-01,9.147955781541229348e-01,9.053285547989887716e-01,8.957529183856866029e-01,7.416844188657684134e-01,6.808020247045162288e-01,6.649923877491193958e-01,6.619931716456570747e-01,6.556344821930966127e-01,4.832993267935797865e-01,4.748567305566263608e-01,4.274649620136548034e-01,3.702816708270333379e-01,3.577691176820878560e-01,3.200010728313530395e-01,2.442701417378010387e-01,2.105378275884522976e-01,9.560493034621841968e-02,3.571499791206134145e-02
1.004500000000000000e+04,9.717872994613375726e-01,8.975260330863951141e-01,8.257313181103084210e-01,7.169812166979226964e-01,7.049621266327177338e-01,6.802391690834070914e-01,6.775192162427317033e-01,6.760632457968710485e-01,6.629433782103938411e-01,6.145619314098931252e-01,5.705960856427761962e-01,5.074161954123800333e-01,4.542436531587435988e-01,2.984165473368091126e-01,2.788891524706790248e-01,2.693731140368448296e-01,1.937637722561357245e-01,1.177360360383087334e-01,8.829782125509699764e-02,6.872686090082191779e-02
1.004600000000000000e+04,9.293077776479526930e-01,8.644138932161909983e-01,8.335848713652235231e-01,8.174820726344796951e-01,7.684339364234139547e-01,7.317263875512394211e-01,7.046190507982004192e-01,6.979608990795729273e-01,6.586977192681350290e-01,5.989345340700572562e-01,5.688636730034030142e-01,3.958544423672355483e-01,3.344362921382405540e-01,3.031024956333918663e-01,2.995469865451242386e-01,2.688510502744537733e-01,2.425346138805796192e-01,1.594841281159011803e-01,1.018838875058067917e-01,3.682464035314036988e-02
1.004700000000000000e+04,9.488654672045290228e-01,9.305408089095764668e-01,9.053094179811229658e-01,8.892190737065616135e-01,7.912546692073999521e-01,7.466483640887694451e-01,6.803309485136299628e-01,6.556350406666263675e-01,5.273230454321649052e-01,5.221258732183120532e-01,4.703027000744791630e-01,4.212909558521863440e-01,2.839915399192246559e-01,1.991717600468394522e-01,1.760869797544944992e-01,1.395619996484174230e-01,8.886077827795446638e-02,7.481341117316164802e-02,3.080055801603553967e-02,2.534949521729956690e-02
1.004800000000000000e+04,8.937080435406196122e-01,8.706521350718823271e-01,7.846029286636423405e-01,7.785975289563448198e-01,7.632785200074720944e-01,7.487445078740274651e-01,7.007304931756077604e-01,6.145315658318669660e-01,4.952546649779091537e-01,4.750977833621974344e-01,4.607497068833452669e-01,4.589949362268619382e-01,4.436649434132483583e-01,4.339002233344617654e-01,3.246217089168420555e-01,2.946690443788702041e-01,2.825627928034288860e-01,1.619444282963591331e-01,1.150515105272460481e-01,3.769803633885904226e-03
1.004900000000000000e+04,9.196055777763904038e-01,8.939083333093091888e-01,8.380201831209866947e-01,8.266805285095732980e-01,8.212148782006510883e-01,6.440698726260424278e-01,6.411628535490638825e-01,4.298196769341035006e-01,4.261862158502039977e-01,4.058672233025297782e-01,4.015748863879499142e-01,3.784267761850091949e-01,3.219772446334981941e-01,2.847945086455443420e-01,1.628955813064733027e-01,1.372485015322714164e-01,1.239880695032330449e-01,1.105495168643646497e-01,8.367291495348283537e-02,3.030674815357048413e-02
1.005000000000000000e+04,9.272206735041722547e-01,7.883295968496413231e-01,7.404004824639875970e-01,7.043925804655165601e-01,6.010806481184250982e-01,5.959383794753302377e-01,5.959321572894827890e-01,5.783726409957494763e-01,5.716433711463031475e-01,5.513459410373716674e-01,4.858620072033157378e-01,4.334739303853595294e-01,3.976882896687362612e-01,3.488273709842113490e-01,3.022609400627611631e-01,2.405408386448605329e-01,2.329690700081005206e-01,2.245896243841271067e-01,1.514379130471787960e-01,7.139162064366322280e-02
1.005100000000000000e+04,9.651309838183057543e-01,9.526014276254735069e-01,9.156048410769446200e-01,8.683195920138403467e-01,8.653644364319277305e-01,8.481922395437033746e-01,8.077691663130635025e-01,7.434402573754083088e-01,6.883637530557521478e-01,6.777737140622569489e-01,6.042857521634957818e-01,4.674211761752936622e-01,3.830650769543715306e-01,3.302329204628023929e-01,2.662366343792227363e-01,2.599782477469583242e-01,2.232241936218727352e-01,1.645690197932236920e-01,1.021816803712800592e-01,1.630098085049547230e-02
1.005200000000000000e+04,9.909819497128506960e-01,9.335348696494745191e-01,8.505975162954652058e-01,7.619009937385521347e-01,7.014589693759523126e-01,6.815491668978175266e-01,6.046335107264528830e-01,4.614799219761051008e-01,4.474228237605375469e-01,3.480893043917634433e-01,3.347708313520559864e-01,2.331391547538534947e-01,2.055187272044086688e-01,1.951021828975311179e-01,1.873634134146222596e-01,1.642015682634031526e-01,1.542584999432655701e-01,1.125181077616618230e-01,5.988753998678297830e-02,5.820049998983167772e-02
1.005300000000000000e+04,9.937423742179748443e-01,9.829886794631221836e-01,9.580390717770225217e-01,9.565882659832739554e-01,9.227005462627998478e-01,9.165361909035487642e-01,9.077655892276244032e-01,8.991674258870054892e-01,7.827998376457603324e-01,6.585309258977252167e-01,5.989175906895645163e-01,5.447992706785719230e-01,4.571440060642218972e-01,3.015899960872718832e-01,2.733132129873689919e-01,2.546853782945754929e-01,2.480235668125896353e-01,1.712188326931713966e-01,1.208956895599822001e-01,6.193426879895291837e-02
1.005400000000000000e+04,9.833381283415215668e-01,9.601788461192295454e-01,9.059081723248250118e-01,8.385077201222583820e-01,7.722958358546191393e-01,7.643590350644230424e-01,7.577476482956935211e-01,6.392038639189314697e-01,6.048604087991646949e-01,5.654691867922602144e-01,3.119751115303491806e-01,2.693720612461056874e-01,2.239714270769236348e-01,2.174289954377157663e-01,2.019462837065474359e-01,1.776639047360225598e-01,1.550193893598371675e-01,1.125240749125516748e-01,7.022983894748291434e-02,3.551104328147880462e-02
1.005500000000000000e+04,9.427716074660033030e-01,9.206225910713480287e-01,9.153728468423318887e-01,8.812922616859729663e-01,8.489693945620606641e-01,7.527397374461256563e-01,7.277488514553752674e-01,5.559163351424113442e-01,5.517363525444364258e-01,5.314444851229011002e-01,4.897782618276674826e-01,4.594955000100693354e-01,4.069449631875382556e-01,3.092195949420208922e-01,2.073734206472981345e-01,1.911706659450522761e-01,1.335754573155053526e-01,5.392772666427170236e-02,4.858195834714895689e-02,1.849119305774360456e-02
1.005600000000000000e+04,9.681077470812163854e-01,6.439075966854772570e-01,6.398810817225598635e-01,6.270093962800284970e-01,6.027830520664240188e-01,5.866245985393295781e-01,5.865079875541738819e-01,5.860528254302820317e-01,4.205403777689438183e-01,4.204094969473101129e-01,4.045822502168024970e-01,3.339083985080656403e-01,3.288708033132872188e-01,3.149918481185790542e-01,3.083268374121848066e-01,2.676918033073865111e-01,2.069584767734633513e-01,1.787202725104304335e-01,4.800619373292913661e-02,3.359231742484958261e-02
1.005700000000000000e+04,8.955147812448538414e-01,7.790374311252233896e-01,7.020792980108544468e-01,6.781044154789125367e-01,6.704043212805030905e-01,6.650663611244653772e-01,6.556654616539023817e-01,6.182200414551355383e-01,5.608869076934338560e-01,5.498668901245570284e-01,4.862863519778959365e-01,4.857669383339945357e-01,3.305231526127181407e-01,3.216301802674100818e-01,2.847499993152324826e-01,2.521593129078016915e-01,1.468647526695370242e-01,8.450136378109140978e-02,7.416706721521237888e-02,6.004851389317011900e-02
1.005800000000000000e+04,9.629027010730831782e-01,9.361751677321799026e-01,9.149525525679861326e-01,8.710608695131029089e-01,8.625481951119549073e-01,7.914712103338290561e-01,6.387458843619387983e-01,6.106094982322565201e-01,5.963725639046802973e-01,5.866410180387776618e-01,5.295268748187949015e-01,4.604577993117742185e-01,3.378819619285146070e-01,3.122953331413168554e-01,2.669834318828854247e-01,1.033970537051918104e-01,7.620068471192187332e-02,4.675889748357286990e-02,4.471447879069634368e-02,4.585089968451194764e-03
1.005900000000000000e+04,9.759723631183677695e-01,9.059426712070230980e-01,8.653616933105251485e-01,8.016817114518293153e-01,8.010329498526852499e-01,8.010019145647145900e-01,7.926149019834101139e-01,7.706476161780994039e-01,6.921620911627580641e-01,6.130441285737276980e-01,5.761308265144100549e-01,5.160056644075455834e-01,4.702038416129210585e-01,3.837581676883938808e-01,3.752132011801944111e-01,2.688732798991340101e-01,2.204867614796587327e-01,2.087566239503618748e-01,1.580186230378743950e-01,1.070289074691369580e-01
1.006000000000000000e+04,8.703328252670151643e-01,8.350335425849063631e-01,7.441469874119592820e-01,7.052658647682709114e-01,6.605883184338404712e-01,5.019014842992217673e-01,4.679643354052345217e-01,4.134490342033076971e-01,4.103132013003260026e-01,3.002297049548646735e-01,2.784641922426540628e-01,2.436498299949257929e-01,2.232007174473132904e-01,2.199814694124991865e-01,1.663240263106677830e-01,9.078609516892222064e-02,8.173419879238474905e-02,6.731363360997966172e-02,4.981712280214800614e-02,1.374543177434761621e-02
1.006100000000000000e+04,9.497552141908925938e-01,9.221705351292343034e-01,9.059512950351230609e-01,8.980219218013387739e-01,8.857724120804317813e-01,8.209237227133048265e-01,7.935047086702186059e-01,7.200808515527311604e-01,6.570565981455013249e-01,5.820060539222420282e-01,5.522311221741773579e-01,5.471633926753297628e-01,5.366218783710546836e-01,2.698673480469788721e-01,2.503271064945625790e-01,2.388733262071784935e-01,2.279674345365921839e-01,1.922794508645960798e-01,1.010025562490193263e-01,8.350982148066754540e-02
1.006200000000000000e+04,8.767787440742168537e-01,8.052768535362195834e-01,8.023557119466202536e-01,7.517641579899766446e-01,6.917663952484287559e-01,6.576062833816822550e-01,6.442118105718939169e-01,6.009764657689087297e-01,5.759902528108180597e-01,5.253303167003515739e-01,4.874725721657487965e-01,4.520619155266285549e-01,4.395702106001821985e-01,4.304379850064790070e-01,4.026119625427964088e-01,3.452117419415501320e-01,2.999792503930822640e-01,1.742252698924973142e-01,1.455713807007907867e-01,1.141415138731854961e-01
1.006300000000000000e+04,9.647730839924830715e-01,9.568658418552442591e-01,9.400972597636534367e-01,8.814088695710381449e-01,7.598380099678271327e-01,6.820643992172512604e-01,6.770854229550326009e-01,6.186007771646455655e-01,5.975260000950581851e-01,5.553731210040773192e-01,5.059467572609449570e-01,3.972822333099403913e-01,3.760078355965139618e-01,3.458318538770061012e-01,2.975228087582612035e-01,2.587314474579265333e-01,2.313400766883781934e-01,1.949420875927997399e-01,1.400954269145601172e-01,7.136241252487907083e-02
1.006400000000000000e+04,9.540604109022868817e-01,8.219198490647324773e-01,7.898282762290408376e-01,7.330644814944948795e-01,6.610163113962248538e-01,6.494026684628300128e-01,5.655044844050733932e-01,4.376712719363723414e-01,3.680219611071797736e-01,3.482986877039546680e-01,3.402783359569934163e-01,2.976955491584094560e-01,2.918006099849335122e-01,2.531250875430287595e-01,1.824483839688474385e-01,1.722175723375152234e-01,1.711765128550468695e-01,3.334782724095053386e-02,1.954563517873353362e-02,1.691805274038438167e-02
1.006500000000000000e+04,9.840540682241556425e-01,8.750611753099576395e-01,8.725518395173825770e-01,8.366043498376477539e-01,7.783805345805628884e-01,7.010044039451559517e-01,6.875881094181840458e-01,6.832870085256411707e-01,6.745889931751251067e-01,6.689045009439139600e-01,6.256916300196992964e-01,6.010984100307981137e-01,4.363041663657898361e-01,4.050959276219772143e-01,2.328786391995796290e-01,1.940593498390306149e-01,1.567156665289393125e-01,1.094546247557630636e-01,9.102810794686344575e-02,6.165231570076901146e-02
1.006600000000000000e+04,9.037245970318259491e-01,8.998734701493504851e-01,8.974215798591710369e-01,8.063270404885286569e-01,8.017574020946520719e-01,7.500315435815804177e-01,6.851352818320399773e-01,6.467434436232357697e-01,6.210116570266104308e-01,6.105034049179051125e-01,5.687430385372216346e-01,5.469389610149090197e-01,5.084662682618821261e-01,4.864134227091576612e-01,4.495711043284497110e-01,4.261622275355021472e-01,3.247087213315420495e-01,2.830109049079174710e-01,2.532609289890042081e-01,1.897488321920298704e-01
1.006700000000000000e+04,9.421547907140577216e-01,9.211165929723711399e-01,8.129790680407684711e-01,7.930289557954965929e-01,7.812786746157338591e-01,7.519556184159380541e-01,7.358292823735447241e-01,6.934871739982405581e-01,6.239472658985781850e-01,5.684808898884570194e-01,5.633282870651177276e-01,4.740913773272383835e-01,4.213554123541206620e-01,3.826306768287796034e-01,3.549056637921326196e-01,2.629863173065668525e-01,2.183333158264341156e-01,2.089043864214357171e-01,2.004618658111696483e-01,5.224561492692192388e-02
1.006800000000000000e+04,9.939509043660295085e-01,9.559234751269483077e-01,8.984648729386095489e-01,8.746933805883625457e-01,8.354123854956195805e-01,7.714841518808535081e-01,7.682445888601531214e-01,7.136926303831693241e-01,7.128125169466533739e-01,4.205324512036821005e-01,4.067440240325566059e-01,3.977843996996430764e-01,2.596342515221571334e-01,2.347028562762987214e-01,2.322482117252351319e-01,1.614815039902717242e-01,1.477012016781681369e-01,6.492586566672009507e-02,1.528249803170755872e-02,6.994181677579369705e-03
1.006900000000000000e+04,9.027222121386617726e-01,8.966520980363267279e-01,8.137579288210184947e-01,8.044106261258147095e-01,7.752228201468682744e-01,7.479042853331291374e-01,6.562948928394306547e-01,5.666049795222831698e-01,5.543339860813518705e-01,5.259151745069891026e-01,3.554270736672070496e-01,3.192376880650625859e-01,2.949631401958290322e-01,2.878553694259881057e-01,2.783354087213949501e-01,2.766715389566193339e-01,2.343664849158580976e-01,1.740815223737418593e-01,1.720145721530162986e-01,1.615868225503214184e-01
1.007000000000000000e+04,9.896394618962718326e-01,9.893438755415502328e-01,9.689629047859754651e-01,9.250154968659126675e-01,9.207545852879184256e-01,8.976324695886935823e-01,7.653517456265612751e-01,7.571845160959936871e-01,7.438048933850679445e-01,6.742211259590938921e-01,6.700361467304106755e-01,2.856677743009957693e-01,2.710871513068833227e-01,2.105128742081481263e-01,2.104360456100874410e-01,1.450871365440381533e-01,1.248002261458167617e-01,1.134953096215366442e-01,4.322177917130198832e-02,9.656554609835832359e-03
1.007100000000000000e+04,9.553939012258592101e-01,9.476240501659367599e-01,9.445807002159173349e-01,9.445440481868445648e-01,9.234604412385392092e-01,9.169259194617410680e-01,8.887381186186280591e-01,8.282004720406778153e-01,6.242886062776760170e-01,5.910489596267175516e-01,5.794042861177320924e-01,5.609380111067893138e-01,5.418946177710035617e-01,4.302128867650910626e-01,3.788904387363153381e-01,3.298561986306355331e-01,9.204977426824456632e-02,8.770874834308106660e-02,3.352873934473421524e-02,2.938739200423856612e-02
1.007200000000000000e+04,9.418163576893598954e-01,9.406790357910566058e-01,8.947556740404235542e-01,8.894210963215528620e-01,8.834681640014128146e-01,8.576028580675657542e-01,8.010731004364129992e-01,7.840973335998657756e-01,7.627634470120703281e-01,7.154134923137247526e-01,7.121344127850164352e-01,6.893242171345773661e-01,6.020876102921607353e-01,5.822287179601673968e-01,4.794022008719803774e-01,4.381158043385217082e-01,4.153405027546284156e-01,3.444596248326661225e-01,3.765965925523107050e-02,1.998839262676299633e-03
1.007300000000000000e+04,9.793241213491408192e-01,9.161763941561441582e-01,8.914627302492028615e-01,8.480472344047108590e-01,7.746181037939888769e-01,6.621223778340671329e-01,5.996491113065216538e-01,5.462445348971152193e-01,5.318986585074387818e-01,4.918632360911087131e-01,4.409067842816777327e-01,3.848311943238149624e-01,3.785921585005387335e-01,3.719710689397272008e-01,3.556557845738843593e-01,3.436532524354281026e-01,3.064652645593956004e-01,2.606312548209825941e-01,1.871083655547826075e-01,1.654227776120295035e-01
1.007400000000000000e+04,9.314701737008040938e-01,8.749407328319923627e-01,8.544887616606292591e-01,7.999227077828615640e-01,7.253967354724225602e-01,7.247451751816271770e-01,6.393854133709785392e-01,5.847051469779047661e-01,5.526432418641995525e-01,5.350770223780773049e-01,4.862517219624215015e-01,4.822886461677858838e-01,3.594520392948719056e-01,2.492926891948370471e-01,2.454474433602999994e-01,2.170212881519067993e-01,1.525227005373668288e-01,1.405724431078251291e-01,5.713497125413646849e-02,2.405698341632189763e-02
1.007500000000000000e+04,9.175230374396089461e-01,9.144161055244222069e-01,8.842298861108967012e-01,8.385215210013385878e-01,7.874149188191327253e-01,7.787305500885630671e-01,7.525859721720863371e-01,7.203400842655861558e-01,5.570271871638036165e-01,5.453979199192950933e-01,5.375327219039797155e-01,5.339699759520512012e-01,4.763093113463671147e-01,4.571743720764515073e-01,2.696040941405548619e-01,2.254338898514949285e-01,2.183762720065820506e-01,1.609480048934405216e-01,1.469154074681111588e-01,9.695625584996148127e-03
1.007600000000000000e+04,9.675278348897257130e-01,9.451558669904047694e-01,9.050245684498131604e-01,8.969278589097677834e-01,8.804368962793485132e-01,8.755449724684574164e-01,7.844034456772882580e-01,7.550553780661478642e-01,7.410756859945797359e-01,6.851287324945438684e-01,6.319714884578589986e-01,5.759237567470362196e-01,5.168351125049207573e-01,4.862380718400167723e-01,3.562753994939940050e-01,2.831883840575166733e-01,2.519950299696461782e-01,2.135018766263534484e-01,1.642835343304253071e-01,1.640103442150487867e-01
1.007700000000000000e+04,9.796591351807570902e-01,8.392663175123131758e-01,7.318173633909745845e-01,6.780983304886768481e-01,6.024835610809533559e-01,5.858639852439542217e-01,5.228617701648359262e-01,4.790833643661999153e-01,4.639173797284346090e-01,4.560872746007151868e-01,4.481490033955459751e-01,3.628801088880599934e-01,3.397721766244446995e-01,2.768676025121759032e-01,2.718664100029212216e-01,2.211424829597025132e-01,8.433290093779377550e-02,8.424281180738035779e-02,4.963840960972709659e-02,2.198654000106381456e-02
1.007800000000000000e+04,9.367070142621130024e-01,9.028710156832895350e-01,7.051877928717124044e-01,6.874363228041111551e-01,6.193020962530635387e-01,4.864394714898498950e-01,4.759292284343138446e-01,4.165236074652688414e-01,3.547241427453687868e-01,2.914712364950278189e-01,2.507289128798901867e-01,2.368316223431113920e-01,2.261526898216623671e-01,1.946608292140072916e-01,1.481321850349599512e-01,1.347948277283356200e-01,1.260483843728166242e-01,7.951863116352353433e-02,3.334542424514819192e-02,2.341898119227059372e-02
1.007900000000000000e+04,9.531924222300761640e-01,9.490728452418412120e-01,9.336102489617228439e-01,9.239973730333959079e-01,9.182448339344057020e-01,7.795643643885844520e-01,7.276168070156510126e-01,7.163226935432388531e-01,6.801172480853892033e-01,6.369936611774615898e-01,6.209874612329052690e-01,5.754305073681056371e-01,5.660186015682462379e-01,4.608772568009616988e-01,3.199632478971999872e-01,3.121542109625516925e-01,2.120857401013336307e-01,8.877589369589256041e-02,6.973862167470623596e-02,6.727869866360280948e-02
1.008000000000000000e+04,9.967916574106518990e-01,9.919641277886458441e-01,9.843640036232251811e-01,8.780577096117906377e-01,8.595081882764947778e-01,8.508160265588164961e-01,8.424481787709315883e-01,7.575683900155555373e-01,6.834225949623233820e-01,6.390127784330786875e-01,5.859638448593479376e-01,4.931891838954632901e-01,4.335206875528342385e-01,3.641017738106713253e-01,3.534996806778123446e-01,3.057710110105785750e-01,2.687435670587974279e-01,1.067580527373583887e-01,4.331657298346758278e-02,3.433704781788249338e-02
1.008100000000000000e+04,9.246480627201818514e-01,8.900082043834687262e-01,8.527455413121025618e-01,8.168887790180586750e-01,7.883041196483807633e-01,7.464909146512552773e-01,7.353716871516825515e-01,6.669068060879134174e-01,6.502767891247576149e-01,6.484307114560988738e-01,6.254730522602902631e-01,5.217443051044050595e-01,4.675832348522768189e-01,4.488339565835941514e-01,4.192468809332137170e-01,3.021028965875967032e-01,2.604697082456749468e-01,2.393448179718832280e-01,5.611258147537490082e-02,3.485979896096047526e-02
1.008200000000000000e+04,9.595302110361162429e-01,9.406406844395382993e-01,8.779609232231353477e-01,8.631221627556521225e-01,8.055058705839889255e-01,7.882123383512192882e-01,7.729008189428444586e-01,6.482417295416003089e-01,6.377674154747796642e-01,5.704770820102939011e-01,5.341584207667881001e-01,4.380975392837438420e-01,3.380821917615028926e-01,3.244401792225251047e-01,2.871157201271425929e-01,2.813433258026691863e-01,2.690443923651019142e-01,1.625710435485864247e-01,1.321860090258057951e-01,1.282694358803235790e-01
1.008300000000000000e+04,9.754197144692967614e-01,9.142666061766591135e-01,8.876199162726406966e-01,8.216970392459483907e-01,7.616011723518547605e-01,6.603160197369751794e-01,6.495750304385266016e-01,5.480639434985771219e-01,3.919476571539194376e-01,3.372508623990685406e-01,2.668933659277916703e-01,2.627318903075287482e-01,2.407903972289929806e-01,2.285497742968564117e-01,2.058645016387483651e-01,9.762218223483720703e-02,8.324562421115277999e-02,6.278080722131573754e-02,5.191486779927345641e-02,2.849881724643466008e-02
1.008400000000000000e+04,9.860133255481594583e-01,9.164123711202410982e-01,8.506247927845204115e-01,7.849039578701929587e-01,7.502594519791668803e-01,7.317029108684791616e-01,6.539113859158701691e-01,5.778280667477661003e-01,5.360167688037397182e-01,5.009388684596159935e-01,4.924573550266169164e-01,4.792580456409408773e-01,4.510971973934575496e-01,4.484167532012287571e-01,4.297245308252708451e-01,2.735076379229961496e-01,2.416185721874383185e-01,2.159098347153205477e-01,1.928073647824107839e-01,1.453220547091549353e-02
1.008500000000000000e+04,8.299190418786068779e-01,7.248018004939172920e-01,5.837969609571281859e-01,5.209052618155691761e-01,4.922901632725739107e-01,4.862604859670995872e-01,4.095672484395121993e-01,3.373432214469832546e-01,3.195294303635903832e-01,2.961120744086004342e-01,1.940244203409785539e-01,1.898794173072574365e-01,1.864814129099151563e-01,1.802900510831795255e-01,1.574685612108590593e-01,1.409808637396954278e-01,1.328374035379286111e-01,1.112360878240113982e-01,4.921131491544494807e-02,1.460143007717906727e-03
1.008600000000000000e+04,9.477304311579318741e-01,9.443434345806126506e-01,8.482080484746036264e-01,8.132839111678956678e-01,7.184844535550654054e-01,6.243460440555381741e-01,6.170957869098928628e-01,6.093310784908220201e-01,5.743507803216617580e-01,4.746402088977950129e-01,4.275020602214744114e-01,4.170585640274089290e-01,4.007526830345633506e-01,2.589924311118277922e-01,2.425712638641395191e-01,1.304491850180370394e-01,9.616382966802838883e-02,9.561107709332150595e-02,9.141832218616652295e-02,1.422352427953188503e-02
1.008700000000000000e+04,8.942991958033479349e-01,8.230614447544503109e-01,7.428504325509783790e-01,7.010708745180745938e-01,6.797069430451827543e-01,6.480891287642925880e-01,6.463665420853618171e-01,6.213372545093346355e-01,6.077838778635091810e-01,5.727288759295482423e-01,5.130456756412121733e-01,4.306830705438624562e-01,4.147256253250845015e-01,3.273081433482266656e-01,2.185354867248950894e-01,2.056769291454957349e-01,1.963613999073993144e-01,1.819720557011379469e-01,1.247576467122042398e-01,1.192840992872492567e-01
1.008800000000000000e+04,9.678511082645713248e-01,9.343422995858767788e-01,9.058355692392088265e-01,8.709416568018210070e-01,8.116104785127158383e-01,7.785036289790265851e-01,7.455303214678229429e-01,7.394146969392659807e-01,7.169325559118965296e-01,6.765982244996353590e-01,6.758093313158867188e-01,6.524611716867531053e-01,6.341798552516150211e-01,4.786983779876039513e-01,4.290246982931872344e-01,3.426933257543033351e-01,3.284875616042748359e-01,1.350611692383683060e-01,6.356563021027761273e-02,1.124367427966155297e-02
1.008900000000000000e+04,9.996717344960686091e-01,9.526450692501416961e-01,9.459049015810719885e-01,8.964693207516031270e-01,7.506655913463736729e-01,6.829173144554244734e-01,6.734661309877516544e-01,6.282822384278839989e-01,5.119412252342403491e-01,4.733883938449052753e-01,3.524890479409030775e-01,3.431297279159607472e-01,3.248336493855306095e-01,2.423627673164727714e-01,1.258140369383089485e-01,1.163904555390967710e-01,6.641005043276226871e-02,2.493414655298498150e-02,1.249795610449433436e-02,7.179594424928659180e-03
1.009000000000000000e+04,9.601114933856395028e-01,9.413717940540542450e-01,9.399588288932819724e-01,8.263169680342336010e-01,7.951708131073211838e-01,7.377801536680117511e-01,6.284784890278444225e-01,5.695472573080980760e-01,5.299016600568884350e-01,4.535941061107507943e-01,4.138024908426748416e-01,2.922809991743812175e-01,2.439822653610739245e-01,2.367150160372833989e-01,1.708322324798522418e-01,1.578934204128253915e-01,1.096021187943407860e-01,1.078641974314907825e-01,6.445247839948875512e-02,5.445507899616042202e-02
1.009100000000000000e+04,9.962095690451289176e-01,9.928861575610303802e-01,9.386716358293978324e-01,8.852140985561324227e-01,7.967193349954930781e-01,7.392559689345961083e-01,7.219821637872670950e-01,6.523403869858263038e-01,5.503374535866550898e-01,5.391153120453856529e-01,5.257614534283884256e-01,4.928396247236448424e-01,4.327389085734117957e-01,4.158974323566621001e-01,3.768054732619553482e-01,3.733168398797169774e-01,2.844475079255849304e-01,1.893052003048608656e-01,1.725361144590288331e-01,1.568542851685164052e-01
1.009200000000000000e+04,9.210586392813513434e-01,9.086239160923187397e-01,8.543881692182586640e-01,7.868606741752423028e-01,7.556775277984902894e-01,7.395214378701258084e-01,7.093883447937378017e-01,6.698744691296647513e-01,6.060837459043215691e-01,5.730865545731288480e-01,5.493025025818808471e-01,5.222530237348887994e-01,4.646347305533961025e-01,2.582463372981039784e-01,2.252022612258675061e-01,2.027128005276316314e-01,1.142650127476005917e-01,9.323797830010627230e-02,4.253599168585242563e-02,1.598670281196090670e-03
1.009300000000000000e+04,9.389935947879686218e-01,8.978355518206412311e-01,8.745322197772503747e-01,8.272675869553997030e-01,8.173527974849894573e-01,8.131935242398935504e-01,7.897863884081196550e-01,7.723478216387233974e-01,7.655630578553099808e-01,7.257343790325055943e-01,6.298715525591329634e-01,6.145901168851815033e-01,5.977285110855976580e-01,4.541593658716669424e-01,3.904114747279745501e-01,3.250624089791054327e-01,3.100455183213546295e-01,1.763766065388960858e-01,1.522423013570712858e-01,1.456741324816475114e-01
1.009400000000000000e+04,9.828735150879620575e-01,9.796705581128754003e-01,9.745006863251353124e-01,9.640460936202003284e-01,9.321233902585109865e-01,7.069840297000902218e-01,6.392636198227895639e-01,5.932102456761725318e-01,5.515449875766189614e-01,5.000421680038419359e-01,4.795985330547994918e-01,4.622929166403403345e-01,3.945013563965344972e-01,3.891317159362354117e-01,2.850508218275429329e-01,1.676623080607811955e-01,1.534233075623213649e-01,1.113197603832029037e-01,8.740186211645861736e-02,1.628923218285249774e-02
1.009500000000000000e+04,9.708010758212276547e-01,9.090803247893464167e-01,9.078694906816797694e-01,8.651585289537626622e-01,8.125221736110855852e-01,8.077228038441084390e-01,7.403939400626694534e-01,6.687101295418946822e-01,6.679189074439139118e-01,5.733658161842810630e-01,4.522332612516820616e-01,4.009432873208433890e-01,3.677157114768816459e-01,3.367335294102324905e-01,2.956516831001950729e-01,2.626351275726437340e-01,2.378007624128205544e-01,2.079115386615614236e-01,1.746191151771637751e-01,6.852765512272207538e-03
1.009600000000000000e+04,9.797068845566754280e-01,9.760816793664501834e-01,9.430945823230362235e-01,9.091397665461234956e-01,7.802900658421153546e-01,7.461852375002260285e-01,6.810322466354119531e-01,6.799043447797129547e-01,6.535396868466902820e-01,5.723243743731852851e-01,5.614775241472143019e-01,4.053171796976871022e-01,2.706166902545620312e-01,2.593278073902032244e-01,2.515968488694410032e-01,2.041102936977368110e-01,1.901948130901628398e-01,1.298616166082862122e-01,9.407519706157885242e-02,1.982495898974623305e-02
1.009700000000000000e+04,9.872958430558442799e-01,9.751938988885098247e-01,8.458364477800106584e-01,8.170438637956904948e-01,8.066718499509598628e-01,7.607368707395641971e-01,6.290917612609088216e-01,6.279599583289540154e-01,6.103484738420194011e-01,5.848988860148761626e-01,4.975094623770267566e-01,4.064484554004736960e-01,3.842277141431259535e-01,3.600276633486093614e-01,3.489079652785003205e-01,3.335661443381978675e-01,2.176542677546997595e-01,2.124738145170069759e-01,1.667313920402269112e-01,4.202133879238734160e-03
1.009800000000000000e+04,9.815102498874781478e-01,9.276202162181002020e-01,9.146710658300855057e-01,9.118277634414047039e-01,8.384877532581469506e-01,8.326130659087563890e-01,7.594229856258774003e-01,5.787170319835233112e-01,5.763586329297246680e-01,4.414457443002163251e-01,3.880004015815539109e-01,3.466149160768833282e-01,3.227042743921482160e-01,2.933473377436337515e-01,2.267929847122238662e-01,1.940340845673131920e-01,8.896505490692985241e-02,7.793115785472681800e-02,6.033111714565708716e-02,1.689032035225501716e-02
1.009900000000000000e+04,9.185430544257430219e-01,7.978991827065106124e-01,7.960831200833594634e-01,7.812734271493240179e-01,7.444075131748866259e-01,7.228893689967987868e-01,6.932104181551823618e-01,5.802484386297497299e-01,5.776717783313058963e-01,4.310567952589805518e-01,3.218422491399173246e-01,2.999851666032047337e-01,2.378550636533117713e-01,2.058071326522292743e-01,2.005418764034078150e-01,1.228374290742058061e-01,1.021677355959290656e-01,4.636698186712706615e-02,4.597881823209459817e-02,1.963134671872590609e-02
