4.400000000000000000e+05,9.672395572700098754e-01,9.582736230259778498e-01,9.271957144510905025e-01,8.702565349244821835e-01,7.914386679105284150e-01,7.835536144710236739e-01,7.514512166688227524e-01,7.278717101592298011e-01,6.588742854546651984e-01,6.163846609389750375e-01,5.994195537550660591e-01,5.470208800115935466e-01,5.347617515064276850e-01,5.333981460003301978e-01,5.265456424425271065e-01,5.026899484642954885e-01,4.386058761732000155e-01,4.241296466678059485e-01,4.024842603987185408e-01,3.179802931621151796e-01
4.400010000000000000e+05,9.992426472812406812e-01,9.322680844287839497e-01,9.264372541693045582e-01,8.195279511012784068e-01,7.699984758734516044e-01,7.669476456172092949e-01,7.577526167249871714e-01,7.422636492247397522e-01,7.299842524159287915e-01,5.915587935861794655e-01,5.722906957446659559e-01,5.666797933800638010e-01,5.426335853293289269e-01,4.687685452667168517e-01,3.546778645006767317e-01,3.483479591079852167e-01,2.496663695856404797e-01,1.835747197707993106e-01,1.561234615443409801e-01,6.874064317764105869e-02
4.400020000000000000e+05,9.922145084216829058e-01,9.838844909790842586e-01,9.479696343514577572e-01,9.079847104561472593e-01,8.914129103319451408e-01,8.653568104013887874e-01,8.571255868220691854e-01,7.851627874611453173e-01,7.328821807604145588e-01,7.060667430483936746e-01,6.228141601312732201e-01,4.978777546840106316e-01,4.349476168102400786e-01,3.165554638312322311e-01,1.885086414181259551e-01,1.146353659187242524e-01,8.978113238653795403e-02,4.220750469622580603e-02,1.312260996154512860e-02,1.100530736186622338e-02
4.400030000000000000e+05,9.736756987442253264e-01,9.670379424938674306e-01,9.664672159908961335e-01,9.365875586144382092e-01,9.281922327932931038e-01,9.274742791216566973e-01,8.798921069233175407e-01,6.687400951396278437e-01,6.205980535319250979e-01,5.830166350466666758e-01,5.035388448787729843e-01,4.193894312852883832e-01,3.989726539373630310e-01,3.881376217579122212e-01,2.315560089229948826e-01,2.301011238401968750e-01,1.789095597109249258e-01,1.725662818416403566e-01,1.063174375337023747e-01,7.117449650822460505e-02
4.400040000000000000e+05,9.943946438527522247e-01,9.901839376867905829e-01,8.770438491327673391e-01,8.349679728598392581e-01,7.432764502578880217e-01,6.579169706243384041e-01,6.478179494509770375e-01,6.305841860464022064e-01,5.815766529743533475e-01,5.212863121631126084e-01,5.005419369945218744e-01,4.730462722771706652e-01,4.220898319700281398e-01,4.034128883651015851e-01,2.369694158705442089e-01,1.905700374710770362e-01,1.557587185738507074e-01,1.111503921010835727e-01,1.034252362333459851e-01,9.988676642648697257e-02
4.400050000000000000e+05,9.667637852294549416e-01,9.497688829474657535e-01,8.504120847440834741e-01,7.963762072441274986e-01,7.038229663089227151e-01,6.994039562467455617e-01,6.095847993065171000e-01,5.821006964949553275e-01,5.203289447859663630e-01,5.007596605893495090e-01,4.861232799223706991e-01,4.520267861567724976e-01,3.731368244048156591e-01,3.456248099847191169e-01,2.799201567478233343e-01,1.824912743338117371e-01,1.274626356938902694e-01,1.020293096213737982e-01,7.272407002652403474e-02,6.740425206330558083e-02
4.400060000000000000e+05,9.293271526615044520e-01,9.160242882429484590e-01,9.070857142934276585e-01,8.444455644741507561e-01,8.186644710613457665e-01,7.760947129679247602e-01,7.730993426331705942e-01,7.616792846990571020e-01,7.029059952553970980e-01,6.347965912494770713e-01,6.279511105791421022e-01,5.078329820916699378e-01,4.646646478603960739e-01,4.239941200405220600e-01,2.811012734748262742e-01,2.613730289461986267e-01,1.895618951188711154e-01,1.824163851585033358e-01,1.526629554640622777e-01,2.826433291000396419e-02
4.400070000000000000e+05,9.964411038265846843e-01,8.838074583685991970e-01,8.304410889589244338e-01,8.126289047757265793e-01,8.106614225541644014e-01,8.038022514319221878e-01,7.558366049681654042e-01,6.492634732147086751e-01,6.365347113701483872e-01,6.271305367078873205e-01,6.176202613707814093e-01,5.953281372659531279e-01,5.450743529862487335e-01,5.290375076056663683e-01,4.794816886427167857e-01,4.259812359521290004e-01,2.035777928509610035e-01,1.530979451900519317e-01,1.215490472227555019e-01,9.902418762025133603e-03
4.400080000000000000e+05,9.877578323690304751e-01,9.561197342326785975e-01,8.193802370774119215e-01,8.125776670867188578e-01,7.588178766085924565e-01,6.427429225155962822e-01,5.321801191180735024e-01,4.840504018453182233e-01,4.392303537074084829e-01,3.860059477534952821e-01,3.468532942480581083e-01,3.241680644059050653e-01,2.799911064521150017e-01,2.769868334256181397e-01,1.626270967375255116e-01,1.485036834781277015e-01,1.410096481624505405e-01,1.315549609121686725e-01,6.231980544192405880e-02,5.209192204129853287e-03
4.400090000000000000e+05,9.922445489741641422e-01,9.875333704256837875e-01,9.021917553708470594e-01,7.988603782000219811e-01,7.935627387927761678e-01,7.409257092833068103e-01,7.191135162325342778e-01,6.272818094459178262e-01,6.149093136402761228e-01,5.637636276157844684e-01,5.593502387663041864e-01,5.350572806474317433e-01,4.891709983936266548e-01,4.715304829698840905e-01,4.619772339214168744e-01,4.612680685729606544e-01,4.087643784031199656e-01,3.832448724487105274e-01,2.943297455945806940e-01,2.552144501723363490e-02
4.400100000000000000e+05,9.501110738409610512e-01,9.447391786827876725e-01,9.169045387160041916e-01,8.860218956967296222e-01,8.379570999232104356e-01,8.272997856477346534e-01,8.019906431231378363e-01,7.292536292074474069e-01,6.710178364507057847e-01,6.047918810991390615e-01,5.779459371241426613e-01,4.809568711500755711e-01,3.402418199509543717e-01,3.210679615866220971e-01,2.278240565346144608e-01,1.859016637597467048e-01,5.788869268230079079e-02,4.270957531032593124e-02,2.522648405687932804e-02,4.518477470502935134e-03
4.400110000000000000e+05,9.382076444461662224e-01,8.545052875426794037e-01,8.496579472924619125e-01,8.336530832749972086e-01,8.294213767701523743e-01,8.239467182611208695e-01,7.835222598479314460e-01,7.411844288476285847e-01,6.288727342615142435e-01,5.796333615005381246e-01,4.932666913630971983e-01,4.819170837542122721e-01,3.489067380396704277e-01,3.418455781026652485e-01,3.035933952404555880e-01,2.649930269841818120e-01,9.493734826923128090e-02,8.893942306269986275e-02,8.488565138306147784e-02,7.327359013181500291e-02
4.400120000000000000e+05,8.647975057747772087e-01,8.640871217885929267e-01,8.069160202420403438e-01,7.968108619635616563e-01,6.973649446684088149e-01,6.795491946015796980e-01,4.692601652469347018e-01,4.606675938081105093e-01,4.582156655509316279e-01,3.465140982794321367e-01,3.174576589271010940e-01,2.813370440714422216e-01,2.769647834216807381e-01,1.529177052078644072e-01,1.260958439394062047e-01,9.189024875027096417e-02,3.196621040819724868e-02,1.246400055629792725e-02,2.680782388489899581e-03,1.045955632600015228e-03
4.400130000000000000e+05,9.972496431828075103e-01,9.672196684081844076e-01,9.181561240522503331e-01,9.107540190953369308e-01,7.867249477634262744e-01,7.699717105460031075e-01,7.624493667252127960e-01,7.501235083458169806e-01,5.643901799152323262e-01,4.709981568627616966e-01,3.929048886059027801e-01,3.543526217672342549e-01,3.264839102784400371e-01,2.442825101507802854e-01,1.676891515415128708e-01,1.459780371860048831e-01,1.221770962418117223e-01,1.014369443990020825e-01,6.206316912097609162e-02,3.532876001457463389e-02
4.400140000000000000e+05,9.338962536745079035e-01,9.196202935198786177e-01,8.478126520297993851e-01,7.556102377885185462e-01,6.732360820939583546e-01,6.589544029784191181e-01,6.321397344442123423e-01,5.668681781713700296e-01,4.403465192205172629e-01,3.904520583664955469e-01,3.305269082368492706e-01,2.837121923525501854e-01,1.984057409674035988e-01,1.928328662732908816e-01,1.888085344999692605e-01,1.807019925172898001e-01,1.745081088416081672e-01,1.220850063144174324e-01,1.132704522547423043e-01,3.287149211158291173e-02
4.400150000000000000e+05,9.894629027769207275e-01,9.691484232397858944e-01,9.604036980606006635e-01,9.482938177726827345e-01,8.885846988757943876e-01,8.443476948079483568e-01,8.395423001734828583e-01,5.484383124833993595e-01,4.524907232280047653e-01,4.500972322080176724e-01,4.164449994011104605e-01,2.834297931213545230e-01,2.683926319915117542e-01,2.655363001477905049e-01,2.066018324523384297e-01,1.844541478142363022e-01,1.641669692022192928e-01,1.308197514061572031e-01,2.132983924421927302e-02,2.010965151612609247e-02
4.400160000000000000e+05,8.979823620683575758e-01,7.996006750766225801e-01,6.869957852297067236e-01,6.583896847699831634e-01,6.438856846428079317e-01,5.066752941089047724e-01,4.818133863212773482e-01,3.885044124575557367e-01,3.706607091461093795e-01,3.535855677018140408e-01,3.415663213661379594e-01,2.492345382669073350e-01,2.342740999457626483e-01,1.990112225364469856e-01,1.722267086949150761e-01,1.508879365773885262e-01,1.312001223278913553e-01,9.711776830090057544e-02,6.975897743865011602e-02,1.859943767789851155e-02
4.400170000000000000e+05,9.606340048624533168e-01,9.465696079279354302e-01,9.383786394685209586e-01,9.104489142629441645e-01,7.913142943505344640e-01,7.531707874731732311e-01,7.294665233584132213e-01,6.875835935119393172e-01,6.481553810059009768e-01,6.280102669007675553e-01,5.547750467153972354e-01,5.420564376750913738e-01,5.391369098694126505e-01,5.163326442932495430e-01,5.160910330303719595e-01,4.653061743238680048e-01,1.997094112978652358e-01,1.775317101589808377e-01,1.076148494826102420e-01,9.489272081292843275e-02
4.400180000000000000e+05,9.881374342270620170e-01,9.580115164571599840e-01,8.693363444637353110e-01,8.479259884301688643e-01,8.378546328538947208e-01,8.204921218572640562e-01,8.129860158892876498e-01,7.210494804522297185e-01,7.165024856328582326e-01,6.478007669247779488e-01,6.025317352114950564e-01,5.825815554242049776e-01,4.371108416276308084e-01,4.218626261754798712e-01,3.713091541653973371e-01,3.572142512467416653e-01,3.425630346941370696e-01,2.705056578895833619e-01,2.488069153528135180e-01,1.932771676773945568e-01
4.400190000000000000e+05,9.096857514342792106e-01,9.077739990648047153e-01,8.437863694988705365e-01,8.309205929006910907e-01,8.262653057552377112e-01,7.783821846732369432e-01,7.779954496221020976e-01,7.607481290748711045e-01,7.594070687475381609e-01,6.525841336151753103e-01,6.455355668614642939e-01,6.249747705802851661e-01,5.151046693812312283e-01,4.733889063255967145e-01,3.510885946597670504e-01,2.784914694058396867e-01,2.534032141365634150e-01,2.257556324884079091e-01,1.366847918574464193e-01,4.042369851859506369e-02
4.400200000000000000e+05,9.768156433247561221e-01,9.441874742363726147e-01,9.233871973135810984e-01,9.004851582041047964e-01,8.684409052969196408e-01,8.045210116007133205e-01,7.628310068041332936e-01,7.427925162121068459e-01,7.099234426075843318e-01,6.905183443808264876e-01,6.642068131867938652e-01,6.097740316560075202e-01,5.879782370568923389e-01,5.563842495787731934e-01,3.995204891119470414e-01,3.759263533283415670e-01,2.825834119292697233e-01,1.089825358598633942e-01,9.588670465881077298e-02,5.326054597213114583e-02
4.400210000000000000e+05,9.328703409148844106e-01,7.170587842212785556e-01,6.889827904623467836e-01,6.265587709093538571e-01,5.960096925224069864e-01,5.881419834937499092e-01,5.733053957050113780e-01,5.376068696902583932e-01,5.327293358614839658e-01,5.283808982782155494e-01,4.538465960139145272e-01,4.507664612254609349e-01,4.412659217572066916e-01,3.402065035437781271e-01,3.134976532305487895e-01,3.004784875287435097e-01,1.632271069285161635e-01,8.753205599431568285e-02,6.932581531856851775e-02,1.694571545083078945e-02
4.400220000000000000e+05,9.807123971036449950e-01,9.577875530577883989e-01,7.994798815117492019e-01,7.860256273730606980e-01,7.638930623514107454e-01,7.600484243397469530e-01,7.582523619790491054e-01,6.500833223823646589e-01,6.378024192793900760e-01,6.107525308489039073e-01,5.864884681074913342e-01,5.419383631962291226e-01,5.095867469759698398e-01,5.089404202843840208e-01,4.315793188631295019e-01,3.242754758852772756e-01,2.767828206149252068e-01,1.805566330369519079e-01,1.638390589504453709e-01,1.538592593025497335e-01
4.400230000000000000e+05,9.865114157491937652e-01,8.800120392207200215e-01,8.176655855900480940e-01,7.993700239029583043e-01,7.706906182565662622e-01,6.974812291473593273e-01,6.362621061627545815e-01,6.322284170192782327e-01,6.274102856643776205e-01,6.078120600802059403e-01,4.597744263617209448e-01,4.459983312366113672e-01,4.025519842434009954e-01,4.016000916129832676e-01,3.466660159107345374e-01,3.332459303921502247e-01,3.029458584573176960e-01,1.354710435789978629e-01,1.291921591707042571e-01,1.273954486758956950e-01
4.400240000000000000e+05,9.911374222024417202e-01,9.883856063359317545e-01,8.918418811782100608e-01,8.355237029318891562e-01,7.809891742355221655e-01,7.347021799541477716e-01,5.946140720811124991e-01,5.786628559061811616e-01,5.406824149440783156e-01,4.626584508628908132e-01,4.280865526658600428e-01,4.126503262636409541e-01,3.205780385735660376e-01,2.653924950991644049e-01,2.272948197193817021e-01,1.972064671227078403e-01,1.363491138150392246e-01,1.045163309331959001e-01,4.594625266677843101e-02,4.077892376992320322e-02
4.400250000000000000e+05,9.777945463734979414e-01,9.455165138500299937e-01,9.156999003162814565e-01,9.078024736827428054e-01,7.582224980173648543e-01,7.173303540421590574e-01,6.623613430926890144e-01,5.860753671118894559e-01,5.540127636907610231e-01,4.753129870640683263e-01,2.858206732332460032e-01,2.797305445517680456e-01,2.517869488942059419e-01,2.198725018506222373e-01,1.969907290183442461e-01,1.603177631404765213e-01,1.190166289929438515e-01,1.018432927008433575e-01,8.560642574680299433e-02,2.759565385211781852e-02
4.400260000000000000e+05,9.548046480763989763e-01,9.030138467031647576e-01,8.733791132340167351e-01,7.986425451534473474e-01,7.481163204162577518e-01,6.867698973649293270e-01,6.004875802464497703e-01,5.656243192206956705e-01,5.266029644608558602e-01,4.407517028695566719e-01,3.342178932003815328e-01,2.583753667265208387e-01,2.425975329969501937e-01,1.521757667851265650e-01,8.226362075187121370e-02,6.749353382134370971e-02,4.902471993057966326e-02,3.808055731143167311e-02,2.694296278397145805e-02,2.428624561015590988e-02
4.400270000000000000e+05,9.845938863453717049e-01,9.827234402895087539e-01,9.347692153400236625e-01,8.620956040778273710e-01,8.595699892515547003e-01,7.268394949604281008e-01,6.948517438114023559e-01,6.373114976690633648e-01,5.065590663702189689e-01,4.942271915174289987e-01,4.283218914495529051e-01,3.367819714648596641e-01,3.089770748447931981e-01,2.954653251760495092e-01,2.370084060437711582e-01,1.610178884817752287e-01,1.168148350627120635e-01,5.255138642221246492e-02,5.154717520477802850e-02,5.048246277665591197e-02
4.400280000000000000e+05,9.802335549815770488e-01,9.544772918403104933e-01,8.151499673144667613e-01,7.483218043122813468e-01,7.382523349803603585e-01,7.261894549070092575e-01,7.195458468224176229e-01,6.903612502636059522e-01,6.900438045783507945e-01,6.734462461336341299e-01,6.679806585911122196e-01,5.814977301923935915e-01,5.462778486422257274e-01,5.446616803435267995e-01,4.345968854559492112e-01,4.145817911323934624e-01,2.473935363890938932e-01,1.003235063804420735e-01,2.812611248518304130e-02,1.540534970501472589e-02
4.400290000000000000e+05,9.301758440237671843e-01,8.689598402128207999e-01,8.235565195836697105e-01,8.159528705967351581e-01,7.668306570243855758e-01,6.756755686223063773e-01,6.607691829588068222e-01,6.238093807361493326e-01,6.039958456790438523e-01,4.346886725359074832e-01,4.340880453522009130e-01,4.052886062124898547e-01,3.698401430300156667e-01,3.211535020005452656e-01,3.185263896654488835e-01,2.507442261848682463e-01,2.390908909919371439e-01,2.039947398331227735e-01,1.012269365371731844e-01,3.655408972806784007e-02
4.400300000000000000e+05,9.597982872815958855e-01,9.458916396565641982e-01,9.032025748799595855e-01,7.156343603932920905e-01,6.269888297332061322e-01,6.263293209870111067e-01,5.678031226356240468e-01,5.601690099115748112e-01,5.421649934802933446e-01,5.309659634968048048e-01,5.024260283103020308e-01,4.376985430237400054e-01,3.439677323928105324e-01,3.051076100360491372e-01,1.478788113646632985e-01,1.414291460372200104e-01,1.212687113610517731e-01,1.208179510057262318e-01,6.319714517731600534e-02,4.985526925893868366e-02
4.400310000000000000e+05,9.804971238083163287e-01,9.702714884945619067e-01,8.199548491549488727e-01,7.694399549315590336e-01,6.920688357808599811e-01,6.319381911866575052e-01,6.094898872712267712e-01,5.603416470356138435e-01,5.136713349512499471e-01,5.133785261119666599e-01,4.802274496161218487e-01,4.034737077834781305e-01,3.870611009558084792e-01,3.714844785722853926e-01,3.579828058242578992e-01,3.435838979161418560e-01,2.726136124711634467e-01,2.315621733084082257e-01,1.614690665858943275e-01,3.018719577122475073e-02
4.400320000000000000e+05,9.773006433823280270e-01,9.254539551384844964e-01,9.130398720744807850e-01,8.872407422049251036e-01,8.070359690782359374e-01,7.986701118311198000e-01,7.734648762144644696e-01,6.698631958629460703e-01,6.324006268538542308e-01,5.990424951654494956e-01,5.763348082484989199e-01,5.656387269325970912e-01,4.347058508571234325e-01,3.750894776441132672e-01,3.105105802024419326e-01,3.007749399365907683e-01,2.888362861395126213e-01,2.152357926012850031e-01,2.092555742366084548e-01,1.337289426358317934e-01
4.400330000000000000e+05,9.967473736720972033e-01,9.125488392985486863e-01,9.077381654612716178e-01,8.957733884497180998e-01,7.182043684885958124e-01,6.467255696134610599e-01,5.296024566376730247e-01,5.245792248654366219e-01,5.197924964145721471e-01,5.011171287444751155e-01,3.642379658302845602e-01,3.566855209449449893e-01,2.990411282147446004e-01,2.520685379849347818e-01,2.479752202835503461e-01,1.537889096522108145e-01,1.075847440283891343e-01,1.038301051800574193e-01,8.272135110399336799e-02,5.632789529555504160e-02
4.400340000000000000e+05,9.520892929531824533e-01,8.885078741763444699e-01,7.740547249624556425e-01,7.501925931125594804e-01,7.068840424355808949e-01,6.776545953022211632e-01,6.109088468944859907e-01,5.818285688527103927e-01,5.249998038686412016e-01,5.198774376613266579e-01,4.372675540351098622e-01,3.647308986677169074e-01,3.405095412863524684e-01,3.333145378087205568e-01,3.009974674422967178e-01,2.910489660686420565e-01,2.355905824367467982e-01,1.654765855038876632e-01,6.427510295141058982e-02,1.945880834742719223e-02
4.400350000000000000e+05,9.365005891991264875e-01,9.337760401054022719e-01,9.136887160243645223e-01,8.474457383472511207e-01,8.245585472324192811e-01,8.092263443909833986e-01,7.678745154194268618e-01,7.169063199962795174e-01,7.025251744507002849e-01,6.825361298689927025e-01,6.308008066521743062e-01,6.166953751477345369e-01,4.651953170522374892e-01,4.198917388812226648e-01,3.685420636159623120e-01,3.037775076634389171e-01,2.341076837702404934e-01,2.255123069827392746e-01,1.202642613503572822e-01,8.403644055656800393e-02
4.400360000000000000e+05,9.570825424636901779e-01,9.298913506191933687e-01,9.005116616971082788e-01,9.001827354797525826e-01,8.463459116881937305e-01,7.976778063365331795e-01,7.804079295642155634e-01,6.838026099605409858e-01,4.436267404192949515e-01,4.318356985572681106e-01,3.728754753499053942e-01,3.254408105903122683e-01,2.609484273519079300e-01,2.226401338859501644e-01,1.717372204760960752e-01,1.593152183074884043e-01,1.404096140207172771e-01,1.192179285249348464e-01,3.241896244885544842e-02,2.736306206190175505e-02
4.400370000000000000e+05,9.739195661905853951e-01,9.689876660854466195e-01,9.457924828104935511e-01,9.450364179662574804e-01,9.397911585926841394e-01,8.765717745739481925e-01,8.438094577909148741e-01,7.552385126710892127e-01,7.020959007320324297e-01,6.655184859971668976e-01,6.569012184230085261e-01,6.545590891250597787e-01,6.038592936331207417e-01,5.904977767052975723e-01,5.238859824751279648e-01,5.025079776228308370e-01,4.656391203335797924e-01,1.159288792166320858e-01,1.005843989064837407e-01,7.295602065048001350e-02
4.400380000000000000e+05,9.691059763422602558e-01,9.447694808372961717e-01,9.335889705255671078e-01,8.585400872697972474e-01,8.477084957994723835e-01,7.664454390136706818e-01,7.309072374792755511e-01,6.279942430295222255e-01,5.750105754389797097e-01,3.520181986977540811e-01,3.142103121093392515e-01,2.687713577410472121e-01,2.016634609936348577e-01,1.896232763733955995e-01,1.759648204997147358e-01,1.660637799074635712e-01,1.609190095189080294e-01,1.323454552480500812e-01,1.129606810956486074e-01,1.400952419412393457e-02
4.400390000000000000e+05,8.973656551231529166e-01,8.878600310801446627e-01,8.715333015723223387e-01,8.338100624928577176e-01,7.217065495971779487e-01,7.140897758716985289e-01,7.047716244214012882e-01,6.745774645897941735e-01,5.801988404993156934e-01,5.223177925932045440e-01,4.644860603392519938e-01,3.549670230735675336e-01,3.092176140972205944e-01,2.694972795641967789e-01,2.513388754628015365e-01,2.503276854381381034e-01,2.455089145782555216e-01,2.201875531199289915e-01,1.769938244638820102e-01,1.178457389788067911e-02
4.400400000000000000e+05,9.742788834440329060e-01,9.520748179365178254e-01,9.292733691806798202e-01,8.887122032592975618e-01,8.864676858242177548e-01,7.875675125141755606e-01,7.179607462969599396e-01,7.168725590571380923e-01,6.445729390649185264e-01,6.166378587150277424e-01,4.994316216768331929e-01,4.968798131460955281e-01,4.074294259542341479e-01,3.976096952434404752e-01,3.382878658768369018e-01,2.198137036726088844e-01,1.705014522083095896e-01,1.307652688451818035e-01,7.363359477400099884e-02,7.180036091178665369e-02
4.400410000000000000e+05,9.242366104879452537e-01,8.883063961883030935e-01,8.102230873725621008e-01,7.112812587154533350e-01,7.041181521199890714e-01,6.720228649013202382e-01,6.624461339561729112e-01,6.306847284664932607e-01,4.925201943097742285e-01,4.920564497085687661e-01,4.901157412545200653e-01,4.314955647945403205e-01,3.696597201840933211e-01,2.999522463061705668e-01,2.942023550227667039e-01,2.785681007122309261e-01,1.930304473760926509e-01,1.241190888372660783e-01,3.621935197295533815e-02,1.854833855342019611e-03
4.400420000000000000e+05,9.837815107190706065e-01,9.689610161800598087e-01,8.850648671073388929e-01,8.446968680204028912e-01,8.431120490759694830e-01,7.951739979602311381e-01,7.590133270476339122e-01,7.347421845587140954e-01,6.536624704651796680e-01,5.784086928460012711e-01,5.391053454874935591e-01,5.376516646292908153e-01,3.605679813916823351e-01,2.867802688261626987e-01,2.331943081777412274e-01,1.925293952731051972e-01,1.825345560193666339e-01,1.129426996287536955e-01,7.473614769879666220e-02,6.832857088651400623e-02
4.400430000000000000e+05,9.864006767886481786e-01,7.649007442774359289e-01,7.120817331960519470e-01,7.097181288412506284e-01,6.698990959254152999e-01,6.509923615477053449e-01,4.794392875096360473e-01,4.726150816543271960e-01,4.339428065253450040e-01,4.223210280260492056e-01,3.865748101279821158e-01,2.564899316232671644e-01,1.491235955864435025e-01,1.313735362283132702e-01,1.175761060518559775e-01,9.241282080358748097e-02,6.079640404558750433e-02,5.251149424529610865e-02,4.594807829876723648e-02,1.696716557761934752e-04
4.400440000000000000e+05,9.290761630036316054e-01,8.343460642536626448e-01,7.934586455189589493e-01,7.898730245735096078e-01,7.521720264375117981e-01,7.381438945162938081e-01,7.322087199038659344e-01,7.099630969551027349e-01,5.080117767571439291e-01,3.166070502666940012e-01,2.811534710075862531e-01,2.551551564484568768e-01,2.475289590597038458e-01,2.237534921007053867e-01,1.677061670416991612e-01,1.393848650004041456e-01,1.062491405018292090e-01,8.849108275883788011e-02,7.130435016368263934e-02,4.027534439454250048e-02
4.400450000000000000e+05,9.771063777814555928e-01,9.602632915650975987e-01,9.127559335762610582e-01,9.117915464504937617e-01,8.064555881611757959e-01,7.045830273414607214e-01,6.969876119738749320e-01,6.865327383132310279e-01,6.667244899702896577e-01,6.372556558119421011e-01,5.904378310870489477e-01,5.486509930496884513e-01,5.479371671814402545e-01,5.019055475363006780e-01,4.209035329177510665e-01,3.630871397673975931e-01,3.388675953474702407e-01,3.120606952474848095e-01,2.350231358047413233e-01,9.805828366185753708e-02
4.400460000000000000e+05,9.930711343677643965e-01,9.786151453753023644e-01,9.563566342930968078e-01,9.355095033588584075e-01,8.575405355237378791e-01,7.052605088583203674e-01,6.794575687644276440e-01,6.746921741527026617e-01,6.231940821787457230e-01,5.530952847492441871e-01,5.227215706568537623e-01,4.520942996051462437e-01,4.311766941771796313e-01,4.261142288343525708e-01,4.253117319379062788e-01,3.268137324453699311e-01,2.354942712764276358e-01,9.009942691454664310e-02,6.481809001868621412e-02,2.656734951006245460e-02
4.400470000000000000e+05,9.780227408490478336e-01,9.638485424784228872e-01,8.441555588029457935e-01,8.399239609328750245e-01,7.673727376475990569e-01,7.162968757512265805e-01,7.062599350983683744e-01,7.044182245106702656e-01,6.746551878454469797e-01,6.725495229620580551e-01,5.604928410553590146e-01,5.346151544266383171e-01,4.772702749245495424e-01,3.279229864202936051e-01,3.178943324066361154e-01,2.382504231156188368e-01,2.251063690887312729e-01,1.722725987194025921e-01,1.588264190003157994e-01,3.047192642116614003e-03
4.400480000000000000e+05,8.842566738165043017e-01,8.515715795736019667e-01,7.286001448585042173e-01,7.251218203728834188e-01,6.800502897930310597e-01,6.232519435808075992e-01,5.821364457862924224e-01,5.820293948824833974e-01,5.789068265942448610e-01,5.062242160750122233e-01,4.540593980549777475e-01,4.093182236460235490e-01,3.972032553415352218e-01,3.589140478831041037e-01,3.135110200160515781e-01,2.773045733845569405e-01,2.748162316749119816e-01,2.350839404291913404e-01,2.284745608907026160e-01,1.651105481553094556e-01
4.400490000000000000e+05,9.351196750052401807e-01,8.658151568507971296e-01,8.443972372208252697e-01,8.170676113646093697e-01,7.959409253168264753e-01,7.711641145485658155e-01,7.196774180036143997e-01,7.096372527505188099e-01,7.028685084235269942e-01,6.036513088604421595e-01,5.492688347933476489e-01,5.427358354906738347e-01,5.205552624228553249e-01,4.969580092341264743e-01,4.490852830943643514e-01,3.718456161087462242e-01,2.804057440035512272e-01,2.658793168362391102e-01,2.460574421742252049e-01,1.414170462120883931e-01
4.400500000000000000e+05,8.669576674111383330e-01,8.512013524075783266e-01,7.401807743417661012e-01,7.326768571703410338e-01,7.091160538884323516e-01,6.932685659581123705e-01,6.625804112024563652e-01,6.371310039433552008e-01,5.909381985637073287e-01,5.761426356265668680e-01,5.507622702533978565e-01,4.880580937163930821e-01,4.879604216655019089e-01,2.846142389464176858e-01,2.799483081778453286e-01,2.335206767838553521e-01,2.238202514854642500e-01,1.589805434465184630e-01,8.312754933708110805e-02,7.090545446403639929e-03
4.400510000000000000e+05,9.978713459712859057e-01,9.138436486130195879e-01,8.909890258456629741e-01,8.439803867580948360e-01,7.384270858328092491e-01,7.151793097295341406e-01,7.142662702807995867e-01,6.988111553941692700e-01,6.823939120995484720e-01,6.822281400056130485e-01,6.050182949355363826e-01,5.252704955551044108e-01,3.131580689695392383e-01,3.119571135648985249e-01,2.195655648578893615e-01,1.896129044097862870e-01,1.670292559842804225e-01,1.471741599708658033e-01,1.339332150286139944e-01,1.171341502460254702e-02
4.400520000000000000e+05,9.486694025376125605e-01,9.251871473442209171e-01,8.088543849734504132e-01,7.836847170540830465e-01,7.467101200323673638e-01,7.224931285279815318e-01,5.326220293308033815e-01,5.314102643950842086e-01,5.211239162736467367e-01,4.482881895972281594e-01,4.439418413657113538e-01,4.367176020454482943e-01,4.247174042491225210e-01,3.575470364018613623e-01,2.285656044133440590e-01,2.008174559252606795e-01,1.516517866594121466e-01,9.992303463192497848e-02,2.878438287589801803e-02,2.714509833446032694e-02
4.400530000000000000e+05,9.832645306374776517e-01,9.535452074948196355e-01,9.297772453511149449e-01,8.248727947360772195e-01,7.655001399364107506e-01,6.776008991471413889e-01,6.558861044700017295e-01,5.589076110221586902e-01,5.523002733170879752e-01,5.389862205903583892e-01,5.100430880397822664e-01,4.195473592705284416e-01,3.762752539697943321e-01,2.347928981533435877e-01,2.221677686319413203e-01,1.876345214079985224e-01,1.804508897380372456e-01,1.721056384422654517e-01,1.479958752572505531e-01,1.442264458759251466e-01
4.400540000000000000e+05,9.910606125623416807e-01,9.397465047426365459e-01,9.199206437164603178e-01,8.932509163400279562e-01,7.980350707771731722e-01,7.355374713316654711e-01,7.199225273633679256e-01,6.940886685697388314e-01,5.627527543913015684e-01,4.818669096012145880e-01,4.728105057362853580e-01,4.347578918265772030e-01,3.790363569949342093e-01,3.383123831517469426e-01,2.256209370108819279e-01,1.137917144100955014e-01,1.078503684532723383e-01,9.010509886713391481e-02,5.070096165155846268e-02,1.537340055305203013e-02
4.400550000000000000e+05,9.805165833926209329e-01,9.556345998272685049e-01,9.525731048633264697e-01,9.202834660894940733e-01,8.237146003980437836e-01,7.166877383517840094e-01,6.018810661560808351e-01,5.931973462578012946e-01,5.476186176411932394e-01,4.910606903348032626e-01,4.878273574169776916e-01,3.417302724017716731e-01,3.295791588162182428e-01,3.118461309919049462e-01,2.938570094206718331e-01,2.503198733787969088e-01,2.180043424522191131e-01,1.155127843970307211e-01,1.024834273327835943e-01,8.270360916811447805e-02
4.400560000000000000e+05,9.222231337262540851e-01,9.196505478666464617e-01,7.889146369205969345e-01,7.586968518165791986e-01,7.234419274235603936e-01,6.851782676395639093e-01,6.605855536540089501e-01,6.044974941844738492e-01,4.427552391006166488e-01,4.120994506608083308e-01,3.827065882943558872e-01,3.784760773946848067e-01,3.765980441748770779e-01,3.610424089195276576e-01,3.386808727153066689e-01,3.148933559126665394e-01,2.914914643355417390e-01,1.900593651227970859e-01,1.360182350010855634e-01,7.400941024262175372e-02
4.400570000000000000e+05,9.297865563116259890e-01,9.217789938660662097e-01,8.709805868347643143e-01,8.402204422989030252e-01,8.057487096652454772e-01,7.950626561141999060e-01,7.617488666916304441e-01,7.144410284929815225e-01,7.118322819940682278e-01,5.826302561282117320e-01,5.670415969170814474e-01,4.937625117754387283e-01,4.637842629610763323e-01,2.716077086175401334e-01,2.013670384978031302e-01,7.864097518404655762e-02,7.683613703942571149e-02,7.303858109367078466e-02,5.835008941433028617e-02,3.577996083009327144e-02
4.400580000000000000e+05,9.716569336512574928e-01,9.486364822985114964e-01,9.377877280130892945e-01,8.331584608974441641e-01,7.200596436931111510e-01,6.794887993127486370e-01,6.090209601632790015e-01,6.009811180539287312e-01,6.006801018315258700e-01,5.995556586945689492e-01,5.849771031015686962e-01,5.015151743444877797e-01,4.773475023833242403e-01,4.527786056184781582e-01,4.001272911759247153e-01,3.085412091349970520e-01,1.394518109009315054e-01,1.306819500695802772e-01,1.150067936840353244e-01,1.182176345177854415e-02
4.400590000000000000e+05,9.489708190771845020e-01,8.997358224860194653e-01,8.460316813564497940e-01,7.688058374658092164e-01,7.675202148919608724e-01,7.406881512941216883e-01,6.583766706163011184e-01,5.421782411819109360e-01,5.051100167337623237e-01,4.531361938640290354e-01,4.394345265009020896e-01,3.357855148129937906e-01,3.152402642894323037e-01,2.682564457552378823e-01,2.311137650468859661e-01,2.127284571202100460e-01,2.089629183630388187e-01,1.992548082664221676e-01,8.904467320728470803e-02,8.599627103555185226e-02
4.400600000000000000e+05,9.904804550382451112e-01,9.650327653999097866e-01,9.294998136077056161e-01,8.950968576902342821e-01,8.887319392336493484e-01,8.592255003504766231e-01,7.872399709440831561e-01,7.477867001606265385e-01,7.066390613876064597e-01,6.681379242719832634e-01,5.974603712916825016e-01,4.378839364579198978e-01,4.171653835482092010e-01,3.864608434035594620e-01,3.243900619007528130e-01,3.173728242004133504e-01,2.341585014084178740e-01,1.865366944838211527e-01,1.457525005984410260e-01,1.182869135079687162e-01
4.400610000000000000e+05,8.756633605764581052e-01,8.323737158402221281e-01,7.381402077651394444e-01,7.175783914104104655e-01,7.096214928580224512e-01,7.082024077167557996e-01,6.394507514696307071e-01,6.155474925301842593e-01,5.938564984269990576e-01,5.883696653480501304e-01,5.674472728900495921e-01,4.853715247143227662e-01,4.585466744544156592e-01,4.349767117066991595e-01,3.906401817975089230e-01,2.136704951336746428e-01,1.287096094741767560e-01,4.087194316058073706e-02,1.771985428319045042e-02,1.137834285355576736e-02
4.400620000000000000e+05,9.748743828702685077e-01,9.686694780083707768e-01,9.368736854484256416e-01,8.360990996029965538e-01,8.350095919153402990e-01,8.254652629611296533e-01,7.726764905848093612e-01,7.634585967249147842e-01,6.347920831585595058e-01,5.913100433097290276e-01,5.910422782728989022e-01,5.788762734047809833e-01,5.472746249179133438e-01,5.320694952761608754e-01,5.093350343099440902e-01,4.454087374967334867e-01,3.194876074145261979e-01,2.103449153696076435e-01,1.887730180631447263e-01,1.060964459024459350e-01
4.400630000000000000e+05,9.516633065106030465e-01,8.743997319604700502e-01,8.079893193347755798e-01,7.095373610890322036e-01,6.817084109207295350e-01,6.777464586971468918e-01,6.297442372802672939e-01,5.956549114866945827e-01,5.910448185937109411e-01,4.776515144619719599e-01,4.675645033438922127e-01,4.298781234379782656e-01,3.363949420366388887e-01,2.774965185075612961e-01,2.737106605672413595e-01,2.709365355326756042e-01,1.346056721498578579e-01,1.264282924171789002e-01,8.708781493923933859e-02,4.193350105279602946e-02
4.400640000000000000e+05,9.912760407456883138e-01,9.842693629405642186e-01,9.623008671237905931e-01,8.863062530638852188e-01,8.692587648728612448e-01,8.531102099879104284e-01,7.871148899457801607e-01,6.487398755321941435e-01,5.709562959100985546e-01,5.522087489834204277e-01,5.419614056335514407e-01,5.380347081133749487e-01,5.318959489285037812e-01,4.461944550882364080e-01,3.457221643735105543e-01,3.102276397212725412e-01,2.990222111312846875e-01,2.695381232790777792e-01,1.708222518895422537e-01,5.357080951973802740e-02
4.400650000000000000e+05,9.920856942818825353e-01,9.889700570705575178e-01,9.868185680590657594e-01,8.294680918962099581e-01,6.460197705058304818e-01,6.226641808400771305e-01,6.065468717276877308e-01,4.258937769041658550e-01,3.693473048334210418e-01,3.665386610933695222e-01,3.155130855576014914e-01,3.094181302477861939e-01,2.511183023825416250e-01,2.345782215977935126e-01,2.300626214998542363e-01,1.704462298323071723e-01,1.611795195894312194e-01,1.511248522531215555e-01,1.090869177052519179e-01,7.132161322103702794e-02
4.400660000000000000e+05,9.589197029761503677e-01,7.144866530508406921e-01,6.663244359367134217e-01,6.495064997500114012e-01,6.391317618791260147e-01,4.206988765249088935e-01,3.837229138074635948e-01,2.954465652780543516e-01,2.785672279770418092e-01,2.692256273295483560e-01,2.593350942814562909e-01,2.559766046965816777e-01,1.944104104285532264e-01,1.697231440869400032e-01,1.353409295156858816e-01,1.148385774006285276e-01,6.044930793244385203e-02,4.601031336926053594e-02,4.293493850551310942e-02,2.713240945826800310e-02
4.400670000000000000e+05,9.832293099520288404e-01,8.538516422514795812e-01,7.311767705587254307e-01,7.129146978171486682e-01,7.091470230662505481e-01,7.077681566002907987e-01,6.568489723898177646e-01,6.414347076400260805e-01,6.395817437946373918e-01,5.921100754639826436e-01,5.719789206166792095e-01,4.451863807733874578e-01,3.902796748040129327e-01,2.835442184122014542e-01,2.611237309016011254e-01,2.161533579990883025e-01,1.623373246294659289e-01,1.439708722845476352e-01,8.716427523559056034e-02,1.942029146187196353e-02
4.400680000000000000e+05,9.798939997509772404e-01,9.579311278472935065e-01,9.390710201632768150e-01,9.387831426486148434e-01,8.256521460524873790e-01,8.070094577348788656e-01,6.833592224742636168e-01,6.423467916479630446e-01,5.931458376096073737e-01,4.867417029920619864e-01,4.690866242373430417e-01,4.553453464083992985e-01,4.468280263193113999e-01,2.379760159906357808e-01,2.035140458325430668e-01,1.949106492575294336e-01,1.503672414592180928e-01,5.369948679890534926e-02,4.773549078812511226e-02,4.633682697480312473e-02
4.400690000000000000e+05,9.587388565690350140e-01,9.306021812284792638e-01,8.832738465731433397e-01,8.330771053504903989e-01,7.770201096999842516e-01,6.988206387007199760e-01,5.981746614158488518e-01,5.909058277628291833e-01,4.835371830671256754e-01,4.484755103058873926e-01,4.318179693036817701e-01,3.490710046923073406e-01,2.911128813725923914e-01,2.017695808757437037e-01,1.625575088142584557e-01,1.469406812776640203e-01,1.320208955380712812e-01,1.079555490953533203e-01,9.597508683765554327e-02,5.435887695262564545e-02
4.400700000000000000e+05,9.794704799653547456e-01,9.357711382523706822e-01,8.583367399842881662e-01,8.519752141953362834e-01,8.089545196881688938e-01,7.793433041675084105e-01,7.223795429752218888e-01,5.233104128639128882e-01,4.428766708811058272e-01,4.019584031898147947e-01,3.819162517934873158e-01,3.233089547126843932e-01,2.597116882555671191e-01,2.272955760776496081e-01,2.227047035218584492e-01,1.217837049954280104e-01,1.206494320243530760e-01,8.470721632770361609e-02,6.340479658755926451e-02,2.473636536517309636e-02
4.400710000000000000e+05,9.952854617337771881e-01,9.912670490672215173e-01,9.624665778916206005e-01,9.069832452761320551e-01,7.847764748827240622e-01,7.731871962249183827e-01,6.838273931100895542e-01,6.461492974526951150e-01,6.193434893347280479e-01,5.118177609908928227e-01,4.239596444378265216e-01,4.147297123197795088e-01,3.793140163924780817e-01,3.208324149104692102e-01,3.065138488242583614e-01,2.991597657710027836e-01,2.936888397625196934e-01,9.001049026247953666e-02,7.802456595294193775e-02,2.678953713109577528e-02
4.400720000000000000e+05,9.740804907416712455e-01,9.610125043400138400e-01,7.570538066045183756e-01,7.368303357236949402e-01,7.325568911917924586e-01,6.595927314927793050e-01,6.180821161018705823e-01,5.927912791927297809e-01,5.369251337149884007e-01,5.200662326492310195e-01,4.020966934002695448e-01,3.659693842670399544e-01,3.405758433529416651e-01,2.768549258058344842e-01,2.129096861966179866e-01,2.128221520228230634e-01,1.868125761560618381e-01,1.215941361536799770e-01,1.027283999171981765e-01,9.105935009945020919e-02
4.400730000000000000e+05,9.419392408974925912e-01,9.196938583777690690e-01,9.177477864332224122e-01,8.209402241494696550e-01,7.213843987374806144e-01,7.065623964370930654e-01,6.659850383675053331e-01,5.322272727938517356e-01,5.030488707694364958e-01,4.065448777618692056e-01,3.788422861294183930e-01,2.802308460720553951e-01,2.431566963944523652e-01,1.486353779927872543e-01,1.307765368565321218e-01,6.355988620921881882e-02,5.262626993249974738e-02,4.698599115705515139e-02,1.949614619110096037e-02,1.167815642553826638e-02
4.400740000000000000e+05,9.609226308400498073e-01,8.949473787098293220e-01,8.192618020386952526e-01,7.921103293882115759e-01,7.701637898675294247e-01,6.641118990837259206e-01,6.207770742280588339e-01,5.881040481954292742e-01,5.694924670094517749e-01,5.671889267622821640e-01,5.005636735364856760e-01,4.952311230127384167e-01,4.325399298720035146e-01,3.809996603267920001e-01,2.560610381708203764e-01,2.467228386138982099e-01,2.195611993933217487e-01,8.676056200147652664e-02,8.644130137608785347e-02,5.711415291618338053e-03
4.400750000000000000e+05,9.983535719671597919e-01,9.089957317971815165e-01,9.049037796403841538e-01,8.910655361627402016e-01,8.690579368753713618e-01,8.645346877362820592e-01,8.081712766445003915e-01,7.743963122888993800e-01,7.318504950970942113e-01,6.641603655241654636e-01,6.533375031913944975e-01,5.877583028555787292e-01,4.344492475340895332e-01,2.864147048824196018e-01,1.924839866260459331e-01,1.151640461256308035e-01,1.100010248508577204e-01,9.499697570797893675e-02,6.162404368689355927e-02,4.133784029400533466e-02
4.400760000000000000e+05,9.892682283571394564e-01,9.776153190639880197e-01,8.528977468094385284e-01,7.475455532618627830e-01,6.675295823064997247e-01,6.609727313398562343e-01,6.384294263251681922e-01,6.195363273476733879e-01,6.032418691022132240e-01,5.650248951855846302e-01,5.324972312390656715e-01,5.264586593929355685e-01,3.989139546062221431e-01,3.885300913919292887e-01,3.565421140510283138e-01,3.238636233128767694e-01,3.047481110705823060e-01,9.056953433745273951e-02,7.913014664382378438e-02,6.360925181211984913e-02
4.400770000000000000e+05,8.960103583768096458e-01,8.956814740758589632e-01,8.790195677335475022e-01,8.656845140327478205e-01,8.573260250166085950e-01,7.597150308234742466e-01,6.335369326172785032e-01,6.143052122273682247e-01,5.816832709826892378e-01,5.360519984471028287e-01,4.783171039610368824e-01,4.397483932889078018e-01,4.336867945743493324e-01,3.888061573270729099e-01,3.828056942002634466e-01,3.625472974292104356e-01,3.128746740704829721e-01,2.776446789964911455e-01,1.553193617984258701e-01,1.433620263791035576e-01
4.400780000000000000e+05,9.843327577030167586e-01,9.633329354096472619e-01,9.241278248489533942e-01,9.182609448212021297e-01,8.872782935741142518e-01,8.804236069970884371e-01,8.645972104488360843e-01,7.748988273121382164e-01,7.641351828404326918e-01,6.156798592759071820e-01,6.151249121629047689e-01,5.686788166106289122e-01,4.580013276116478016e-01,3.806040802726208261e-01,3.387896077579363174e-01,3.247912017492496917e-01,2.924675811489322319e-01,2.836197393556260105e-01,2.443454356769000357e-01,1.204187970523952211e-01
4.400790000000000000e+05,8.455226872386197856e-01,8.450439022259621513e-01,7.600203027469952799e-01,7.493239748276304679e-01,7.297434993088596222e-01,6.727934854848388602e-01,6.375621832564567493e-01,6.351113004549423513e-01,6.315505227937685540e-01,3.939438555480060389e-01,3.757663976553914376e-01,3.673364553375652042e-01,3.444170309835726806e-01,3.422256304001733973e-01,3.033456257621052199e-01,2.227484890677569052e-01,2.101603695810824179e-01,1.061852062757904225e-01,7.625416664814932410e-02,5.356056536078290797e-02
4.400800000000000000e+05,9.324730901725652998e-01,9.094568237950636513e-01,8.541281915650138501e-01,8.436903083161435557e-01,8.194953878539611436e-01,7.848616102909352632e-01,7.461767447590239577e-01,6.886263426803860277e-01,6.477786342450744250e-01,5.154550020689053769e-01,3.992288931892156167e-01,3.169975427719090577e-01,2.904881994890752273e-01,2.650803294274556299e-01,2.545612787971330837e-01,2.387709865133325060e-01,1.376559735743930757e-01,1.074995902261446368e-01,9.651864255462461184e-02,2.110364737780479061e-02
4.400810000000000000e+05,9.726184897244617433e-01,9.322332102625686678e-01,9.304252864884313690e-01,8.709165074160097886e-01,8.644244647752733490e-01,7.739801920884717967e-01,7.700017516737919232e-01,7.431456727464951229e-01,7.308794484065543884e-01,6.469699368072026058e-01,5.394395054222336228e-01,4.557250374294742334e-01,2.901065113507530491e-01,2.827204104464491330e-01,2.491568309249583280e-01,2.222463683665906187e-01,2.185910729417802623e-01,1.575505256543370258e-01,9.735059507138088541e-02,4.308576121577689655e-02
4.400820000000000000e+05,9.634936515916078248e-01,9.581768940405879231e-01,8.981056300360108491e-01,8.841542519198577477e-01,8.012381949214213428e-01,7.610498560661587142e-01,7.557986748369620589e-01,6.309331630466969987e-01,5.769142286888344628e-01,5.454211957494121688e-01,4.481052168344897835e-01,4.418354832925448505e-01,4.345690615885742236e-01,4.131812631860468654e-01,4.012313491496422024e-01,3.617301436039085383e-01,3.524983811854014437e-01,2.162827699595046838e-01,2.127314317641754160e-01,7.645919717902149859e-02
4.400830000000000000e+05,9.945828584588265464e-01,8.660044503547719152e-01,8.369383144943035591e-01,8.312166640226671399e-01,8.244954491664261420e-01,6.627071408732920776e-01,6.390889875804657283e-01,5.874845358597686751e-01,5.577128339166843585e-01,5.269922075424865460e-01,4.911278006803649898e-01,4.156201806924281206e-01,4.118346088310479436e-01,3.914968533552937169e-01,3.181471404898245092e-01,3.165092725949947283e-01,2.101964415114839779e-01,1.914029959008922699e-01,1.332352265948744119e-01,1.293755846557240741e-01
4.400840000000000000e+05,9.505895141304215867e-01,9.265519806707777084e-01,9.196948642088526027e-01,8.943701566879316278e-01,8.833037831747577728e-01,8.774522657798787817e-01,7.791476534454879754e-01,7.527711679685128443e-01,7.424215797502825565e-01,7.295466461999943197e-01,6.925554181522142194e-01,5.564089295223394460e-01,5.208467532468884498e-01,5.088954408645450789e-01,2.810550806923851619e-01,2.494121728176990072e-01,1.646238969643112338e-01,1.575972761286182910e-01,9.961304423689198995e-02,8.567722748472073047e-02
4.400850000000000000e+05,9.567433521752868320e-01,9.533271985442215435e-01,9.176157308149337499e-01,8.487221246712903788e-01,8.197581641064876079e-01,8.030094087870170982e-01,7.986391230424332299e-01,7.098944597653631394e-01,7.014221001005873646e-01,6.819637614440731133e-01,5.949573916418944286e-01,5.137228551900826501e-01,4.410566964767037579e-01,4.122781809155624533e-01,3.217868576304624417e-01,2.947594570421592231e-01,2.391398039766889916e-01,6.078470365030330669e-02,3.463404454376628472e-02,1.630542703794424231e-02
4.400860000000000000e+05,8.581054341466239910e-01,7.720441104324186066e-01,7.624512287956218826e-01,7.307764440206450107e-01,7.294266290864797053e-01,6.724939285679278900e-01,6.471345113505299063e-01,5.705198554741041095e-01,4.336088342176105392e-01,3.769387451184448290e-01,3.598935449498360528e-01,3.452094857571401665e-01,3.138859014369950184e-01,2.602614217576388889e-01,2.473317525079334889e-01,1.715222553702986374e-01,1.558411143213777050e-01,1.188682066233450740e-01,7.967602155252084817e-02,7.098563778734856555e-03
4.400870000000000000e+05,9.717995801927558075e-01,7.857918567272378363e-01,7.166150220473950228e-01,6.759620875655045769e-01,6.563649640706470390e-01,6.515031295800055577e-01,5.841482129154328407e-01,5.088819155054601362e-01,3.768483014778185591e-01,2.278871886263916791e-01,1.898864134379297797e-01,1.703792545803616276e-01,1.474965166603390276e-01,1.397029285706468116e-01,1.036531368806228315e-01,9.327930985309740297e-02,6.260550376755869006e-02,5.136910999725607940e-02,4.537159109006017044e-02,1.140558600092733688e-02
4.400880000000000000e+05,9.980621135801713839e-01,9.200393781813166472e-01,9.033501346784357233e-01,8.775954799859994049e-01,8.603319179220939583e-01,8.472266122550876633e-01,8.074752043926569645e-01,7.436028861129450052e-01,7.320181933164949806e-01,7.303505960461398328e-01,6.989702869410847619e-01,6.903288027665781534e-01,6.181020652615145661e-01,4.415508969399790651e-01,3.684109071579682038e-01,3.336826503610756944e-01,2.876063335939611498e-01,1.737153678130859413e-01,1.650536696479869558e-01,4.134605730453666528e-02
4.400890000000000000e+05,9.663486295425184336e-01,8.473787574673821155e-01,7.866162363108082367e-01,7.761975676832379989e-01,7.651503013065849013e-01,7.411274929085694962e-01,6.593336970896952476e-01,6.444128766671549657e-01,5.510462895436029074e-01,5.498368358262808453e-01,4.880549130739275654e-01,4.190700393013744307e-01,4.093980408038495611e-01,2.540354901325253545e-01,2.145974015805048873e-01,1.546628497671499458e-01,5.963986222889039457e-02,4.866459158625024983e-02,2.556043990882650441e-02,2.344122952114457981e-02
4.400900000000000000e+05,9.126087546873928869e-01,8.660285336309825333e-01,8.629639054918282204e-01,7.674482362516668044e-01,7.004307401615017525e-01,6.203051795326136597e-01,6.142433078776078359e-01,5.541561493289738349e-01,4.863101333213977195e-01,4.590890784973371552e-01,4.335449039184987585e-01,3.543153749998012580e-01,3.413079501540271510e-01,3.168429236892984502e-01,2.926833928985138611e-01,2.239388181200557826e-01,1.695015926803075113e-01,1.366426548203075741e-01,1.003974976848496237e-01,5.927753363584975510e-03
4.400910000000000000e+05,9.671529504135589761e-01,9.592666058164281973e-01,9.586198074877215758e-01,8.726461016125195425e-01,8.134365244013922469e-01,7.576115042140757483e-01,7.007717784592171206e-01,6.364277487485706652e-01,6.014498628891048471e-01,5.428994554806277906e-01,5.375012131324696796e-01,4.787024873529450719e-01,4.276519210040797825e-01,3.171676325005789998e-01,2.555069549827563291e-01,2.019201583144827339e-01,1.871311134462637638e-01,1.259297365500798849e-01,7.597578377905034319e-02,7.221260408604956993e-02
4.400920000000000000e+05,9.613515859639918393e-01,9.354717583124732005e-01,9.311106984890245020e-01,9.012868771725937034e-01,8.801843490589834618e-01,8.516344423593974478e-01,8.088484277035693504e-01,7.741390119401611036e-01,6.388984072488143040e-01,6.214806841276971916e-01,5.324993022181983005e-01,5.105396446400638499e-01,4.953726284956719850e-01,4.128789250737483485e-01,3.816923959483262685e-01,2.936312871366593136e-01,2.537097747568743955e-01,2.446399556698215516e-01,2.079652882666463976e-01,7.365936263346239965e-02
4.400930000000000000e+05,9.526016289113139468e-01,8.991783975097409343e-01,8.429204184039825742e-01,8.395138553416778837e-01,8.391437803786120364e-01,8.224281482195151538e-01,7.087454636197753066e-01,6.986853618351077655e-01,6.867569089778088331e-01,6.705126980957797356e-01,5.313622314787939116e-01,4.664860008933268132e-01,3.786726384031909864e-01,3.483838608059076636e-01,2.436191315688056580e-01,1.731278518364524066e-01,1.415410985986643722e-01,1.340085865114988284e-01,2.465243922939241994e-02,7.818393534111622856e-03
4.400940000000000000e+05,9.822402867357689082e-01,9.782418317055379120e-01,9.754883918582530899e-01,9.289625126972805846e-01,9.197622673306113938e-01,7.756136026898184932e-01,7.478371589477726955e-01,6.916683373951212355e-01,6.896933739885582337e-01,6.208898346778667365e-01,5.761664484493198568e-01,5.351601282391832415e-01,5.160310735234530100e-01,5.073907452222721215e-01,1.966002255671593923e-01,1.883735111975214371e-01,1.185916239313431486e-01,1.036822285008334177e-01,9.033325161073679777e-02,2.943259814704413113e-02
4.400950000000000000e+05,9.441694476277293635e-01,7.546954129157743552e-01,7.218152500956984685e-01,7.206474814006933460e-01,7.190134251095253726e-01,7.033872851349605160e-01,6.649228801500614017e-01,6.563883699692368845e-01,5.885986667010667528e-01,5.234448317493243241e-01,5.136644822210496564e-01,4.590083446988472149e-01,4.080106903226651260e-01,3.834089416433451580e-01,3.564904055947337724e-01,3.119074179502410171e-01,2.652583413511896415e-01,2.069549135057988654e-01,2.057601221038017902e-01,1.459510527618769204e-01
4.400960000000000000e+05,9.301650361312541193e-01,9.141615577099407863e-01,8.910566925785545767e-01,8.479391054063107891e-01,7.990249977800520931e-01,7.277579144034524994e-01,6.718977969534706274e-01,6.554547631602026803e-01,5.405461432222570251e-01,5.365813734470940011e-01,4.805911151657733527e-01,3.665124566389468264e-01,3.654864061234709416e-01,3.466163041422485325e-01,3.220171396473114900e-01,2.963513044541384867e-01,2.118083332436735411e-01,1.211727624022782557e-01,9.654308692412127968e-02,7.748932757853943532e-02
4.400970000000000000e+05,9.382338242715558829e-01,9.096980196290332943e-01,9.019159016775722959e-01,8.034838857298902681e-01,6.253442461951851383e-01,6.194648308912040768e-01,6.179088411973464590e-01,5.629785784592651332e-01,5.065348824529841698e-01,3.809985195947875880e-01,3.765415896805253126e-01,2.583623600412178201e-01,2.055780739064275719e-01,2.003714784839853991e-01,1.319427724099555554e-01,1.312750446438603058e-01,1.236778949341618139e-01,1.139416124875132219e-01,2.706315494709321534e-02,1.991805227878817863e-02
4.400980000000000000e+05,9.928096962573299544e-01,9.878482298189238398e-01,9.802230446522650631e-01,9.180111103598485034e-01,7.373927552516736927e-01,6.709124278217590831e-01,6.289429634966163807e-01,6.119220116466349557e-01,5.825213303136023146e-01,5.708007619063448779e-01,5.680176192496005916e-01,5.472014690833959527e-01,3.916791557443719540e-01,3.008840784156906478e-01,2.496754566258140295e-01,2.108062274021388349e-01,1.034720977449746782e-01,8.935789848919262202e-02,7.838446528740894426e-02,9.456906209673876518e-03
4.400990000000000000e+05,9.411656186047647754e-01,9.228874063994429999e-01,9.059283894637069068e-01,8.974384862850673938e-01,8.634809563191956361e-01,8.085074743554521159e-01,7.719611180467755851e-01,5.140597543008962322e-01,4.694349793347419864e-01,4.409378797407967898e-01,4.054175985841723673e-01,2.930314425590437866e-01,2.322021774406152206e-01,2.227614400891754221e-01,1.845914992982911063e-01,1.233146772420461446e-01,9.254153336050341405e-02,7.530175883716194729e-02,4.080895534583184325e-02,1.342850982836651941e-02
