7.500000000000000000e+05,9.538893723551993276e-01,8.704993567819798717e-01,8.225146604186144295e-01,7.461858323889378752e-01,7.203393154019940292e-01,6.753491244211322631e-01,6.585409465108893468e-01,4.739883181346697949e-01,4.560705721121359746e-01,4.329921334887828488e-01,3.974099916390190224e-01,3.553385026290255544e-01,3.085780686799517447e-01,3.078583967510118979e-01,1.962749002884004446e-01,1.730807469303305979e-01,8.678788925187852499e-02,7.275208089256957056e-02,6.240483265252272371e-02,6.154751169503813735e-02
7.500010000000000000e+05,9.658445920678840890e-01,9.318747427756205459e-01,8.598360460192214783e-01,7.629794695178112596e-01,7.486740292622875437e-01,6.978647088765916884e-01,6.861177855901633427e-01,6.564170924866598034e-01,6.530998167933512732e-01,5.555908131709047515e-01,4.509006210895036837e-01,3.999223944091860883e-01,3.814788194323532888e-01,3.633932136569750782e-01,3.372340548718666398e-01,1.889712055159952220e-01,1.645835251968408297e-01,1.076617856147683572e-01,6.166016145400110560e-02,4.603224647979797801e-02
7.500020000000000000e+05,9.754437046196143823e-01,8.475681445924232449e-01,8.130151246427227418e-01,7.541511032412118176e-01,6.381657290388154102e-01,6.282282171881601318e-01,6.084161693987935049e-01,5.621892499237005625e-01,5.560617845615729582e-01,5.135649607204063605e-01,4.266974893588336704e-01,3.397281337318607264e-01,2.302611303573828261e-01,2.201466270944923975e-01,2.066988605117553446e-01,9.640120127315365828e-02,9.620681886934689953e-02,7.092924304571113225e-02,5.937566282019579589e-02,2.343426481276256190e-02
7.500030000000000000e+05,9.709224745930168377e-01,9.520271191204364714e-01,8.920154721952403554e-01,8.797715404600376932e-01,8.711044390393134496e-01,7.277359176111646288e-01,7.096478570981203937e-01,6.981339371293044938e-01,5.992273192527459713e-01,5.632397966479155693e-01,5.541231152024223006e-01,5.035329459192136037e-01,3.929927528595612563e-01,3.853506531585133565e-01,3.819314120704250248e-01,2.879447656561748836e-01,2.355957391243155286e-01,2.221520021235243725e-01,7.850019425461762790e-02,7.706113909771050707e-03
7.500040000000000000e+05,9.636177299070665114e-01,9.548792220669030106e-01,9.128971351684452840e-01,7.698641229657993135e-01,7.489542004587026458e-01,7.148602310453532338e-01,5.562587464399176840e-01,5.516725878771248093e-01,5.282199572656457454e-01,4.834121860460774966e-01,4.513626191222807060e-01,4.180044019427194835e-01,4.087362433871141176e-01,3.880992222501596922e-01,1.828620404602843141e-01,1.474560371903445022e-01,1.179517652172884512e-01,1.044174478399425565e-01,3.345796703526315863e-02,2.570359495588880883e-02
7.500050000000000000e+05,8.586487355543049871e-01,8.082239532337084364e-01,7.607151490945810446e-01,5.803036479064156428e-01,5.778998183535655198e-01,5.189021924628710591e-01,4.846290565809180384e-01,4.493397621475669901e-01,3.867943193515333000e-01,3.445922838604685845e-01,3.417846796199908166e-01,3.146192390223400137e-01,3.056461867932604992e-01,2.118770633726583252e-01,2.085500858288510395e-01,2.021286134631793407e-01,1.000561620494970771e-01,3.273763620968728194e-02,2.931986833680333415e-02,5.390665924228654760e-04
7.500060000000000000e+05,9.185623680708089323e-01,9.077305553233231405e-01,9.012986670867552119e-01,8.893180071582359458e-01,7.396045733132082800e-01,7.241946148512656833e-01,7.117168143484935428e-01,6.915442154269195729e-01,6.493348269370546877e-01,5.335843088926346400e-01,5.118698991937046250e-01,4.441494005290314018e-01,2.790223381447098916e-01,1.473111322216500430e-01,1.410842745180596047e-01,1.239250913645503216e-01,1.191417208396474692e-01,1.132051588984783752e-01,6.906461763281723787e-02,5.094095657872210747e-02
7.500070000000000000e+05,9.487408576663732829e-01,8.927931352141538213e-01,8.357330654851410356e-01,7.971900772714576311e-01,7.481539588517540640e-01,7.271103646945066279e-01,7.190589290348428086e-01,7.043183929255473208e-01,6.103008799563648390e-01,5.884882855283062320e-01,5.796246608421852242e-01,5.608511492576788715e-01,5.378563836320867653e-01,4.364176647302384637e-01,3.804206953958999549e-01,3.101732071881990738e-01,1.900957131288469881e-01,8.610924294952149172e-02,8.286698354089949703e-02,7.917353427264184340e-03
7.500080000000000000e+05,9.747777075907886335e-01,9.429835400623388653e-01,9.411466529432331862e-01,9.050042679085230635e-01,8.933996162629082027e-01,8.875328769501877879e-01,8.290890290961944187e-01,5.823842112526104176e-01,3.994906244996239142e-01,3.867175561165012709e-01,3.775386828747039347e-01,3.661575852984144674e-01,2.184411536235103535e-01,1.801578675678532360e-01,1.558616773933602095e-01,1.450979582301785697e-01,1.072686319854468939e-01,2.794109934864252853e-02,2.791390770574142532e-02,8.246866034671174184e-03
7.500090000000000000e+05,8.214667517163379840e-01,7.793672612302111613e-01,7.683779570995253883e-01,7.586334997996729834e-01,7.515556645903440636e-01,7.147207609247712146e-01,5.598630984891537210e-01,4.436305875015734701e-01,4.409226869201798849e-01,4.059411198485937122e-01,3.701316548155074715e-01,3.638478009355399223e-01,3.309892364180210267e-01,3.279376814156673703e-01,3.131973789494177929e-01,2.705609014489190889e-01,2.612656478269472782e-01,8.888277675067168815e-02,8.356861163069839726e-02,3.970379804618395791e-02
7.500100000000000000e+05,9.466311434652965318e-01,9.354248786116926562e-01,9.250564276701970234e-01,8.820114809097201469e-01,8.087103432636740807e-01,7.748498851584898484e-01,7.411346044894637775e-01,6.159764847775681673e-01,5.788233730324529036e-01,5.384359209768176946e-01,5.178774029512897004e-01,4.623844118237017131e-01,4.600760497245670599e-01,4.075775642729000392e-01,3.554867747133916289e-01,2.580258966222309658e-01,2.443987491593511141e-01,1.085740548926629190e-01,7.479898212284907810e-02,5.825000018922288358e-02
7.500110000000000000e+05,9.057185511591536731e-01,8.764946505143427213e-01,7.896686868472236887e-01,6.149853903170433567e-01,5.913833886911635807e-01,5.076253577880792678e-01,4.660627925016977979e-01,3.750309560998770220e-01,2.968611808078576164e-01,2.875041899745154339e-01,2.759526716617342057e-01,2.707644790406784630e-01,2.045555899768531916e-01,1.602962809449367532e-01,1.562422339103253233e-01,1.124472351378740242e-01,3.409058934322928280e-02,2.526839219415377702e-02,2.224304572232793653e-02,2.124208514237779788e-03
7.500120000000000000e+05,9.828928952311258849e-01,9.623249006157452712e-01,9.337131947684530475e-01,8.714296752823857961e-01,8.582728910696164615e-01,8.027963909276434329e-01,7.914176995540044279e-01,7.678673533058693046e-01,7.338273307272714652e-01,6.229760238236955461e-01,5.602040503658104464e-01,4.919508715068469096e-01,3.898733590037787300e-01,2.971382029700589955e-01,2.553791169545044371e-01,1.832510727223609637e-01,1.696429255030181826e-01,1.404935182728405119e-01,1.278660330108050136e-01,1.111194048796289024e-01
7.500130000000000000e+05,9.611468523229206307e-01,9.196888139014355312e-01,9.007998005370880801e-01,8.666094734433574809e-01,8.656671442403059968e-01,8.629844927695040635e-01,7.524505213683176930e-01,5.959022164847705971e-01,5.922913652534776974e-01,4.955097147764769838e-01,4.700260503603184148e-01,3.453719675227786556e-01,3.204074346230288972e-01,2.991250133795178012e-01,2.603607317385573383e-01,1.754805753136985391e-01,1.720302268914681854e-01,1.390382342867803045e-01,1.094018623526142875e-01,7.934286927474765161e-02
7.500140000000000000e+05,9.671085054784943624e-01,8.561067359758793849e-01,8.413503208680221945e-01,8.299988547705365871e-01,7.761974354497518380e-01,7.312448662184620751e-01,6.185869578391837154e-01,6.162452212849038879e-01,6.082464004987424566e-01,5.848230703028410860e-01,5.151117429790990077e-01,5.128235869280141079e-01,4.600008343424595303e-01,3.854486280171310897e-01,3.810406187634314268e-01,3.076787255073202276e-01,2.837849353287902332e-01,2.200948908918461955e-01,1.033578337218180598e-01,3.907987445855454212e-02
7.500150000000000000e+05,9.526575327926578574e-01,9.336872885432822011e-01,9.004975953861168447e-01,8.273275159556777725e-01,7.748855626531495622e-01,6.277692029586043887e-01,5.958159360366839241e-01,5.241345537130388532e-01,4.443958012201708607e-01,4.175872231474290208e-01,4.154417339013579680e-01,3.547613605500095080e-01,3.194315576753485875e-01,3.086022623106570162e-01,3.071786184494859073e-01,2.877395209049515845e-01,1.973959324238081514e-01,1.696533674074141018e-01,1.642895640357024956e-01,1.481253310493091391e-03
7.500160000000000000e+05,9.870905373026925833e-01,9.796203087470468640e-01,8.809885591022567075e-01,7.682112724969110129e-01,7.640419075460757048e-01,7.156142920273690367e-01,5.718596166861908969e-01,5.277654180306883269e-01,5.119797390999265563e-01,5.114465393100394719e-01,4.708536025896766786e-01,4.577818632956229816e-01,4.108177737896392401e-01,4.077433436179921378e-01,2.387616732581174794e-01,1.891708844831676561e-01,1.889818334751659501e-01,1.485072244075579251e-01,1.241797484529291173e-01,1.012610414572897577e-01
7.500170000000000000e+05,9.554090249203893714e-01,8.631157901704391566e-01,8.593450490461665980e-01,8.565175242967082436e-01,8.032364567715272186e-01,7.909194107624767378e-01,7.180205108134488645e-01,6.911565170674507375e-01,6.320091355363189889e-01,5.486828036222267668e-01,4.242916001286382022e-01,4.116674327013621904e-01,3.356951284092120069e-01,3.355991522586135867e-01,3.276127261197526730e-01,1.782032385297857013e-01,1.671685011279846478e-01,1.635526490324455962e-01,1.229345577216142127e-01,1.077130604987733831e-01
7.500180000000000000e+05,9.604039893530681438e-01,9.306465241286978607e-01,8.445470464436750646e-01,8.251848841487933184e-01,7.990835768440902598e-01,7.454621025769837539e-01,7.382404538306853725e-01,6.791266539834792670e-01,6.649594694472688028e-01,6.597368068610498515e-01,5.137029188804065338e-01,4.891088439071767935e-01,4.823111852710892933e-01,3.798882060554270579e-01,3.432152067619278490e-01,3.268227385716961919e-01,2.469855445677622274e-01,1.469709006282814423e-01,1.437855184145302445e-01,1.166546821786572652e-01
7.500190000000000000e+05,9.871127439069581344e-01,9.773425230882570869e-01,9.485915046214573598e-01,8.994553765239509113e-01,8.796656167294156781e-01,8.445871427150345445e-01,8.125505796966244754e-01,7.785738840236046121e-01,7.405103664073424685e-01,6.005619507068433727e-01,3.655331522736330330e-01,2.892244868577533712e-01,2.351510854973076770e-01,2.101035611166203187e-01,2.061439717957352924e-01,1.413889139914746851e-01,1.133753651928370854e-01,5.699547388637160594e-02,4.796165912348038241e-02,2.273486820234937866e-02
7.500200000000000000e+05,9.916146506285509199e-01,8.751011185023275241e-01,8.213117201117087207e-01,7.014562334170740820e-01,6.032676734447495193e-01,5.695125831393689220e-01,5.449329534545661602e-01,5.168866440057678924e-01,4.990666485586034984e-01,4.814326709889756861e-01,4.306146034836345615e-01,4.030215392000490171e-01,3.708449980592604112e-01,3.364427032158638919e-01,3.121786889838961132e-01,2.278503744746130932e-01,1.985346106249900044e-01,1.096439617529718635e-01,8.202610953643219016e-02,3.792830197141205950e-02
7.500210000000000000e+05,9.563740581255296691e-01,9.453676951031284581e-01,7.873895219251804134e-01,7.732723651867577930e-01,6.580689321397310554e-01,5.300289220376027677e-01,5.221948310287929385e-01,5.098846945415453913e-01,5.053117613737173608e-01,4.926847602925025216e-01,4.779500538872666349e-01,4.380293214374344490e-01,3.808824781591902964e-01,3.470935930889141874e-01,2.762709652787502801e-01,1.997597345770000254e-01,1.732099522897196930e-01,1.558432904147974973e-01,8.282461095453097499e-02,6.006796276369130716e-02
7.500220000000000000e+05,9.516430676811774569e-01,8.532015350405514065e-01,7.970412719873736229e-01,7.814376408302463606e-01,6.832002593063309925e-01,5.394514782571263600e-01,5.235472893231957192e-01,4.911822100038384376e-01,4.498970911190893762e-01,4.498751469907036338e-01,4.164824219377105674e-01,3.648793253593810570e-01,3.177054371845485781e-01,3.110834375518123363e-01,2.882680732127621548e-01,2.120783028368424805e-01,1.533651794726837991e-01,1.434719566931846879e-01,9.029695215840360945e-02,6.381347762488087660e-02
7.500230000000000000e+05,9.642789330098047174e-01,8.761277448759842157e-01,8.679270034947983437e-01,8.167248149687175163e-01,8.129774016841943007e-01,6.099016666002753384e-01,5.939265927879844309e-01,5.852225111261875057e-01,5.339376832363045278e-01,4.823098408728082598e-01,4.564459539404283062e-01,4.382077319929603698e-01,3.539122232603091334e-01,2.891036377674692792e-01,2.889915389357572417e-01,2.827871294662247514e-01,2.173368979317141791e-01,1.978882740637334381e-01,1.597551399470945599e-01,1.182030909750098058e-02
7.500240000000000000e+05,8.484768736178336379e-01,8.292089819935594130e-01,8.253735209410897333e-01,7.992977536566482355e-01,7.812275491339490952e-01,6.852143245579979114e-01,6.189294787026290434e-01,6.044379793499472520e-01,5.322626277250891436e-01,4.591510588951321914e-01,4.532626753011180787e-01,4.308609040134471213e-01,4.214655503970748951e-01,3.874540251687423886e-01,3.830711296194401205e-01,3.589236195048284284e-01,3.505005326898212870e-01,2.008834469603575368e-01,8.802531225066889675e-02,6.888676402389304343e-02
7.500250000000000000e+05,9.802217866158545734e-01,9.211080628454529906e-01,8.726937415406647025e-01,8.274235992783615101e-01,8.189311934590864928e-01,8.176468838858169663e-01,6.456055818978133631e-01,5.773062629926982714e-01,5.243199643702742829e-01,4.937368521777639740e-01,4.814627507844307930e-01,4.030811024879429327e-01,3.304970250005138110e-01,3.112854669796598639e-01,2.730832574612949148e-01,2.604147764394473263e-01,2.002577762453673360e-01,1.848407728322070120e-01,9.074989254604381994e-02,7.301193186900767351e-02
7.500260000000000000e+05,9.091773726646189546e-01,8.063413632195767233e-01,8.040841224594083014e-01,7.509120036825661648e-01,7.277746527861144177e-01,7.249473806407299437e-01,6.576684171282145552e-01,6.100855483478493380e-01,6.023904041577579083e-01,5.796742243419977791e-01,4.534541526979372073e-01,4.227266648698666529e-01,3.391608910693224566e-01,3.212765001972395229e-01,2.069649231670263045e-01,1.945878070320553599e-01,1.641487602297294623e-01,1.409165031776685728e-01,7.848462866193783860e-02,7.497580503548295638e-02
7.500270000000000000e+05,9.299361081781392091e-01,9.228830890858951141e-01,8.752516329643516002e-01,7.789009160398996379e-01,7.572897292518149248e-01,7.454615879004361512e-01,7.368594601609007588e-01,7.199690450360561877e-01,7.102849281040204410e-01,5.134383687538195407e-01,4.196884423178165457e-01,4.118598004996287809e-01,3.527653517186208898e-01,3.522952526486504699e-01,3.446107623836979217e-01,2.889036402596442121e-01,2.561969436514881515e-01,1.834122143849710174e-01,7.906278086377316328e-02,6.756550638487068827e-02
7.500280000000000000e+05,9.063494124294939613e-01,9.035110154703424046e-01,9.031299172463269631e-01,8.105789722546039577e-01,7.738306244117461041e-01,7.171434556941251870e-01,6.537879018904484418e-01,6.534831756622114796e-01,6.257533805287172068e-01,5.864457529225779453e-01,5.781820827000987428e-01,5.676458240345442219e-01,4.900235151009078027e-01,4.052532242113952021e-01,2.273120108423433150e-01,1.828747940592096999e-01,1.341536429272182085e-01,1.235952636494693779e-01,1.041517261293930519e-01,1.005274461973425515e-01
7.500290000000000000e+05,9.666958975317416769e-01,9.645671108395734716e-01,9.631362481517744545e-01,9.484762199127335647e-01,9.229063024088681733e-01,8.384108509475388660e-01,7.536626224001234942e-01,6.427416850352083433e-01,5.872717861803972150e-01,5.829964243641163613e-01,5.764009093887660917e-01,5.692676006078221107e-01,5.444693786394232404e-01,4.927188806583634451e-01,4.622566331796916783e-01,3.232866901950858241e-01,1.760023022541282733e-01,7.800916902700560929e-02,6.294326581732179182e-02,2.277527674310997341e-03
7.500300000000000000e+05,9.931863687476106817e-01,9.814130741325827190e-01,9.566043993660280353e-01,7.697611663673262772e-01,7.618967898661419547e-01,7.522834164685732183e-01,7.278058789627919190e-01,6.227206081858721598e-01,6.047241053894649720e-01,6.030211736420231228e-01,5.885178564434585535e-01,5.349402544470154286e-01,3.888233750545543321e-01,3.388789513560273026e-01,3.053695679074820424e-01,2.569406934231486250e-01,2.232763349009354581e-01,1.938092461361062835e-01,8.400454168284332557e-02,7.878282633032041016e-02
7.500310000000000000e+05,9.792613014247056880e-01,9.352454115870756368e-01,9.167139932471027874e-01,8.784622986537093947e-01,8.409405756974001056e-01,7.671042538477562678e-01,7.570931255155355366e-01,6.597256892800377193e-01,5.959802244462879539e-01,5.418215459526080080e-01,5.271362113854294318e-01,4.745428066078332119e-01,4.565460370709930604e-01,3.729095060484446389e-01,3.331686208463988663e-01,2.396757199450596509e-01,1.693039523104132860e-01,1.172725036071590177e-01,9.224298484230830653e-02,3.962324688302698572e-02
7.500320000000000000e+05,9.321243681534860936e-01,7.708859546750927993e-01,7.693911137886182416e-01,7.683824356804449529e-01,7.592224671877465525e-01,7.171251676080940829e-01,7.108922896660750945e-01,6.557272110078663507e-01,6.266336745743849024e-01,5.729392609301735551e-01,5.161381045094020070e-01,4.835865031266034508e-01,4.496683900737105111e-01,4.213306012713092796e-01,3.887070934815627377e-01,2.581207362582145226e-01,2.513261237459892827e-01,1.125990976871369398e-01,1.036972366011259528e-01,4.254044915304122654e-02
7.500330000000000000e+05,8.921427690515278952e-01,8.893143882541360012e-01,8.849356661095694188e-01,8.744392911343988883e-01,7.902714767861572787e-01,7.381471750648460617e-01,6.981833837755340166e-01,5.274873762057884496e-01,4.820477669467957416e-01,4.669802433502947547e-01,4.664193615082928845e-01,3.911304215848150356e-01,3.776186141978054023e-01,3.707126511891670750e-01,2.362636419213615113e-01,1.776569840826268676e-01,1.740976877493337627e-01,8.189342528337761884e-02,3.347064958473466856e-02,2.460273771705157042e-02
7.500340000000000000e+05,9.771954757562668625e-01,9.738731208981341592e-01,9.379607064816941620e-01,8.884948211346910263e-01,7.826637549375725644e-01,6.590756203881914521e-01,6.531591878286673314e-01,5.590195030344284888e-01,5.382430810937746113e-01,4.549095059355509063e-01,4.238915327712806658e-01,3.613262761436228931e-01,3.218370469253906130e-01,2.064111442339031655e-01,1.616810070114761411e-01,1.444157429186995190e-01,1.129506594491662685e-01,8.366306268492829101e-02,7.876418810313878804e-02,4.636765492639594033e-02
7.500350000000000000e+05,9.140670513850234213e-01,7.909425707342856438e-01,7.317269513616525556e-01,6.496536361184614972e-01,6.385400273966346241e-01,6.328452072225603242e-01,6.317546868069610078e-01,5.980456653213058749e-01,5.496623670795903749e-01,4.943836359329683017e-01,4.775544764890573557e-01,3.973627925953773232e-01,3.779298501127476007e-01,3.328468812877581895e-01,3.220924001595327768e-01,2.866944405993692158e-01,2.618478269983273155e-01,1.625218849109927310e-01,1.415043467049799109e-01,3.664556715472011561e-02
7.500360000000000000e+05,9.880340929052533472e-01,8.745569202013522281e-01,8.673584312205191438e-01,8.533571151463151816e-01,8.428320072048685052e-01,7.948600444907595319e-01,7.513882290533074881e-01,7.476540673910252455e-01,7.388286448389513872e-01,7.151271139523640574e-01,6.963823166589484526e-01,6.120767218000482401e-01,6.008888399806781022e-01,5.126778814439462151e-01,4.785805432838157181e-01,3.940033775220767032e-01,2.500051830420569887e-01,1.036683467271229953e-01,1.018125041206643377e-01,8.998943135568315821e-02
7.500370000000000000e+05,9.558875316979875691e-01,9.377328095404182662e-01,8.009761933796991640e-01,7.166364111534807568e-01,6.600250469066450965e-01,6.233010672665620922e-01,5.982742144524616501e-01,5.590428613444348160e-01,5.183033487257887595e-01,4.880689250519839595e-01,4.569380392305458782e-01,4.543219876765403065e-01,4.089673082974698559e-01,3.846038001957853281e-01,2.804468600956644408e-01,1.935662188188198574e-01,1.639899120158296864e-01,1.423363358280921309e-01,1.358718889934572571e-01,6.275821092032962678e-02
7.500380000000000000e+05,9.887194497903287749e-01,8.424086982493844689e-01,7.909034934691618890e-01,7.856916675364492564e-01,7.217435566093882704e-01,6.977497500500449146e-01,6.635122610484249783e-01,6.541459651099381656e-01,6.426892867231875917e-01,5.208105305759725967e-01,4.606445746290923626e-01,3.817346771035797781e-01,3.552357573185910278e-01,3.121460149213626245e-01,2.638842202852457186e-01,2.184735695781715448e-01,1.524030258018639339e-01,9.621518137039919427e-02,6.484868337359350754e-02,4.297362061851162096e-02
7.500390000000000000e+05,9.339875280857672379e-01,8.921046097907276984e-01,8.057206440988574636e-01,8.005586490965244106e-01,7.855359431064539155e-01,7.826783629942832832e-01,7.821611676754363085e-01,7.519542616299869087e-01,7.077651579301412754e-01,6.735167235990354717e-01,5.135893417026592411e-01,4.194271739721289194e-01,3.327342416883162235e-01,2.718516995763050614e-01,2.683594083399815089e-01,2.237420260429934249e-01,1.714140614725155887e-01,1.052337749214870000e-01,1.032296503219203299e-01,1.910546922178035789e-02
7.500400000000000000e+05,9.529140545877676782e-01,9.407321044992005277e-01,8.509708814819197942e-01,7.682303102266321293e-01,7.482283850668662861e-01,7.390111211924432766e-01,7.047627820294465328e-01,6.855836186552514144e-01,5.892467346439759224e-01,5.796843886343623353e-01,5.288651451636037226e-01,4.658907664318645558e-01,2.503106334268290212e-01,1.862316196066872154e-01,7.361141508451651827e-02,7.220665609339504964e-02,4.042286311154219547e-02,2.337500118492674694e-02,1.987846615612032242e-02,2.155222245521226654e-04
7.500410000000000000e+05,9.331144909090433037e-01,9.239834158265960440e-01,8.835727254104585038e-01,8.789052421819351091e-01,8.249981578850137387e-01,7.325049250514530375e-01,7.217338789562939283e-01,6.669441581740821468e-01,6.534758624536590732e-01,5.842946069455350333e-01,5.487728929485850005e-01,5.262983034893897738e-01,4.382726959804423839e-01,4.353029522171143473e-01,3.884982802855089234e-01,2.709324409071450779e-01,2.060746717388332039e-01,1.503675805559858691e-01,6.495124146731301451e-02,4.712456551656230008e-02
7.500420000000000000e+05,9.597350096170600420e-01,9.563511102254996787e-01,9.268612345844494671e-01,9.241529557817769192e-01,8.139428569177120654e-01,7.823004376492067591e-01,7.376522516863963652e-01,7.057825531786758866e-01,6.461839966255277234e-01,5.625089216546171889e-01,4.458029911490801744e-01,3.402962124658500676e-01,3.276206524696080313e-01,3.159408494382150989e-01,2.960082176878096050e-01,2.929534611563913149e-01,1.877639242780720918e-01,1.357882364650997431e-01,1.112459905461138376e-01,6.462845249747761756e-02
7.500430000000000000e+05,9.971144572730363809e-01,9.954007276393449510e-01,8.839595906476791498e-01,8.838849565939672637e-01,8.313204226722029633e-01,7.673595398193543415e-01,7.079427431033459284e-01,7.048183545150289442e-01,6.643052228825178096e-01,6.222916674839086282e-01,6.017062247853206536e-01,5.625757992455879819e-01,5.017482820197902704e-01,4.934183764434220132e-01,4.404806429358845143e-01,3.882171051146128260e-01,3.797812789977524917e-01,1.858070172236736539e-01,5.452348331946033078e-02,3.554484812222291623e-02
7.500440000000000000e+05,9.698814214569114744e-01,9.226423201297848653e-01,9.201963178072418703e-01,8.981560989374829385e-01,8.657851832912591972e-01,7.999557588090732141e-01,7.806563078967847513e-01,7.056954714126719708e-01,6.741811692622521335e-01,6.403512894158931434e-01,6.153275907855173532e-01,5.327513603250924046e-01,4.629547118629904201e-01,4.186794894306452575e-01,3.150843802717060438e-01,2.794341682872696353e-01,1.702914507162973656e-01,1.167600275648680297e-01,8.337799732078943205e-02,5.271894415691003033e-02
7.500450000000000000e+05,9.729191481427525989e-01,9.578193612163962145e-01,9.016078617719777144e-01,8.338070473676331140e-01,8.186912672203237040e-01,7.801392154707539328e-01,6.553616502257020304e-01,5.952429170207592657e-01,5.036328384548123260e-01,4.781913901949200740e-01,3.203644720626420694e-01,2.939501117730548563e-01,2.815878797486635055e-01,2.585727177169945268e-01,2.149815733103398463e-01,1.908229927189877273e-01,7.001730368515457492e-02,6.080461483918508936e-02,1.668763157789199258e-02,1.216326696906644411e-02
7.500460000000000000e+05,9.371969502715037370e-01,7.802716165635222856e-01,7.311800297461684695e-01,7.009476308926673171e-01,6.667044944248211591e-01,6.655454442374134638e-01,5.764961255449460031e-01,5.248620464471774882e-01,4.958784175913775183e-01,4.909656396627350983e-01,4.396088510565647756e-01,4.002490291541436207e-01,3.900544287058560489e-01,3.588542109205636876e-01,2.628416685305862144e-01,2.465624707647285918e-01,2.444798328098862772e-01,2.097483697430105876e-01,1.247750162995245882e-01,9.147466974572793230e-02
7.500470000000000000e+05,9.330930094913312267e-01,8.984607150404463338e-01,8.514008737189807663e-01,8.512826205472308061e-01,8.253895488409794812e-01,7.521473787296648617e-01,6.645197862548108958e-01,5.790918012715449148e-01,5.490964479537016052e-01,4.987229835564063185e-01,4.952336774458298008e-01,4.827250650410264132e-01,4.672237185213347077e-01,3.613969890296523380e-01,3.278563204604575398e-01,2.638089059787654955e-01,1.270731313344091173e-01,2.994834427033798985e-02,1.775379238987906394e-02,5.203068735173510539e-03
7.500480000000000000e+05,9.666580558574358051e-01,9.594613379061567304e-01,8.546028520870478928e-01,8.480768128235309788e-01,8.168150908671230059e-01,7.704309189609215291e-01,7.569643327725703585e-01,7.285901004014820881e-01,6.764949943729823278e-01,6.282985827839348003e-01,5.827913646540547887e-01,4.431351232009554941e-01,4.355092270771591112e-01,4.204723232553857493e-01,3.610869632493608483e-01,3.396197902530150303e-01,2.827659766221374271e-01,2.624430384947749051e-01,1.253816571379497979e-01,8.298690263737285022e-02
7.500490000000000000e+05,9.939655674987587508e-01,9.819158081060646026e-01,8.838324980870488901e-01,7.982736305358804074e-01,7.576080890572068904e-01,7.397552132622667864e-01,7.390291045275924064e-01,6.211237328417595904e-01,5.922394061780401620e-01,5.847035642324105442e-01,5.150666869519302526e-01,4.430104936076788569e-01,3.285076271278851712e-01,2.403509770202715279e-01,1.549759939995242197e-01,1.437959466303423417e-01,1.111120789858388580e-01,1.090926627941603000e-01,3.969479126652686318e-02,1.157806381628656567e-03
7.500500000000000000e+05,7.841938335339752042e-01,7.826685039724299298e-01,7.663877501714729812e-01,6.937562585820149508e-01,6.685143799560272493e-01,5.979009285763975390e-01,5.711526193447399313e-01,5.224328315820736535e-01,4.601484650308812485e-01,4.305622921487151089e-01,3.991722502628636260e-01,3.883842294729116240e-01,3.543941566925994380e-01,2.905546067915714126e-01,2.450135173249365916e-01,1.401386841713875286e-01,1.220097469339649354e-01,1.020656178539528502e-01,8.824014338876495778e-02,6.042952006854906966e-02
7.500510000000000000e+05,8.590051920691436083e-01,8.339968743509311722e-01,7.750405029390639022e-01,7.703339663043390351e-01,7.216757598992461498e-01,6.727245667092850434e-01,6.632531811914721409e-01,6.154999367416981171e-01,6.088690119822544045e-01,4.947742043370466636e-01,4.931880081643406077e-01,4.234576538023840930e-01,3.536513281298881983e-01,3.106090202068301220e-01,2.973070598836418110e-01,2.378527163316941362e-01,1.431688526463736899e-01,8.623182320132649625e-02,4.690763969596789540e-02,2.829846912207778509e-03
7.500520000000000000e+05,9.828803487684081297e-01,9.175782441075298612e-01,8.760786000368343540e-01,8.008626053481771034e-01,6.891736514958544113e-01,6.077066550624259378e-01,5.824817184263518799e-01,5.546538886088764331e-01,5.282096485036594791e-01,5.109447426575676188e-01,5.094435035162150349e-01,4.326823947380754598e-01,4.218372838781703216e-01,3.870730131611552771e-01,3.458313124858835019e-01,2.335308833177456300e-01,1.583585806972898080e-01,1.512502677179238253e-01,9.337513297164268256e-02,4.354956979947666174e-02
7.500530000000000000e+05,8.894568872395192116e-01,8.569631101780208482e-01,8.530633862442327242e-01,8.481645381987888976e-01,7.224425878155507075e-01,7.161699200512152697e-01,6.643345659050337026e-01,6.266293725332408027e-01,4.935871266229181487e-01,4.795062034291871500e-01,4.565655177736401837e-01,3.367548144131607968e-01,2.908663253003974658e-01,2.773227211388127333e-01,2.734721978441987389e-01,2.645385934024728769e-01,1.830305065114804508e-01,9.790939335237403007e-02,6.832670507297322615e-02,4.669131023725081597e-02
7.500540000000000000e+05,9.824566859638838023e-01,9.603199991595569029e-01,9.211781526052070790e-01,8.939827624122329564e-01,7.368659490069824347e-01,6.137009531712772636e-01,5.539983596285222855e-01,4.233254605347466226e-01,3.810117562848776007e-01,3.749727542083235443e-01,3.332611352309758912e-01,2.240242374494894051e-01,2.038805869404395343e-01,1.973657064195704081e-01,1.967875137227766968e-01,1.621045392349762526e-01,1.360486988285651844e-01,3.241622219528617066e-02,2.872788113928859133e-02,2.263564936636042191e-02
7.500550000000000000e+05,9.610225445099263020e-01,9.367937991655083119e-01,9.091948850638668089e-01,8.518653673124747527e-01,8.335426417112662412e-01,7.951705615510558101e-01,7.107383986700037681e-01,6.891380335885712860e-01,5.268188530507542655e-01,4.941344628778256975e-01,4.147154703154374289e-01,3.581069630167936779e-01,2.720025171107239848e-01,2.517849369799769477e-01,2.254143423413302871e-01,1.573273700117553409e-01,8.739196332029008918e-02,1.383555291755500516e-02,7.571696338146360894e-03,7.101046767829410911e-03
7.500560000000000000e+05,9.869445664651582684e-01,9.866295075815977311e-01,9.780755636748564852e-01,8.513323702190880304e-01,8.460246734091672050e-01,8.302328557661383668e-01,8.182534287237785975e-01,7.981322687157127449e-01,7.583512843146078541e-01,7.089980424127785286e-01,6.966574514692422948e-01,6.457586001716412172e-01,5.984079398341551892e-01,4.750151620908651395e-01,3.735280668788880654e-01,3.298099369981786211e-01,3.282572918569618414e-01,3.257138612570487091e-01,2.355174635067963651e-01,7.946030031955819695e-03
7.500570000000000000e+05,9.786389471780803095e-01,9.285994275902145212e-01,9.239432503712491362e-01,8.671344074662239443e-01,8.670247334483733859e-01,8.644962802962862236e-01,7.525301398261760033e-01,7.330173725402214790e-01,6.344832094918456677e-01,6.062533477733038634e-01,5.480548700617478008e-01,5.077670144063950453e-01,4.755801205299287071e-01,4.480006506274515354e-01,4.327265530095333324e-01,4.286720850627303570e-01,4.047127323732775395e-01,3.868409200693128103e-01,2.800226963683986048e-01,1.750301848191585519e-01
7.500580000000000000e+05,9.025764082633256358e-01,8.831653991074410737e-01,8.163380138638487438e-01,7.502402077142232839e-01,7.341708453937861867e-01,6.350868522734818278e-01,5.498612413765939788e-01,4.849085993768973424e-01,4.747079639026414721e-01,4.700456783497849456e-01,4.675695802648595079e-01,4.301516259653433982e-01,3.353332317727462097e-01,3.110482515501259426e-01,2.725146334449638497e-01,2.690797377387488254e-01,1.468180513946253374e-01,1.418033655161020645e-01,4.479270679787183962e-02,3.803369518585786313e-02
7.500590000000000000e+05,9.391615485453516099e-01,8.992517260753246644e-01,8.764123733562158014e-01,8.737494760084655310e-01,8.625507173999645838e-01,7.643572758568049075e-01,7.593190581789404092e-01,6.638094305853319277e-01,6.421611406363024743e-01,5.140061290043649311e-01,5.132855261872785180e-01,4.917061902381617555e-01,4.853665358049609191e-01,4.413227984634239265e-01,4.045278182874827433e-01,3.822756896765941992e-01,3.061687626789143524e-01,2.141899183996266443e-01,1.154575147758100107e-01,5.237324677452337429e-02
7.500600000000000000e+05,9.666391551275328453e-01,8.041256133464904643e-01,7.806325779982146162e-01,7.086449109764024756e-01,6.458712714452754522e-01,6.317081422419317249e-01,6.280801778792630685e-01,5.822657658930966429e-01,5.782266360105861036e-01,5.551802262393868981e-01,5.424838814769283868e-01,5.207930948285917072e-01,3.588723229759377409e-01,3.553972684591668596e-01,3.517278036929696317e-01,3.376420036898689636e-01,1.406452809003507776e-01,1.312316273460966132e-01,6.002756973640788196e-02,5.491401512295690512e-02
7.500610000000000000e+05,9.259746096440468754e-01,8.710830914092443367e-01,6.899169180315704031e-01,6.760951572604261273e-01,6.717937731038672311e-01,6.042840585405324649e-01,5.078831256373784742e-01,4.565573078586222522e-01,4.518362733734169190e-01,4.474105499575701250e-01,4.199355039851605520e-01,4.150794925759836440e-01,3.710254542799594768e-01,3.439810013376279896e-01,2.560667811809733685e-01,1.974136803257816597e-01,1.696617904519114317e-01,1.351904140527483422e-01,7.604986153044757113e-02,3.817262695756662438e-02
7.500620000000000000e+05,9.128158324550952329e-01,8.642072867017428495e-01,8.054185186824885934e-01,7.033488730314004789e-01,6.742503486914223076e-01,6.244880090348680080e-01,6.211710995608619168e-01,6.025207201532051249e-01,5.877485204626714532e-01,5.341176585152578316e-01,5.218969621923996716e-01,5.140193941461053129e-01,4.737613127034667748e-01,4.149044050735368749e-01,3.192063509143884259e-01,2.695544554742924648e-01,1.651628601480009673e-01,1.192826281978816017e-01,8.072105220226832856e-02,2.773901745936369068e-02
7.500630000000000000e+05,9.619371617235499272e-01,8.847887280515184250e-01,8.698949744319344202e-01,8.218821005723768724e-01,8.096372595309986320e-01,7.394743571255503189e-01,6.561668081993509150e-01,6.226099397311657402e-01,5.775720797632659664e-01,5.426267140137013278e-01,5.422021544070509957e-01,5.138823012428659354e-01,4.225880653810917265e-01,4.187658588375029467e-01,3.890634770842332779e-01,2.395485787250950516e-01,1.391597729049790511e-01,1.115194169035395033e-01,6.344635226965600339e-02,3.985674538775962894e-03
7.500640000000000000e+05,9.993123277524078585e-01,9.693768599053388391e-01,9.678997262739386098e-01,9.477485093198199095e-01,8.257812094868067776e-01,8.211228191904612617e-01,7.747712106823658740e-01,5.964386064108028185e-01,5.884276204172459446e-01,5.806909487710751883e-01,4.935910427492392616e-01,3.942888797815219393e-01,3.826069390265468551e-01,3.392261844663533310e-01,3.371670015358033679e-01,3.325373050739963698e-01,1.574733331983156903e-01,1.051715351633010220e-01,2.654874116144401164e-02,1.159796671224688769e-02
7.500650000000000000e+05,9.789140478651028321e-01,9.719226998424067565e-01,9.592324046338654986e-01,8.451442406921617634e-01,7.992093128870119134e-01,7.410363231772637560e-01,7.342393998927402299e-01,6.628798843002472463e-01,6.322800636842674793e-01,6.217240984053004071e-01,5.758160539034845593e-01,3.807359327579883379e-01,3.276576959523511690e-01,3.105355936517486537e-01,2.383414906448830806e-01,2.336075357686020482e-01,1.774622609821812080e-01,1.560565366003192622e-01,8.403679621381665577e-02,2.502169091653927424e-02
7.500660000000000000e+05,8.500719907556890664e-01,8.498104625647261434e-01,8.471345844879998310e-01,7.757692579041339798e-01,7.595436416664737012e-01,6.200476732178847872e-01,5.343958489498126241e-01,5.153091919001092647e-01,4.214598563429463596e-01,4.080453673227305567e-01,3.988810900515291635e-01,3.858007862074559480e-01,3.709139015826967700e-01,2.357342097126290392e-01,2.264557365377224407e-01,1.669420690795241358e-01,1.006423393919049225e-01,6.240580996329336827e-02,4.924308012853539918e-02,5.990161351352885077e-03
7.500670000000000000e+05,9.532913910268290270e-01,8.660752261144042397e-01,7.908664295933477417e-01,6.347715423590492012e-01,6.143908759941391073e-01,6.064620717506287173e-01,3.731312144328845504e-01,3.657774685502835910e-01,3.544158473327707615e-01,3.539184880121925003e-01,2.929754368928316755e-01,2.815153720452033825e-01,2.504836283696716404e-01,2.461249871381478993e-01,2.059161382309078192e-01,1.289268724713008574e-01,1.180799597068465934e-01,7.262042230687615341e-02,5.794474188787079871e-02,3.126260700741001486e-02
7.500680000000000000e+05,9.847012133462991201e-01,8.493203406526679267e-01,8.411582607466715489e-01,7.978079224467202746e-01,7.965331767165668708e-01,7.294007105234211474e-01,6.895978465603560537e-01,6.494136890770028092e-01,6.075035795214098755e-01,5.396884312350858082e-01,5.100574584806456535e-01,4.915187687441618936e-01,4.856645426575916247e-01,4.625626047707774857e-01,4.543822407556910026e-01,3.082151573242135623e-01,2.552569449456985051e-01,2.379484853386033549e-01,1.867240359327605459e-01,1.760156162191126583e-01
7.500690000000000000e+05,9.558139917343467795e-01,9.446794078316311793e-01,8.970923011166207495e-01,8.907302973683551839e-01,8.200422706206073054e-01,7.662031372728459466e-01,7.350161977295751603e-01,6.989829202165961375e-01,6.962619546289963157e-01,6.696424373385114759e-01,4.870906408360833328e-01,4.174693997429617109e-01,3.424166998789407446e-01,3.033930938635691632e-01,2.300697742493852394e-01,2.297215543499635526e-01,2.184463897143898992e-01,1.594205556440183580e-01,9.162476270628672204e-02,8.646495161142708774e-02
7.500700000000000000e+05,9.826236775873844476e-01,9.672332361755904273e-01,9.028066516982262701e-01,8.950855440649555517e-01,8.445366548180121002e-01,8.424863395717715475e-01,8.147051232991329162e-01,7.833417120076493489e-01,7.546085105627006184e-01,7.226891308468458286e-01,6.314688312577105833e-01,5.061459878073264473e-01,5.009036162272729742e-01,4.262101901487028721e-01,3.759041802828073653e-01,2.215247962508147817e-01,2.102200270394984916e-01,1.366291569728771416e-01,1.191765365551662459e-01,6.593778988827858623e-02
7.500710000000000000e+05,9.229638509144033609e-01,8.836363140762595325e-01,8.780570694514433505e-01,8.751809606880239789e-01,6.963525276767321692e-01,6.945401436848273047e-01,6.759984328415277188e-01,6.731668257621126195e-01,6.310048206401805970e-01,5.947159091450620050e-01,5.155641520432706626e-01,5.117405985848931804e-01,4.389382331890014921e-01,3.704792093530187014e-01,3.677136124262488925e-01,3.286289657305964118e-01,2.787164138596524010e-01,2.720019853742874361e-01,3.008241001584965879e-02,7.819059511713355448e-04
7.500720000000000000e+05,9.885105497361783566e-01,9.252329859626936548e-01,8.886844339279507121e-01,8.692599445736982622e-01,8.676269457525005446e-01,7.548787298830701431e-01,7.027218116292419658e-01,6.635255889250487593e-01,5.902908959213022388e-01,5.377323744663796701e-01,4.438959725610801543e-01,2.983527801416413494e-01,2.960114293831717092e-01,2.542556301247990147e-01,2.408102579611448579e-01,1.912924777572629909e-01,1.852135943178304656e-01,1.249621859755470910e-01,7.320541448616579849e-02,6.216885870186428242e-03
7.500730000000000000e+05,9.780437092639753249e-01,9.624781754508187070e-01,9.315729599881977796e-01,8.597266650387501707e-01,8.208054917560032582e-01,8.004517279744807201e-01,7.885800875890282002e-01,7.815823405673608670e-01,7.479788635475775882e-01,7.005359840941879357e-01,6.566801803911849200e-01,3.851074671263281513e-01,3.797807914274947683e-01,3.146251153788987009e-01,2.951727664056393863e-01,2.796268462708906277e-01,2.211258383496015334e-01,1.622533812418912591e-01,1.541617344915590104e-01,1.214984054494744337e-01
7.500740000000000000e+05,9.904907545288751392e-01,9.760488843176514662e-01,9.033468248501093090e-01,8.749852060510110441e-01,8.487163176641449036e-01,8.434378164517873921e-01,8.099289149791003561e-01,7.546524197467062711e-01,5.737298141937450247e-01,5.529226640344742094e-01,5.372918349795410276e-01,4.449984597938312358e-01,4.108977877354117458e-01,4.011893971746720577e-01,3.608547563466100172e-01,2.197318040102224090e-01,1.931548411354891970e-01,1.839186280947638918e-01,1.531692222747731424e-01,6.904074141842075907e-02
7.500750000000000000e+05,9.021503991428784230e-01,8.827418371189035273e-01,8.117142827395052995e-01,7.727868493838089270e-01,6.161809097660642109e-01,5.882702315531980197e-01,5.424102692883834287e-01,4.058659592285868145e-01,3.811214806924362319e-01,3.577667889914801780e-01,3.553024775694048065e-01,3.235240958094811603e-01,2.621118491061917855e-01,2.342925049363158152e-01,2.271828642211692895e-01,2.186057181018584705e-01,1.906769933681997653e-01,1.512967213390010723e-01,1.424654278972001809e-01,8.613307780587964313e-02
7.500760000000000000e+05,9.745733665263649481e-01,9.698543397290677603e-01,9.697275480347689047e-01,9.440049551092214442e-01,9.339983237620684831e-01,8.537906487450194204e-01,7.657755661690361926e-01,7.045139757040768114e-01,6.712490397654135021e-01,6.338470464763678036e-01,4.760628309068465347e-01,2.436653647943131107e-01,1.674599072198512673e-01,1.668988204304713285e-01,1.640904397904578982e-01,1.619118908233766474e-01,1.616160665156541887e-01,1.442987812345556398e-01,1.440683830605345994e-01,3.020561698453816390e-02
7.500770000000000000e+05,9.347400722451598698e-01,8.467739570835124407e-01,7.953936079603176612e-01,7.359351067251901357e-01,5.728681489346044708e-01,5.646056265064359758e-01,5.630096358901944820e-01,5.404937526563703409e-01,5.149064130119972438e-01,5.123415050589679165e-01,4.072975852265008356e-01,3.528539653441802315e-01,3.305875410186789320e-01,3.241609031725865009e-01,3.212946949409025699e-01,3.021149844510756521e-01,1.516125902726634944e-01,1.184718997590894496e-01,9.639668024269520963e-02,3.576062552357028856e-02
7.500780000000000000e+05,9.434149807697368439e-01,9.145946390473999044e-01,8.806757135206643161e-01,8.735141179141734380e-01,7.429027345393851567e-01,7.311961381887942535e-01,6.877375337409069589e-01,6.669278385175035906e-01,6.396645026468791295e-01,5.850142903686418316e-01,5.408597578235865289e-01,5.050672891098815231e-01,4.305323591862824095e-01,3.821740723091828773e-01,3.535327853858456493e-01,3.390416538449360084e-01,1.856796910713208737e-01,1.488339931211637435e-01,1.080379889868445797e-01,1.024325634307543531e-02
7.500790000000000000e+05,9.956591654976725270e-01,9.849935387137291887e-01,8.629560362897222836e-01,8.407026259141924251e-01,7.757245662547347376e-01,7.654303108994338078e-01,7.292221053786880347e-01,7.258328028991506420e-01,7.019706351978420855e-01,6.231319148015038722e-01,4.485215863471269104e-01,2.842526483316958341e-01,2.592777288496724841e-01,2.188974076864843576e-01,2.166460878453575489e-01,2.166294634722586432e-01,7.086621778835511254e-02,5.756270576105659842e-02,4.285533224114645989e-02,3.323338829013156026e-02
7.500800000000000000e+05,9.717962411357403685e-01,8.902794719407770563e-01,8.378025532796491426e-01,8.223231062917831791e-01,8.090719780205748446e-01,7.989804377019150694e-01,6.996371068857638598e-01,5.793328794124894543e-01,5.662572658247290169e-01,5.619817876243814458e-01,5.220325923706494731e-01,4.827357928269201404e-01,4.559567848982430949e-01,3.779494186616398910e-01,3.651917515132825365e-01,7.596425889795355157e-02,6.523189335737866745e-02,4.601033076418936663e-02,4.012361645637840812e-02,3.012736749557365368e-02
7.500810000000000000e+05,9.805629128136607031e-01,9.779484274778234010e-01,9.582828749672858137e-01,9.553975466649364812e-01,9.036290187056253975e-01,8.604968876051188875e-01,8.333589289249230259e-01,8.215367518293413829e-01,7.907961393996970623e-01,7.391934724171372872e-01,5.190090310780764993e-01,3.608575710301340500e-01,3.423050977230612801e-01,2.898546548091676112e-01,2.739205665127139033e-01,2.611522151129799241e-01,2.356963976205465050e-01,1.864781372660564429e-01,1.140647608275222602e-01,5.087366629032863408e-03
7.500820000000000000e+05,8.856995245947659745e-01,8.844225566209406031e-01,8.168503788059544579e-01,8.148343392789334505e-01,8.144730431060709375e-01,8.043156725425444353e-01,7.245967071278511806e-01,6.828864344874499004e-01,6.642827470734924411e-01,6.565859123048094492e-01,6.480856566505207583e-01,6.037111074017277312e-01,5.665083194953276502e-01,4.770503639883566516e-01,3.406409642942189731e-01,2.455932262688744760e-01,2.368952266739152712e-01,2.130220374478924983e-01,1.703999564729617999e-01,1.219122291177598960e-01
7.500830000000000000e+05,8.107572176822618326e-01,7.720427681721167001e-01,7.363616887935369171e-01,7.322546128824818368e-01,7.104631190004412344e-01,6.812039562150895566e-01,6.580958593300418880e-01,6.142824684729684126e-01,5.053288306061862745e-01,3.954344006270956724e-01,2.905661142538840114e-01,2.894227574574008699e-01,2.408149830235487565e-01,1.689501578486440891e-01,1.521818744416719715e-01,1.166940424553889466e-01,1.059003071186305212e-01,1.039660347097368653e-01,8.155524782388179350e-02,1.146275336195257122e-02
7.500840000000000000e+05,9.869655783290092188e-01,9.829727628326953015e-01,9.709240805333565483e-01,8.325087897710181650e-01,7.985753699564800412e-01,7.939640860710711623e-01,7.657897562993928320e-01,7.172740252441600628e-01,5.704361058156323105e-01,5.242605718540284121e-01,5.230187066771545545e-01,4.766715248568381691e-01,4.330596731922817799e-01,3.722583056429350501e-01,3.672494472516830699e-01,3.565668112703246351e-01,3.557953042463578575e-01,3.292076475044397599e-01,2.119793545345456387e-01,1.605076926505079049e-01
7.500850000000000000e+05,9.969199498633752876e-01,9.822965697942127594e-01,8.629130586366915434e-01,8.373854792791274315e-01,7.670351589541748449e-01,7.669743816175130791e-01,7.207801537114735257e-01,7.007444027052742719e-01,6.567081198737100278e-01,5.969174550527437395e-01,4.735611058461584033e-01,3.922301884505206004e-01,3.782821973032670648e-01,3.350691214121784833e-01,2.909544409356433770e-01,2.510689585270234891e-01,1.962142167780467350e-01,1.887291573820699675e-01,1.297985758275942425e-01,1.177739620486958350e-01
7.500860000000000000e+05,9.500809027255538997e-01,9.379809871319394476e-01,8.962133608021264353e-01,7.145426402272397892e-01,7.132349417654257895e-01,6.847844145067211175e-01,6.296118342647180066e-01,5.850265720462671792e-01,5.704781795007256573e-01,3.891500925888848883e-01,3.262598362615746206e-01,3.025987751815634175e-01,2.211519145230363970e-01,2.176629967541168220e-01,1.954545739210223898e-01,1.479832498293114362e-01,5.317741690134769605e-02,3.744399450440349941e-02,2.197121899956100410e-02,1.834913107850966174e-02
7.500870000000000000e+05,9.657547788288320945e-01,9.240667017779424786e-01,9.066053565576497331e-01,8.651724372358217119e-01,8.031875360750431181e-01,4.882789070486281968e-01,4.071603924800364371e-01,3.922340548085413436e-01,3.232762673859147506e-01,3.134852966093019111e-01,2.813696894456221287e-01,2.534022216611336864e-01,1.896750022743629582e-01,1.829660592029556110e-01,1.728891268526540070e-01,7.790943065770672415e-02,6.727784361478550412e-02,6.333807365712118553e-02,6.165288812086955339e-02,3.858664284952040280e-02
7.500880000000000000e+05,9.656287771433356149e-01,9.523763997542143978e-01,9.092870855850789802e-01,8.877174024186561541e-01,8.499140939723537347e-01,8.142363494682880454e-01,7.964429593294555243e-01,7.705728882618626541e-01,6.472430499694918904e-01,5.643726041154839557e-01,4.284816977254021220e-01,4.252401374976692017e-01,3.673998214661976514e-01,3.535954104402199150e-01,3.397348216444592284e-01,1.608089858033351360e-01,1.511473104309384308e-01,8.986191930796338934e-02,6.272385316730844096e-02,3.733753395232264349e-02
7.500890000000000000e+05,9.309571299571776093e-01,8.296033124777992818e-01,7.375398725848107961e-01,6.861119489964989659e-01,5.702187072458548833e-01,5.258184445048008637e-01,5.053075752454027070e-01,4.361474113465060309e-01,4.278906878574340045e-01,3.891375636960680007e-01,3.465721348488651765e-01,3.382343675410680595e-01,3.067840552585801017e-01,3.021190082040219327e-01,2.898913070806753423e-01,2.818485230468377178e-01,2.810565613704562038e-01,2.376903025121890334e-01,1.038726278841926032e-01,4.977638824993146915e-02
7.500900000000000000e+05,8.378568188501516190e-01,8.377800209241651475e-01,8.346743030791250462e-01,7.937488220867855437e-01,7.069673703857006775e-01,7.050645128148186336e-01,6.744087799660862803e-01,6.531700593167304447e-01,5.709729911433146787e-01,5.050934972202285600e-01,3.158692858873288767e-01,2.555497418439148793e-01,2.425009154706355696e-01,2.181143829350680186e-01,1.344535668854798249e-01,1.185545913315836364e-01,1.127549459723314884e-01,9.028862073847743197e-02,8.917286892423392786e-02,8.876011541877981692e-02
7.500910000000000000e+05,9.971897612574321945e-01,9.851330810090779266e-01,8.787643471569038800e-01,8.350470234657115798e-01,8.322747008378756917e-01,8.066544308428275079e-01,8.055019892036781037e-01,7.652566209143877307e-01,7.268349865374880148e-01,6.917923744642635597e-01,6.666105732419445040e-01,6.084291797672153335e-01,5.464123351575077558e-01,4.585099533701100238e-01,3.266798373327511884e-01,1.879641958030329185e-01,1.671006346007604115e-01,1.400447457468176893e-01,7.559730633180616888e-02,4.405786808949396782e-02
7.500920000000000000e+05,9.310319029658431500e-01,9.022842408490121535e-01,8.945564049665920558e-01,8.493970202615193088e-01,7.995604891168938133e-01,7.314516681996501291e-01,6.398365214387028432e-01,6.230040582319481546e-01,6.148012791600263593e-01,6.044532298747563592e-01,5.765751318636683775e-01,5.307462593288153618e-01,4.654357663156523106e-01,3.986771388935067550e-01,3.112025180273387814e-01,2.751323911906767838e-01,1.767378807040898003e-01,1.253698160995856403e-01,1.074805234492590689e-01,7.559851631366754088e-02
7.500930000000000000e+05,9.665742977584110829e-01,9.662541129361651437e-01,9.229541376734770042e-01,9.219135873653432345e-01,9.043579125551475251e-01,8.094450281053457985e-01,7.887143629431451197e-01,7.651139976455128000e-01,7.236682863214696226e-01,7.045706342856393745e-01,5.623464813300268483e-01,5.574060208074766987e-01,3.460914755147341815e-01,3.196846890513118655e-01,1.925066322853962175e-01,1.898535760690216456e-01,1.257529851777858809e-01,1.125763338843386308e-01,9.508169580070113813e-02,6.956631796014467461e-02
7.500940000000000000e+05,9.334291773174216988e-01,9.279258593743218153e-01,9.262824152790097854e-01,9.032219283376115015e-01,8.327053688192022074e-01,8.284630223205086130e-01,7.062408963422337482e-01,6.848717902274601421e-01,6.590691290777320743e-01,5.719063711598719735e-01,4.760900171909518974e-01,4.622148424562209090e-01,3.304618835555779288e-01,2.882192283935149923e-01,1.263349913980410522e-01,1.078286473575189586e-01,4.099530515060811897e-02,3.408621762808883293e-02,1.843810555472125134e-02,2.250553581828129701e-03
7.500950000000000000e+05,9.981666528660209092e-01,9.817062449940214819e-01,9.811934250353583353e-01,9.349021671590241889e-01,9.200790924168391616e-01,9.085160657976923959e-01,8.787961758865359130e-01,8.653061175035104968e-01,7.315441580733135218e-01,6.990247846019871369e-01,6.131851550992648558e-01,3.704292603660658267e-01,3.235062096784225849e-01,2.823205052741546428e-01,2.750482100135404062e-01,2.182301207592128867e-01,2.108562768382623576e-01,2.093562247761693307e-01,1.421704810207069514e-01,1.078767541004986841e-01
7.500960000000000000e+05,9.575433481408708314e-01,9.241603102509390322e-01,9.042006106405731103e-01,7.899362924238887418e-01,7.256257650410300464e-01,6.800469495294579891e-01,6.683973757663684845e-01,5.921824241330719829e-01,5.669264392425088506e-01,5.499349835408534615e-01,5.026016744786867552e-01,4.938951091110836966e-01,4.393938403675953230e-01,4.171966996061027277e-01,2.595578989584110818e-01,2.507418336711655371e-01,2.244485667649235294e-01,1.384171342998583576e-01,1.348792793055790806e-01,1.094586402723891627e-01
7.500970000000000000e+05,9.524316624632211958e-01,8.895320403538797827e-01,8.684843516443642164e-01,8.212468249667759235e-01,7.510477537713204921e-01,7.418558468183245047e-01,7.040777154148809558e-01,6.958297198373321057e-01,5.236366465828530270e-01,4.332393757982786475e-01,3.524990369653122624e-01,2.970178366379873092e-01,2.954828046598790836e-01,2.707645000841809590e-01,2.666182440708240176e-01,2.338383767498526389e-01,1.732604357290958852e-01,1.218288589714118242e-01,6.861081137859081913e-02,2.159236466679625988e-02
7.500980000000000000e+05,9.603677710690327052e-01,9.309964602454618987e-01,9.215989862582628644e-01,7.840373837307934579e-01,7.006682071736654027e-01,6.828368945297383918e-01,6.403296223196019987e-01,6.295287616059878077e-01,5.827371790841722188e-01,5.346606779790632480e-01,4.033363948764714380e-01,3.852398335687976516e-01,3.657789591584243993e-01,3.289123052957789728e-01,3.014013301609859141e-01,2.960603769448048039e-01,2.139008701663925871e-01,1.580184038281348124e-01,6.451910254923221011e-02,4.500387550227080702e-03
7.500990000000000000e+05,9.916188154546262679e-01,9.738875284374166608e-01,9.472560308988082767e-01,8.990919206670177077e-01,8.931182126640871966e-01,8.910374027326430912e-01,8.786262586483045700e-01,8.213442994766132488e-01,7.990971633240161465e-01,7.676992715365016373e-01,7.515270878512004815e-01,7.361871583660559715e-01,5.044171115667651639e-01,3.744986637371225946e-01,3.332807627720847377e-01,9.158022997894876838e-02,8.422205525486958777e-02,4.550907048555519196e-02,3.340942729030527136e-02,2.289292993221780925e-03
