4.900000000000000000e+05,5.710659479585600273e-03,1.010945517521664838e+00,2.896695349519027740e+00,3.074950942794106190e+00,9.326458483133648336e-01,7.297984788282836366e-01,4.345820341989362623e-01,5.625975957549327333e+00,4.877821185355458944e+00,3.578321121515605441e+00,2.998895518162241203e+00,4.165752190429516943e-02,9.657789681392470182e-02,4.336691295140166602e+00,1.065276848184346647e+00,1.521589554533784572e+01,2.144258712102796061e+00,8.874078690748183007e+00,7.347558272955649450e+00,9.163926206575151667e+00
4.900010000000000000e+05,4.090100075489477849e-02,1.701835366976401032e+00,1.514273129656632744e+00,1.716293943854463766e+00,5.315790688375565676e-02,5.562040028786745083e+00,6.585941113818201131e+00,1.234688060453921210e+00,9.737786291692556162e-01,1.143409996497932735e+00,9.877500536521168328e+00,8.894159991050727854e+00,1.152236053491657231e+01,1.370261150220542312e+01,6.510773646050390440e+00,1.142413340991258508e+01,1.026486209269350169e+01,5.627953386774967370e+00,4.045838287713052317e+00,4.177415811357896303e+00
4.900020000000000000e+05,9.085158615665984705e-01,1.710713141550128658e+00,1.789485995468801161e+00,2.697706745129150541e+00,1.007207977353862249e+00,3.023038802993663676e+00,5.407595563801370631e+00,3.560455539352672005e+00,4.888491837004096396e+00,4.643155554033434385e+00,7.444886391991765606e+00,7.953109331653620551e+00,1.217011369133978604e+01,7.920962019234866425e+00,1.138954862296564663e+01,1.233838715673575415e+01,1.322948491832400286e+01,1.771735449624325298e+01,1.882343234145785615e+01,1.873999262022227086e+01
4.900030000000000000e+05,5.109370646699162855e-02,3.983170513295453130e-01,2.954958723374700114e+00,2.109464277675465738e-02,2.436192259159486007e+00,8.593101135377712030e-01,6.610728862035085029e+00,9.206302641258465869e-01,4.394115718590253294e+00,1.697344865980786599e+00,9.307723612585697026e+00,5.545435729561715377e+00,1.190853789681167108e+01,1.128821692873671978e+01,6.152381091349444553e+00,1.212782706027626034e+01,1.024833689771963208e+01,1.683800123645172775e+01,1.342753435859418332e+01,5.626908079348780234e+00
4.900040000000000000e+05,3.152641619981567667e-01,1.256954031665403315e+00,1.725930614725162071e+00,8.247853873914738898e-01,2.183813816950950670e+00,4.271241158712713037e+00,2.085720555583976399e+00,6.425005157454060090e+00,8.836677817661730217e+00,9.889037036934253067e+00,2.972984079425509130e+00,7.692399185437723830e+00,9.619283293037524274e+00,1.121573415477049984e+01,2.802327175253911840e+00,1.149328292223838766e+01,9.201212519122183409e+00,1.315848902425313582e+01,2.205854368120874209e-01,1.870154358310902865e+01
4.900050000000000000e+05,8.099903468252815930e-01,1.238784629623606026e+00,4.278967768933705784e-02,1.535145982926293229e+00,2.752245592408116170e+00,5.277206960364495991e+00,6.590219152706945138e+00,5.184727078526456090e+00,2.447078310596498163e+00,7.892689112875680202e+00,1.366540306083969369e+00,3.274580949058974344e+00,7.213923148579527655e+00,1.075019668191565003e+01,4.668105654285750639e+00,6.305162223075631900e+00,7.671664614570407714e+00,1.137132412642180768e+01,3.847465241967573668e-01,1.939948365335182956e+01
4.900060000000000000e+05,2.256411327399199251e-01,3.754664375084102446e-01,1.781039601781808868e+00,3.350550129340256866e+00,1.634922639434642777e+00,1.111053574599667471e-01,2.093261577518064964e+00,8.845796195014861141e-01,5.757141590001728648e-01,7.014413090560001063e-01,7.755688544328113387e+00,3.776541512899445063e+00,1.156747101757098406e+01,9.986086445544255952e+00,3.628521775279594408e+00,9.408701749767256928e+00,1.467668919203377342e+01,1.067194273495331736e+01,1.840000491806058847e+01,5.416585091669063878e+00
4.900070000000000000e+05,3.790362002554804599e-01,6.920181328494654505e-01,1.413850509057269500e-01,2.700423528728745470e+00,3.540718150988601653e+00,4.242000204695733245e+00,3.893156276778642955e+00,4.244947096978417989e+00,8.420248729654348452e+00,5.605543240412558248e-01,9.224340245654591541e+00,7.936856601832923630e+00,6.088303294966618928e+00,6.497202833083411733e+00,7.355236579334270886e+00,1.127691595748666487e+01,9.778162470423854558e+00,5.731404811654850384e+00,1.592152116756935065e+01,1.098806820095589565e+01
4.900080000000000000e+05,6.346424081011760032e-01,1.625948628142710461e-01,1.125361533007831483e+00,2.934002286492899625e+00,3.852307917923213587e+00,4.305349343094929004e+00,2.846127067676647027e+00,8.808644986363116658e-01,9.533856151645351273e-01,2.820977280031299550e+00,4.979584403927781011e+00,9.414774070293375985e+00,5.914274718705148537e+00,2.159841283940465040e+00,5.986928746900442633e+00,7.629203997693167594e+00,3.007981454949013589e+00,6.007689790840020194e+00,1.588701154253323189e+01,1.190163594668622160e+01
4.900090000000000000e+05,4.260084722347881048e-01,1.214196834821544391e+00,2.622942637963429302e+00,2.547551900195061947e-01,3.015029722335651918e+00,8.780592099198869516e-01,5.346974524204349821e-01,2.073727633689606442e+00,7.077136112536487111e+00,1.025060350490147876e+00,9.167110773403347679e+00,7.402235250361400176e+00,1.275641956632807528e+01,1.105249053892420896e+00,3.550908508977095757e+00,5.079444973505529148e+00,3.398833401170054280e+00,8.329246376389844997e+00,1.748275863676389008e+01,7.704765329286445308e+00
4.900100000000000000e+05,7.657719089627811337e-01,1.198274568673249441e+00,2.087576463258226767e+00,3.041969150659796117e+00,2.353634525833165458e+00,3.191080464450372300e+00,3.095824945311065335e+00,7.404974242936691375e+00,4.089768856629156346e+00,2.630007922826216316e+00,7.280175313858519459e+00,2.239551418234579927e+00,3.392146184799885500e+00,8.604969647470523952e+00,8.565308120429921956e+00,8.571661744601035693e+00,6.957466844863601452e+00,8.732237154314383076e+00,6.458297150430347244e+00,9.112039725024697390e+00
4.900110000000000000e+05,7.234904490489950657e-01,1.777793727685339276e+00,7.908125388840259173e-02,6.493325211573894862e-01,2.580422232428002616e+00,2.529090877024461115e+00,5.101710437218041072e+00,5.319357135629622313e+00,4.414060341451289560e+00,5.563304283173974518e+00,1.004045348254269321e+01,1.365855065646761179e+00,2.936928025576095447e+00,1.845196298152047110e+00,3.441042975388431735e+00,1.407575336690775636e+01,5.337316783718613067e+00,5.776226793702879725e+00,1.411742389875238679e+01,1.474463650912641199e+01
4.900120000000000000e+05,6.183697735382861493e-01,1.129446032032339398e+00,1.543553978877138189e+00,3.835317377531338945e+00,1.905080415558763729e+00,2.209948865167834953e+00,5.947129862224977970e+00,2.027933479310544129e-01,5.195205328591392835e+00,7.039656448991347126e+00,9.526903293238305537e+00,1.201094597952279130e-01,1.287205581522345277e+01,1.245303183776693245e+01,9.536791868649698856e+00,8.625789359344453899e+00,1.328758512538457559e+01,9.611638879471248842e+00,1.189434382370755472e+01,3.574318239603930802e+00
4.900130000000000000e+05,3.806437827000768159e-01,4.358433150472929007e-02,1.478706214180755651e+00,1.291185812569761726e+00,2.898480223471885608e+00,9.032617267823006557e-01,6.424476499866559331e-01,7.240129367999909249e+00,5.037043146475420841e+00,9.855440785029756512e-01,4.879911228978351723e+00,1.075306462306202171e+01,1.083909400655640631e+01,8.249123899960817852e+00,8.320689266695378450e+00,8.971373490518070426e+00,5.846914197595942220e+00,6.042921639342210050e+00,9.253377677743538143e+00,5.540552993727454023e+00
4.900140000000000000e+05,2.027372604982111692e-01,1.996079499605985630e+00,1.087031212754007381e+00,5.064532600144922014e-01,4.797450548847898233e+00,5.101551472775691209e+00,1.100040325654425111e+00,6.416424750907001595e-02,3.559163738576361924e-01,4.513185201922931267e-01,4.172984713192667172e+00,8.544233860013179083e+00,8.146271747625873916e-01,1.182978970609479852e+01,6.808923198998109605e+00,1.437908725946668476e+01,1.560416411396957770e+01,6.295556456790114552e+00,7.843005921555331383e+00,1.858884151502155913e+00
4.900150000000000000e+05,9.780033421927969428e-01,1.089806198696386730e+00,1.566749847673931884e+00,3.552720095897572428e+00,4.100029644648653715e+00,3.213362494326186258e+00,4.693422562846356172e+00,6.897610925811392235e+00,1.881896147608852488e+00,4.039311248952753175e+00,9.295470948567997604e-01,6.798778457810870535e+00,2.218659729730070751e+00,4.331744053864092336e+00,7.252512944836894349e+00,2.360478463819344341e-01,9.785942806176783915e-02,1.345213338485737786e+01,1.277937567068471303e+01,2.670824688436992389e+00
4.900160000000000000e+05,5.165966010877076631e-01,2.989109185149252390e-02,2.032586203663500513e+00,3.977402876885304472e+00,4.193780912921107884e-03,8.795228318526329137e-01,5.229626499950020602e+00,1.269062251047201606e+00,2.374457557516218564e+00,2.539352193797983492e-01,3.648665226895805525e+00,1.179759508521770428e+01,5.960820789877303127e+00,1.384717169378476243e+01,3.358680725974164005e+00,6.785236152658630004e+00,1.044128705568548554e+01,5.641109893857418900e-01,1.523779046196027132e+01,1.198020429275130994e+01
4.900170000000000000e+05,3.266489913055515837e-01,1.111468622849729027e+00,7.911877147751190664e-01,1.707811399057438617e+00,5.746170306040049303e-01,2.998513346580496730e+00,3.215112651790335008e+00,2.041536434756674900e+00,8.397866429031697777e+00,1.954682201985994405e+00,1.001034846260552946e+00,1.996743259678240179e+00,3.812141433561291759e+00,6.176317428081670169e-01,1.382999260545756393e+01,5.320893445019551748e+00,9.880488418079721669e+00,5.819470201222106454e+00,2.706469187439778601e+00,1.192863980354869291e+01
4.900180000000000000e+05,8.350772658930512016e-01,1.201226523956571146e+00,1.830331413592589662e+00,2.196494710089063940e+00,1.481707780128533880e+00,6.379550445073118858e-01,6.281986410276688026e+00,4.124156666186836517e+00,8.923360368113852914e-01,2.703514305612209068e+00,1.019554764968587435e+01,3.951044982609027478e+00,6.638426916199334116e+00,7.842600031277591199e+00,2.056749880611982384e+00,7.655007014749450889e+00,1.534568753651956818e+01,1.269823194630318142e+01,5.095187181278073574e+00,1.871359802514210458e+01
4.900190000000000000e+05,4.282057393002028922e-01,7.921103270348208714e-01,2.375116232359486990e+00,1.065673685104107093e+00,9.235538717503927186e-01,2.366109368541971847e+00,1.350451416085506562e+00,4.829819828617517352e+00,6.666218703609377849e-01,2.177415492719343426e+00,4.779646207012259396e+00,5.198389484080690792e+00,1.081920688737862690e+01,1.783627861783387836e-02,3.139852759459595521e+00,5.173453062168441363e+00,3.225742175057816574e+00,1.796385629650487203e+01,1.107642949976353819e+01,4.938398374232026988e+00
4.900200000000000000e+05,3.457559591321277548e-01,5.221329927653874936e-01,2.097364324803761004e-01,3.171455718067064833e+00,4.528097987688564530e+00,2.865586590418329749e+00,5.164396995230584153e+00,3.352589985594060629e+00,7.120629141768658243e+00,2.087664848791731309e+00,3.870261030477670339e+00,4.983806920563054632e+00,1.104097181946581330e+01,8.976301123725288988e+00,1.457643145872554769e+01,1.575717216456224889e+01,4.437080740710706905e+00,2.671541859147779530e+00,9.594342727161254913e+00,1.680590852661991708e+00
4.900210000000000000e+05,7.709939831731493776e-01,1.181176638166403947e+00,2.365832135005222270e+00,3.989469122435761239e+00,2.595154871180178180e+00,2.138414802945647786e+00,6.527911198521136882e+00,4.138160114755937258e+00,7.988706777880684173e-01,6.295141697376171130e+00,1.060048010884409564e+01,1.825032467871239739e+00,5.820043939554494727e+00,8.634086484998704236e-02,1.099367219244805938e+01,5.032479995787397797e-02,1.348363464026503600e+01,9.479587330415535362e+00,5.986330460264412068e+00,4.084708321005646070e+00
4.900220000000000000e+05,2.321958527666219130e-01,1.052426036279884514e+00,2.374235663955519549e+00,3.074492872868823667e+00,3.901645673188205432e+00,2.518442398790479597e+00,8.780640518704121433e-01,3.634759268912732821e-01,8.403003980498342074e+00,8.885454731129605932e+00,4.558789883720817393e+00,6.389410671126830366e+00,1.283179310296732645e+01,1.249528459085289001e+01,7.182883439301786410e+00,1.489297062699909624e+01,4.550777556744857399e+00,1.731076645701794536e+00,1.124144937065044658e+01,8.471908627798717006e+00
4.900230000000000000e+05,5.431523191637790404e-01,5.074974968444341261e-01,2.614722573512406889e+00,1.684190804479482217e+00,4.048906652723180066e+00,5.226302367504986002e+00,6.230527412933239972e+00,4.594097648426216374e+00,7.356756823675724810e+00,2.832019581683705489e+00,2.780727767355222202e+00,1.649444848712876333e+00,1.167606853186497773e+01,7.542053523345385813e+00,6.518374489660886617e+00,1.328753858253974229e+01,1.156294036202312725e+01,9.635841860012947180e+00,8.839963962707722445e+00,1.986247989350363596e+01
4.900240000000000000e+05,4.636525872302265094e-01,3.235259537161891963e-01,1.263825146007711453e+00,2.156655477510617480e+00,2.987226607530196532e+00,1.430910431214135414e+00,3.142602437562957984e+00,2.825132047030566973e+00,2.555953423610488162e+00,7.133864364579021178e+00,4.292033111914257404e+00,1.064508992607801829e+01,1.122997229003764019e+01,5.497559493558294985e-01,3.811921831884712564e+00,1.048477588839346808e+01,7.845844255543534373e+00,5.590347269569349464e+00,1.124266881543431573e+00,1.294946394409437040e+01
4.900250000000000000e+05,1.249743003569955269e-01,1.158766659844061575e-01,2.650700450321322510e+00,1.229554220951946775e+00,1.326691771412253917e+00,4.418279430983611533e-01,7.886758498517858484e-01,8.302232324536129582e-01,7.463523258646326930e+00,4.562884885374784982e-01,5.050707794315147048e+00,8.731487992427695133e+00,6.786735192514057324e+00,7.430803100613466050e+00,6.136857982289490643e+00,1.254506078127755941e+01,1.116050504592211112e+01,1.413861911650170988e+01,4.018862680210267158e+00,1.200222932040271040e+01
4.900260000000000000e+05,1.477146670710354215e-01,3.960200116401955128e-01,1.220320027981371958e+00,3.854273952553436189e+00,2.997305078830192038e+00,9.040057292988223914e-02,1.803160571648784627e+00,4.580688240282404067e+00,4.151996525797218673e+00,9.705770898474540331e+00,1.089488246990267406e+01,3.270541752299489957e+00,5.698340912071981901e-01,1.290903985781003449e+01,3.219297955816149859e+00,1.162179876631415709e+01,1.527851439866580918e+01,7.611068256770936458e-01,4.441618815424396516e+00,1.258158112404493778e+01
4.900270000000000000e+05,6.652247013300354173e-01,7.667854909247926454e-01,1.667613035347674133e+00,1.266723088272683206e-01,2.148400097037128642e+00,4.729732313300664792e+00,3.688657161274515595e+00,4.338134520180910947e+00,3.876073267049549020e+00,3.567611689021750188e+00,4.958280639579879079e+00,3.612542235481669195e+00,1.552570879756564048e-01,1.050146898596206846e+01,4.476474853392064190e+00,5.507099110096433492e+00,1.320640466448278971e+01,4.868559338663736469e+00,2.898960449745226597e+00,1.259989347181225838e+01
4.900280000000000000e+05,1.574587803792458773e-01,9.786698404957698827e-01,2.708695568224083416e+00,1.672507667379336205e+00,1.200159246730041041e+00,5.580485087324813520e-01,5.823379415701435136e+00,4.459815976255345760e-01,4.702586048394320706e+00,5.152198566580140415e+00,1.252995384067002727e-01,7.736243172716094740e+00,6.256622742701218876e+00,9.703520742665598942e-01,4.076340839178010711e+00,7.678231084182987942e+00,2.260207780237368347e+00,3.809514891775775070e+00,3.749395346257615724e+00,1.233722963120380545e+00
4.900290000000000000e+05,5.327659078658892877e-01,1.813629758234130307e+00,2.105854662632256069e+00,1.690525537582196591e+00,4.592090031507193082e+00,1.516055266623068887e+00,2.828268275475550597e-01,7.460969834625430508e-01,3.202297065066422643e+00,8.804875972831702313e+00,6.121107253671637771e+00,1.166887583073307511e+01,2.726392757200085670e-01,1.889303063140370664e-01,2.186143239395064164e+00,1.011113044406174488e+01,8.650676801397592541e+00,1.090817881343895346e+00,1.680253410232831612e+01,1.061020685655584828e+01
4.900300000000000000e+05,1.803320803419821150e-01,1.412758257780883708e+00,6.504161004104231925e-01,1.681967029381995271e+00,4.793039329045761798e-01,4.619993027763245053e+00,6.476804435718539921e+00,2.058317091473168325e+00,7.026253200960134393e+00,3.224951854664650508e+00,1.260622842304873759e+00,5.129990287981775587e+00,1.127716017463927756e+01,6.759368727334844174e+00,4.627749609819774790e+00,9.206200929965932644e+00,1.383032756337575719e+01,3.001363288279722763e+00,1.491200743673946327e+01,2.726574913602544115e+00
4.900310000000000000e+05,8.952953846761041445e-01,1.081257404750986195e+00,1.200737923778869121e+00,1.149394209672047307e+00,2.654199277370854038e+00,3.628139330315265365e-01,2.224402219961744365e+00,8.261751139022361912e-01,4.960481571208500418e-01,2.993286765729352705e+00,2.510027183867161948e+00,5.457688335219222253e+00,1.148636645251380450e+01,1.151206101558203976e+01,3.552258657066165615e+00,1.379987024770391812e+01,7.422473993903794920e+00,4.616791642599378243e-01,1.579554302062414983e+01,9.910868610609227858e+00
4.900320000000000000e+05,6.103697372390758380e-01,8.074052661255084473e-01,2.209981327930903294e+00,7.062062280592704688e-01,4.836426377084475980e+00,6.299511590917787895e-01,6.032991613973526235e+00,7.039945573321190864e+00,5.581653877637770655e+00,8.965383444968232141e+00,9.773656116882461831e+00,3.802755119852707644e-01,1.031764958486737527e+01,7.513774679665238487e+00,4.135242846990053067e+00,6.627564437461881397e-01,1.303986832827171760e+00,3.129817532665425617e+00,1.062832429120306088e+01,9.240168361449203616e+00
4.900330000000000000e+05,7.908006708159103226e-01,6.249097476177833954e-01,2.619086520503838056e+00,1.323267335175016601e+00,2.514822973818298557e+00,1.624569237605212102e+00,5.213870983970632977e+00,1.353015862628730304e+00,5.521098982443978898e+00,4.950420756414658285e+00,7.963945141791448634e+00,1.116446661445394284e+01,4.818868958247668921e+00,1.157702869729364892e+01,4.861385782083582630e-01,4.612383428039979805e+00,4.806033258808154685e+00,8.502252447066192431e+00,4.821467052119015051e+00,9.313487625239622147e+00
4.900340000000000000e+05,5.434471957043386370e-01,1.217860621040635305e+00,1.853566032696456034e+00,3.827566717364439430e+00,1.497593744560453022e+00,3.491150607804609507e-01,4.142631364775509972e+00,3.131570158816087357e+00,3.323646746399256280e+00,9.446460327781536215e-01,6.158388038091672456e+00,5.036561160203933518e+00,9.953798177838397265e+00,1.877789211363158905e+00,6.838781865292239637e+00,1.095330643824358674e+01,1.354099600681965221e+01,4.364913368574397268e+00,4.195489081633585471e+00,1.184541102707727944e+00
4.900350000000000000e+05,8.262339278071505477e-01,6.044419251862049869e-01,1.912716273724099469e+00,1.695135616936373602e+00,1.047376265510944648e+00,5.639320383912586720e+00,5.421454471338542191e+00,6.017574897434751158e+00,7.144104348224340484e-01,2.849453842652549529e-01,3.832904685974849901e+00,8.363152873150653477e+00,1.101433154844271023e+01,3.081098457637176935e-02,1.374000388371898751e+01,1.021090618461916577e+01,1.741020990049112038e+00,1.586594115931358395e+01,1.141481773150560386e+01,1.545382354739364672e+01
4.900360000000000000e+05,5.957376466813530946e-01,1.790080752290268862e+00,4.267667854997764243e-01,1.278221171345294227e+00,1.556174068603873195e+00,5.287832232164020319e-01,4.595398170550488715e+00,6.455924331973635688e+00,8.689087130595925856e+00,7.892715836122399242e-01,1.719962369990744477e+00,8.033753048745694514e+00,1.719507616743291445e+00,7.893191237904574997e+00,8.706915515020282825e+00,5.752208442234355346e+00,3.363840126622434035e+00,2.594120722412625923e+00,1.333795941180716538e+00,6.844869518619487891e+00
4.900370000000000000e+05,1.736207052972763565e-01,2.423884889267116094e-01,4.324528133957520337e-01,3.727988297579096333e+00,3.753022939030997485e+00,4.825206579365758586e+00,1.504402626685789723e+00,4.825547341495188824e+00,1.744191410642386586e+00,6.564704903457075247e+00,1.322376794802209155e-01,2.276941010800983545e+00,1.145545020217284460e+01,9.748363750959725849e+00,3.677393553488361277e+00,5.260072270732827349e-01,1.518250589914836013e+01,1.644983141887039224e+01,8.654400365498169378e+00,1.490914765116096774e+01
4.900380000000000000e+05,8.816661812906922968e-02,9.438189247283323979e-01,8.652538132228104750e-03,3.369901699527154015e+00,1.318051243941907869e+00,3.537862869239347230e+00,5.238755145744065089e+00,7.694717263527346418e+00,2.301944430153889165e+00,3.330325882524465264e-02,8.497735629732805052e+00,7.316316303293458390e+00,7.301264036250464606e+00,1.164935504488567020e+01,5.662886019940696514e+00,3.956952209761698924e+00,7.519430489233583259e+00,1.067313917080426222e+01,1.429110593563591181e+01,5.166748728509825028e+00
4.900390000000000000e+05,4.933578994060250356e-02,1.058953697167146046e+00,1.333207790966494777e+00,3.575682012657275699e+00,1.006372091279021941e+00,2.064747719620718236e+00,6.876783127373625071e+00,9.560691065186945892e-01,7.075270753756032427e+00,8.802532739425657837e+00,6.170733709405070044e+00,5.418087768070870780e+00,8.284690354459705475e+00,1.166225230424250370e+01,1.287326848387749045e+01,8.726280563079573227e+00,3.994813737538015275e+00,3.185077733886046314e+00,4.688433944739845316e+00,1.344293833441416197e+01
4.900400000000000000e+05,1.408187572883390359e-02,2.414312752730463085e-01,2.213003940244874901e+00,3.219708620216268358e-01,2.490278810062002357e+00,3.511561750256948056e+00,5.474304460637647196e+00,7.680414735291787309e-01,2.207669292247130155e+00,6.110854042688512955e+00,5.754889639404856538e+00,9.395589402459384232e+00,1.067455734720826044e+01,1.210345053694051876e+00,1.200178929050716992e+00,1.108794354114026248e+01,1.640492022044983500e+01,1.753289025203658724e+01,3.891290020534089678e+00,5.493173270858619617e+00
4.900410000000000000e+05,1.841451040598316435e-01,5.783702047652257150e-01,1.100202098403683326e+00,2.027734862074176636e+00,1.251283992613488882e-01,2.393594433172842262e+00,5.555989624595447651e-01,1.204603692790760405e+00,3.728355861131016358e+00,2.585130686487047136e+00,2.436887858519705574e+00,9.125425197451003001e+00,3.204238481135377903e+00,4.357075161987314260e+00,8.762156963481253058e+00,8.383960354695481954e+00,1.058069048032540316e+01,4.058884178366228834e-01,3.484058446413171861e+00,1.700704160644427887e+01
4.900420000000000000e+05,9.456966025387416597e-01,1.114998133832460603e+00,7.365232839340166704e-01,1.225021555400493067e+00,4.577927619155578221e+00,2.044054023173853096e+00,5.816446469648403728e+00,5.707716101879361403e+00,7.834800806892191494e-01,5.610011023547327724e+00,7.179909246427843783e+00,8.395045662237034634e+00,6.937953444936676206e+00,8.666449757677948895e+00,3.792481720789116828e+00,5.895677052688478526e+00,9.042663329654844873e+00,1.195561306070925234e+01,6.425210161624494987e-01,8.524241086600570227e+00
4.900430000000000000e+05,3.723817155047700611e-01,1.953948779933911473e+00,1.123150917594062825e+00,3.709731148548248036e+00,4.710060725763562495e+00,1.512854388085770996e+00,3.540100154022621570e+00,1.335409676763228859e+00,4.213261334466865904e+00,9.448907905010562658e+00,3.168910702269748469e+00,5.287944996802207420e-01,6.512817803249748572e-03,1.113214074860163905e+01,5.651546930321819318e+00,7.144613722477719975e+00,1.088082589657683563e+01,6.778433305980367862e+00,3.487595141787028119e+00,1.376828394649658094e+01
4.900440000000000000e+05,5.425770149626378824e-01,1.570549498255804144e+00,2.420297830323412391e+00,1.966752067945422233e+00,3.265287052630613918e+00,5.507054570163069762e+00,1.731634712836454426e+00,4.390541378825226104e+00,3.771915152645785252e+00,1.006287453605384519e+00,3.720991756409091966e+00,4.275375314879440225e+00,8.651824954702792780e+00,5.227938311993248099e+00,9.547777785994030708e+00,2.355883574410960080e+00,2.889220529477920962e+00,1.128696543621647663e+01,1.141336804537819916e+01,1.221876971853469662e+01
4.900450000000000000e+05,5.913393007624699882e-01,8.646274101220934316e-01,1.027234131378223836e+00,3.784942179207176682e+00,1.684835300540736380e+00,5.505314463494204169e-02,1.404136993153380253e+00,6.131939246581833203e+00,2.866670722744205646e-01,6.799467169932645660e+00,7.133316779618426473e+00,3.657122108710838315e+00,4.694413675004431852e+00,5.011823922403407572e+00,6.625355847975008317e+00,1.147974517367254066e+01,5.325034911750047506e+00,1.675233959639103176e+01,4.697542097481138157e+00,9.544420871821792218e+00
4.900460000000000000e+05,8.972741093380121047e-01,1.738474336814369137e+00,1.119611012973856567e+00,1.288150878696991963e+00,3.761542351805813311e+00,1.484583854455216567e+00,7.359312615082743703e-01,5.715760267164232467e+00,4.263355789057595047e+00,6.117018664657148719e+00,3.376955902391098441e+00,1.108768157211273042e+01,9.319252950143756209e+00,1.856581092928037302e+00,8.195647006737713625e+00,1.068165959543307508e+01,7.599430919732466982e+00,1.372800244959749172e+01,1.083819296990878867e-01,1.412091065330796624e+01
4.900470000000000000e+05,5.686479119379439506e-02,7.348693631049054709e-01,1.819750821142853248e+00,2.147926632191645702e-01,3.221427019630358934e+00,1.698242616683530271e+00,5.674460666932819031e+00,5.797480563752197114e+00,7.028432473703118077e+00,6.442007606105180528e+00,8.365230819868067158e+00,1.011011697261202968e+01,5.162753668888119485e+00,1.013377680173175399e+01,1.418510517897155232e+01,5.370199128566159885e+00,3.789129140192598832e+00,1.040129426690883996e+01,1.898921425666222262e+01,1.369867985755453788e+01
4.900480000000000000e+05,8.673082902299981134e-01,1.442384697053126663e+00,2.915669180644175906e-02,3.288480451658732928e+00,1.611279283835348464e+00,4.334529676710690005e+00,2.707628646104638825e+00,7.044134068576516583e+00,7.931399761880275179e+00,2.808730793696528671e+00,5.812429864072108820e+00,9.718225597746892319e-01,6.732511921658299592e+00,4.971078054585751360e+00,1.215797664214138152e+00,1.033283335881773546e+01,1.326795480067876376e+01,2.450117321772020684e+00,1.181007647313374598e+00,1.468389018037635729e+01
4.900490000000000000e+05,4.077530003649854073e-03,1.005605239048133370e+00,2.849436914912242713e+00,1.327428870793207150e+00,3.619786784581481065e+00,5.947493315026426863e+00,6.784653790698889075e+00,5.259489986840693021e+00,3.416978325235350278e-01,6.705298031558728056e+00,4.255849685155625117e+00,7.702976802977659965e+00,9.283541033454199010e+00,1.393364861456039527e+01,1.498581408772589540e+01,1.190450774284845892e+01,1.159822582529410440e+01,4.326265681412233555e+00,3.871910263964563725e+00,1.591218905300812736e+01
4.900500000000000000e+05,1.699366267626700733e-01,6.141895818658880124e-01,1.170029095741820235e-03,2.676247432142695004e+00,3.988935543346332935e+00,3.426199545162322835e-02,6.316809091352336480e+00,1.315691491950113701e+00,7.025094884378408011e+00,9.103561182937543350e+00,2.170017316334842850e+00,3.749786083815437987e+00,6.760691813303575159e+00,1.168035238603104453e+01,3.647933973901639426e+00,1.230097075301934417e+01,1.042425656070720486e+01,8.816350595193403805e+00,1.833242379319871551e-01,7.083556520094869136e+00
4.900510000000000000e+05,1.309411936958336797e-01,1.051331177043308474e+00,1.835374516399025158e+00,7.407966692032781353e-01,3.080559999554097317e+00,2.974192456768501636e+00,4.686613778850847289e+00,1.546783038806603727e+00,5.515793878663550309e+00,6.452917131399038553e-01,5.011505075422045152e+00,2.482723202367032034e+00,8.638057732572653080e+00,3.051661966615210719e+00,1.012772254042818432e+01,1.328777659266814126e+00,8.441873334688180464e+00,9.782570820430327885e+00,8.517661227725227491e+00,3.975297041437697576e+00
4.900520000000000000e+05,6.974278012962558115e-01,8.994628707564173986e-01,6.651592684587172011e-01,2.196177042968134874e+00,3.663702717808569709e+00,1.374557391556318509e+00,5.739677295452612071e+00,5.414042183988883927e+00,8.556474179576234462e+00,6.775420006624170988e+00,1.255868951257310684e+00,4.599911702959104787e+00,1.086743695902395679e+01,2.819796673997144509e+00,1.406513314334407561e+01,2.332841502496979302e+00,1.572994163566543158e+01,1.724324032399564999e+01,1.120071301834704158e+01,1.709541058693452342e+01
4.900530000000000000e+05,8.485678582694414773e-01,1.130157220464606649e+00,7.581741720311890864e-01,3.525652394464205308e+00,7.123601457730799336e-01,5.199144416587682116e-01,7.583586834802141796e-01,6.734679643104016122e+00,4.074639319191335041e+00,5.316425398818577008e+00,6.781640379400261098e-01,8.973707555086757992e+00,7.216754515693631689e+00,1.290878052692563038e+01,2.920449521067041143e+00,1.991744780675562154e+00,9.938249726436978904e+00,1.470356707497130699e+01,1.216376050090687055e+00,1.945081060787245875e+01
4.900540000000000000e+05,4.051418844666689889e-01,3.400041294989673002e-01,5.681839697903536823e-01,1.238392718483384058e+00,6.594185389711731959e-01,2.226510219724822992e+00,4.653966557332353204e+00,5.104906640995328537e+00,8.000270886775444623e+00,9.790557624367879797e+00,1.991918784598448733e+00,4.313486397671878692e+00,7.041641065383562825e+00,5.573443881579956738e+00,7.321451660251193871e+00,1.224674266612922224e+01,1.818624578768406774e+00,1.179139466857491669e+01,1.533726053276728951e+00,3.647697717333657774e+00
4.900550000000000000e+05,8.718376550854396445e-01,5.783439353214414602e-02,2.886745455946681638e+00,4.062355952389795632e-02,4.064381732888674215e+00,2.975356449859327679e-01,3.369135755441303282e+00,3.351437892629448356e+00,4.823466398295000346e+00,1.210331366583210499e+00,2.566487573166689629e+00,7.378245730163866867e+00,6.049974667569284037e+00,6.651413366178259068e+00,4.429694448505337334e+00,6.001720224874315335e+00,5.710001094364707264e+00,1.334659856956399659e+00,1.324373014477373545e+00,3.559787287220896879e+00
4.900560000000000000e+05,9.768407774548237832e-01,1.707814827874312380e+00,6.949190487631375923e-01,1.677499390353458519e+00,1.457474996714647197e+00,1.690398403027853158e+00,1.354242533913177615e+00,2.895327308200795535e+00,6.141904932708951215e+00,5.437934780300639481e+00,8.969757256285408431e+00,3.270621974630430806e+00,7.803044492454533021e+00,9.974039791810582756e+00,8.300237335281021700e+00,9.496568839995742195e+00,1.272145987013969481e+01,1.070006720460267324e+01,1.007846983692743237e+01,1.309578398165936797e+01
4.900570000000000000e+05,3.745065565390334195e-01,1.418737352509187977e+00,2.740650607300632480e+00,7.265644627171767844e-01,2.289614402300034879e+00,4.985152759732558003e+00,4.473557301615979753e+00,2.626235425892238240e+00,6.607807640319697917e+00,3.461749166628957042e+00,9.675975466601467900e+00,7.523089640470114858e+00,1.071387625427971635e+01,4.266080808481468090e+00,5.090622496113411666e-01,9.035987804946502777e+00,6.424778745042719841e+00,7.039047734067347406e+00,1.553943514450526209e+01,7.883849299410670142e+00
4.900580000000000000e+05,8.797299171779985327e-01,1.739566853365770438e-01,1.361301202899269480e+00,3.788893497072304939e+00,1.742963858134362720e+00,1.364064638443789779e+00,4.771961278384948990e+00,3.977647935599243567e+00,5.840977554739762212e+00,4.547082869589951670e+00,3.329368017569720450e+00,5.352807087097358973e+00,3.695893882647150352e+00,1.287912916487329440e+01,9.572132400788763817e+00,4.854651753642137635e+00,1.260844310000110191e+01,7.516260184850920290e+00,1.183526613983339359e+01,4.886103167049215656e+00
4.900590000000000000e+05,8.055950852910199744e-01,1.594526236919002082e+00,8.315976728591070177e-01,1.475217041953999608e+00,2.126225460595636108e+00,6.019282611402649863e-01,6.359251583844923950e+00,1.978753654220436253e+00,3.017347575012085503e+00,6.710426079252160392e+00,3.680195744147291670e+00,1.021188930048164067e+01,1.168436154504714075e+01,1.218089826139652665e+00,2.562175199377101809e+00,3.417126758720916868e+00,1.231157426152247325e+00,7.263722515624508880e+00,1.830631584659644773e+01,1.782498224711194723e+01
4.900600000000000000e+05,9.637805606232527911e-01,1.407446305309054679e+00,2.085284356562096875e+00,5.284566697613413133e-01,3.710468842438699344e+00,5.582677378815585456e+00,5.050616213482029160e+00,3.325015700856185141e+00,5.769953774762585752e+00,1.156834227027127016e+00,1.483564513965146325e+00,5.150020357136278371e+00,7.973106527587050074e+00,3.036432924992572779e+00,3.153725709753131934e+00,3.964769699481470511e+00,4.370003955716942334e-01,1.294213193054456212e+01,1.534519900732550290e+01,1.597012693883647927e+01
4.900610000000000000e+05,4.645062328159652587e-01,1.247146987110202998e+00,3.691868287336054211e-01,4.931474401976703170e-01,3.272697462404065671e+00,1.390182737634586996e+00,1.505542362038815751e+00,2.720340416552785356e+00,7.830647955285220618e+00,2.677708778116732802e+00,7.325790346724953217e+00,6.183800039621561773e+00,6.877403571823732520e-01,8.161436068467597948e-01,1.218092065294791659e+01,9.167658724377947266e-01,7.475524189490039717e+00,1.190929914969727577e+01,5.419142919328951535e+00,1.687042624806366931e+01
4.900620000000000000e+05,2.033616564054427922e-01,1.063604368454657889e+00,2.648467705944219652e+00,6.391016323760529971e-01,1.296068508218550797e+00,3.943085725734615021e+00,5.607960186568432093e+00,3.588636695262341192e+00,9.824823440839755007e-01,7.080915955523614524e-01,4.832249235024926648e+00,2.894390158785828060e+00,5.234247983942622362e+00,3.495495384930826788e+00,2.673976481897434976e+00,1.229765721674650081e+01,1.531190194281433570e+01,1.799710383112543610e+01,8.622786933174685586e+00,5.341489130297734533e+00
4.900630000000000000e+05,2.360347519035869146e-01,1.043812643950590591e+00,3.573270199642476497e-01,1.257887690573444850e+00,3.412771169801252391e+00,8.866910704437691582e-01,4.051726528920533532e+00,4.367925926233593437e+00,2.814178726096488337e+00,8.333294345280004123e+00,1.055428886356491525e+01,8.012844208705001137e+00,5.082463735665556648e+00,3.945299986031429285e+00,8.196291664718952319e+00,3.673327951690808391e+00,6.387587642455896386e+00,5.551806509842840853e+00,5.228599686840224692e+00,3.211807502024210947e+00
4.900640000000000000e+05,4.237296866790567496e-01,2.543962154588503832e-01,2.740120402592195248e+00,3.409319867693172412e+00,3.395666522471851856e+00,3.206753227631953251e-02,5.566174718813032385e+00,7.790781096171971676e+00,4.917559388961944222e+00,9.265524460571668897e+00,7.349537755013535012e+00,6.072937744881679478e+00,2.686363874120372142e+00,8.989921178644275201e+00,1.466468800694559205e+00,1.014888458045021302e+01,2.369527788627050935e+00,9.900366822968866387e+00,8.185630832492732267e+00,1.789993217635912259e+01
4.900650000000000000e+05,2.727322423150128072e-01,1.716948977057765280e+00,2.196919174850807899e+00,2.886728115545602602e+00,1.042371778142132666e+00,5.194711207363678085e+00,5.445504169640798864e+00,2.468216347528363386e+00,6.982947777324866934e+00,4.661210932020022568e+00,5.842241694613663494e-01,1.939466711290921630e+00,9.202902968917740623e+00,1.057408907329330994e+01,1.135909640616335636e+01,1.037184971718187931e+01,2.226378740509696641e+00,1.518866818017024301e+01,8.293972492485909953e+00,4.485859631862498809e+00
4.900660000000000000e+05,6.908841899280749876e-01,5.468139424723061914e-02,5.364951239127175864e-01,3.646994776161426532e+00,4.864588456818395912e+00,1.744212762122051563e+00,5.932150314020935511e+00,4.750622269873462145e+00,3.719818381284793141e+00,7.253427913138260408e+00,1.732469169805737508e+00,7.904920334130084214e+00,7.660653818562214390e+00,6.918815248435472576e+00,1.414179331346265389e+00,4.583101760322932705e+00,1.059758545117533046e+01,4.538225205495725056e-01,1.105548495931672370e+01,8.241792806551995199e-01
4.900670000000000000e+05,5.376453132985921091e-01,1.615819526134750772e+00,4.324507195557919514e-01,3.449911784831653616e+00,2.147775766864985503e+00,4.368386457583715021e+00,5.025589723683058452e+00,6.660569276184522103e+00,7.354924541288652584e+00,3.552610320921528952e+00,1.126773125570862621e+00,4.563408725470114113e+00,4.936712377846043331e+00,4.329132226525169713e+00,1.646185692810789858e+00,1.197840770054636295e+01,9.329893746911210428e+00,4.879014457344926115e+00,7.277883902575081443e+00,1.151460902288747867e+00
4.900680000000000000e+05,3.544272325440256388e-02,1.494473375967156681e+00,2.952851520744037561e-01,3.798898773559680198e+00,3.706318164711199348e+00,1.093038151868193530e+00,2.391760619908403385e+00,7.425615065493271771e-01,3.565079355696584518e+00,3.138050624900271757e+00,6.806315544078721302e+00,2.691641906317046473e+00,9.595104645302669155e+00,5.756006100038097095e+00,7.243751088970072693e+00,3.144731991986162711e+00,4.326095599390133550e+00,6.724398854633120592e+00,2.185387843145650155e+00,8.442876969788368768e+00
4.900690000000000000e+05,3.900111192647982561e-01,1.341058053274255313e+00,1.222800961673795817e+00,3.892909551986767802e+00,3.199177741466384006e+00,1.422486344490504040e+00,6.919230557906018042e+00,4.338607333357247242e+00,2.767320584776483905e+00,7.394684615612272083e+00,2.635239370600860553e+00,5.522701814752180027e+00,5.175433771133223004e+00,1.121913411829847718e+01,1.869909062437525193e+00,1.442230727803596579e+01,1.306370933401587919e+01,1.293080260235141665e+01,1.628506440684639145e+01,1.185100295193046271e+01
4.900700000000000000e+05,4.713689099530473658e-01,7.434255406886396411e-01,1.485651126919730558e+00,3.575533807379267515e+00,1.673305791303457690e+00,1.938810086137314981e+00,2.646851490735091517e+00,4.971048569150839924e-01,2.312047887160348481e+00,2.116439277168906674e+00,8.986920045760589559e+00,2.655327164428333386e+00,9.175326663167803432e+00,5.755381505162808331e+00,1.105663716403024388e+01,1.854739421463396098e+00,1.162485009066421249e+01,9.424312123622799575e+00,2.972538443674476172e-01,1.841320664244613070e+01
4.900710000000000000e+05,3.476667110392511750e-01,1.988646066382234956e+00,1.574943509750431403e+00,9.776645288880811968e-01,2.448019955601810516e+00,3.113985519992004125e+00,5.563375849059010392e+00,3.429989182195633646e+00,2.120578847178945736e+00,2.912466044569377299e+00,7.545378686064959650e-01,6.653083472333835680e+00,1.101282692028969201e+01,8.394736191941294834e+00,2.701190630735837317e+00,1.732706791468013208e+00,1.293982657954204107e+01,1.574747214867238654e+01,1.782207679178341664e+01,1.977816613879932106e+01
4.900720000000000000e+05,7.246854580597705819e-01,1.392235231142455287e+00,1.689974681175904880e+00,4.236420970460486046e-02,2.555964133401061211e+00,2.225365661684175045e+00,3.874383628433006432e+00,6.707207408434225471e+00,1.683109777035945998e-01,3.397275800361301279e+00,9.388080239195652155e+00,5.190626744242652357e-01,2.046390712134658507e+00,1.217180740444721465e+01,1.020869948664962656e+01,8.995603870343556352e+00,9.840175069452648415e+00,1.511970515949250427e+01,1.734221272449107687e+01,1.024608060020701927e+01
4.900730000000000000e+05,8.771436690309651896e-01,1.409386550327230703e+00,7.562742485553056726e-01,1.049568305092915210e+00,6.807686266473211845e-01,2.867119811686467123e+00,5.472457417836828597e+00,1.688768776153247941e+00,4.688647384102195836e+00,5.007065344787190675e+00,3.287187199169219198e+00,5.832316536270747420e+00,5.356494011023969826e+00,1.325844683794844947e+01,1.355394468360571025e+01,7.028034856630013039e+00,1.250213782713577082e+01,1.768140599710065075e+01,1.798388634941759534e+01,1.573903541204271406e+01
4.900740000000000000e+05,9.331659156037630520e-02,1.315723710202217456e+00,2.989644113707386808e+00,1.612325243613272452e+00,2.472983725699001045e+00,1.967744025244843487e+00,3.337847086739285540e+00,3.788761688154913543e-01,1.310577311044986093e+00,8.232777900266395221e+00,6.394630694968538975e+00,8.960343916937329567e+00,6.040488121210843886e+00,7.793767619710016969e-01,5.266300903049688564e+00,7.167691027745771493e+00,3.226989523857733300e+00,1.784160822716253136e+01,6.021603009917547489e+00,1.443252068971252022e+01
4.900750000000000000e+05,5.024953075764208021e-01,9.648064133463944980e-01,4.795688595062714832e-01,1.530304604138397639e+00,1.232695014395259747e+00,7.265161244798972184e-01,6.172780224073381561e+00,4.054356574572397065e+00,3.234794116169578793e+00,3.646069996840609839e+00,9.912152090639528623e+00,7.754984725718873761e+00,6.598813452389137302e-01,6.188674801078860810e+00,1.320591249931655042e+01,4.966964930437132608e+00,1.953806207130280193e+00,1.169490538354252429e+01,1.760407599827429337e+00,1.987885915383344226e+01
4.900760000000000000e+05,6.212972560925715815e-01,1.415523275483231647e+00,9.694587739778410818e-01,1.584884526036698382e-01,1.184314242646568704e+00,4.166405992551336368e+00,2.382185648003031453e+00,3.872634445035652462e+00,8.964030283720781256e+00,8.393982097772758166e+00,6.259923860894963665e-01,2.131702539408834252e+00,1.113529700576882497e+00,4.210358918599895972e+00,8.565303352085228639e+00,1.540853662969302107e+01,3.281471086857282948e+00,5.236134892717243972e+00,1.397049409116474905e+00,1.694098924606747758e+01
4.900770000000000000e+05,6.791803772244064952e-02,1.338345104061282598e-01,4.193415612186500718e-01,3.118282349877544934e+00,4.990693555388327596e+00,1.070980086779822482e+00,3.979387217893772810e-01,3.587777674655688642e+00,8.200414279747654689e+00,2.532360619175029193e+00,6.296395233112698442e+00,1.076335171961490289e+01,5.912146282848675050e+00,1.144201100523079795e+01,9.185973794559302519e+00,6.446013372222392235e-01,7.706139030091295972e+00,9.256508332163800645e+00,6.013487075106938917e+00,1.603085824213752630e+01
4.900780000000000000e+05,9.176772220084086218e-01,1.332135298841966575e+00,9.690696506787717102e-01,1.266875856103002462e+00,3.990524481312193394e+00,1.804447225701309998e+00,5.727082977299076560e+00,4.764139832897354765e+00,8.236319499927835963e+00,6.196649337584968720e+00,7.203882604965061720e-01,5.019612920802487110e+00,1.090794497965625354e+01,1.052626931489484363e+01,7.276771715417934772e+00,6.553399407842380953e+00,3.806495135808805497e+00,1.349038268087036307e+01,1.189822299201989964e+01,1.251771989147785291e+01
4.900790000000000000e+05,3.782840676942310632e-01,4.405918335354630511e-01,1.602432518386049054e+00,2.407758600868004528e+00,2.541192600392114365e+00,3.087230608231173346e+00,5.145466280959609229e+00,7.106941787279270173e+00,3.981792111068239493e+00,8.611210997477108720e+00,5.935209261331385378e+00,9.875331264991947577e+00,5.870244417277277194e+00,1.046172894529251662e+00,1.711510254196266789e+00,8.469742282364123298e-01,1.716802203537805216e+00,1.050793051904036091e+01,8.820438836784065373e+00,1.967630629517395491e+01
4.900800000000000000e+05,5.710978118141291082e-01,1.018858985912231008e+00,2.466348079029509588e+00,9.007223320175392622e-01,1.720020950935036819e+00,3.065417128295155003e+00,1.674259631155088801e+00,3.675416403221202444e+00,7.671518876963141054e+00,2.488855044954043638e+00,9.013545084690244735e+00,3.860207506459091498e+00,8.374750087460559600e-01,5.106076818156585873e+00,1.239558535486751101e-01,1.169102826244981230e+01,1.662395096923136961e+01,4.507085728476027953e-01,1.148343103566254086e+01,1.820447800120919979e+01
4.900810000000000000e+05,5.940724560929289133e-02,1.505771612514228863e+00,1.703020556355152593e+00,8.947948366451710100e-01,2.686763929376652538e+00,2.723796773831680618e+00,1.780282505230069479e+00,1.470755086832310710e+00,4.826780444519884306e+00,4.186306931808032594e+00,5.435522862713734860e+00,3.476119388910919650e+00,1.151362871568023394e+01,1.201462502554653256e+01,7.811370178102496453e+00,1.038368323083983746e+01,1.116379315187317189e+01,1.017193074464833202e+01,6.091666087907325000e+00,1.697384279963734244e+01
4.900820000000000000e+05,7.915023455620605608e-01,1.166373319817960663e+00,1.132966986583204161e+00,1.053213547954761076e+00,4.928586048710873690e+00,1.544202853448029655e+00,6.931436195941133249e+00,4.248825576563192818e+00,1.996748471418309467e+00,7.445340716480119525e+00,5.431844342234462886e+00,3.193139455797056936e+00,8.969199096227191248e+00,8.026367721963804769e+00,1.162275961985175954e+01,5.087381868268728624e+00,4.152456939901597366e+00,1.093455976046471179e+01,4.096755928991179907e+00,4.273889282325593619e+00
4.900830000000000000e+05,1.099454235471952757e-01,1.144691163810994894e+00,1.016880955362111205e+00,2.480267822230710628e+00,1.583028346731847336e+00,5.121141691586800881e+00,1.431221926082398621e+00,6.674046783775691161e+00,6.769926354210397790e+00,9.558825290978035127e+00,2.565922709701624171e+00,5.671346830366115199e+00,3.631533112328674928e+00,1.364082218446762695e+01,1.889294474392129164e+00,1.322367972714922146e+01,8.750888180949694117e+00,1.139538410410746572e+01,6.769720563035356520e+00,1.955304440108095321e+01
4.900840000000000000e+05,4.215606404094387472e-01,8.300743000497705637e-01,1.196768204496673871e+00,3.899097111151712536e+00,4.822652661151715314e+00,3.328279233342095189e-01,6.524250196435943394e-01,5.265523039355836765e+00,4.033434476508383604e+00,8.307300888487423762e+00,9.214578834126740503e+00,1.165584987947599771e+01,1.203024643784449133e+01,5.498654955139306466e+00,1.161923584452061675e+01,8.290853129101209973e+00,1.499560005088730108e+01,1.257644743255018405e+01,4.980575345843215374e+00,2.630984836942327210e+00
4.900850000000000000e+05,1.744765922212148102e-01,1.708742616618089682e+00,1.065360544787901764e+00,2.162495325767516352e+00,4.934747140490704176e+00,3.295946726218399014e+00,4.232367817117589581e+00,3.560076114975246675e+00,8.028498516501604287e-01,2.893101856772448688e+00,8.904468938589115368e+00,5.708356585750536283e+00,1.035600674309946179e+01,5.842023343591249862e+00,1.170943966160822214e+01,1.443983830995742146e+01,2.536039152449931500e+00,1.233257755345699991e+01,1.208035334327171917e+01,5.603320329221639362e-01
4.900860000000000000e+05,2.977088261149810622e-01,1.462187549106074513e+00,2.494797734398083389e+00,2.239185232677758819e+00,7.943511720718043900e-01,1.910821014230210002e+00,6.293460324787957916e+00,6.926663939671040104e+00,1.952815730051109977e+00,4.391454063431852184e+00,1.017024957632080628e+01,4.291154145858461888e+00,1.112632603246426477e+01,3.787111613244777963e+00,7.426125630956535772e+00,1.056691589618908189e+01,3.066126543990789433e+00,1.368213742596306837e+01,1.038026313094172259e+01,1.223672808167514781e+01
4.900870000000000000e+05,3.469490741841211312e-01,6.950412808554473632e-01,2.297503634821740359e-01,1.695384134799938547e+00,1.269786605768606247e+00,2.170402307579730738e-01,4.008685572146545972e+00,3.824640754286995126e+00,7.270039813018117636e-01,2.485379576228367249e+00,8.214302922684115771e+00,8.574186813361247772e+00,9.486299893173583797e+00,1.011573736559692627e+01,1.317651996183747798e+01,9.832283913546078224e+00,1.153781867100923186e+01,1.071923964765386117e+01,4.710710597940415134e+00,1.369434298091350932e+01
4.900880000000000000e+05,7.337129512810935950e-02,8.180547644822588893e-02,2.466000472787133191e+00,2.099343024111358424e+00,4.972410265893526748e+00,1.702169753138736086e+00,1.124932156766351277e+00,7.887966246427916772e+00,4.606568185580560026e+00,3.854629812581076287e+00,4.979879827412317717e+00,1.124130213562692049e+01,2.481690779954642601e+00,9.645853844278859057e+00,1.098282365310736530e+01,5.662117402922971721e+00,5.979385808105368127e+00,1.694583099422229466e+01,4.320202374803512768e+00,1.799295677446475228e+00
4.900890000000000000e+05,8.224246456951688211e-01,9.793898439493471386e-01,1.080103759104209082e+00,7.321545733183576488e-02,4.307016066767896056e+00,4.725152382131061479e+00,4.873045011578767571e+00,4.968268666914214649e+00,2.058423829850695608e+00,6.827915166501145272e+00,2.918010466509696199e-01,5.931814257714260741e+00,5.291046515079250057e+00,1.092902620476175635e+01,6.436494058032996790e+00,5.351935801678576965e+00,7.168369215067132316e+00,7.303719751547100181e+00,1.673385722863815772e+01,8.497255268888286750e+00
4.900900000000000000e+05,7.403112159100998513e-01,3.317809706166605643e-01,2.304946096388904575e+00,1.709851776379834210e+00,1.058840633665448783e+00,4.918450026806596043e+00,1.843099660147480945e+00,3.687139880470529540e+00,1.498331915616942789e+00,3.837343557226002844e+00,5.883249678100413327e+00,1.066218444171126656e+01,2.663400460205596065e+00,6.190121762163125041e+00,7.646584744864674654e+00,4.297114101273637132e+00,1.385429930839154622e+01,7.901657296266617614e-01,9.354184548821507406e+00,1.949697998995113934e+01
4.900910000000000000e+05,2.198970219156696215e-01,1.139575290516138928e+00,1.012318426132227112e-01,1.521528053628887989e+00,1.945682310949663929e+00,5.750447888189284207e+00,1.161407063027008135e+00,4.233086125442106606e+00,4.051482114109856703e+00,5.414676803557395779e+00,7.147542282789490109e+00,9.916951189805535805e+00,4.589967909597407747e+00,1.270704467826103290e+01,2.349944715495266845e+00,7.344236342012235852e+00,7.893636662098857393e+00,1.629617068922595635e+01,3.333685090777589899e+00,8.082738839070355397e+00
4.900920000000000000e+05,5.186370792454105816e-01,8.669824571351791853e-01,2.532396461785875630e+00,1.348970541673777834e+00,1.963610943197197756e+00,3.517110787748787271e+00,2.691686322522371722e+00,5.141596654310313319e+00,6.114953183841704387e+00,6.387924073691229943e+00,7.181174366133140197e+00,7.316921015539618267e+00,9.196559707422746754e+00,4.860254479738872924e+00,1.020164108390213364e+01,5.213972177864944157e+00,1.145229188832953326e+01,9.717724571014045409e+00,8.507677539890899254e+00,4.900835522005209555e+00
4.900930000000000000e+05,2.294412113856810764e-01,2.124913940953534475e-01,4.398800672075059426e-01,1.186140736584682998e+00,7.619584655345951196e-01,1.176690975062306466e+00,2.539232382833074730e+00,1.394488977592774681e+00,4.178569108175423708e+00,7.876123454537528268e+00,1.786766867758696531e+00,4.124163062775883404e+00,9.623914124697474648e+00,6.570128413222704467e+00,2.046911082541519988e+00,9.100156381312368481e+00,1.347892990117784429e+01,9.536161777559561514e+00,4.368656030966642234e+00,4.878020458518824043e+00
4.900940000000000000e+05,4.252948401690583857e-01,1.775952266207428965e+00,2.158270992605901384e+00,5.980411705066757122e-02,4.942027976841566250e+00,7.377534123421571888e-01,4.401040573953887147e+00,2.399045294073329337e+00,6.476683457505568953e+00,5.402984519623999837e+00,1.147773695004390415e+00,6.510049396155631385e+00,8.077176591316742815e+00,4.420533496481363400e+00,9.231843799753486124e+00,9.411180499878959438e-01,1.274925686693703497e+01,1.240419928678428718e+01,8.564537365686218928e-01,1.441624009420628560e+01
4.900950000000000000e+05,3.664734456465279511e-02,1.420762024206544183e+00,2.537619703408041438e+00,1.525293430519216287e+00,3.343795237579034296e+00,4.102113632962562484e+00,2.100526979291366114e-01,4.210070789370264244e+00,6.429868719909883623e+00,7.675929714143070015e+00,8.442368465272341638e+00,2.972343214956595592e+00,1.378470192128971705e+00,7.113603513136194323e+00,1.120076203349223976e-01,1.326299982254300858e+01,4.144316823210822953e+00,1.402050976631506884e+01,9.692450037771008553e+00,4.013997152728832063e+00
4.900960000000000000e+05,9.722460063772964123e-01,1.265110920266928840e+00,1.651591339230310762e+00,1.209615390391132195e+00,5.014883271148423693e-01,3.263575420588855192e+00,2.661486516380948242e+00,5.191931914994301067e+00,5.906784622522380346e+00,1.017699634568836053e+00,9.631691371844427252e+00,5.768240499184585701e+00,8.715207686201903670e+00,1.342010191261550034e+01,9.918786637429889197e+00,2.711601853955318830e-01,1.047922882828287960e+01,1.774126711769073594e+01,1.022023931022442866e+01,6.551963429418073304e+00
4.900970000000000000e+05,4.963403478595818097e-01,1.689225724777055904e+00,2.446802539489855821e+00,2.198453792406018792e-02,2.538541592428813942e+00,1.720719500220745823e+00,5.186981969098476419e+00,1.863526165153034597e+00,2.053392995731384119e+00,5.008834770281401561e+00,1.072785192766763451e+01,6.797038375376725838e+00,4.179287708607170693e+00,7.135739734075916552e-01,4.990831314208669767e+00,2.570548423900641311e+00,4.234191559603896593e+00,1.388382163094775734e+01,5.043452781529800255e+00,6.076200697090287761e+00
4.900980000000000000e+05,3.244306912847689794e-01,1.172449963239226900e+00,6.875168579798542901e-01,2.580797207025181894e+00,1.096695896253241376e-01,9.860905367958203716e-01,6.182700667672803796e+00,7.560175708223765056e+00,3.137621573841397726e+00,6.458890649970746800e+00,7.942173148836289442e+00,4.935725146605987490e+00,1.203037577107802214e+01,7.098719978739309155e+00,2.612370580648557983e+00,2.593527577619690661e+00,2.437163874303037048e+00,6.024137025897746689e+00,7.744496802647125477e+00,5.681147056687763097e-01
4.900990000000000000e+05,1.112617910818443079e-01,3.639652954491257031e-01,1.925866334826707993e-01,8.955323544967996874e-01,4.001140186340678362e+00,3.649752888924568062e+00,4.867358512657116165e+00,1.387528505237247245e+00,5.154351170518598479e+00,1.586901253373654841e+00,4.600171757955352270e+00,1.170924062865165816e+01,1.141665561794171602e+01,8.854341456756520401e-02,1.109967263264184112e+01,3.113357686562666871e+00,5.810717092310438758e+00,2.902971407415601224e+00,9.045821095273165469e+00,8.320892449329022611e+00
