4.400000000000000000e+05,2.311393951078594133e-01,1.359792191953905327e+00,2.234449448635367208e+00,1.513695915995874941e+00,4.786068887724909793e+00,3.756612941564629438e+00,6.883041294950151823e+00,1.621851254176300827e-01,4.775669419108054647e+00,4.680410169652602370e+00,9.509427952865017630e+00,4.463020188211835659e+00,7.184828535591605281e+00,6.001157634079022252e+00,1.272949609659735914e+00,8.371667866785383438e+00,1.166553594034650088e+00,8.752261853839765848e+00,7.443562694203166963e+00,1.350047854980480633e+00
4.400010000000000000e+05,8.606471906831736352e-01,1.080375363210515083e-01,1.483966376578711888e+00,1.596573434358926402e+00,2.608632513660302799e+00,3.862365165381987708e+00,3.237911616195157549e+00,5.295422079194977094e+00,8.370357655112837136e+00,2.284085064806244070e+00,8.095879276275184111e+00,2.638804558691280278e+00,1.799410403081506349e+00,7.825503081209008727e+00,1.399170517777939615e+01,1.140783778945625926e+01,1.200197441190315573e+01,1.344388326566636538e+00,1.585822342306585853e+01,1.010342326140198210e+01
4.400020000000000000e+05,2.113211772957024337e-01,1.206548996154777509e+00,2.311903298705181076e+00,1.359778850128864569e+00,3.380762862153884107e+00,1.990154742944652000e-01,6.561776698366757365e+00,7.345573825912892652e+00,4.388509512842388993e+00,8.870131783407286363e+00,4.945371534938136193e+00,3.929749359743510695e-01,3.990336209347780549e+00,1.228178013606899199e+01,1.188556096906034476e+01,6.958049363333236315e+00,3.175125337326414332e-01,1.235397290819635074e+01,4.878555176359042456e+00,1.386602604274254347e+01
4.400030000000000000e+05,6.290904400671043506e-01,1.304867819904857118e+00,5.162243423940312548e-01,3.984907070658762152e+00,2.464019237393262785e+00,3.218217276166940088e+00,1.579788625151737236e+00,1.142974624658162242e+00,4.957529732414242218e+00,1.725221737485662654e+00,6.767099278854633582e+00,9.249249683893921770e+00,8.818517547159203218e+00,2.557556425322002003e+00,1.230609449868917515e+00,7.359053099186599667e+00,1.010766498320833584e+01,3.174573443718939902e-01,1.704850698220020533e+01,1.099349205034645216e+01
4.400040000000000000e+05,3.902986627629447813e-01,2.881435533050700215e-01,8.032260107551432160e-01,3.840617701029395370e+00,2.245734059084194545e+00,5.071884579898428669e+00,4.446778524801977994e+00,3.153025651211294189e-02,4.886724616600739424e+00,1.309400073586252100e+00,4.755033864620562767e+00,1.541207124355715496e+00,5.523445546449742061e+00,2.528181461155782461e+00,8.062538749902358859e+00,7.301848203343919153e-01,3.310712486759012751e+00,3.103192977831827015e+00,6.957901397835837720e+00,1.819438498937043747e+01
4.400050000000000000e+05,3.118795267805615223e-01,9.266815706747768555e-01,6.720616714430642791e-01,1.229382411679952991e+00,2.105820300140572865e+00,9.351837561236555629e-01,1.374154760264320263e+00,5.081351958536920677e+00,5.419397586201506023e+00,3.151066316088150465e+00,2.095368147668339454e+00,1.031868855590031053e+01,1.066845838841884664e+01,1.030965828268799633e+01,3.701723854563177873e+00,7.537428839091075972e+00,1.246110287986665277e+01,8.533635105627110917e+00,1.457221437132363917e+01,1.433649679339265859e+01
4.400060000000000000e+05,2.815998257320746490e-01,4.272693459669276717e-01,2.411079034645428720e+00,9.758300947129727732e-01,4.647871907934315594e+00,2.109797939341200745e+00,3.765348142951827626e-01,7.359869305732438249e+00,5.317864115382214152e+00,1.719112343791503461e+00,6.874704800570521357e+00,7.569274461891040140e-01,8.769884163306235436e+00,7.566093441852040691e+00,4.550996730466963847e+00,3.813959774337053688e+00,1.474203658244699255e+01,4.766788002738259422e+00,1.099579275298144410e+01,4.948072401952490651e+00
4.400070000000000000e+05,6.159806282132418431e-03,1.093493333965148695e+00,2.803664279338656584e+00,3.294991987417373203e+00,1.566652049590441242e+00,3.471509566732974505e+00,1.978027262715534640e+00,1.002015754017273608e-01,8.498762864950334617e+00,5.086241446193922933e+00,4.927397658334781383e+00,6.404913540336861111e+00,8.406502307029295906e+00,4.313981357153399365e+00,8.112845441881860964e+00,1.285043138505643157e+01,1.526600562721855070e+00,1.500263303247903757e+01,6.277742735045320543e+00,1.926720014818195637e+01
4.400080000000000000e+05,5.614788593127914007e-01,1.490430991413934869e+00,2.702872167154816374e+00,2.437302775838139368e+00,3.058923519762649867e+00,3.363096577413836830e+00,1.165320885100020298e+00,5.364207801802454156e-01,2.779671347124137881e+00,5.535343000061092589e+00,4.119784191870261125e+00,1.113044818824084636e+01,2.876833688386669419e+00,2.905920188772693535e+00,3.310526890644747589e+00,7.440109764794540226e+00,1.133579151681497166e+01,1.254324662470550500e+01,1.145184744126024157e+01,6.354000436311897815e+00
4.400090000000000000e+05,2.089520168033540681e-01,6.464704201580002696e-01,1.989773154799689081e+00,1.091660945338315258e-01,4.509346420239457309e+00,5.290903583507316377e+00,5.493681777914009245e+00,5.086330828771094659e+00,9.982879661370791524e-02,2.434516413360237941e+00,9.621038208871768305e+00,1.067977729642769802e+01,1.068127142174555111e+01,6.073872818104661064e+00,6.056348093722185411e+00,1.312393556090449742e+01,9.790113258194518053e+00,1.018642027566626318e+01,1.228096671959523256e+01,1.869617554041474605e+01
4.400100000000000000e+05,3.249916042749303458e-01,1.186028173692815546e+00,2.889806798399863208e-01,3.308160104570617932e+00,3.004440565858787160e+00,2.656790171625018626e-01,2.273777090886468066e+00,6.005504561340219816e+00,2.229488769341728016e+00,3.288486140244070377e+00,9.451691160227962740e+00,7.774326880802721718e+00,8.185728718611866128e+00,6.333866461524661595e+00,1.017506624323769060e+01,4.078894757635795898e+00,5.116101432343567179e-02,1.341565505457017515e+01,1.043005096829933365e+00,1.816236778774928240e+01
4.400110000000000000e+05,6.603594699415256120e-01,9.575005130076341686e-01,1.752306632252384144e+00,3.816989184571558003e+00,1.978175942816271959e+00,1.245958318620577376e+00,5.668310281224930858e-01,1.840283565779909480e+00,6.095134464790327833e+00,4.662242995575017979e+00,3.860965919730565687e+00,8.315901353995249323e+00,1.646756064478849702e+00,1.326732120836461704e+01,7.105911117683466394e+00,9.068023317361941338e+00,1.634085185009063323e+01,1.248013421681564949e+01,1.428724291459890061e+01,8.663227356393223388e+00
4.400120000000000000e+05,8.281475785616574381e-01,1.487210897729933645e-01,1.108278473314526558e+00,2.987618664345262687e+00,4.310067808661125710e+00,4.748395661288983050e+00,2.191365259646022690e+00,1.728297630766615356e-01,5.913591714922158404e-01,2.810202240277115404e-01,5.754988414713567479e+00,5.075305426139985698e+00,1.252029175403300520e+01,1.082980087483488241e+01,1.171281264696478708e+01,6.010216600789251018e+00,1.633375032458326004e+01,1.738599013870883425e+01,1.513812310069106459e+01,1.577932401689958475e+01
4.400130000000000000e+05,4.742325916242229322e-01,1.864396937850557157e+00,2.634301872362658337e+00,1.983221925739077296e+00,2.855175212502291782e+00,7.887599884335556588e-01,6.660267931426643528e+00,4.073913942946609801e+00,4.238389139553419227e+00,3.195119045782498723e+00,1.007658432667062343e+00,5.483703412605784422e+00,1.808434542643628351e+00,6.866166749785234558e+00,1.629711626913786793e+00,1.446846024047735746e+01,1.692677425474639463e+01,9.207760996973179957e+00,1.432278317720235705e+01,2.961340595905155304e+00
4.400140000000000000e+05,1.574397711468400463e-01,1.897571333327638943e+00,2.787938218932817236e+00,1.231231407373269970e+00,1.561254290194939998e+00,2.525413249396027737e+00,4.339218071972534396e+00,3.143312031152473374e+00,1.100627094899004454e+00,9.290674947133357620e+00,3.426706677208396279e+00,8.196343607802788256e+00,7.024344823998271536e+00,1.098655462296773599e+01,6.092955164070504637e+00,5.329493442594731789e+00,1.338930650784360488e+01,3.373059898803486334e+00,8.989448413141506222e+00,5.558994828676791400e+00
4.400150000000000000e+05,4.425729294083448062e-01,7.717550286339498467e-01,2.070202263196869730e-01,3.453759832404976748e-01,2.705725706843731260e-01,2.903960534559299589e+00,4.798027126008289400e+00,4.669935526336495002e+00,1.583821041566604304e+00,2.220063693489693346e+00,3.645520798102233950e+00,1.104479681175492267e+01,8.678073603627896038e-01,1.380308824340522555e+01,1.603123740634615491e-01,1.423010167262683900e+01,1.134900895783334462e+01,3.179971270882362866e+00,1.083168182279190894e+01,8.832591297554904131e+00
4.400160000000000000e+05,9.956985280290331364e-02,1.059851888218906968e+00,4.677142171413293248e-01,8.217318905031945064e-01,4.928834070190102778e+00,2.172706569896374340e+00,3.143091609381090112e+00,4.393040832160952647e+00,3.892366546841119046e+00,3.395749196191718333e+00,9.203970731409270911e+00,5.880069493153808224e+00,8.973434782817584221e+00,1.384636043490922619e+00,2.195624181496925065e+00,5.324026832799725995e+00,6.906054533517448135e+00,5.425342706450866359e+00,1.606080505491523169e+01,1.062757796845488212e+00
4.400170000000000000e+05,8.741239185712934567e-01,1.114344874132027208e-01,8.935701081733299356e-01,4.015202344832426995e-01,4.529521502693189206e+00,2.344524319748811703e+00,4.530018517420140611e+00,3.777866752331473066e+00,7.992983317570305779e+00,6.065217528846973849e+00,8.146465876501844505e+00,3.713827666277869977e+00,8.174649982950315419e+00,7.733094633889353808e+00,1.085096890230318145e+01,7.501359472364967473e+00,6.202228874551962257e+00,1.081962380012632252e+01,4.898983821190086019e-01,4.123261294919533526e+00
4.400180000000000000e+05,7.743427179615391953e-02,1.271587237560169559e+00,2.644898653960239265e+00,8.047891945128808899e-01,4.996220444520647952e+00,3.034819788360678228e+00,1.562044645252634423e+00,3.130071940538065256e+00,8.122146226330478669e+00,5.025198165159549646e+00,6.555489857114200625e+00,1.984259847049032466e-01,1.879212040813139417e+00,1.187415627680671548e+01,8.234793910979869125e+00,1.128235638812402364e+01,9.264103420509109954e-01,3.571468835117305840e+00,1.730798273039564705e+01,1.903369660907490513e+01
4.400190000000000000e+05,4.564520156997564637e-02,7.918978869875135107e-01,1.505140383715741770e+00,4.978400184736395673e-01,4.502146999939871108e-01,1.373852960695336467e+00,1.327964821927835937e+00,3.562873290061995490e+00,1.275158847303348386e+00,9.010323497720452934e+00,4.728349031543891634e+00,2.907812027509281361e+00,3.710230727161190956e+00,8.012543913842753440e-01,1.411434266790320713e+01,4.950584377774436717e+00,4.293877187832043418e+00,1.396253141998368186e+01,1.133224867210361531e+01,1.039333409742743619e+01
4.400200000000000000e+05,7.405536063545536951e-01,1.701402957946828831e+00,1.130034196566916949e-01,2.307613430990724801e+00,2.627652904333648731e+00,1.010788533991003657e+00,3.240109802196156519e+00,2.279012105526309284e+00,3.342086502081968113e+00,1.267541327766186221e+00,6.987853477305098204e-01,1.165765943948679606e+01,1.182490466984638111e+01,1.243301084584284055e+01,4.151764929630224366e+00,2.769925838426205544e+00,7.342881665278149228e+00,7.698472647593621154e+00,1.014931107488396300e+01,1.316309892108949597e+01
4.400210000000000000e+05,4.921484875020532002e-02,7.935027649993204868e-01,2.874046811716413075e-01,3.607870119288327349e+00,8.645379418040988195e-01,2.790910587703696599e+00,2.912552038529105936e+00,2.842932974473523444e+00,1.792874434021176189e+00,8.757183049617900394e+00,3.676862723542889011e+00,7.528849225281220470e+00,1.690378032395975172e+00,5.430778991773935971e+00,3.216819121993952368e-02,1.469881419954012358e+01,6.190931268220307260e+00,1.653820825713608755e+01,1.373338430325150794e+00,1.640368287311268958e+01
4.400220000000000000e+05,7.377369786373506599e-01,8.152321818334895553e-02,7.731224550807186402e-01,3.881775723642623355e+00,2.946520764947964555e+00,4.297459102020904531e+00,1.191958542488144479e+00,2.029792450976861673e+00,4.944092397514014081e+00,4.375160433867266718e+00,3.949962544480136284e+00,1.266003615719732078e+00,8.413406758547218089e+00,6.160342975955489742e+00,6.934648305243334754e+00,1.579249398292191486e+01,2.290925234885577311e+00,1.770749008320245821e+01,1.322577425218075575e+01,1.852264950461424320e+01
4.400230000000000000e+05,8.512047194211720402e-01,5.935749360546749287e-03,1.590913541761272976e-01,2.937941629491042317e+00,1.100037249619223445e-01,4.402018219403344368e+00,4.734611986403202799e+00,2.003203942194973664e+00,1.544319337094412825e+00,3.417859792427274890e+00,6.868943956445956900e+00,6.371544880051881243e+00,9.182138092070628588e+00,4.049998221792980857e+00,1.302963014985954793e+01,1.215765841307039885e+01,1.301287583850615093e+01,1.400531352993287548e+01,1.140551493970941355e+00,3.428349468932816446e+00
4.400240000000000000e+05,6.658002282504621450e-01,1.004448036416152990e+00,6.778599659298529811e-01,2.778301501086956726e+00,2.801079219238439499e+00,2.312644248047019069e+00,1.772808448411187232e+00,3.324441728545114216e+00,5.840569985709176848e+00,3.197458193138815741e+00,7.180753326534158987e+00,6.679242674044111538e+00,2.875925911575698990e+00,9.781468191480856333e+00,1.066342219145132830e+00,1.392104572941363116e+01,1.491897412990973493e+01,5.797410558545875503e+00,1.693559634410418724e+01,1.858566949058749529e+01
4.400250000000000000e+05,7.753272765093603969e-01,1.149043205602886752e+00,2.324449536712521969e+00,3.441979639241738553e+00,3.780893210014490080e+00,4.339155990308785960e+00,2.265538594797096295e+00,5.030535778677625913e+00,6.480381974231274711e+00,9.199714867536062712e+00,1.738745626474490713e+00,9.897502182686661598e+00,1.069441776496524987e+01,7.640517080709760656e+00,6.275155198772186971e+00,5.856781973033498900e+00,8.464591440716956461e-01,1.177583510451164495e+00,1.021866610748419779e+00,1.113783945721431401e+01
4.400260000000000000e+05,4.486789030238658160e-02,1.561061387650750421e+00,2.909499198790339580e+00,1.548930695440271510e+00,1.407577709872358973e+00,2.262627497574802415e+00,5.457930992020063599e+00,3.725098130495153370e+00,2.283663631547171669e+00,2.154780228510323248e+00,9.747529401992480302e+00,7.626368661469360433e+00,7.009561513103096386e-01,7.181866047286058929e+00,6.489685695675376564e+00,7.444890656049496513e+00,1.230608086922238442e+01,8.979586168844914340e+00,6.766095729652821245e-01,1.394697973922940193e+01
4.400270000000000000e+05,6.691455773351998593e-01,1.720274589291563627e+00,1.794318649691145851e+00,1.240190219581965625e+00,9.588645490515945724e-01,1.675403952464934676e+00,5.406600331112039193e+00,3.464175433768688528e+00,1.761873352852631136e+00,4.522875338540646162e+00,9.039759566545761515e+00,9.721486737764546859e+00,3.493606796685988058e+00,7.783265275892564006e+00,1.667873788597793450e+00,1.309648888703958924e+01,9.901287423347456595e+00,5.844903272110572701e+00,1.213004152011379944e+01,4.882643000250022070e+00
4.400280000000000000e+05,7.177470034648848474e-01,2.566502372758021622e-01,7.643628642291989683e-01,5.324714286485652259e-01,1.754693306947142650e+00,3.608621599063931207e+00,5.164255061515139467e-01,4.131645908489342212e+00,1.444055647703420764e+00,1.424928537906422488e+00,4.261463696856016004e-02,7.299626288231733540e+00,8.609214460250846912e+00,1.104170680413598049e+01,1.157116476055804988e+01,1.092379672237763266e+01,5.259587625559611901e+00,2.870143399261582129e-01,7.341045105149951233e+00,1.397459991876877083e+01
4.400290000000000000e+05,9.274824888558437230e-01,1.911554318850973155e+00,7.513515722646390005e-01,4.055091691523329267e-01,2.099351804071130090e+00,3.599090182051200681e+00,4.762359437033139464e+00,3.289830319060251362e+00,8.707771119981988051e+00,4.687441825439772281e+00,7.677989053941868924e+00,2.113573352711318076e+00,6.804539357355745999e+00,9.036632435912689942e+00,1.435028711170491533e+01,6.887383595558436156e-01,1.222956336589088799e+01,1.427634805407040730e+01,1.335985626275001259e+01,1.894317966136696541e+01
4.400300000000000000e+05,5.719680863063182352e-01,8.403338348073463582e-01,1.740698896432898435e-01,2.275532144398516810e+00,2.151515776055912710e+00,2.459303636713207730e+00,5.197378081220208834e+00,1.514730542341640174e-01,5.669013420947219828e+00,2.938623987762673195e+00,2.832909554583245448e+00,1.086605797052244604e+01,3.243423458305265239e+00,1.173407410669381434e+01,1.471945658900975928e+01,3.246734104691729073e+00,2.221852587578760918e+00,1.359637425563707680e+01,1.361208326135541746e+01,1.156786841023948398e+01
4.400310000000000000e+05,4.844829251369442424e-01,8.897649654935235741e-01,6.613005626638209788e-01,3.259239243387511475e+00,3.151439127981269017e+00,2.618471030929105936e+00,5.002299082139469277e+00,2.601315609105068205e-01,3.128011002152807363e-01,1.694060872213069002e+00,5.515775240500136789e+00,7.814606439459415910e+00,6.644838674048776817e+00,1.117296673536921503e+01,1.129493744200991578e+00,7.403524521584035512e+00,2.898291892350106647e+00,4.396614662093175419e+00,1.834490283968238700e+01,1.814172790209764941e+01
4.400320000000000000e+05,9.047661097193911983e-01,3.806878624297600489e-01,9.260925620532300950e-01,2.080860815717741286e+00,4.053675345465569180e+00,1.493755797249589401e+00,5.042346116044623017e+00,3.784223122215660595e+00,5.191112133645089166e+00,8.429625503549354804e+00,1.066335990197261374e+01,1.241986179486173736e+00,1.193171972088845045e+01,3.383298837716729235e+00,1.388978342251613540e+01,1.560256469031745752e+01,7.162418503628213529e+00,1.242204900838400761e+01,4.889716981793434059e+00,8.126647631365879754e-01
4.400330000000000000e+05,3.130182793094797855e-01,4.868523069875465570e-01,1.803279366577912324e-01,3.450912934963901613e+00,3.319858568202578297e+00,7.516937768836855494e-01,1.207897088492244420e+00,7.771094367885416077e-01,5.757271513625116910e+00,7.835903051254820895e+00,2.634343412066035839e+00,1.185973256009085119e+01,8.533218873211383837e+00,1.038506345668230635e+00,9.085155866669671454e+00,7.698314392838758735e+00,1.598290607588500123e+01,1.202261029488806088e+01,7.239179305422401178e+00,1.138775370810530418e+01
4.400340000000000000e+05,2.913202850283072021e-01,1.886721801823439515e+00,7.215322925868556947e-01,3.557577486294834834e+00,2.854372696672274223e+00,5.783178770181780504e-01,6.669152813937165192e+00,8.001010940246962022e-01,2.194207192769154435e+00,5.556587836728821284e-01,6.303558831282809471e+00,4.842871804455439744e-01,6.812125864433986600e+00,9.959523763491803905e+00,2.590899792836987015e-01,1.684153423883229195e+00,6.729593513266148852e-01,2.020422590719919143e+00,6.887303917131870179e+00,9.029162885510370273e+00
4.400350000000000000e+05,9.284103978104361055e-01,8.161885396091494993e-01,1.589200119686419388e+00,2.737954621517780129e+00,4.911212875291922408e+00,2.699475199948545345e+00,9.192711405546872827e-01,5.883979228666643024e+00,8.247842403178882620e+00,1.089744091742215204e+00,9.531659167110658970e+00,5.659676540273905765e-01,1.093527026295148907e+01,5.571382746054201363e+00,4.347247131859935720e+00,1.294452139250313749e+01,2.294726012773337764e+00,6.261478793580632640e-03,1.278470809756371374e+01,1.309943691716039282e+01
4.400360000000000000e+05,5.220287551602451614e-01,3.781534531443286884e-01,2.182026486911746499e+00,6.933659976406625347e-01,3.987319779668963005e-01,3.475489705033227850e+00,1.528292440273346875e+00,5.793554326621661588e+00,7.220296711810435752e+00,1.115891173555561000e-01,3.435143270413930416e+00,1.563288441033138021e+00,9.041914152826398876e+00,5.195808777486375263e+00,1.244244912581638651e+01,4.110350984158159804e+00,1.146045630653983238e+01,6.891291067346545063e+00,1.574972370931159382e+01,6.501575023477514925e+00
4.400370000000000000e+05,2.791618193997857933e-02,1.539487485237574171e+00,1.059522955932537425e+00,3.125353065427451060e+00,1.098398980420657978e+00,1.095892348579816433e+00,3.682301232607587238e+00,5.202223593709539351e+00,5.432881770081471551e+00,3.114012058041667252e+00,1.081022824863108411e+01,8.354719155347209991e+00,1.207447756612672407e+01,7.755452197185173091e-01,7.695800712813255728e+00,1.508964285530072580e+01,8.320321221977295068e+00,1.555714415789790550e+01,1.386855336874558020e+01,1.557948115931779842e+00
4.400380000000000000e+05,3.438396706768575006e-01,9.881245539096878971e-01,7.794897094771555679e-01,1.655552019462410929e+00,2.304825525226777749e+00,2.020435267555498626e+00,6.912624529468409662e+00,6.914686931950867255e+00,1.137001612898189684e-01,6.320988209883772413e+00,1.437158282048910607e+00,9.238238783668967002e+00,3.306950841027612498e+00,5.622091708191925719e+00,7.511249705385918851e+00,1.110016065103633309e+01,4.246590269524519456e+00,2.530228936709727705e+00,1.404524466192452614e+01,7.709254152633673307e+00
4.400390000000000000e+05,2.931721712304528049e-01,1.858687389451608718e+00,2.880039492465926720e-01,2.787308998923859971e+00,1.237745189557920567e-01,2.572625262366874832e+00,2.271635811695225105e-01,1.380435579129885681e+00,1.795772508060079486e+00,3.513552080422355228e-01,6.769524875128951180e+00,1.060568559323135673e+01,5.798866041172670904e+00,8.610862809770916115e-01,2.012527862789237343e+00,1.480447392277794982e+01,3.424803830485948719e+00,2.996947644602548255e+00,1.591739775671501267e+00,7.395611122047833774e+00
4.400400000000000000e+05,5.573467004320704632e-01,7.631635338744957586e-02,3.575555987424895443e-01,3.856253956963999752e+00,7.419004735588241584e-01,4.618858657116192923e+00,2.571609771657064059e+00,3.140710135554326321e+00,3.155240457476390148e+00,4.180271750920829810e+00,5.027923421154925521e+00,3.092945874610118384e+00,4.726814446258295277e+00,7.278801381689024907e+00,3.151700784255557775e+00,9.402883750798640250e+00,5.048784391751061307e+00,2.801673677259505890e+00,1.137287728984613189e+01,1.814301856412613745e+01
4.400410000000000000e+05,4.856718023405416362e-01,4.260953632713158079e-01,1.371204852441680000e+00,1.319178269097278644e-01,1.225027418897699505e+00,6.268750966341427588e-01,4.462286299119682553e+00,7.459480126075277440e+00,8.912307410370695848e+00,1.613584990028897881e+00,5.590644222329627766e+00,3.884955264294589039e+00,5.133007714956095313e+00,1.002540369975766410e+01,1.460908282707369921e+01,1.020405109086463291e+01,1.269645321020446005e+01,4.917443714591857251e+00,6.182770060354680908e+00,1.068032499960940918e+01
4.400420000000000000e+05,9.086169038377966967e-01,1.886514406498212004e-01,2.918996787326174625e-01,2.174883113778864896e+00,2.474070838398764849e+00,5.666521857897049763e+00,1.627593105041134525e+00,5.373725314195455738e+00,6.437994182311738811e+00,4.908662836781778616e+00,6.633671839746700272e+00,3.239162606144533552e+00,8.961356093121771949e+00,3.968117130716805274e+00,1.591431838494764550e+00,5.835010345046788061e+00,8.526279052474009745e+00,2.046420866310116882e+00,1.690754799475391579e+01,1.482328225024668455e+01
4.400430000000000000e+05,6.681813965759528795e-01,5.689445859721729004e-01,1.372218287036567119e+00,1.197384450454268556e+00,1.739447625237849238e+00,5.123646017166149313e+00,2.933563142840939442e+00,6.274664663147074606e+00,7.505993688411422227e+00,9.901367194025629814e+00,6.156794638618678928e-01,1.136170682393353282e+01,5.004956310404282682e+00,8.516380816149409227e+00,6.792736574564078644e+00,8.058830079092743404e+00,7.797912447846534256e+00,1.787930031414826360e+01,9.845913914613998230e+00,1.633252289163955950e+01
4.400440000000000000e+05,5.929164191161486741e-01,1.936650241061979916e+00,2.261776944243898413e-02,4.058182434468946553e-01,1.324211816061876545e+00,5.411397408576680057e+00,2.933281303093901116e+00,4.623214529551424867e+00,2.485369490617999499e+00,5.782123730486840252e+00,9.123321305828703487e+00,9.226977402407232631e-02,5.087172169502947483e+00,6.006298688123022700e+00,9.782017550122557026e-01,7.552292567501336151e+00,1.694248550216765281e+01,9.204948157644011530e+00,1.703050235644824539e+01,1.008162036211156298e+01
4.400450000000000000e+05,5.304603295104381999e-02,1.809908706227097763e+00,2.637560502374635352e+00,3.216539222056034930e+00,1.327232321268443815e+00,3.169546321811829159e+00,2.351259942792274238e+00,3.740062904364727991e+00,2.146366485529370927e+00,1.172018634353400035e-01,9.961776284965537798e+00,6.553367425234608135e+00,3.177504418116383622e-01,6.271012867866721407e+00,8.943822807116765361e+00,1.355139914174150029e+01,9.360687998188835124e+00,4.666955244151616000e+00,1.425364167370067392e+01,1.621323932437728388e+01
4.400460000000000000e+05,4.815107157982659869e-01,1.482887010542642825e+00,1.927107436522036199e+00,1.824841697266280871e+00,2.431698785673330754e+00,5.512985238522588816e+00,2.057844127758291286e+00,7.880717011394933635e+00,8.664140376754090767e+00,8.919372813385326282e+00,3.220109500373665057e+00,1.096323191750009940e+01,7.655007530913096936e+00,3.730388108852551454e+00,6.105518286543673234e+00,1.289163124181942877e+01,1.599303475914783501e+00,1.309592203646379183e+01,1.279246035478356625e+01,1.384313251990679738e+01
4.400470000000000000e+05,9.038947201539517806e-01,2.841166177552161276e-01,2.758562994476449148e+00,1.691752817130850683e+00,4.126920120131632785e+00,2.065212275694229493e+00,4.640265913824447530e+00,7.076015742110084439e+00,3.928064879836562717e+00,6.430054618560683721e+00,1.844006531990631581e+00,1.123123345831751863e+01,2.747840834098604468e+00,1.306421395916604888e+00,9.844113296787726508e-01,4.256288814615297511e+00,7.695993690650566599e+00,1.763959365074317276e+01,7.803192418133362729e+00,7.279988887371098727e+00
4.400480000000000000e+05,7.238877865784575372e-01,1.992396083648676486e+00,1.784108290818367415e+00,3.475723079218538292e+00,2.297808367249174921e+00,2.809249489508840902e+00,3.970500830833770145e+00,4.479660093241430552e+00,3.801179728637145150e+00,3.783500229576773677e+00,4.568838368630836477e+00,7.558739568748292115e+00,9.323740216063177044e+00,5.572906256707168993e+00,6.513433188837915999e+00,8.155186083122922369e+00,1.057046130328157929e+01,5.971256828935401550e+00,1.799588421414718908e+01,8.547201032712575142e+00
4.400490000000000000e+05,2.557589815744134576e-01,3.184996615969477585e-01,2.966014146266607865e-01,2.612936220957025046e+00,2.193355668464074704e+00,3.548861026694286824e+00,2.049337800069604754e+00,7.567311099873180957e+00,4.219202223487110714e+00,4.553768712446188083e+00,6.898893741017494641e+00,4.349675903940276811e+00,1.075718671583273256e+01,6.531764086349006959e+00,1.343410569041502001e+01,2.413906664459455342e+00,1.103302704171351856e+01,1.164814990050428634e+01,4.287101601220630442e+00,7.667117966890946157e+00
4.400500000000000000e+05,8.022226048707084001e-01,1.097996646077947336e+00,2.213934527566432386e+00,1.507079758760113020e+00,3.901711182467193950e+00,5.709077829345532429e-01,3.512705731240299833e+00,4.732149494651546107e+00,4.431990513017058930e+00,6.667829910516748448e+00,1.396834090325818956e+00,5.424607533269883319e+00,1.845692179630273433e+00,8.251887412099762287e+00,6.807192682138868634e+00,7.463751808101234175e+00,1.458268225796892992e+01,8.585466579464771542e+00,3.689151825681463492e+00,1.793079661100872002e+01
4.400510000000000000e+05,7.526835442683563748e-01,1.397754513926335651e+00,1.540367916294321349e+00,3.364280641546089079e+00,1.867131273162655480e+00,3.873827079882707913e-01,4.531485356700924783e+00,2.773364966879032778e+00,1.689893978653604245e+00,2.284115663091607296e+00,1.057048065576436935e-01,4.207080451061369075e-01,6.210399304127368403e+00,3.140650254500609417e+00,1.392761890117743029e+01,2.643739205634210165e+00,1.668202559406298846e+01,8.954045731244597572e-01,1.462487507127518960e+01,4.562097115226362298e+00
4.400520000000000000e+05,7.224250424756510913e-01,1.333539027000303356e+00,2.423359639494586659e+00,3.144370681182123040e+00,1.339145322828008577e+00,5.791252272442750648e-01,2.476841996466996321e-01,1.213202275158986154e+00,7.821012417642464243e+00,6.659511293814311728e+00,8.723412769629094399e+00,7.687185031361742915e+00,1.282975570564834022e+01,8.657968377309563479e+00,1.116957586762123178e+01,4.076889488872311063e+00,1.248396406676185144e+01,5.694182701293454940e+00,2.105079710018335160e+00,6.036638022352336819e+00
4.400530000000000000e+05,6.160551549129582583e-01,6.796313006881964380e-01,2.427905556097169626e+00,2.479907403786334452e+00,3.896301952240266431e+00,4.894261854138909129e+00,2.749606731524879333e+00,5.815649530365972097e+00,3.946558489225737709e-02,4.787551704225608162e+00,8.331190939499469650e+00,3.609817399846428465e+00,4.531835007691509265e-02,7.434279837255133749e+00,9.774689114370346488e+00,8.346089082857195862e+00,3.049723250469868585e+00,5.979273776749136182e+00,1.358662257933064588e+01,1.488882053623932045e+01
4.400540000000000000e+05,8.947824436710231089e-01,1.369890238510673486e+00,7.782843262901718573e-01,1.182899270389473401e+00,2.892466884449187869e+00,3.011531564192043486e+00,5.617478874818813139e+00,6.534401719008096521e+00,8.273417931137055703e+00,1.335977366922281862e+00,9.166444416770220815e-01,1.182479693324255976e+01,7.491588699374014837e+00,3.580435081599697256e+00,1.000665932509248002e+01,1.022005677390381884e+01,9.103734723324540923e+00,3.025575416942799301e+00,1.647077035845250137e+01,9.153997157343107816e-01
4.400550000000000000e+05,4.368205696999477583e-01,7.874670406152539659e-01,1.479686839229198414e-01,1.379325494561135290e+00,4.355773756932238783e+00,2.290776743664679316e+00,1.383342546054806554e+00,4.115156787696823137e+00,3.388070085944741017e+00,2.930768178196433205e+00,1.035756300129028773e+01,1.009348921531565502e+01,1.554668272825992181e+00,8.407398291833233728e+00,1.127113622247227909e+01,1.375591284259059499e+01,6.627251668961539721e+00,1.647281005018480826e+01,4.132956847533690414e+00,1.664874569009792893e+01
4.400560000000000000e+05,3.439839582585008104e-01,1.065341990280186169e+00,1.943124439135276660e+00,4.452875134701099746e-01,2.618739827426659783e+00,5.705264466710220361e+00,6.724240911665781972e+00,6.712043034463007984e+00,8.976461902444174967e+00,5.336169855438971155e+00,6.227323655031882232e+00,1.105633221470547767e+01,4.552081940579949304e+00,8.068418239657624724e+00,9.418492209121248848e+00,3.217821476853934826e+00,1.526647004742923031e+01,2.709576673806560532e+00,1.186761257794634794e+01,1.569229110176733855e+01
4.400570000000000000e+05,9.221121374251043390e-01,7.679246963336647802e-01,2.707875806167599375e+00,3.301076162228045785e+00,2.648991943588923093e+00,4.820367137147592906e+00,2.100187441805347888e+00,3.085146405435462924e+00,4.959751412294921558e+00,4.526140211776774613e-01,3.608552087269973452e+00,5.552102292522777205e+00,1.052594690797908861e+01,1.092020426725731497e+01,9.892992149172541438e-01,1.217260705350134664e+01,1.512938047454300872e+01,1.396401891942385731e+01,9.120483010513122935e+00,1.680681814031680688e+01
4.400580000000000000e+05,4.778899201859605483e-01,4.015756901359623932e-01,1.830561061397564471e+00,1.890818923255677575e+00,4.906818221008456327e+00,5.938651799649729668e+00,1.101610487085912915e+00,2.341022245271872748e+00,8.237334512221435645e+00,2.603984437275458141e+00,7.382107413668109963e+00,1.047551279360377485e+01,1.491194839587794085e+00,1.854429371177301444e+00,1.398597573337830724e+01,1.576714080277151098e+01,1.374858501219322804e+01,1.331592819031112640e+01,1.058423880244924575e+01,3.615376649502470841e+00
4.400590000000000000e+05,4.836951271433365118e-01,2.927143305236883375e-01,2.692726500878550588e+00,2.065491806389091245e+00,4.982563112769081037e+00,2.891056536800057586e+00,6.929925643613905173e+00,4.576550866300722831e+00,6.029066113158437545e+00,7.140002454213767891e+00,4.792132701424101082e-01,5.465170852036980165e+00,1.686572649290060788e+00,5.849686754927793331e+00,9.820166114934575363e-01,6.036723968219241954e+00,1.245990822282819188e+01,2.788199842467595779e+00,3.565375543498823241e+00,1.020804814477784461e+01
4.400600000000000000e+05,2.165686810475506707e-01,8.926933036411399680e-01,1.576898183035915002e+00,4.362551013530109323e-01,1.973812799744403712e+00,3.055563086867441491e+00,1.493043405430861448e+00,3.324806132691761285e+00,6.970521318773998054e+00,5.947761188524584242e+00,2.941472957089485085e+00,8.919950397915323848e+00,7.167611078492316601e+00,4.350412693386629392e+00,5.718277631161996055e+00,1.162262453697028342e+01,1.682868011517762952e+01,7.095596472408047362e+00,9.904160171964234038e+00,2.870952849540904239e+00
4.400610000000000000e+05,1.393303439064487170e-01,1.728772532441473997e+00,2.614176460266369961e+00,2.455771822506460644e-01,9.310630619894710858e-01,4.227395546359392853e+00,2.039689862327747072e+00,3.684344229939930493e+00,1.346192677307974428e+00,7.754554585488832252e+00,2.893446815183541077e+00,2.706771241079529933e+00,5.633210390335290363e+00,1.061283621273797451e+01,1.138377849451379475e+01,1.050444126480960527e+01,1.080906987687409782e+00,1.295345207310417690e+00,8.396817722094139569e+00,1.919457928588794005e+01
4.400620000000000000e+05,3.385065163564748847e-02,9.725599550900032586e-01,6.408527242268984292e-01,3.336279965277380910e+00,6.161641912819265654e-01,3.699276926126107590e+00,2.016834106982891228e+00,3.113381500443404448e+00,8.040833042436288380e+00,7.610909227737848504e+00,8.742459198679757293e+00,2.872008729939625304e+00,6.514607645453374118e-01,8.177478840625655110e+00,4.618299789127501498e+00,6.015982684255547497e-01,1.325131583539950242e+01,8.184841660508967109e+00,1.769883148914048121e+01,1.917185715815590186e+01
4.400630000000000000e+05,6.753459221655337963e-01,9.303595029835258767e-01,2.759702897573857339e+00,3.091540172817647480e+00,5.820456350805180978e-01,2.590718884270590383e+00,1.872946021280526008e+00,5.700172869764167594e+00,8.512864747352952843e-01,1.210641053998280370e+00,6.685962731297759198e+00,4.515153068565595618e+00,1.693774821988363044e+00,3.034693699341421969e+00,4.008866245040026977e-01,6.721638263132501123e+00,3.213883990598568108e+00,4.390381459698529554e+00,5.059896533433868804e+00,9.789690269416919222e+00
4.400640000000000000e+05,4.808950207222825179e-01,1.203470721549522837e+00,1.418999203865416892e+00,6.180096390724139077e-01,2.872914379378662453e+00,4.213343083873377637e+00,3.687857604565993430e+00,8.905485103867958330e-01,8.096954224660748878e+00,1.576900995070169564e+00,3.064236682020209379e+00,6.480618395753293015e+00,2.647350382884288589e+00,5.306498877207106446e+00,9.511427097368617467e+00,2.965016463053373741e-01,1.415239137924265123e+01,1.724441824645539612e+01,5.505626345454562864e-01,2.244248951693657013e+00
4.400650000000000000e+05,1.274080956604758397e-01,4.224922485748294765e-01,1.353778938983748459e+00,8.697870008310886192e-01,4.562789285872278278e+00,3.255363846627066238e+00,5.757565468763578664e+00,1.010488603633508120e+00,1.757364280660376199e+00,3.129399576465834443e+00,1.001851176388189479e+01,4.847986272124362728e-01,6.828705701633084324e-01,5.306611960044666176e+00,1.207808071662970839e+01,1.473564083329807062e+01,1.993815248326697986e+00,5.544065837878416225e+00,1.832792728752477274e+01,7.731878082565453170e+00
4.400660000000000000e+05,6.368210929212537730e-01,1.489999831161940458e+00,2.010220722191377707e+00,3.045629436551905211e+00,3.443744865189047211e+00,5.769359181265961034e+00,3.017138019975231344e+00,7.970534799773246526e+00,7.311759376452265258e+00,5.310908576423843286e+00,4.980352423187921929e+00,5.616420240926423446e+00,5.735286562327479576e-02,2.702376263281813351e+00,9.114588780947585178e+00,1.423204795750046969e+01,9.496807752715730189e+00,1.545341846050821921e+01,1.796320445859505011e+00,1.048498314827850386e-01
4.400670000000000000e+05,8.706161616727737806e-01,1.910389987449273352e+00,1.903928526913443164e+00,6.101349041454557920e-01,1.170902306695534190e+00,5.931167657528084725e+00,5.516226928697993692e+00,1.935857811567480269e+00,6.114557208775908137e+00,8.521975614350918438e-01,1.636903541368526671e+00,7.143900845129341093e+00,8.381533983694477996e+00,4.676703403857668917e+00,6.694413309934295953e+00,1.788377064809674621e+00,1.356709443339218701e+01,2.413686819237949699e+00,1.373488329757902804e+01,1.246584138574443124e+01
4.400680000000000000e+05,4.735751344108011240e-01,1.394003237221001612e+00,1.088691934170068709e+00,8.669520788534876843e-01,4.218994298136086840e+00,3.722660397780284125e-01,2.468692631923026237e+00,5.589373434697465726e+00,4.356754023052961777e+00,3.551153181816786297e+00,2.561098989613043830e+00,7.414624757912354980e+00,2.494564029789257287e+00,1.354525666516122762e+01,1.093723109064137944e+00,4.759806386075355888e+00,1.275175478079579605e+01,2.448048298581162463e+00,1.256012183678996763e+01,1.779479594744263338e+01
4.400690000000000000e+05,2.121910646986453486e-01,7.342115339741557278e-01,2.592193848003935486e+00,3.281842149345448156e+00,4.268472678937394349e+00,2.443263783248407428e+00,2.496017132359846791e+00,2.773765319529204909e+00,4.510451074583543551e+00,6.627984856914684642e+00,1.787856881756912930e+00,5.111400491151405490e-01,8.669776962662899322e+00,4.262865370589408620e+00,1.476094235044028480e+01,9.148583967280599083e+00,1.036228971600208482e+01,1.219789572673275480e-01,7.574395994206479799e+00,1.148870047228230717e+01
4.400700000000000000e+05,6.459460064835446103e-01,1.432465952095212325e+00,2.198920280620777490e+00,2.459087732314695351e+00,7.773795775379477302e-01,2.635829008100007531e+00,2.091190929055757763e+00,2.428271538599410029e+00,6.349193785400808920e+00,4.700361202979048691e+00,2.490577809959793054e+00,8.946081182992081438e+00,8.382050941669943356e+00,1.235573146446511839e+00,1.252639177085031008e+01,7.071060866674494960e+00,1.012934509567959296e+01,6.364677214921485415e+00,1.930029962348225325e+00,1.339967569967500438e+01
4.400710000000000000e+05,9.262670428568975378e-02,1.800066367721893545e+00,1.915889804196879043e+00,4.658017917175247824e-01,1.588226583318544272e+00,4.434329136985860842e+00,4.933561637281441037e+00,2.608545775581273318e+00,8.223145964499503080e+00,6.452980218309623872e+00,7.600691114711416674e+00,1.012369047205320882e+01,1.147013715911029408e-01,4.520028428538915399e+00,1.363996594435103304e+01,1.501142670262010270e+01,2.524985508706899529e-01,6.253889759711765972e-01,1.050994647765101098e+00,1.767865333650447823e+01
4.400720000000000000e+05,2.580632836070124725e-01,7.919668848793901539e-01,2.461907762635344277e+00,3.880701151172734953e+00,3.669699261965719828e+00,1.298999298146474857e+00,7.451553693280749124e-01,7.554038510639251136e+00,5.534939433377168427e+00,1.370357914161861590e+00,5.288038920178703250e+00,1.237148072410796384e+00,9.001019000069749865e+00,1.199677061446966420e+01,7.518146994053572563e+00,1.177268008723034320e+01,1.589471902217808541e+00,2.976607674297117700e+00,1.749196414440044833e+01,6.065801040075299966e+00
4.400730000000000000e+05,1.190657446685716714e-02,9.343685438046493985e-01,2.471511444408045932e+00,2.077396347447904024e+00,2.577775213836144275e+00,5.054441960319181248e+00,2.527096429545969691e+00,2.581816690679313631e+00,5.799229869158759598e+00,2.596587698642949249e+00,3.139645139692408105e+00,1.129029586688313547e+00,3.625959625741186798e+00,9.682077494425119113e+00,1.423810335973340724e+00,6.908096255315316014e+00,1.157594012909851777e+01,2.789652857841173894e+00,1.632643664063130018e+01,1.083935760542812332e+01
4.400740000000000000e+05,8.444174041395169361e-01,1.397618663259558858e-02,3.932894263433520665e-01,3.174284924979360323e+00,4.140286588724616301e+00,1.695119897171430967e+00,6.700523550935755246e-01,4.911520875460040791e+00,8.427938369511944749e-01,7.124016674991828779e+00,7.129339690232781024e+00,9.504044278991266026e+00,8.368053398318530123e-01,6.695888002166771713e+00,2.008818878308327172e-01,5.561855370003966570e+00,1.149626570272892323e+01,1.522792008580993617e+01,1.069056606523622399e+01,1.364789904672853815e+01
4.400750000000000000e+05,8.052956101307114922e-01,1.904660289940949491e+00,1.292747764244337016e+00,2.056639243684700968e+00,8.710016233822059917e-02,2.309153339341982303e+00,2.748895182212361732e+00,1.653564434679686279e+00,1.994825050642114572e+00,3.985732945038900965e+00,2.461900179072691763e+00,6.298980923966668755e+00,1.293535300977799007e+00,3.850360798198829038e+00,2.541721532054328936e+00,8.383229568747385230e+00,4.695163162786005762e-01,5.645788482280502230e+00,8.804160107280328162e+00,1.186278937146249746e+01
4.400760000000000000e+05,9.453668938700345858e-01,1.667136276510806869e+00,2.854856525012535062e+00,1.562158509556499375e-01,2.648445609985272231e+00,5.152832148890404973e+00,2.375137719331375408e+00,1.752343676721017651e+00,3.992327802608629739e+00,2.348509689341375939e+00,9.662686709271291363e+00,9.565425340458181935e+00,4.182529837239424175e+00,7.793475977158508705e+00,3.199728727159206754e-01,3.974487494827194212e+00,7.926411264525270006e+00,8.217985774778779895e-01,2.664131016234979388e+00,1.182213240311449098e+01
4.400770000000000000e+05,9.881981287824046500e-01,1.552193403680438788e+00,3.836894463159550295e-01,3.228514765787310115e+00,2.951137170606961124e+00,1.691158700602937381e+00,6.654017849213439417e-01,4.493820712694755137e+00,8.954022076526580776e+00,2.637522615305887275e-01,3.131124904183612001e-01,8.677185681367294734e+00,5.287109576021242319e+00,1.397912122555355907e-02,1.042642006355296580e+00,9.456128867844471486e+00,1.281430501411669365e+00,9.270324708302267069e+00,1.298064403112458187e+00,2.932783110810759375e+00
4.400780000000000000e+05,6.892403753775750985e-01,1.567533076123299951e+00,5.289235279084049113e-01,3.774848876287693500e+00,3.860685220143739826e+00,1.415489771782494355e+00,3.478259271029521482e+00,2.557387489492357169e+00,1.202637085166652353e+00,7.684463717275410666e+00,8.866510299099541470e+00,4.166553509976671066e+00,8.824888077314481549e+00,1.080621507787786584e+01,4.971146122415431634e+00,6.985608841306163441e-01,1.327223840323037862e+01,1.612752928535060093e+01,1.139167445068986950e+01,1.584862162832923005e+01
4.400790000000000000e+05,6.336915076480550413e-01,5.987873310386271353e-01,1.274066012588885854e+00,3.441831748920481715e+00,1.905885211168890647e+00,9.297789232283082406e-01,2.643658577503472884e+00,3.452445498453882600e+00,8.391146906243429626e+00,2.301476744465710489e+00,7.703653851544759235e+00,5.263129465947410601e+00,1.031814906341860727e+01,2.432258272483460271e+00,7.641506943766484206e+00,6.538958255982834089e-01,4.207645002316291460e+00,5.790443993725570948e+00,4.900963783643546456e+00,9.675625428671025929e+00
4.400800000000000000e+05,2.113828420564882737e-01,5.216818939919936060e-01,1.766854234929062351e+00,2.776110749318569493e+00,4.487565670690200292e+00,3.721274848702433857e+00,3.485170524952977189e+00,6.590777737101590539e+00,7.393837447811979047e+00,1.283108036799959217e+00,2.334972224359033177e+00,9.383105388294326943e+00,7.850553738194934184e+00,2.057528312245879398e+00,1.225699733330153585e+01,1.527044075375282084e+01,3.792184625288654409e+00,1.477886544072495534e+00,1.286216691864667716e+01,1.052820515869658280e+01
4.400810000000000000e+05,6.101687647527043179e-02,1.966459475165403648e+00,2.345251378686040056e+00,3.190769277914090374e+00,4.204321725912088858e+00,3.342857732710195151e+00,4.480636504081507709e+00,2.753248330433883950e+00,4.111801698019426077e+00,4.646003509053637792e+00,8.017311898105776713e-01,8.103812240419609125e+00,1.289939699038620713e+00,7.205350396488745979e+00,4.159817583949158681e+00,1.311208802683557550e+00,8.906035734564179407e+00,8.532386623604564235e+00,9.029987288844948168e+00,3.563359025523986645e+00
4.400820000000000000e+05,7.892015266387369943e-01,1.648861148821678668e-03,3.572036581021934554e-01,2.141975000040031496e+00,9.931400875128054695e-01,5.113389345790579021e+00,2.038953737181521397e+00,4.208821051035535277e+00,1.493235994461096894e+00,4.575795932597215288e-01,9.003074233342482913e+00,4.653167749227935523e+00,6.733011413452810068e+00,1.012146318483883434e+01,3.374244857490633187e+00,1.356624345188898140e+01,1.036014051839952987e+00,2.576092518838845713e+00,9.389141710175579192e+00,1.259738822233660471e+01
4.400830000000000000e+05,6.917298434463353685e-01,7.455912774987378810e-01,4.015370347226706604e-01,2.363538847663787301e+00,1.106799111701056049e+00,4.504182325903849815e+00,4.578564497984593196e+00,8.085174103738710372e-01,3.497811094292594625e+00,6.377187966584529910e-01,8.222713380104305969e+00,4.591641648448165469e+00,7.252321188762186566e+00,6.297710735754302291e+00,5.109075784366039485e+00,2.825993599293969538e+00,1.433782897890658958e+01,4.538513750473294195e+00,5.153075664066925299e+00,1.891019198571552806e+01
4.400840000000000000e+05,6.474821605891101228e-01,4.999604629344434059e-02,2.251606914738046861e+00,2.940762382138351949e+00,8.227109361731599346e-01,5.004040529968218465e+00,2.170197751106049289e+00,1.438443837879508358e+00,7.301905746565937605e+00,2.234612196525239902e+00,5.559397290402197100e+00,2.001394699410284250e+00,7.139775447368120531e+00,1.038655820869762181e+01,2.430552771721806060e+00,2.908058269376530447e+00,1.365631382723800691e+01,1.710208239267823416e+01,1.356175882822077128e+00,1.853671553484725365e+01
4.400850000000000000e+05,8.244555833152542590e-01,7.878634754647797500e-01,1.408530325833733166e+00,2.759881314461566149e+00,4.288127568016316005e+00,4.233329176549150752e+00,4.602323782283426201e-01,7.077272313619588751e+00,4.613043455247884062e+00,5.197839458296561688e+00,1.241166119176336569e+00,4.592008819271865327e+00,6.111631590198551400e+00,8.613626699826474109e+00,9.933246898969926519e+00,1.140428815317479128e+01,1.629453380737795332e+00,3.052714040020823028e+00,8.570152707901039335e+00,5.595041466607895586e+00
4.400860000000000000e+05,8.672018398085228341e-01,1.986911954356942678e+00,2.109611782174662942e+00,3.786006851261799255e+00,1.789609138519812515e+00,3.531469061437307211e+00,4.584551514229463498e-01,5.958710981118942485e+00,6.485774899815545780e+00,4.649313060347612492e+00,2.537371955684716518e+00,6.654356527573381364e+00,5.502660394117365072e+00,1.194591593875524360e+01,7.319562302478765936e-02,2.563996781710907058e+00,1.797198364251744174e-01,1.654204583578788856e+01,1.695500157434758037e+01,1.268811565994706569e+01
4.400870000000000000e+05,9.924989458420065969e-01,1.049535800243493577e+00,3.988327419187606138e-01,3.471646314971298164e+00,4.171311154768607921e+00,2.391144289355068508e+00,1.441680740652244497e+00,7.315950940963684701e-01,8.972240508641837309e+00,9.943034362154893557e+00,3.952051197208329647e+00,7.149594054204126969e-01,2.305462006652242657e+00,5.254701581721292314e+00,1.337674954025962393e+01,6.327306629202514188e+00,6.427947953112830071e+00,3.341595694048381748e+00,2.735486134567546745e+00,9.070624544274959788e+00
4.400880000000000000e+05,4.785418566090421377e-01,3.814639529251768746e-01,7.747961059732505484e-01,2.518734393259314697e+00,4.308390774460534089e+00,5.907156707557463804e+00,3.514592923812134728e+00,4.645605597416256671e+00,1.459654894193470609e+00,9.394863272658465547e+00,8.302591885367514024e+00,7.330971849888067382e+00,5.384397173396826553e+00,3.166272335790762060e+00,1.445352749054159602e+01,1.983001554940637234e+00,1.493185154053637831e-01,1.321495599565399282e+01,8.321882250994384833e+00,1.931397745319019066e+01
4.400890000000000000e+05,6.680889963069625015e-01,1.556183734330248480e+00,1.622872527061130832e+00,2.419495904768014682e+00,1.236927711246938344e+00,3.168348858159780512e+00,8.002032318859692017e-01,7.818475142813409384e+00,3.739808574239219308e+00,5.357036575976271919e+00,1.093042982110637773e+01,7.935825370801482315e+00,1.160652313672597691e+00,1.196216217072047172e+01,2.895455638932022069e+00,3.818417686857477733e+00,1.126626256113591928e+01,1.678701669962722676e+01,1.783492278340236226e+01,1.658217832966275651e+01
4.400900000000000000e+05,9.752979465338277310e-01,1.799632624393416869e-01,2.139134662129346331e+00,2.774912155470556918e+00,2.907976346751293129e+00,8.284465350743033252e-01,1.825973897403688539e+00,7.697052291621687914e+00,8.782932934871837460e+00,4.165143440673812592e+00,1.071308858439695921e+00,7.300739791672636869e-01,3.329476793435321991e+00,2.171448160650773396e+00,1.040194698191609479e+00,9.953840577592874439e+00,3.162881116404289372e+00,2.604862562456869313e+00,1.172083672897862350e+01,7.756281223620766774e+00
4.400910000000000000e+05,9.313773758538350656e-01,1.488927878558118811e+00,1.645492467319823016e+00,1.496178189654036039e-01,3.046738129106919324e+00,6.445707861871907696e-02,2.118390977607215842e+00,7.759297452310782717e+00,2.218726457719498946e+00,2.820562403941095919e+00,9.261765246706994859e+00,1.234755960126710406e+00,8.088896994519869210e+00,4.409918057619121257e+00,6.278153761840521430e-01,5.194029271374933643e-01,9.241064983752483641e+00,1.319727456003077570e+01,1.412085265194366102e+01,7.055912694306083921e+00
4.400920000000000000e+05,4.973773998590780288e-03,4.637833086811906647e-01,6.518655690701136152e-02,3.918917474504786114e+00,1.036423339396483456e+00,1.012222354633059762e+00,6.187445775097700995e+00,6.386025025896549856e+00,4.180167460796906376e+00,1.713005593253316139e+00,9.137888459898075411e+00,1.041557001133932303e+01,1.523630579323650647e+00,1.295460796352061905e+01,2.785769448846504570e+00,9.622488653722493623e+00,6.755890284982344340e+00,7.448612297997622811e+00,1.378116819825889472e+01,1.099932715443226350e+01
4.400930000000000000e+05,6.183836114677194740e-01,1.349125132391761683e+00,1.925057727680790753e+00,2.823382210864142650e+00,4.121391014858806656e+00,5.593950032382179138e+00,2.611230548455515166e+00,3.255016626360743182e+00,2.903095647019715564e+00,8.605690236905378043e+00,8.100169379147162729e+00,8.830346227284088911e+00,3.588727633213597112e+00,6.580511749406282362e+00,1.287646136344630676e+01,4.925796301021634349e-02,1.356195422717274290e+01,3.297019860520750356e+00,5.372578672460117666e+00,1.219656479355771417e+01
4.400940000000000000e+05,4.915913522907642275e-01,1.341355411040595191e+00,1.925308727486951810e+00,2.231059809825830520e+00,3.542943568050549885e+00,2.409738274812406544e+00,6.876245465707395699e-01,1.621500632453267698e+00,1.608946938491309542e+00,6.412463192615661889e+00,1.067853269968602525e+00,9.018186630037867246e+00,1.222927591586800489e+01,7.680718937131939761e+00,7.359383955229469088e+00,4.999990686273308782e+00,2.124385538167508525e+00,1.519219958978491292e+01,1.516926974669040540e+01,1.606704761291668149e+01
4.400950000000000000e+05,8.799944058465485330e-01,1.300301153864491521e-01,4.596042430597345740e-01,1.196679894487365114e+00,6.524624699005798778e-01,2.723704383621973868e+00,5.487630319957408354e+00,5.267386150832798819e+00,6.062730925662915382e+00,6.456675011379751972e+00,4.225507429179369723e+00,6.660167990545087235e-01,4.967751422939194583e+00,9.682457566564623974e+00,3.230321311369984905e+00,6.435005916899488199e+00,1.507771707100501235e+00,5.521922191395804980e+00,1.334199718044623140e+01,9.290714749546410189e+00
4.400960000000000000e+05,8.889368253416809473e-01,1.416645687051089952e+00,4.199065435677483693e-01,5.814802467743183101e-01,3.305275577042241064e+00,5.377817754685888296e+00,1.286433679060707602e+00,7.143098998286829371e+00,5.938846005910242809e+00,7.130683234597501752e+00,3.198415474092973554e+00,4.337261720198852366e+00,2.282462028627850747e-01,6.711114880284979378e+00,6.323441457319038506e+00,5.851161305187751793e+00,1.096540818457281219e+01,1.645608640501438558e+01,8.023263488764142082e+00,1.432378632114463457e+01
4.400970000000000000e+05,7.861371085448251028e-01,4.661513964081009931e-01,1.865606092360612145e+00,5.090896777957460984e-01,1.222239710877808250e+00,3.199371462250222287e+00,1.089173901513019960e+00,1.281979349763522791e+00,5.352042969616536361e+00,2.205741889139989365e-01,1.076766471009032244e+01,4.832644390644347254e+00,7.691865835830112630e+00,3.176304324848597815e+00,7.935169718854045984e-01,4.514216588648199746e+00,1.239576939764221741e+01,7.114084205714725329e+00,6.782715913425385601e+00,1.716602365858845758e+01
4.400980000000000000e+05,6.466312397202018669e-01,7.361943762260250157e-01,7.744258611908970691e-01,2.782308029963667995e+00,5.241743684559441174e-01,3.416786391174084336e+00,4.034865642595470092e+00,6.747231522959627803e+00,6.581427062056904198e+00,8.680109137793472485e+00,5.155434182356880557e-01,1.080327425165846122e+01,7.652256747613741084e+00,1.333443467064951982e+01,1.015085749782232938e+01,6.776254536151006036e+00,6.100937499459990754e+00,1.327694966828667233e+01,8.946559559738634704e+00,1.220528167336893333e+01
4.400990000000000000e+05,5.777577637778601449e-01,1.929306635024562455e+00,2.721704909165245212e+00,2.298415068140676976e+00,1.266176085711817612e-01,2.355254375505359654e+00,5.034303576157936000e+00,4.944587633357268253e+00,1.642688027545200713e+00,5.988235418076227390e+00,3.214442046462755886e+00,1.417786038323724629e+00,1.204665716742167625e+01,2.404617181542046289e+00,1.334577449536550908e+01,4.503415458754062684e+00,1.396073874549601790e+01,5.928428454762840971e+00,1.436306578873532480e+01,1.560635751672925764e+01
