8.000000000000000000e+04,1.536774779314016293e-01,6.857573556218659050e-01,7.372258876950240625e-01,2.570312479634235370e+00,3.032861294426166587e+00,1.129268029461826028e+00,6.641861090797538836e+00,1.211466895984667502e-01,7.859507644493014311e+00,4.382029573795620081e+00,8.304896687975784619e-01,2.695467705441318973e+00,3.629994116049590769e+00,9.268310896270210986e-01,1.018771549673338939e+01,9.461503731978764264e+00,7.612949990839188885e+00,1.981679491023198070e+00,1.295794356653019719e+01,1.064184822117552898e+01
8.000100000000000000e+04,3.933296538717299118e-01,1.829437588720084662e+00,1.892919164154625467e+00,1.953812762725530394e+00,3.154644187797682076e+00,3.487702315994267277e+00,3.953105444319293671e+00,4.128495782878705000e+00,1.440257049676911150e+00,8.018157485403591522e+00,1.269855068187695002e+00,6.950470032967489331e+00,8.507114214700580490e+00,7.756619396100502328e+00,4.495342817472326225e+00,1.464273671787216458e+01,1.578112203023239601e+01,4.864012947507339035e+00,3.225544779075027790e+00,9.717660460310220572e+00
8.000200000000000000e+04,8.580365682703872121e-02,1.580469683578261453e+00,7.208435354462635614e-01,3.824652569550634595e+00,4.894842286309931012e+00,1.707118089053973220e+00,4.924773740807264488e+00,2.110095569249379466e+00,7.009499340273917412e+00,3.847956394629858945e+00,3.236140809924974882e+00,5.866889173302634042e+00,7.428085944424123177e+00,1.042708894909215811e+00,8.309424920112336466e+00,5.103494902950565404e+00,9.994122020636748260e+00,1.146110886426655284e+01,7.089013016427399450e+00,1.298956270367676957e+01
8.000300000000000000e+04,4.905933296611152405e-01,3.399619181360766795e-01,2.836956529708333008e+00,3.744445678434794811e+00,1.704268097240303481e+00,4.170202042214798510e+00,4.465052795556095910e-01,7.309361631878528165e+00,2.719233884861393058e+00,1.237851029895782329e+00,2.179899822776031559e+00,1.003226768670093971e+00,5.288206729025870523e+00,2.777131804642075874e+00,9.674282672913566472e+00,6.637321793744224152e-01,1.236111051035690700e+01,1.364546213070001812e+01,5.427176935122886903e+00,5.722802227262793195e+00
8.000400000000000000e+04,7.390668896424884560e-01,5.289749464258697298e-01,2.833663586368449838e+00,2.718768465534780798e+00,2.929817558184562465e+00,1.343261756617905478e+00,4.253526537829794840e+00,5.464302087164150556e+00,7.345900692757634687e+00,1.987544703297147164e+00,7.540726727424652331e+00,1.083553538649994508e+01,1.131811671705547795e+01,7.378009989827044812e+00,4.574824250683550808e+00,5.868853860881820594e+00,1.474627225651122764e+01,3.876847785860766393e+00,1.467122238126295741e+01,1.951753406877188013e+00
8.000500000000000000e+04,9.329184109646478928e-01,9.506828958111226413e-01,1.172175824350580431e+00,3.719545801968267007e+00,4.623411762693916849e+00,3.639141988663595839e+00,6.776624535196718924e+00,2.703528501952180640e+00,5.518811467507489077e+00,3.013049524333619722e+00,8.278716865139351455e+00,1.157970012559851192e+01,1.211186430341598630e+01,6.032142207808217194e+00,1.306671808392728096e+01,6.668077183304667699e+00,8.200476644485661382e+00,4.200200800628167919e+00,1.456208190001905756e+01,1.196064243563343155e+01
8.000600000000000000e+04,2.105161725259893091e-01,1.523310439199989652e+00,9.824131473906362322e-01,1.768473403043736791e+00,4.999574099582600795e+00,3.114775253032273650e-01,9.372422464603226144e-01,1.361950591971677227e+00,6.688961997957292738e+00,3.235621772066191504e+00,7.880297488129551553e+00,1.813123958518368717e+00,1.018434794758744211e+01,3.408148572734273074e-01,3.849788148131059629e+00,8.095897058486192677e+00,8.747430985767428169e+00,1.119663170313576650e+00,1.540253513590101875e+01,1.929328916147764517e+01
8.000700000000000000e+04,9.040845315048811059e-01,1.993992512046340870e-01,1.338365516020291413e+00,2.706422050182454964e+00,7.477615410501126103e-02,3.507443207681129049e-01,1.013287249916857924e+00,7.511306747332356260e+00,5.204954426952672186e+00,3.357419869540285706e+00,7.014885616746755481e+00,2.805625610532714642e+00,3.698318443348688866e+00,1.418018293275724373e+00,1.274177226098349358e+01,3.572735445495286655e+00,2.894868351685881080e+00,6.527576179619176244e+00,1.501408875975485735e+01,6.148060624175872846e+00
8.000800000000000000e+04,1.985701780541582195e-01,1.109170422339280648e+00,2.973864838174347103e-01,1.380354201250079793e+00,1.240957816679710835e-01,9.957551544916480868e-01,4.321053251760164748e+00,3.274290433078483886e-01,7.875251950232899034e+00,9.994461548784475013e+00,3.397069630466472923e+00,9.766470239504792872e+00,2.216163208392040840e+00,1.207308679610836677e+01,5.631043816483935593e+00,1.302927663455096763e+01,1.548286180810058354e+01,1.365815883924027219e+01,3.101624067152735975e+00,1.791717130970096505e+01
8.000900000000000000e+04,5.504322959985433750e-01,7.524274405741557814e-01,2.301497353590845840e+00,1.851073609844437140e+00,4.003676763207978162e+00,3.145028375063356307e+00,2.447631249918692298e+00,5.605632710955939402e+00,7.136672853885665191e+00,4.794690396433875179e+00,9.451453119945876225e+00,8.521446835529937758e-01,3.323743581810613135e-01,1.169723930907624343e+01,1.362171124372028608e+01,8.611658256867340100e+00,1.008144400154434983e+01,6.082708452931651522e+00,1.777444825653190108e+01,4.385897870754873473e+00
8.001000000000000000e+04,9.898089225228079435e-01,2.964181566584735972e-01,2.217809894282370298e+00,2.586629855032693825e+00,4.312806468423484141e+00,3.422163717840653874e-02,3.834916145686877442e+00,3.353681797509761253e+00,5.271302665619843175e+00,1.505631632862681757e+00,8.366062061733968491e+00,4.928084113960051305e+00,1.244842905174555625e+01,9.870577192859295579e+00,1.607901204639040627e+00,1.543838886960700307e+01,1.072993103011631533e+01,1.236155671623799357e+00,1.555504159227038308e+01,1.359834970227442597e+01
8.001100000000000000e+04,7.654431874638439881e-01,1.472960945406533551e+00,1.122421050107050400e+00,1.044807055207117585e-01,3.368330991542618946e+00,1.699339679573363071e+00,3.524013858191963777e+00,1.249968732056943921e+00,1.237575012840927524e+00,3.001532260228190196e+00,4.561067318095867407e+00,8.670379617216667612e+00,9.393984188371089061e+00,1.211373137322713234e-02,1.352777422452840028e+01,1.363143341653461960e+01,6.845434424347853763e+00,1.217071793710743854e+01,5.762404882175299337e-01,6.921804623776946386e+00
8.001200000000000000e+04,7.104962076186446263e-01,1.532370247046752176e+00,1.959604330332060274e+00,3.510028352993324940e+00,4.660287328209403057e+00,3.357732974671716164e+00,5.375356218964325805e+00,7.102880204827751953e+00,1.939842370272718552e-01,6.846444739908880806e+00,8.694114458890281227e+00,1.319308637563839426e+00,5.935776360715527389e+00,3.831346594772345959e+00,2.200666479566101952e+00,1.380565021887121624e+01,1.054609701968120916e+01,1.417593883284547651e+01,3.024832683584366411e-02,5.986612245831053336e+00
8.001300000000000000e+04,7.374433577228776127e-01,1.473763996773259866e+00,8.617385638685881588e-02,1.823870555240744373e+00,7.796152181752025179e-01,4.891245731807171815e+00,1.904029138910954266e+00,2.205182016796181088e+00,6.990399506201866231e+00,7.387801131912457464e+00,9.036976742837897092e+00,5.012637968098504260e+00,1.136878153260729007e+01,9.349640165722536977e+00,4.896194813939897195e+00,8.808993310947203170e+00,2.690157537739634730e-02,4.164134844100606525e-01,3.141933545718905485e+00,6.588649861618756098e+00
8.001400000000000000e+04,1.540737971199648282e-01,1.659166977301536061e-01,2.908669381450624147e+00,3.010380656911110453e+00,3.122915617942403355e+00,3.734369504718051402e-01,2.231255831850503801e-01,5.485737632098185657e+00,6.622593813744767743e+00,2.282134398062424019e+00,1.029478649716450889e+01,3.972394245293325632e+00,4.311691434266298195e+00,1.183704983392529186e+01,1.893835243430622040e+00,1.192761538571668112e+01,3.502891418462276807e+00,9.198720683911750129e+00,2.790795688858811907e+00,4.535124591784951420e+00
8.001500000000000000e+04,7.800698260710670073e-01,1.550329063357751780e+00,2.883331015309052781e+00,3.313071696384857656e+00,2.506055428891677650e+00,3.081044928741798472e+00,5.293673609781708755e+00,1.340350866689057341e-01,4.059247878075859184e+00,2.409601178992810677e+00,3.284964302184185669e+00,7.839857714090749496e+00,1.664930755001771345e+00,4.101973530262116974e+00,7.981915644833502910e+00,1.692104298577319810e+00,1.679566088584545369e+01,1.606425431996109321e+00,1.712969158732740738e+01,8.184000353142561579e+00
8.001600000000000000e+04,7.877465511768683148e-01,8.605889519554246192e-01,1.169175254744921233e+00,2.058947264926006770e+00,3.592595861693888004e+00,4.976797620213016415e+00,6.928854028175087443e+00,6.809532018781426110e+00,3.837989310977370394e+00,2.500468228279013605e+00,1.043444532896949539e+01,1.888886278560617082e+00,1.139258393295569682e+01,7.899076083671473292e+00,2.576304688714494695e+00,5.228504589531830504e-01,1.143964835066791785e+01,1.400174476000920620e+01,1.140050658026191854e+01,4.853066135117057200e+00
8.001700000000000000e+04,4.068487645644960349e-01,1.141045707219653149e+00,2.779055890419563468e+00,1.124035822182695821e+00,1.372687238426362644e+00,4.410364202839354153e-01,1.429124043385748610e+00,4.554288258822317026e+00,3.708042593958517763e+00,8.024994908015925521e-01,1.915210986298522489e+00,3.852705455329521467e+00,6.665107789926431714e+00,4.843851215511355335e+00,2.965110505456515000e+00,2.473464947413459569e+00,4.620216999421264070e+00,1.279949574146029256e+01,9.955585295808338842e+00,1.532272723426244809e+01
8.001800000000000000e+04,1.870327656817079021e-01,1.256905098664229836e+00,9.785387147992788970e-01,3.055694434314925712e+00,2.515817810084243433e+00,1.088418580772837041e+00,5.164689951690522030e+00,1.949987358921476677e+00,6.396518294340845401e+00,4.503475660911895773e+00,9.860927824166569877e+00,6.508211307336871698e+00,2.268320665829383742e+00,6.910500953827467541e+00,1.415244408496234740e+01,1.503922327821851113e+01,1.031530062867025244e+01,9.845363783802181246e+00,2.340569041784194670e+00,4.712070639777334868e+00
8.001900000000000000e+04,4.635172455325603513e-01,1.532647555890603419e+00,9.700052724819840932e-01,3.697378382299757682e+00,3.440072583687564522e-01,3.814584627181426768e+00,3.769393758359500080e+00,7.441476357336999747e+00,2.600297878943635066e+00,1.577821085744353091e+00,4.329209431522993867e+00,5.969920836556946497e+00,2.456059285866687425e+00,1.868136533113516240e+00,6.818147294193365404e+00,1.481585471495545647e+01,1.236517812669852745e+01,3.613563170635868183e+00,6.584687032862006184e+00,3.733871081398030256e+00
8.002000000000000000e+04,4.681476284410375222e-01,5.397460367860469344e-01,4.646770808945386300e-01,2.324687393831584181e+00,1.895916403037090525e+00,4.509446960806252847e+00,5.419402437441170228e+00,5.506370970099004225e+00,7.311003841808068948e+00,4.146277664701386811e+00,6.849109579291533301e+00,7.143173673410184499e+00,9.427114076574671486e+00,5.377640302256887495e+00,1.709595219144159461e+00,9.263144307210051664e-01,6.879555896664229842e+00,7.234397559601954519e+00,1.184151272892175477e+00,2.053097670498207350e+00
8.002100000000000000e+04,8.701700910567677916e-02,1.893738934950928376e+00,1.668038909528805736e+00,9.919271182113469365e-01,2.915256493805007842e+00,2.144530419254802034e+00,4.996314609270890550e+00,6.782056527738338225e+00,1.174537039973384989e+00,2.608333826822275547e+00,3.495527609552644410e+00,7.114179484797147346e+00,1.586407967148190101e-01,1.321113481991227978e+01,7.542816645074019277e+00,1.328922508700048688e+01,7.521383492229938739e+00,5.171835108082579957e+00,1.154332155289001705e+01,1.365342452881990187e+00
8.002200000000000000e+04,6.081168374134167109e-01,1.672177724794216225e+00,5.809298475702899811e-01,2.094105814054862957e+00,3.309827012155036385e+00,4.447817131850111849e+00,2.080717098962248990e+00,5.546616531201282285e+00,4.189844150972374059e+00,7.827967087774810651e+00,5.166002886907802072e+00,1.596443248951108451e+00,6.007975428460325062e+00,1.278114261387474748e+01,1.102271958093564663e+01,1.486511210999725030e+01,5.834630092068406881e-01,1.398480368399239815e+01,1.316361117574723316e+01,1.265727238447537317e+01
8.002300000000000000e+04,6.161650196560409798e-01,1.748131000904275645e+00,1.184964194817620609e+00,8.793094578067770506e-01,2.985975885423739484e+00,4.470179380154824855e+00,3.535874453009994145e+00,6.028264739532420258e+00,3.570454001522021414e+00,1.713006171886525264e+00,1.142950104134075495e+00,7.195585121284764796e+00,5.531877303265355650e+00,6.792710677798549312e+00,9.955044512571134874e+00,1.541117311339600704e+01,1.185990804933677190e+01,1.562395395452210067e+01,1.540828129764421917e+01,1.698724153633171241e+01
8.002400000000000000e+04,4.023625555463964387e-01,1.174345598265816637e+00,6.192281258653135056e-01,9.844438505582697729e-02,1.385035870155508775e+00,3.917149906205517951e+00,5.578509132276571414e+00,5.113257176520879632e+00,4.159028834131880181e+00,5.689264326698474150e+00,1.257785954241056547e+00,2.965008093018401958e-01,1.069818588493257216e+01,1.970945365123752291e+00,3.004202102280220110e+00,8.871988691200758836e+00,6.581707701655699516e+00,6.745336688025759031e+00,4.400816857286344863e+00,1.743982155828184588e+01
8.002500000000000000e+04,9.363013327397367025e-01,8.890706254965601296e-01,9.964673084720377938e-01,1.945070918591769171e-01,6.903164612897266794e-01,1.068369932393119948e+00,6.546515609451581064e+00,2.710959191391810741e+00,4.511098568876515280e+00,4.843163027208379212e+00,4.264553703393014317e+00,1.164011005066924298e+01,1.359157448526758571e+00,1.159591086229445800e+01,1.283146499964360210e+01,1.801628028953027538e+00,2.645732567863170903e+00,4.819994978375683914e+00,1.148493493559946010e+00,1.602607982211803872e+01
8.002600000000000000e+04,1.987297562450871524e-01,1.899227264732501919e+00,5.661701229568267824e-01,3.198494716949222827e+00,2.438264242372678137e+00,2.058203335721546789e-01,6.550267294068930823e+00,4.810014352887487910e+00,7.547790308212334320e-01,3.289223933439627601e+00,5.354488595404910178e+00,6.805532501311798654e+00,1.363375939509629653e+00,1.236234475240894248e+01,6.013082564959992826e-01,5.915390471061193978e+00,4.644658353744883783e+00,4.118503534609350147e+00,5.378813222455699261e+00,1.302029222552518561e+01
8.002700000000000000e+04,3.617531533616401562e-01,8.124926227253961297e-01,1.921048851541648173e+00,3.489558910421274085e+00,1.650210341738031605e+00,5.332561067448221337e+00,1.803708518615509515e+00,5.410268230055632621e+00,5.447659212278517238e+00,7.983564218733754991e+00,1.044593957968503872e+01,4.569860005073403286e+00,7.845787266439106844e+00,4.265151796160678188e+00,9.997028537624025546e+00,8.383745457634260489e+00,7.694463878064536910e-01,3.564941297261303710e-01,5.091279715043040000e+00,1.938610554080503334e+01
8.002800000000000000e+04,7.317628303020250469e-01,6.445729078725639383e-01,9.463226142677307884e-01,9.093750770320423449e-01,3.546282131295861895e+00,2.087964084913490836e+00,3.649499590895162626e+00,1.847582200173911282e+00,3.501333477940351102e+00,9.366834270781939864e+00,7.317850998478951929e-01,5.814354394537131654e+00,3.585520998141810800e+00,9.064635460824447932e+00,2.123048492208483129e+00,6.495415039761278209e+00,2.989553671877995367e+00,3.353453239096859662e+00,1.663947583847468792e+01,1.001202962855948719e+01
8.002900000000000000e+04,1.973721128369021471e-02,1.377053384815669634e+00,5.986932113876810568e-01,1.544926166552209601e+00,1.450143630476812717e+00,3.922764709199692668e+00,6.582670251872920986e+00,1.665256652736679222e+00,6.103884548676521860e+00,4.250248653388208453e+00,7.022331317544749041e+00,4.224087216848710469e+00,4.610726746078587901e+00,1.326424135574193741e+01,9.281401226179397668e-01,1.435859273434602734e+01,8.310736914974637957e-01,9.192007150190127263e+00,1.597950140522247819e+00,1.068753454718043283e+00
8.003000000000000000e+04,8.031135990031535998e-01,1.778914920965272817e+00,1.192321659988105687e+00,3.776165576504335153e+00,1.406160623784307617e+00,1.192016843361965783e+00,5.837402219401261583e+00,5.960777345878150335e+00,1.645076536503110587e-01,8.610862947902194975e+00,5.742372333934839368e+00,7.954144397048593440e+00,6.565019276333315723e+00,6.625140885798520785e+00,4.313418729096346382e+00,1.041274368527745509e+01,1.606225939070527886e+01,1.593283650145257724e+01,3.286924560880270629e+00,1.533906006485096185e+01
8.003100000000000000e+04,2.820106099932433441e-01,9.255854892671644407e-01,1.372246878980239115e+00,4.242152766939666364e-02,5.143321643343506944e-01,2.764567977502170315e+00,2.675707983324422390e+00,6.089101910130863438e+00,4.428197753430542782e-01,5.059096700504838395e+00,5.830852778107739276e+00,5.373665148645763168e-01,1.062304680317087069e+01,4.531984488836229730e+00,9.843458141451161936e+00,8.607740414628057835e-01,1.661374798953339393e+01,1.724520874743359400e+01,2.360749827493888287e+00,1.316558809639061778e+01
8.003200000000000000e+04,7.558725384193425434e-01,1.178699306488276699e+00,2.583164277967464617e-01,1.241968957192603806e+00,3.722548004073238381e+00,2.725313178961977556e+00,6.117715511643990745e+00,4.573749462874120653e+00,6.891228778723171189e+00,3.765222388507565299e+00,9.387562361943979639e+00,4.752406331731684475e-03,4.355688531451911594e+00,9.884263405416273685e+00,1.309215044740740908e+01,6.110957162821183175e+00,1.625913704185043684e+01,3.342817541909536061e+00,1.498756578992621513e+01,4.112260887314866942e+00
8.003300000000000000e+04,6.267982877511861783e-01,1.042136512909143775e+00,1.839784918312781237e+00,2.477160645550529061e-01,1.547948229788817631e+00,1.206962576815507004e+00,4.947491870450003049e+00,3.669096938405995267e+00,3.282625911160114818e+00,2.197207033782672347e+00,8.044349150241826507e+00,1.182539225414298656e+01,9.163455850800767521e+00,5.845488648578926139e+00,1.089349001829826769e+01,3.324266677600125064e+00,5.070307163623119173e+00,9.735487251306393475e+00,2.432887574414084320e-01,7.692121580793553903e-01
8.003400000000000000e+04,8.883152686343795956e-01,5.144700843884497665e-01,1.353292009907883564e+00,2.921642655050495918e-01,3.810594691001660816e+00,4.158290208030409829e+00,4.858077822590922246e+00,4.816675070813857040e+00,3.129060826471023127e+00,4.354710620455137793e+00,5.649286601314160272e+00,6.539649968698271643e+00,1.011930477671340611e+01,1.377176563471613768e+01,6.494880246843962368e+00,5.475747665483385873e-01,1.943218112739742542e+00,7.112798654062652659e+00,8.217515432622580107e+00,1.664954977162915384e+01
8.003500000000000000e+04,2.202352413140880039e-01,1.899747495813488340e+00,1.693486849929636717e+00,2.242052345851596407e+00,4.012001429324121737e+00,9.475124713876048599e-01,2.709712038007683343e+00,5.721298439171492944e+00,7.450192958306490532e+00,7.327414482671623652e-01,5.335165748659929541e+00,6.280415170176718576e-01,7.244078268216257221e+00,5.695195544566206358e+00,1.041766215170346044e+01,3.710229765538025859e+00,4.775802994016794756e+00,1.755818648197600140e+01,1.804239574297294979e+01,1.435648025244243442e+01
8.003600000000000000e+04,3.785183392212061460e-01,2.981737517125646608e-01,1.115434990980857854e+00,2.872048690310337715e+00,1.600837108581626422e-01,3.603401076062604513e-01,5.237112623811420953e+00,6.378493586819933725e+00,5.310243424650081145e+00,8.617378966953957331e+00,2.916399803205838026e+00,3.092099708419733251e+00,8.922951099700133781e+00,1.047494595980512955e+01,8.078038580865730012e+00,6.240531179260317529e+00,1.385199083610345738e+01,1.672126202675387319e+01,6.396123135574584673e+00,3.611720284043438145e+00
8.003700000000000000e+04,5.508828981438843586e-01,1.673737423654874545e+00,1.029757116974198139e-01,3.288560606304391953e+00,2.099735155437262080e+00,2.160228194045003214e+00,3.581914219151890233e+00,3.408347431407658057e+00,5.558604573249757763e+00,5.831438923703926136e+00,5.897704442159854565e+00,1.153328806752585045e+01,5.749587583678628988e+00,8.855044582258249974e+00,2.852233935915772900e+00,3.594405754868711611e+00,3.239143714708927924e+00,7.581549454618816242e+00,1.693753665491326332e+00,6.454762575756818777e+00
8.003800000000000000e+04,4.030922387412008145e-01,9.059218818190872824e-01,7.048151279147871762e-01,3.517628059536246354e-01,2.955786737255840624e+00,3.565527778830695382e+00,6.217227519374080913e+00,7.660615685687159448e+00,6.695213341470835466e+00,5.645672550809503143e+00,8.383036470774275273e+00,2.513074340345013535e+00,7.782438516165798958e+00,7.696759384548093941e+00,4.738237224357705557e+00,8.812244369376209363e+00,2.009460650498783973e+00,1.193627902458140611e+01,6.795898388824024750e+00,1.668445393671802179e+01
8.003900000000000000e+04,1.922089559945552306e-01,5.555061618016403635e-01,1.307076120247220974e+00,3.691400520293409038e+00,2.322995211431200246e-02,5.728575664462967509e+00,4.746930459629226995e+00,6.193320777496881924e+00,7.747758250462792873e+00,6.123260745156299478e+00,8.193069740565228187e+00,4.908571689878328925e+00,1.030011704718440946e+01,7.396077940245017857e+00,1.059919542675638837e+01,1.306049744978264826e+01,9.546575174836728905e+00,1.546420461694092197e+01,1.306412370075351248e+01,7.878582499901687797e+00
8.004000000000000000e+04,6.334269920253199349e-01,7.507844473678757513e-01,6.686078368675865136e-01,2.404185983801898630e+00,4.227097715508239872e+00,3.973905370009850557e+00,4.678477612022242660e+00,1.682270308237961309e+00,8.316206434789725321e+00,1.380305726594539539e+00,1.061212321434559414e+01,5.670192280465378154e-01,9.009575732045959739e+00,1.377117108562373993e+01,6.096047726787418242e+00,9.146535412015925459e+00,1.042455029583535087e+01,7.968946667754514657e+00,9.918615854364015716e-01,6.896988588110466445e+00
8.004100000000000000e+04,2.911773629294306387e-01,1.176046911823780183e+00,2.595325142906305338e+00,1.524277513728647282e+00,4.983474097268264735e+00,4.618897005850717719e+00,9.519754370323374459e-02,4.371812168037907398e+00,6.973098497017468311e+00,8.355761285181680265e+00,1.095267912460838433e+00,3.935856089082868436e+00,1.841284947575097863e+00,5.608935572575222572e+00,4.900299161022754646e+00,5.282547644410993115e+00,1.026924509488608628e+01,7.474274001766550768e+00,1.072899749548619930e+01,1.966784235825594607e+01
8.004200000000000000e+04,1.609996249733658402e-01,1.842516038532273859e+00,1.496868886127591391e+00,2.734174301793568240e-01,4.621685395252642437e+00,4.079395575956873188e+00,4.993726389187476578e+00,7.181989847985883912e+00,4.029354223155384496e+00,9.381665614041023726e-01,1.860518221945191009e+00,5.212532322444952015e+00,1.105538164431632708e+01,6.170593968575051491e+00,1.208066763185870407e+01,1.114701965121473037e+01,1.380885148962867515e+00,8.921662892368328102e+00,3.544719184234466081e-01,8.091423883520727500e+00
8.004300000000000000e+04,1.653517445992296331e-01,5.450600761145609763e-01,2.650249431890815632e+00,7.350521396062297264e-01,3.529512657853896229e+00,4.323063964495757361e+00,1.767760958514537517e+00,2.208935614037518924e+00,3.166356188925278481e+00,5.388818940848587147e+00,1.014739666337011847e+01,3.900443005506079697e+00,1.214800662662749708e+01,8.160552167036654314e-01,1.212017054395143667e+01,5.159285190128537479e+00,1.312268577505832923e+01,1.167864326306022882e+01,2.525407139255785971e+00,1.060806201161450346e+01
8.004400000000000000e+04,9.362004288239991201e-01,1.718436452319238139e+00,1.591194455929746621e+00,3.463411049464474090e+00,5.424299262896170593e-01,5.958030114307694802e+00,1.224675265155729331e+00,7.154171371356854436e-01,1.233155836069425693e+00,7.754849414546160169e+00,5.482568370789369538e+00,9.502893200589154432e+00,8.599199772076767445e+00,5.800410885469151623e-01,9.261253918526469064e+00,1.569665753441268841e+01,1.677356006419984880e+01,1.222555887322236856e+01,1.557528924370401313e+01,1.813707395304226466e+01
8.004500000000000000e+04,7.719462262042782186e-01,1.491879844177931513e+00,2.961584380010026107e-01,1.354961442573438202e+00,3.092978855612895650e+00,4.767636344923062985e+00,5.079272426980943500e+00,4.696432329232005820e+00,3.555831700068661227e+00,9.499508712190962711e-02,1.008617984010767366e+01,7.538488094715286358e+00,7.074012914603240887e+00,1.356594859075427628e+01,2.300488065680180938e+00,3.808204140094444412e+00,8.139405903695275057e+00,9.921088830432895911e-01,7.656125833665607949e+00,1.652620957758079712e+00
8.004600000000000000e+04,9.156516940290795326e-01,5.224799323041813270e-01,2.889182034098876084e-01,1.546532981411348207e+00,6.810496503449431360e-01,4.594163907957470094e+00,5.566389557805907273e+00,6.330294473628727658e+00,4.237521511712327715e+00,5.305941471496544715e+00,2.866346320402052061e+00,7.919336102137348732e-01,1.013258659071171230e+01,1.037088003122217472e+01,1.315738054733474804e+01,1.575551883033707767e+01,1.451327285215510621e+01,1.592009552401838945e+01,9.001079285547728404e+00,1.860538907641685213e+01
8.004700000000000000e+04,6.915924836989321145e-01,8.542433319889877197e-01,3.996035968027609186e-01,3.325082162147137588e+00,2.387642612625780814e+00,8.156788663243572657e-01,3.012708680832230090e+00,3.982084542232371405e+00,6.322316464982522533e+00,9.126013134328522014e+00,4.488716507196546246e+00,5.185577980280749344e+00,1.024549052062135246e+01,5.572023696682352423e+00,6.678255677063854812e+00,1.311123883990471306e+01,3.847664258167026841e+00,2.373983086055909908e+00,1.687199123370765008e+01,1.105951011598433631e+01
8.004800000000000000e+04,6.319790112251874037e-01,1.162779211403117463e+00,2.647233034381556216e+00,9.900572001245446785e-01,4.395718780514759061e+00,2.485996740998696275e+00,5.258601065554269205e-01,3.278872407143993861e+00,2.975369099919966231e+00,7.664959928409276202e+00,8.741828110781245442e+00,3.832968832618335320e-01,1.125822715756630288e+01,1.172105871484330564e+01,4.391983692842464926e+00,2.307138816554534344e+00,1.689291689638818639e+01,1.737472909168408464e+01,5.832773550894653880e+00,4.086170857065440920e+00
8.004900000000000000e+04,7.368826615616921316e-01,1.478495285841738172e+00,2.973422729960422117e+00,1.568874337638606509e+00,7.929104546767512529e-01,2.937524367147064996e+00,5.250659238338513113e+00,4.069442798100934233e+00,5.933975943989353574e+00,8.513799268887137117e+00,8.431295658469213805e+00,2.866952621723748429e-01,7.663778048665297327e+00,5.185469074614496243e+00,1.455196005806952364e+01,1.037587798735381384e+01,9.662592558631558859e+00,5.177872480059010130e+00,1.395514667580768631e+01,8.849163814406818318e+00
8.005000000000000000e+04,9.942300195379916161e-01,1.143946673586984542e+00,2.489572667124768213e+00,1.085972497468726150e+00,4.538436138561953825e+00,3.786609051776346213e+00,3.391742617984914165e+00,6.226507286157918486e-01,8.006648715342208789e+00,6.928991576968698496e+00,1.068592999465205917e+00,3.726415310370997602e+00,7.034413316340438982e+00,3.149826367640441660e+00,8.953785195922396412e+00,4.026176496850403908e+00,1.423425892590927777e+00,4.807800447678340916e+00,9.583479790608503635e+00,1.870468431819783461e+01
8.005100000000000000e+04,3.431334311678680971e-01,1.178252147868859900e+00,2.908496397797715183e+00,3.631348262542700933e+00,4.402990180014421107e+00,5.735243785729564614e-01,3.638378742216983319e+00,3.251670271062199191e-01,1.575295623591748573e+00,3.801254205970039379e+00,2.623648975340082679e+00,8.221735463781261188e+00,4.912988392572508189e+00,1.051179593772419452e+01,1.020710588981303779e+01,3.860055776014117868e+00,1.271438147845619682e+01,1.181277167927739669e+01,1.824793057280183461e+01,8.616604766692692152e+00
8.005200000000000000e+04,9.145171689468060139e-01,1.099368835840357495e+00,1.001405919784140952e+00,2.205312278331644560e+00,2.049170449995683096e+00,2.029560250578002378e+00,6.833226141577568136e+00,6.895444953635191609e+00,8.850945687209261337e+00,4.939318554578216336e+00,2.366529385306186839e+00,1.056334125207353303e+01,8.675902693957123546e+00,9.667035786087931015e+00,1.166247168763897335e+01,5.082154679542718156e+00,1.320893941537334193e+01,8.448581020775216999e+00,2.143559679187048594e+00,1.165111812082821174e+01
8.005300000000000000e+04,1.002968457127133561e-01,1.585289616512546962e+00,6.818954164964091680e-01,1.344074562392111982e+00,1.496361275139834301e+00,2.273367884496828584e-01,1.615267674487831595e+00,1.568306997191914576e+00,4.308298912103610157e+00,1.693153512138666494e+00,8.829858434288388125e+00,4.238968997179748399e-02,2.613050886342461965e+00,8.377225314248471832e+00,6.551558337075046978e+00,4.316460713350680933e+00,6.118576888151602944e+00,4.963335608307138713e+00,9.204751456751965932e+00,1.400010703722656125e+01
8.005400000000000000e+04,8.287289103492654352e-01,1.624057124156039755e-01,3.540288339417358987e-01,3.490816004260336669e+00,4.021620278840143392e+00,5.344889619477744880e+00,6.688576024595205283e+00,4.522656778500087071e-01,4.008177766495220062e+00,1.108375021538526850e+00,1.071997284189888511e+01,1.619728868689008117e+00,9.840528215525328193e+00,1.118274052935675167e+00,1.161250134961496627e+01,3.792975687969795118e+00,9.943485422739097856e+00,1.702989753304074583e+01,8.204307195174763478e+00,2.698929436802435244e+00
8.005500000000000000e+04,5.880930476333610102e-01,7.266232692573342256e-01,2.240271016156590633e+00,3.839070367650502469e+00,2.411575316434145133e+00,3.962723732050998926e-01,3.810805323549506074e+00,1.764795556071945271e+00,2.945924015644377780e-01,6.814165370478688644e+00,1.023177763096082238e+01,9.100443283736044719e+00,6.816133151837803439e+00,9.071249179466670753e+00,3.683483666544793866e+00,1.012224840641033374e+01,1.184354700703027952e+01,1.065723007598398198e+01,8.678922007532446914e-01,5.526195263579478656e+00
8.005600000000000000e+04,2.353570173175210112e-01,1.616291076816885441e+00,2.127288752984774156e+00,3.012995121530215759e+00,4.369594728271503081e-01,3.979997939646861216e+00,4.454458409904633598e+00,1.542143447153450531e+00,2.992671739460392111e+00,3.389501643460023139e+00,8.606425683109085512e+00,6.236498530113940397e+00,1.238957012221599285e+01,4.701025720937892061e+00,1.371979445619701465e+01,1.395349616941042648e+01,3.956233261061775863e+00,1.170020945070279872e+01,1.277021402593166766e+00,5.874745487931543053e+00
8.005700000000000000e+04,8.795580646596037333e-01,1.926255438756926397e+00,2.750850978956961512e+00,3.082441172759358139e+00,1.887828146623636849e+00,3.813895773366419384e+00,2.494535678364545372e+00,6.993109657988332728e+00,4.421737194344377286e+00,4.155164203417839097e+00,7.194379541031159064e+00,8.618999179960628254e+00,2.812626010245608210e+00,6.204243224099734277e+00,4.759077260059163983e+00,1.138651054119579342e+00,1.144797936397694471e+01,1.246924909759765399e+01,4.751398705512678289e-01,5.779774606700205375e+00
8.005800000000000000e+04,7.148385157806688150e-01,4.056874476508709471e-01,4.873423648773884675e-01,8.520326405429634598e-01,1.595050787761540079e+00,4.541038546657479635e+00,5.790168292613257606e+00,1.949145670176039680e+00,3.565746860449688915e-01,3.821954328088681407e+00,1.016039823150475563e+01,2.309732922304171598e+00,7.429004684566395511e+00,4.978100501343856621e+00,4.033905188163099176e+00,5.871902195870820407e+00,5.600278135641408639e+00,5.262543432625573558e+00,1.196406018479837563e+01,1.104272951314246498e+01
8.005900000000000000e+04,3.694448226236873856e-01,1.132535175264008265e+00,2.880940218177391987e+00,2.577337377403451146e+00,2.305299029356009832e+00,3.874260461052316806e+00,2.361851707591526406e+00,4.993646954501540947e+00,3.615357847850464434e+00,4.259802842017458069e+00,8.587950227752017440e+00,7.097394821461157299e+00,4.594462138414857399e+00,6.400983824175493275e+00,1.277957767389020916e+01,9.177168922176127452e+00,9.520258869889669739e+00,2.511951033871853589e+00,1.726657943442582521e+01,1.942288472120640463e+01
8.006000000000000000e+04,4.275279156000374448e-01,1.047898658477571354e+00,2.396966032865343710e+00,1.643104820655666654e+00,3.535621946930030290e+00,4.814811592436715415e+00,6.304333500385002509e+00,7.781426963435574606e+00,3.521688941206489787e+00,5.794364349507906908e+00,9.262505389574155146e+00,4.163077366954091474e+00,8.140298800185679085e+00,2.352534780767693068e+00,1.501620948325630867e+00,1.491453429290853450e+00,5.635947323739797232e-01,7.535432144936236476e+00,9.253332288043990772e+00,5.527152433764117134e+00
8.006100000000000000e+04,9.204806159775015262e-01,1.838102106604824648e+00,2.919524686337744868e+00,6.813743074055729210e-01,1.441144561721963147e+00,3.609677016503391567e+00,2.785562702560989923e+00,4.648157434189733372e+00,6.977528593071519403e+00,8.293789341320264796e+00,9.488362774725040083e+00,2.528602241177462240e+00,7.843390477960610951e+00,8.645411777325461955e+00,5.900148334392368854e-01,5.823947503767699985e+00,6.947750642269243215e+00,7.735234532857910850e+00,4.054004065555083081e+00,7.858994230665723890e+00
8.006200000000000000e+04,6.210258742204037841e-01,1.929119397408814107e+00,1.498134150987628033e+00,1.104515185205398264e+00,3.420857939680011395e+00,1.012062418190121660e+00,6.907138103024273335e+00,3.305864457528669753e+00,1.939813191547139937e+00,9.803113012436937002e-01,1.013815080197301555e+01,3.938647493396534749e+00,2.478992174593654951e+00,7.127586787964684589e+00,1.258734176091695289e+01,3.314033087869585614e-01,4.644511785793056902e+00,1.388373198245074214e+01,1.338932175274258896e+01,4.436103093474656589e+00
8.006300000000000000e+04,6.958015158678043655e-01,1.501967525916784396e+00,2.583994546569427619e+00,1.680029838727664426e+00,1.080392807068974559e+00,1.328391488800124032e+00,2.577943080033060053e+00,2.339416715505042710e+00,1.231422137354668989e+00,2.642182930153053277e+00,1.166437993315210697e+00,5.559900903808845385e+00,2.800368744962562939e+00,2.444027443425741630e+00,3.945909539838598601e+00,7.365045297495749210e+00,8.325722803702927166e+00,7.783741181324060676e+00,4.990071935911843948e-02,1.689028989137307590e+01
8.006400000000000000e+04,9.625834916067051994e-01,4.778305758254750568e-01,2.757501808528493470e+00,2.016449645168005844e-02,5.144444797827435467e-01,1.961678130273793785e+00,4.361006832008833989e+00,5.450874785261725641e+00,3.639743660914839918e+00,1.540742196488626981e+00,6.749052933185925696e+00,2.995322084410032559e-01,4.914424545809824352e+00,7.904221550586116862e+00,1.424801906999930168e+01,1.257914494446601594e+01,1.315101909854585216e+01,1.645122405325719583e+01,1.543856175688985921e+01,4.466073375800394984e+00
8.006500000000000000e+04,1.971040770658638586e-02,1.964161389643422018e+00,6.923556532207412184e-01,2.703213073757301466e+00,2.341039881561597369e+00,5.965398636856057202e+00,2.239181834655504133e+00,6.923667864704080799e+00,1.097350761262827490e-01,3.621384780902539013e+00,3.941372927611419552e-02,1.075079282005369308e+01,3.389541479839437432e+00,6.959874023090955930e+00,5.124797688754312297e-01,1.031557769852996209e+01,4.912618230365910499e-01,9.851198121376871342e+00,1.242526367881774085e+01,2.480178939008403916e+00
8.006600000000000000e+04,2.319511153119619973e-01,6.469919888246900008e-02,1.383046419402740312e+00,3.809332437410247518e+00,2.430677090813025742e+00,1.122170389352435738e+00,1.746250996297116220e-01,1.182382322640529004e+00,4.877482418610884496e-01,9.676144011441380144e+00,5.804495034688230248e+00,8.577178977464978260e+00,6.441103494250985051e+00,6.862634022589553240e-01,1.162915548116434650e+01,4.191440649616183123e+00,1.535470673070873815e+01,3.603499605366060621e-01,3.351939482534406878e+00,1.714940468869986390e+01
8.006700000000000000e+04,8.129630007367606437e-01,1.100823298360169789e+00,1.131185428404106297e+00,3.090763002593983622e-01,2.485946217074691766e+00,1.124903542976752657e+00,1.828610033775600163e+00,7.885398571061593920e+00,6.053913253342309453e+00,7.607841816869587603e+00,4.132993377957074443e+00,1.055258769255385687e+01,1.000403962963499893e+01,8.096184757823305489e+00,8.321433117170350613e+00,2.867767818445187800e+00,6.949924707430979787e+00,1.608133015702653879e+01,1.419615517002512561e+01,1.953275567442169702e+01
8.006800000000000000e+04,6.393179890157100198e-01,1.360590332859445972e+00,2.114390379314912582e+00,1.642961071130628170e+00,1.538389016396500830e+00,7.011509217937836880e-01,3.256035128774238174e+00,6.875838611009625012e+00,6.463417330573280495e+00,3.834015717603173279e+00,3.700793252756177765e+00,6.589847087492877620e+00,1.041051878855517643e+01,8.864289964201816474e+00,4.142902996407288541e+00,1.435772216677693791e+01,1.326149753213714710e+01,3.708716347735474983e+00,1.536686007084296612e+01,1.064750422361720972e+01
8.006900000000000000e+04,7.235316650352309198e-01,1.722188924597099824e+00,2.802128586492071527e+00,8.169529215386535093e-01,4.894513851232645818e-01,4.996437630488729909e+00,2.646785359826433925e+00,5.797290567300183994e-02,8.192892640833193241e+00,9.053692382582243070e+00,8.899196988118323048e+00,9.224733818387434781e+00,2.722787404759778429e+00,2.812174930405888063e+00,9.888819375313641302e+00,8.463771339829399665e+00,1.306811931032340013e+01,1.111932348239027535e+00,7.579686432402514384e+00,1.244425202057880320e+01
8.007000000000000000e+04,6.191847106293940639e-01,1.198619958403678298e+00,1.229743897909313377e+00,9.256924428867097099e-01,2.202579469768306542e+00,5.059902960151869244e+00,5.931628845498519986e+00,2.180738476725912811e+00,2.246944274325808344e+00,4.620810544762581351e+00,4.374206463980264026e+00,2.459346883212062185e+00,3.265636161716670927e+00,7.215480561315285257e+00,5.488994066472853817e+00,1.102924593149420751e+01,1.974606175819568765e+00,5.898023634941560012e+00,3.521983834793320334e+00,1.563960791523694382e+01
8.007100000000000000e+04,4.781192418992615822e-01,4.335988334500078256e-01,9.518879117454770444e-02,3.324087898746096226e+00,8.152571141033693181e-01,4.817724316615163538e+00,3.875456096568614228e+00,6.742454222447113565e+00,5.290156160440278477e+00,5.068281135559247197e+00,2.176446028432833302e+00,2.162789465526971711e+00,5.664479131703157755e+00,9.826106268202591920e+00,5.124871403010965665e+00,1.350573806009245637e+01,9.441567362968228849e+00,1.227472733083878786e+01,2.604599546992021786e+00,1.146267685983897344e+01
8.007200000000000000e+04,5.491641679630038242e-01,1.415791018379212618e+00,2.713967640723912833e+00,6.075973683804845038e-01,8.827129155382612558e-01,3.802565510934456050e+00,1.223136014025578699e+00,8.886816989843557835e-01,9.086217314404962941e-01,4.426066235121380643e+00,2.774091161383782200e+00,7.679179532141557019e+00,8.935280024590181114e+00,3.396140777187595994e+00,1.300241126113190226e+01,1.070508782437407191e+01,7.967977914399979156e+00,1.192284839992292067e+00,7.110506189833450286e+00,6.151387187808207813e+00
8.007300000000000000e+04,6.287383650495678156e-01,1.930374387279545578e+00,7.541626382105965920e-01,1.576335070918271963e+00,3.262161320729551228e+00,3.397638922801118788e+00,3.164015287156439094e+00,3.302598216678678256e-01,5.149866395674873587e+00,8.697993156034189433e-01,9.442625895594051855e+00,5.510477547336581239e+00,3.348315361458902295e-01,1.197692033793340727e+01,1.368919579477074144e+01,2.749784496828558744e+00,1.092813648401657289e+01,5.660938141083846631e-01,1.096769107019089340e+01,1.879811193704801209e+00
8.007400000000000000e+04,2.534101538455031388e-01,1.516927311217600716e+00,4.389118505128150050e-01,3.561810017577169418e-01,4.304989178149452478e+00,4.435748739035824784e+00,4.347718768162503800e+00,1.640287655409959910e-01,6.913661152805621768e+00,3.706980434645168465e+00,5.923091584591566594e+00,5.140521584971912361e+00,1.110786429478369008e+01,6.690644054701071930e+00,9.769553608014927448e+00,2.272004420586917206e+00,1.080050215568658700e+01,1.415616146610016912e+01,1.062219596713226366e+01,1.169390627572330743e+01
8.007500000000000000e+04,3.102010542048014852e-01,3.716881446182691562e-01,2.328090837002403379e-01,1.738470846376725554e+00,4.227169326757608481e+00,2.248251373108336892e+00,4.834681209792837997e+00,3.560172688656533246e+00,4.887172032944097744e+00,5.371198418694492993e+00,2.048037692999570947e+00,6.103699311328668387e+00,5.715088639507297508e-01,1.280668104781308658e+00,1.392711721459213159e+01,2.434707861716416843e+00,7.288960394071219540e+00,2.262868470203421190e+00,4.555762393189198844e-01,2.239189635466509731e+00
8.007600000000000000e+04,6.142059567760969063e-01,1.490796375040254418e+00,1.218881915998482945e+00,3.532007569170438455e+00,1.197535003971995637e+00,2.280775318817052089e+00,4.064915293192046697e+00,4.858113250052433330e+00,4.519842534179461246e+00,8.832569708451092794e+00,5.527386084065279981e+00,1.171445954634873310e+01,1.202821266106414555e+01,1.735723140678418819e+00,3.584755174066516670e+00,9.185256828536033424e+00,3.967305114878910910e+00,7.498390209483053681e+00,1.031160022769242790e+00,2.187864528067133829e+00
8.007700000000000000e+04,7.562137306931968617e-01,5.995625217564848342e-01,3.305726561425725851e-02,8.502222647995436589e-01,1.321726734670066739e+00,5.578010082045192775e+00,5.555113112619323168e-01,2.576035326935587122e+00,2.979186756392019575e+00,5.070835212856442453e+00,9.056236145231101986e+00,1.050600917599913586e+01,3.000299816052580226e+00,7.177551729077611853e+00,7.138172876921144994e-02,4.286617398040442950e+00,7.116812800631646674e+00,6.534906597104220616e+00,1.423283180835306361e+01,1.036969944429126755e+01
8.007800000000000000e+04,1.682513078111012028e-01,5.603877013134739293e-02,2.806572452967411202e+00,3.101932879175385516e+00,2.792761621639891612e+00,3.576132019335791057e+00,5.475381684889335965e+00,1.984551959316040559e+00,2.779518716665874578e+00,1.480929955552483523e+00,5.488481980883025635e+00,1.488056334385639001e+00,9.758546533406644130e+00,8.375869307084457205e+00,3.394852589354719008e+00,4.728017098256827921e+00,6.052707174920078259e+00,9.220738922322288644e+00,3.175005669586555612e+00,1.930398480427883356e+01
8.007900000000000000e+04,2.976106112847762830e-01,9.299290092848977451e-02,7.563172128848177911e-01,1.266663153444050671e+00,9.558778880831342306e-01,5.968929470724914310e+00,2.320817308428458681e+00,5.844632620156827052e+00,5.474803002099038807e+00,9.790922101006456657e+00,1.270517935123602005e+00,3.212572512902001520e+00,1.881639311240708601e+00,5.013919733523948707e+00,5.377343125613769814e+00,1.443715364618043573e+01,1.574260745247800308e+01,3.953335089422097326e+00,8.512132479718379940e+00,6.660059568705786859e+00
8.008000000000000000e+04,9.923853195815290906e-01,2.544669886991421937e-01,9.906700351624109224e-02,3.256915944233518712e+00,3.888202303899658041e+00,5.304658810113502376e+00,4.496953143081403148e+00,2.784442309670392746e+00,5.258485558349331512e+00,8.845817235587077221e+00,4.896912667582060230e+00,5.231511898368441216e+00,7.683171376811322340e+00,4.211287119410226154e+00,6.656683899173387431e+00,4.358172123504582274e+00,2.506748627037046262e+00,4.212457849566075829e-01,1.324429158633359727e+01,1.924381774132808332e+01
8.008100000000000000e+04,5.970209567616882040e-01,1.761529428936788433e+00,2.653952148435384739e+00,3.223768554188821689e-01,4.290455376289509459e+00,1.129061513248828197e+00,6.140022575045581021e+00,4.634187802669868184e+00,4.918953452487969003e+00,4.848177541948427205e+00,3.256586594841403226e+00,7.135226420791052959e+00,1.515778686934179831e+00,1.354399643092705396e+01,1.375594691158184801e+01,1.497983605731835510e+01,2.307253998015108998e+00,9.435571414923467515e+00,1.439713082900087926e+01,2.163936198978533287e+00
8.008200000000000000e+04,4.235626081210885907e-02,4.861112679960728489e-01,2.089683442700393634e+00,1.850339135013753467e+00,4.905547597430198969e+00,4.651522382115622634e+00,2.896604599890261200e-01,7.497929562706882933e+00,2.490856399439706159e+00,6.550815379415367623e+00,5.810094479043471871e+00,7.126314894754472995e+00,1.253652374238996181e+01,8.827920974664513309e+00,6.150656111014457528e-01,9.826862252337013715e+00,5.221889931955526976e+00,2.804025316735628159e+00,2.182892265029373835e+00,1.614666545124869845e+00
8.008300000000000000e+04,6.397166430980504304e-01,1.459645717288725386e+00,1.765685647829453586e+00,7.339062776105467201e-01,5.490068940114567475e-01,4.753738711535650197e+00,1.711588166802368027e+00,2.847952417471546482e-01,6.409721315644253181e+00,4.995780758209000805e-01,2.290487854528882927e+00,6.529955841944248718e+00,9.896126480521788338e+00,3.881902665333523128e-01,1.276202574966694137e+01,2.330297386332814469e+00,2.136646052532864104e+00,4.416133966112126608e+00,1.699596559132784890e+01,1.033473878187544948e+01
8.008400000000000000e+04,4.494151149505088982e-01,1.155753726119361779e+00,2.774797543642042896e+00,1.860663869289607142e+00,1.259773651889150692e+00,4.676181087541078085e+00,8.073257802558185814e-01,4.638781481424428144e+00,8.165905475779876355e+00,3.215134467295147402e+00,5.349358497400110934e+00,1.398074063174195469e+00,5.105026696565976962e+00,1.170007563055390598e+01,1.082478221010321562e+01,2.493738653251016402e+00,2.070736967904577952e+00,1.753420115019086456e+00,1.309296150279853910e+00,1.670128692258985303e+00
8.008500000000000000e+04,2.280519229506958734e-01,1.133929067502492227e+00,1.562625113077132255e+00,1.828327065685252162e+00,2.621624100969573767e+00,1.232993023470375427e+00,5.996772845671487495e+00,2.410481004492067036e+00,7.008631208437824611e+00,8.106967895083355913e+00,4.905099378257209430e+00,5.827552204662897140e+00,3.690993582019320041e+00,1.377706951686866965e+01,1.298607297872016098e+01,1.028839902681308871e-01,1.612415730638781852e+01,7.072245565771714482e+00,5.134590941319125079e+00,1.861309344329282922e+01
8.008600000000000000e+04,5.764254795177260471e-01,6.160785406266189312e-01,1.166799558963355743e+00,1.901059987979099475e+00,1.594587193937512914e+00,4.728964430389126505e+00,6.147933031814884153e+00,3.644398149367378714e+00,1.447358354665283064e+00,5.319348293896974944e-01,6.141314349692970964e+00,6.459142491613936166e-01,7.369717733046710073e+00,1.341334769523412618e+01,7.226004899947656490e+00,1.106650687895520591e+01,1.393854358826108886e+01,8.415958207388932522e+00,1.702913920719252161e+01,1.971577382117745714e+01
8.008700000000000000e+04,1.622763280233144867e-01,9.271682841363972916e-01,1.890463053239399560e+00,2.973474556504020594e+00,3.901329365788524406e+00,2.360932289840588894e+00,6.399071618526645189e+00,3.503145743451971938e+00,1.845687695495268121e+00,2.720279523785122944e+00,3.604146711890054533e+00,4.029210991796567498e+00,9.404854878173257049e+00,1.095783049318462865e+01,1.725514817575006798e+00,8.348544108689806009e+00,5.712293130349245018e+00,4.588988383444969621e-01,1.310043888659324196e+01,1.173639874985176235e+01
8.008800000000000000e+04,3.171203304491088115e-01,7.127645359605123687e-01,2.776892759263557497e+00,1.219076360251191815e+00,1.840322366670285037e+00,7.836623703958163212e-01,2.705847853324057972e+00,6.016838202303990357e+00,7.341964617335644760e+00,5.005801196896285887e+00,1.694986894123226673e+00,4.142665125603594234e+00,1.179476103796539554e+01,2.873820372848570948e+00,1.309751799711087195e+01,8.688233619563055399e+00,1.635892568871783226e+01,2.104557629614974168e+00,1.347503197189136692e+01,1.260355643083248722e+01
8.008900000000000000e+04,6.154641503971085559e-01,1.328551703778055204e+00,2.121638220206309100e+00,3.422208991325386584e+00,1.257996675353740823e+00,1.171461410049958074e+00,6.730212710341172411e+00,8.001329339840470567e-01,4.211738847048434486e+00,5.700904728811996947e+00,1.885286904956059661e+00,4.852076755766654870e+00,6.375978551578237230e+00,1.165373867355139303e+01,9.525196570248779082e+00,1.398801674040186782e+01,1.237845159636631109e+01,3.961421110389343525e+00,1.349532947072090039e+01,6.487497025750244006e+00
8.009000000000000000e+04,7.447262294722489795e-01,8.512383507142944339e-01,1.324617320973876744e+00,2.729293077085243269e+00,7.120609457628651606e-01,4.140571073038767924e-01,6.836472198207081519e+00,4.529074360424075962e+00,7.604623067081091037e+00,3.844669059922172227e+00,7.484035898530501996e+00,1.174273593017105810e+01,1.152272434095891995e+01,5.014290829295330099e+00,2.089054011943174416e+00,5.951954147698881314e+00,1.634203608147505804e+01,9.294999923631507954e+00,9.001395836130175354e+00,1.954613259591188879e+01
8.009100000000000000e+04,6.534436517918542631e-01,1.812836854846521684e+00,2.548188830020217566e+00,5.367569910044815984e-01,2.648936193396917993e+00,3.218768147131111590e+00,3.998072682758133212e+00,7.749981314929757836e+00,4.269990945027802631e+00,3.414909383776976171e-02,2.956842485789294095e+00,3.995548922136053172e+00,1.299273079347325677e+01,1.035395777557719477e+01,1.695649109754791439e+00,9.810783757415594053e+00,1.474528594975896167e+00,3.052692274486445978e-01,9.543562587305949307e+00,1.878150087709926908e+01
8.009200000000000000e+04,9.057409526883490880e-01,1.295326030789368366e+00,1.854993941280982384e+00,3.787893870660865581e-01,3.229839838276571395e+00,4.578481619023225591e+00,1.346164579462560518e+00,4.392291912474179938e-01,5.849555378136592765e+00,2.828209207342538001e+00,1.417487324107255864e+00,5.479009254371371540e+00,1.189929868481300623e+01,4.101051082073450260e+00,6.889944668371458469e+00,1.348119616924384090e+01,1.276692893200933021e+01,7.939927549744455249e+00,6.149942648825638791e+00,1.544686487677031650e+01
8.009300000000000000e+04,3.756814019060217280e-01,1.474102782952953383e+00,2.285967775576240424e+00,2.637772468161503792e+00,3.761320872773008972e+00,1.322564707544506168e+00,1.614957258258050699e-01,3.694034505530393808e+00,2.962592260461853755e-01,3.018558138779059430e+00,9.679443588538890753e-01,5.019585058198414274e+00,1.059600720002964902e+00,1.343365394907789145e+01,1.108444547780250033e+00,7.081964683898537061e+00,2.228976651890925975e+00,5.234224373894700300e+00,2.896016731799716526e-01,7.760890045061927367e+00
8.009400000000000000e+04,9.449889638161074190e-01,9.579175478091754847e-01,1.269980520955122039e+00,9.125747830186523579e-01,4.903609940390766475e+00,1.034771466718088062e+00,3.749961063170653475e+00,1.289538724315022478e-01,8.191444633971183720e+00,5.371789785060934186e+00,2.742543194079053670e+00,5.031693213643705143e+00,8.183736356183876737e+00,1.374014424957675118e+01,2.485436694014410808e+00,1.525411538993287586e+01,8.806919234489640758e+00,7.824023351392673575e+00,6.877085204776781424e+00,1.253297242852838345e+01
8.009500000000000000e+04,1.501432622842518994e-01,1.353493009718202522e+00,1.180158262637533984e+00,2.948906737428503178e+00,4.304022957897865709e+00,2.261212548430719949e+00,4.516118374706718619e+00,6.442640446894940531e+00,3.229370240951194404e+00,7.390283509870303469e+00,7.087873256436744818e+00,1.159476297878572559e+01,1.255810555841840070e+01,7.723454236713316323e-01,1.276293032604823807e+01,1.643521121290987708e+00,7.394711183009848865e-01,7.915374336367277941e-01,6.099083676549154065e-01,1.133699317997172074e+01
8.009600000000000000e+04,2.348394756265124173e-01,1.396197037913479599e+00,1.677877042168792299e+00,1.453858616423127081e+00,4.741360757808391391e+00,2.439163811533767490e+00,2.493628256964824708e+00,3.139239184612208078e-01,6.547728827688064968e+00,6.685085907347484202e+00,1.693724060958526012e+00,9.662460780195088361e+00,9.405634926021058106e+00,1.973035965238465250e+00,1.503622086104701605e+00,2.401596397775829672e+00,1.594042428602173800e+01,1.633256741829671910e+01,7.598656814391599568e+00,1.195137373798647751e+01
8.009700000000000000e+04,5.549421432898036244e-01,1.098193820076461602e+00,7.422947184274951704e-01,1.794785810453161989e+00,5.641714734609748483e-01,5.908577973555834362e+00,4.879307086319131237e+00,3.372176579238098881e+00,7.426790233739936298e+00,7.905297922712501979e+00,9.477106644959329529e+00,1.164646950563174954e+01,5.283309707615420514e+00,4.505070565098970192e+00,3.664656249828854850e+00,3.570161857469926758e-01,1.347294344472943273e+00,5.644712041700890026e+00,9.576640075805826768e+00,4.475626852243051346e+00
8.009800000000000000e+04,3.009088213729860239e-01,1.275340262543007697e+00,2.578172555842743741e+00,2.324882287358425614e+00,2.516339282724816551e-01,4.515143121997173381e+00,4.020865148739448891e+00,8.648738981295664985e-01,4.487823790363814069e+00,2.116268851974723031e-01,7.333244612188453360e+00,3.031708377530246690e+00,1.148519273129982565e+01,2.943958302028801377e+00,9.734977562552060704e-01,4.304126898014757785e+00,1.674174959964492260e+01,3.790696451980720916e+00,1.060466043136755943e+01,2.003605061989377489e-02
8.009900000000000000e+04,7.287542049145453449e-01,1.772013855040460051e+00,1.398939317783287617e+00,3.259271443563579673e+00,1.699738234400605119e-01,4.390654900664916482e+00,4.252726504092938953e+00,5.256125160411158070e+00,4.201846164710064002e+00,4.215867397241143344e+00,2.889419399982549486e+00,8.994330909236495586e+00,9.400781124875331685e+00,1.093104205413062857e+00,3.273230148234053338e+00,2.299950063645360032e+00,8.722161879718283828e+00,3.270591163299947812e+00,7.579094705506475904e+00,1.306195924159636590e+00
