9.000000000000000000e+05,3.844283214745171096e-01,5.782734885989883056e-01,9.663939911366326019e-02,9.552156446365107634e-01,4.286255719349189031e-01,8.263516631726363082e-01,3.177565930843824216e-01,4.031247014313431576e-01,7.356241193040801152e-01,4.975141232587114715e-01,6.698681347141014486e-01,8.472060964123665494e-01,3.386283077602094682e-01,6.375597522876322865e-01,2.635573297839755025e-02,9.580976715608525707e-01,8.421714490000483666e-01,2.385026231816500530e-01,8.656733884250080724e-01,1.483452074225602990e-01
9.000010000000000000e+05,1.465527779160971100e-01,7.958334415683818719e-01,2.745847931739759940e-01,5.844203175077877788e-02,8.332076394189654733e-01,4.148416967640885522e-01,5.725520554127050410e-01,8.903309298874154676e-01,2.873674376396262442e-01,9.086683289253644213e-01,6.609362100562108377e-01,8.158862058917256688e-01,6.285151044248235008e-01,8.383021487834591001e-01,5.517552737748874225e-01,9.058023532072243533e-01,7.533304724277940512e-01,7.537958998866869376e-01,9.116839138644797780e-01,5.676921634006900641e-01
9.000020000000000000e+05,3.533474818101679515e-01,4.538614151850186573e-01,3.459718328321684799e-01,2.733802342990381273e-01,1.481894320394900877e-01,8.135551222092619605e-01,9.895109981337675276e-01,2.910353989473429825e-01,5.834654462002732966e-01,9.999726905332880778e-01,2.864202846255212709e-01,6.893827976245747724e-02,1.072099331463765015e-01,6.204156920189743962e-01,3.608149884135181118e-02,8.242662725885656627e-01,9.226039754814558957e-01,4.127927168975714656e-01,1.006554076219396965e-01,7.964842505314992938e-01
9.000030000000000000e+05,4.679689522285531700e-01,7.270609701698074190e-01,9.605026489005308310e-01,2.107139546350964565e-01,8.781286448955172297e-02,9.182116203163126489e-02,8.720591069759068281e-01,3.669504933742427921e-01,9.048432792597612684e-01,8.253641358548099438e-01,1.193041865854936878e-01,7.390642564714049456e-01,7.610896579247022897e-01,1.584587110628647988e-01,8.588601928947003916e-01,4.703921088680947937e-01,2.395669612401672977e-01,1.288532598789531303e-01,8.477239520487963587e-01,8.902864836589895470e-01
9.000040000000000000e+05,5.912563144034197471e-01,3.774488763365616562e-01,4.044501751319504734e-01,2.066917911987873335e-01,1.888229204499169978e-01,3.358376517073611289e-01,7.395983946279700572e-01,4.340332736963968818e-01,5.831197515092488848e-01,9.200490459411636568e-01,3.618240456844398212e-01,7.847298328352184660e-01,6.307723490810652756e-01,1.735212042461476978e-01,8.888227479977602874e-01,5.538748622418721013e-02,7.038163086721518358e-01,9.534288172615846824e-01,7.040331948097059422e-01,4.263290770704311061e-01
9.000050000000000000e+05,1.992582333818953000e-01,1.102557073169100343e-01,7.393591197394817627e-01,4.238354871020800774e-01,9.099179652408266872e-01,1.454551052380804732e-01,6.886078596329796575e-01,9.756424695998745511e-01,6.670053718902678730e-01,5.275603859380779692e-01,6.074774319703335479e-01,2.931362631266720697e-02,8.045209187414881224e-02,9.969006295209785762e-01,9.552810042514764399e-01,5.392789674220520579e-01,1.284278642901948153e-01,4.236367513201610979e-01,2.868764077439146520e-01,2.235301718671760529e-01
9.000060000000000000e+05,1.948069615161702739e-01,1.439737616932853514e-01,4.653349421822616794e-01,7.956693778141423756e-01,8.881695056950444922e-02,9.079749742305530669e-01,4.703993777706577673e-01,8.948681305377642614e-01,4.676866268383442771e-01,8.550767416656007702e-01,9.393127239694935016e-01,1.739071801190811284e-01,1.781903477181128181e-01,4.636424047680679505e-01,2.679652608532645530e-04,9.682176155330257661e-02,8.824445306156357693e-01,5.844803422275076654e-01,2.719553186123871980e-01,3.967132636940524648e-01
9.000070000000000000e+05,8.651290233053031686e-01,5.550541306687537535e-01,5.965783963082503805e-01,9.332775005841196236e-01,7.655285893422121291e-01,3.329927628475465307e-01,9.896381353401322301e-01,7.353635073132362976e-01,1.308947329467727849e-01,6.401136392669636299e-01,4.388398506095266827e-01,8.509803803894996355e-01,1.889822966679622906e-01,2.406344536678542978e-01,2.383074936866395044e-01,6.851115000358289908e-01,9.382455077841023172e-01,1.856418194182573034e-01,5.056834206021006972e-01,1.447442965710418195e-01
9.000080000000000000e+05,8.378129235173928935e-01,5.345397250811085854e-01,4.913297771426667904e-01,8.467343421068559417e-01,4.963663831172019369e-01,2.439588817384314989e-01,5.735515719139914204e-01,1.278826452564435501e-01,9.758234543900267122e-01,4.502711246921945465e-01,1.516868670174319478e-01,9.277954496399754003e-01,2.195769211486260364e-01,9.132359228664850281e-01,7.248207287727641557e-01,7.163394406861796071e-01,5.903529770287885281e-01,5.742136048720006825e-01,4.276118205861324517e-01,3.237880767741394550e-01
9.000090000000000000e+05,5.704186587352089166e-02,2.193082447927996448e-02,8.654458193554974699e-01,9.865708659975028771e-01,6.686288762809970976e-01,2.339227873086353604e-01,4.081541234318308842e-01,1.239757208453854398e-01,9.286153606073169753e-01,6.247537694405017605e-01,5.503197487064085403e-01,1.088270674579924213e-01,1.674473443821770102e-01,4.673214896947022190e-01,4.166391409023407766e-01,5.607184796136913674e-01,5.978942821169834776e-01,2.246208606263736529e-01,6.357555213207581879e-01,2.158676058610506932e-01
9.000100000000000000e+05,1.833720659839099820e-01,8.626099055146351224e-01,1.400992837070004216e-01,4.021632518572453296e-01,4.510035104868009848e-01,7.971668155471545170e-01,3.215323307864519364e-01,2.219566222688588164e-01,4.080372755684219532e-01,1.156615156979301506e-02,9.271324304522922111e-01,6.164298774502530165e-05,1.303149980744485736e-01,9.870821528822719682e-01,3.000098350353086474e-03,8.177101826429786779e-01,2.036605815552489096e-01,9.480985526213536740e-01,7.473608690127619969e-01,4.060373902407186097e-01
9.000110000000000000e+05,9.314434735248855457e-01,6.024574622894859344e-01,8.399626915192093257e-01,4.813751442519448309e-01,3.605924738272545671e-01,2.424237832491127342e-01,7.258759476245780773e-01,1.942146989993396300e-01,2.484413361629910222e-01,3.016451400403803440e-01,6.612347503749640421e-01,4.510564139155689434e-01,3.150076014442390049e-01,4.549784093536439755e-01,2.923049419634063950e-01,8.651473679505146119e-01,3.619100971257230848e-01,1.693886045509493954e-01,5.977423667700106913e-01,3.546369136419580403e-02
9.000120000000000000e+05,9.656974829411618666e-01,8.609075963106940232e-01,2.030494930941599829e-01,7.116466208971614638e-01,9.206646714950117438e-01,4.343949560312362346e-01,9.311629892433079814e-01,1.876628588914984741e-01,4.286442856969143733e-01,1.229641440526028084e-01,3.622413173418582710e-01,7.992990615432169488e-01,3.797472036255090666e-01,3.366766206271284423e-01,3.378301221525303877e-01,1.128287989749631182e-01,8.064944595553869000e-02,8.166651137697881202e-01,5.301773394282529583e-01,3.597804237047499409e-01
9.000130000000000000e+05,6.357564540471987158e-01,9.588469008075657385e-01,2.138836382248732182e-02,5.692388286543810239e-01,2.009745411959039663e-01,1.099595775781658791e-01,2.858362506648015611e-01,7.227172363801815935e-01,7.107815964821850852e-02,3.801687744195332286e-01,1.479802526306960297e-01,2.164203891485094733e-02,2.112060600914110742e-01,9.233321034112867975e-01,6.885542535430443367e-01,6.270170457409953713e-01,7.542470330146033852e-01,1.610183022268190101e-01,5.160379657541914744e-01,5.817246039593819695e-01
9.000140000000000000e+05,5.014971372947479855e-01,2.253249530344340057e-01,2.652455025884611350e-01,2.699642587076922506e-02,7.928635326214389378e-01,6.591654707790643997e-01,8.401516822232570902e-01,1.194105390784877541e-01,1.582270270569772208e-01,8.609620787035049405e-01,6.598983113007105272e-01,7.489717192097431475e-01,1.069402547024583816e-01,8.155807751220797153e-01,9.405341602589862848e-01,2.865552228641561339e-01,7.127601119366209215e-01,5.115254076173042508e-01,3.668701141672197075e-01,2.361559337826324434e-01
9.000150000000000000e+05,3.447661709329471469e-01,2.888160548421542240e-01,6.556061041060292638e-01,1.576207166185265018e-01,4.196435339289964483e-01,2.730098938724573321e-01,7.073208555189163249e-01,2.309831250587687235e-01,5.595835886743142362e-01,8.981072112644805649e-01,2.124122118393954040e-01,7.251972419119987467e-01,6.641027757985108471e-01,1.213544388147813624e-02,9.945700145395395264e-01,5.293015456138672192e-02,6.407681332115752193e-01,1.227976703876609843e-02,9.481792479535769980e-01,9.249246595582552022e-01
9.000160000000000000e+05,6.602788673139871056e-01,6.893763451905565720e-02,5.166671138630104521e-01,6.284419438416858350e-01,6.889763232564313222e-01,6.842234730950356170e-01,5.758016715823582876e-01,6.406231824791308593e-01,1.763062802803616602e-01,4.385704514858514980e-01,9.600104578972334934e-01,6.286785179890541642e-01,2.388218194208678868e-01,3.878491214953546651e-01,9.061156069796916235e-01,2.265052145560172425e-01,4.595742818725960799e-01,2.674572451215765367e-01,5.423857291483413778e-02,2.285985519329056803e-01
9.000170000000000000e+05,9.757803697742623017e-01,3.934820494492310416e-01,7.889407034667104135e-01,9.637611349195397414e-01,2.861111814638439554e-03,7.438712197998570419e-01,4.845673997024902979e-01,8.673454761261265578e-01,9.227779349929680075e-01,1.356736703445975412e-01,8.019502490106158454e-01,7.416367671014162388e-01,3.137306954210596910e-01,6.525698356521590915e-01,8.983288985762650780e-01,3.145285399672029802e-01,7.140916345317327441e-04,8.269363603920641959e-01,4.024175675902137428e-01,6.938151255139279883e-02
9.000180000000000000e+05,1.580527309626922339e-02,4.809984682459864658e-01,7.503919572696547968e-01,4.174506865076265116e-01,9.687335732053662385e-01,3.765124386489582253e-01,7.191668904692085640e-01,2.400377470951725600e-01,8.146524834239402546e-01,6.915158477117337998e-01,4.275082445152776911e-01,4.583124308394339597e-01,7.837286386632685842e-01,3.172164725870109114e-01,1.566074772424667083e-01,8.810389560801969999e-01,2.777628727373596673e-01,2.081305721723205604e-01,9.685918682836204274e-01,6.997140859017720871e-01
9.000190000000000000e+05,1.550739005970813711e-01,2.731043816296286897e-01,6.941044910038395299e-01,9.799648086312602313e-01,8.110739732530026780e-01,9.645761445568471482e-01,6.218743853367555419e-01,1.960814176363654404e-01,6.340221893083229920e-01,4.654313078546410409e-01,3.317575084209939407e-01,2.241364149213849188e-01,6.859783782313366718e-01,6.881214724114863568e-01,2.420925226679812026e-01,7.780836264382877676e-01,6.870238465838881536e-01,1.104604246864135941e-01,7.683621727012673874e-01,5.240334760578169160e-01
9.000200000000000000e+05,7.712709846726228946e-01,9.656130982804740359e-01,6.356455135570571180e-01,8.948941577763239730e-01,5.615729797499063869e-01,5.581912418180030588e-01,6.855549006400979417e-01,5.192247484001847324e-01,8.034996780550239803e-01,1.618426439327830257e-01,1.992154876491532001e-01,6.447997629549004905e-01,1.024683522130168667e-01,8.306741500329435368e-01,9.733560280257358421e-01,7.668494929059141985e-01,9.857271460565625310e-01,2.181605515551443553e-01,8.613470089620745007e-02,2.538390852087574201e-01
9.000210000000000000e+05,7.148496912575583728e-01,6.539934172196241180e-01,6.097737097914009974e-01,4.656704482579410165e-01,7.842048526363173400e-01,8.630971006508323384e-01,7.159650870068087203e-01,9.715306445955157466e-01,4.806916590857635008e-02,3.912408747733819858e-02,3.771078025334603234e-01,6.562757222399598911e-01,5.048564264944754854e-02,6.685584706299287916e-01,8.034618468324405960e-01,1.380407280517959023e-01,5.289850031192807611e-01,9.561507617422483341e-01,3.084512382548363352e-01,4.256687690799202395e-01
9.000220000000000000e+05,8.562055194548549020e-01,8.202183359611644464e-01,4.843500150476964805e-03,8.752011535575698886e-02,1.357713530607013164e-01,3.984971062960595001e-01,5.831580414242858446e-01,9.960237079486873313e-01,9.220419707446325663e-02,8.416283024359246800e-01,7.536921772289861821e-01,3.294202310031845160e-01,9.734733466262652790e-01,4.406722159462509447e-01,7.689302702890863372e-01,8.619552438666793215e-01,9.809555948436872175e-01,8.004842915041709972e-02,1.867809922322635208e-01,9.441580843846352211e-01
9.000230000000000000e+05,7.979244048907893072e-01,3.275962828453732323e-01,2.767961857142581250e-01,8.060357326099021336e-02,4.694865343138902025e-01,8.935537624248178767e-01,5.511045679004664688e-01,9.646162013858967654e-01,9.334995057973131116e-01,6.343948303199713479e-01,8.145363445497718624e-01,1.752065620916988253e-01,4.173163472741004965e-01,1.348893032815926540e-01,2.523196409153900532e-01,7.352695083692871725e-01,2.483369503931239786e-01,1.900389881646014079e-01,1.607124491898004326e-01,4.447290956567855336e-01
9.000240000000000000e+05,5.832537618940208946e-01,2.325762572390449590e-01,5.079268677348811600e-01,6.452169015434727761e-02,4.960138118623573789e-01,3.810637930422424713e-01,7.283135617374680848e-01,3.319354575126342022e-01,7.079913192245067544e-01,9.905332175325110011e-02,7.214742548813476430e-01,9.130284135269282064e-01,6.387487513845507836e-01,7.939796783949037984e-02,6.275231625073043329e-01,6.218918227966937495e-01,2.521971020307669509e-01,8.376069179187608515e-01,4.996134138866292762e-02,5.006554374165593790e-01
9.000250000000000000e+05,3.279215715882914939e-01,1.637382159969610340e-01,4.325072512423860926e-01,3.739095278514692478e-02,4.173648393652131805e-01,6.848752303722239754e-01,3.717729101915906442e-01,3.500534117676821211e-01,9.300034857130392574e-01,5.897691999589546041e-01,6.608489934740763294e-01,3.764190576307916425e-01,1.186015632596468805e-01,2.291336868013954531e-01,7.116212407293933673e-01,4.490168217216938817e-01,2.937113469962338019e-01,1.159381984563205847e-01,8.431347511825958430e-01,1.606368611356553400e-01
9.000260000000000000e+05,2.393041330024349156e-01,3.212959399279478045e-01,4.192933210025601154e-01,4.876695278401927958e-01,7.753378614465966656e-02,8.231904262139655426e-01,2.484641103370875959e-01,2.749977146682606177e-01,8.567115931693167763e-01,3.321686167479875884e-01,8.710448157891528265e-01,3.578272173134371403e-01,9.769837318263022707e-01,8.977601774101529042e-02,5.080833147954387785e-01,3.327242533147406478e-01,9.165163561880218523e-01,2.345154094410462076e-01,6.165695904144269379e-01,3.648696922655287889e-01
9.000270000000000000e+05,4.129868028923955325e-01,1.976386102407045042e-01,4.016185085248979991e-01,5.078351993309536683e-01,5.815800560689310394e-02,7.550335580491790433e-01,3.812033439717553707e-01,9.304126009830314681e-01,6.463165815669693615e-01,3.744530486226189669e-01,6.116634833277069250e-01,4.215500726219114647e-01,6.892864371903191234e-01,8.550652771400018004e-01,9.825855229758785336e-01,6.033847682842756743e-01,2.939035403184653283e-02,9.789642263350105678e-01,4.959717901979939780e-01,2.213839381592324074e-01
9.000280000000000000e+05,8.986039939962503498e-01,9.908940422082050947e-01,7.038899642049507577e-01,3.004580743067379878e-01,1.650127905515339499e-01,4.559158980910824610e-01,3.333689525426706268e-01,6.265316034693506619e-01,5.076641440790583548e-01,8.447231008091965476e-01,9.884134031154517830e-01,1.441290234308350016e-01,7.323101246544347909e-01,5.455315754779410664e-02,8.715589114652079195e-01,9.420410849478613180e-01,1.873991901779721303e-01,3.346584732943648222e-01,9.682375809129768474e-01,8.732697885334094190e-01
9.000290000000000000e+05,4.717829954712321472e-01,9.219353870360241787e-01,3.326848544982616840e-01,6.814796044959372523e-01,4.966231013950473949e-01,2.529359744686178191e-01,8.962583807720092555e-02,4.965226476004791500e-02,6.158028708853707789e-01,2.652983123806958998e-01,8.480521043382059920e-01,6.477516281353112859e-02,6.119236314680365219e-03,6.377620536075560009e-01,7.776932138512754333e-01,5.929155128617378256e-01,4.691383008932870080e-01,7.866756451469922862e-01,8.770697194379191153e-01,7.315776603244952270e-01
9.000300000000000000e+05,9.676590567653242658e-02,1.843672082609278950e-01,8.353156609320844250e-01,3.888708448949897978e-01,5.978619642142660728e-01,7.336893170424428900e-01,6.119398303178791299e-01,5.256421954161466514e-01,1.020931090207169989e-01,1.068071985924264888e-01,2.245772499944242995e-02,8.810321717972627864e-01,4.408047391712184293e-01,5.341034111183365907e-01,4.182310904682818853e-01,9.150574593245051069e-01,6.379299948454109082e-01,3.247712202041955765e-01,4.945555230196035934e-01,6.206716307127981835e-01
9.000310000000000000e+05,1.365465683723223744e-01,7.665237133454789742e-01,9.341203776051631991e-03,2.850729168528458590e-01,6.576209515722675203e-02,4.661533311794084922e-01,6.073097071293287463e-01,9.358231623560399060e-01,6.458526228228903543e-01,8.538825029791162757e-01,3.017005333739180006e-01,9.914441548586748754e-01,3.822511257098762938e-01,7.800898973169484441e-01,5.022568249715962940e-01,8.642129281749222347e-01,6.550606595147688838e-01,5.303575950166072861e-02,8.365135536301485653e-01,8.968268377390177237e-01
9.000320000000000000e+05,4.781191031032780980e-01,8.464063450986389903e-01,7.257276875595186638e-02,8.408588591799118772e-01,2.060459437216056733e-01,4.415597729808005134e-01,8.848641302534345776e-01,8.422847322638474798e-01,8.115166839417802258e-01,7.030971376587762389e-01,5.903194783651288802e-02,8.042687760008330189e-01,2.547123661696060193e-01,2.962749358026239843e-02,4.468014776155302403e-01,8.188855584389143072e-02,5.774431124579407770e-01,5.827278107817767117e-01,2.428523247807945484e-02,7.478040150705497213e-01
9.000330000000000000e+05,5.902152810316322329e-01,4.571632306685551317e-01,6.023909661582270703e-01,9.895184626253824556e-01,8.344914652128346821e-01,8.088525505716970265e-02,5.435308396801404873e-01,5.394863974055883471e-01,8.698941674104474497e-01,5.856843118026876516e-01,3.622865865932478613e-02,6.028716360007029262e-01,1.156635616669610123e-02,2.340251677551623555e-01,5.571100907001825808e-01,7.400891204004511614e-02,4.071831541949140210e-01,2.907818341267162099e-01,3.315367491314840098e-01,5.315947896815521601e-01
9.000340000000000000e+05,2.491026352654284182e-01,7.630893203666985203e-01,9.383706580552235721e-01,1.334559287849516052e-01,1.261139798610265705e-01,9.810857845634815000e-01,6.003442932078972838e-02,1.602223821518509173e-01,3.053234935799380434e-01,4.511381501623722423e-01,5.312703109682569425e-01,1.092857064366223874e-01,2.201296875821540100e-01,8.620890752558364456e-01,8.157098102496463943e-01,1.417765811914293295e-01,6.288090562536396977e-01,5.881541745608358518e-01,2.634114842419417180e-01,8.372377992622270781e-01
9.000350000000000000e+05,8.666426191019834802e-01,8.285054471232403683e-01,7.583852385913095739e-01,4.364986650365952903e-01,9.056347883803631538e-01,8.016077945234291180e-01,9.056225042427036298e-01,7.297876163292928986e-01,9.011730615267137257e-01,7.389709953398030384e-01,5.867004006890932377e-01,8.410170776369940704e-02,1.634129525537658667e-01,2.929837056113561156e-01,9.659613486011664474e-02,7.877428443885005072e-01,7.797213031278763529e-01,1.050669542113703558e-01,7.620943489892905154e-01,2.471210563710912744e-01
9.000360000000000000e+05,4.338367747353396586e-01,5.093527076843471502e-01,1.423667370205875526e-01,9.033234937794857311e-01,7.018029235904591490e-01,5.481948720150370269e-01,4.348626033531569623e-01,7.808409461645358096e-01,9.456525414064087531e-02,6.318697859377557791e-01,9.620501787935353821e-02,5.053478355022487101e-01,2.465878111326528233e-01,7.955880704055207087e-02,5.232475561038127942e-01,6.261790388537428198e-01,9.508981202917526909e-01,2.384929432611139211e-01,3.672467598573215808e-01,5.967299060745018258e-01
9.000370000000000000e+05,9.444426752709859096e-01,8.294872833231743403e-01,9.331584917751177821e-01,5.921813811112839332e-01,4.869303039625474394e-01,1.032895383776669673e-01,2.188742044310899582e-01,7.262026210513832236e-01,8.387811131703126755e-01,1.338199291907782307e-02,9.244623032257954787e-01,4.250561258331621017e-01,4.572881565921956826e-01,1.386227481826707297e-03,8.441645656307295020e-01,5.922893993976839910e-01,9.237014878050189282e-01,3.368783047813442844e-01,2.447478329728285384e-01,7.387500183291079159e-01
9.000380000000000000e+05,7.538948514536230050e-01,3.731520799486746087e-01,2.337563727828861904e-01,3.406699594765709715e-01,5.682883285417994479e-03,1.533194249550048349e-01,5.833021761988733678e-01,7.330115196278536027e-01,1.882750676868936157e-01,3.685462020661999238e-01,8.995656663023237076e-01,3.774715293215328282e-01,8.623388576853958654e-01,4.666156641258157878e-01,3.252787200275920609e-01,8.275359887936810654e-01,4.631812513612063587e-01,5.294368257833311775e-01,4.781150688061256426e-01,6.185078283234444196e-01
9.000390000000000000e+05,3.021064741646289908e-01,5.552033970452152634e-01,8.815226119696556450e-01,7.466761621657420633e-01,6.186209515556052585e-01,5.078112182475252867e-01,2.220454083649167076e-01,9.541004196886705424e-01,8.662866218581045663e-01,2.016363285379939585e-01,7.040481025662856940e-01,8.550825586671112477e-01,5.807049883182969774e-01,7.603409899981500297e-01,7.366291731736475112e-01,7.370885431808372745e-01,5.786655502206092816e-01,5.127070371795187098e-01,9.397034266130555036e-01,7.154369391440192905e-01
9.000400000000000000e+05,6.120697820167239067e-01,7.329221578279538907e-01,4.556351699229743701e-01,8.701755396546184684e-01,3.307104537650531473e-01,3.441410170573799832e-01,7.912015426325424983e-01,5.499681285152935306e-02,9.773836770573568478e-01,4.961179790286552871e-01,9.656921270980457495e-01,6.455182815993460999e-01,3.499086754695309720e-01,6.752523586412614298e-01,9.323051540956650562e-02,3.981224477460644229e-01,4.467102541840293206e-01,6.299637130370634441e-01,2.782279358916783796e-01,5.905016888936325259e-01
9.000410000000000000e+05,1.622338600721472401e-01,7.211269547782340750e-01,8.125459084408857002e-01,3.400883782320847093e-01,1.254617415927833379e-01,5.723059623287677367e-01,6.651639323468473419e-01,7.358639679409134660e-01,9.906786639563366359e-01,3.056466776950150788e-01,9.005746420107677563e-01,1.638156491391289382e-01,1.082681074629749940e-01,9.775061572523817688e-01,6.339276872153957187e-01,5.503111804624585268e-01,7.345704673480173419e-01,4.378081694608337848e-01,9.822716780882104759e-01,4.286147627118033210e-01
9.000420000000000000e+05,5.767722496538911781e-01,6.632149303680515695e-01,4.663798475442239022e-01,3.380699365763047970e-01,1.078029654742160837e-01,8.431437554461055361e-01,6.187751065969511188e-01,7.254622547631213170e-01,7.245753945286192987e-02,5.090460687064543022e-01,8.242612175344424807e-01,2.291038208301721113e-01,8.349853589028350953e-01,8.258306465478826297e-01,7.477002471332153677e-01,9.762078093915429466e-01,1.422900979600613125e-01,8.037901817187701470e-01,1.824742061230386625e-01,8.552117094693227894e-01
9.000430000000000000e+05,6.190054526837946991e-01,8.860501032869438909e-01,5.120040980404192421e-01,6.967668844032728348e-01,9.311635355811807013e-01,9.899768780287415693e-01,1.513128991290652037e-01,9.922604615034693598e-01,4.261247888345518486e-01,6.010464357795308743e-01,2.029379742399489706e-01,7.907597319360444299e-01,4.317763832635390653e-02,9.589972512453432962e-01,6.138848325688571750e-01,7.540856491876006817e-01,4.125512707962285530e-01,9.841118246251490120e-02,8.443545076196127264e-01,9.357026384055888713e-04
9.000440000000000000e+05,5.936843768482785721e-01,5.144424802853621026e-01,3.860054512591526432e-03,5.036098343864933158e-01,7.329553189242955513e-01,5.893517454643097953e-01,7.322575971965874508e-01,3.029092384541173244e-01,2.432976859487550048e-01,4.780386767635202983e-02,1.857435973156812414e-01,4.220971947483070918e-01,2.020829406476087886e-02,9.897515660649034430e-01,7.838330605295408260e-01,7.164389615214479257e-01,7.405183609667181921e-01,9.619566439285045512e-01,1.040612518239091289e-01,5.148618848848763863e-01
9.000450000000000000e+05,8.646354891343731586e-01,1.031337252170103636e-01,9.728686778235635657e-01,4.212217660723420742e-01,8.569061484946286500e-01,1.404237995760988511e-01,5.694555182640808066e-01,7.224321004894442844e-01,1.142295872814921287e-01,3.907608814086817040e-01,1.004154221164790250e-01,5.157740299121389427e-01,7.966972673979593189e-01,7.541646638691937854e-01,4.009114298647173946e-01,3.029993288885920455e-01,9.960578887259193825e-01,3.320688897646192350e-01,8.812545275555307978e-01,3.263589422408530449e-02
9.000460000000000000e+05,4.019947486824850813e-01,7.080092821986878615e-01,7.264350924293064837e-01,7.764733042664154761e-01,9.360776645198493062e-01,5.856820410062176796e-01,2.489080390231039885e-01,7.503483177536252047e-01,7.488101813755387859e-01,5.973141985266926524e-01,5.909600232346061688e-01,3.922213027234088267e-01,3.684079157402929683e-01,5.400395968192194252e-01,1.177455876185224959e-01,7.959881788444860273e-01,8.238196086439261157e-01,2.274141202426314123e-01,5.783712606470081674e-01,1.429728571575027418e-01
9.000470000000000000e+05,1.919532107693118217e-01,3.040241750645785723e-01,4.293596545807509823e-02,4.667483927150607448e-01,3.946980030768919567e-01,7.575884751532773187e-01,2.228609504304175370e-01,8.840920763488365752e-01,6.649494975406656794e-01,4.139645865469683272e-01,5.997743345097953371e-01,6.401695949914960604e-01,2.218113212214618546e-01,2.529529527411815693e-01,4.539176193621976552e-01,5.523305981468400461e-01,5.652717669555260560e-01,6.883411852370800998e-01,6.489285328845332268e-01,2.260336139885421591e-02
9.000480000000000000e+05,3.011805952168914446e-01,7.611041979813485403e-01,6.713384241583572054e-01,4.188180095008742221e-01,1.207399735303789079e-01,4.262230603368614146e-01,4.458275992281213185e-03,5.429045533115982591e-01,5.694890988088043837e-01,1.626028251106327316e-01,3.144160501365926841e-01,2.986239694770326247e-01,2.206210454276196220e-01,7.158699690510124114e-01,4.394723962591340349e-02,5.679890923452439733e-01,2.695419998742698553e-01,8.344208210450940744e-01,6.649235820216359283e-01,8.472296957725081734e-01
9.000490000000000000e+05,6.577031299173953238e-01,9.408527135556178367e-01,3.508305742731623322e-01,6.941120962328752864e-01,1.646775031003844258e-01,7.803210780081369924e-01,2.278590950892902534e-01,4.433158194323123524e-01,2.106480261966184875e-01,6.099111262860738014e-01,1.446869268864531266e-01,8.472321647924657695e-01,9.565354004951035494e-01,6.051371039301092214e-01,9.031386459310617454e-01,1.517922517090336543e-01,8.417993670127634775e-01,1.651628577925151609e-01,9.561427442078260786e-01,6.653706206098382037e-01
9.000500000000000000e+05,4.212045311894430100e-02,9.912486695522270130e-01,9.808130139986379614e-01,8.721287961429865510e-01,8.626807956115551956e-01,3.066324070237473887e-01,2.179959682488882278e-01,7.850528882984653123e-03,6.452117226319921128e-01,2.675099305995377597e-01,7.342191939568596393e-01,8.382557096013263376e-01,9.845866157652507500e-01,6.424322127584036757e-02,7.147011101855188508e-01,2.427689041459513142e-03,5.899571404948968922e-01,4.968536466050460509e-01,4.414680520080800363e-01,4.534100924412635125e-01
9.000510000000000000e+05,8.493404170262386366e-02,3.159846964098007582e-01,7.649109014703121545e-01,7.706912415483925249e-01,7.595999910859546622e-01,5.474752567922889224e-01,9.634671954581698339e-01,2.968054500319976530e-01,1.240982207110984392e-01,6.367586357827004218e-01,4.009670904246176448e-02,5.072833162952535835e-01,4.016806064645528362e-02,7.927674200034727781e-01,9.650483670080167720e-02,2.691436833544894602e-01,9.713680067230749948e-01,9.580887998855251997e-01,1.812630492709076391e-01,5.184010753304887364e-01
9.000520000000000000e+05,3.887144347803007660e-01,3.555176075947464875e-01,3.905084743711696449e-01,4.403699280866847365e-01,8.565696610007571543e-01,9.090110215524349613e-02,6.040706409117720943e-01,4.531437581998586372e-01,2.817101659379427359e-01,1.676509056285526711e-01,8.526813841591128762e-01,7.316354864182224027e-01,4.595726880115843516e-01,3.357667177415766258e-01,8.084273261217311823e-02,9.201395427457504939e-01,7.959024054784545887e-01,3.562901410174834638e-02,7.907052629502221430e-01,4.599560165902510933e-01
9.000530000000000000e+05,2.435295915130604172e-01,2.008218902282972174e-01,8.741421776438762503e-02,4.766455866913582584e-01,9.602498933011340831e-01,8.395655473222860543e-01,4.355738485022904172e-01,6.991691037613534387e-02,3.130754701867044520e-01,6.560459319524862831e-01,5.723800720862699531e-01,8.838520218124198413e-01,3.192190891651958129e-01,5.122646666945873672e-02,4.717308602478162971e-01,8.088222912676427123e-01,9.946875155613670305e-01,5.936584226367835893e-02,7.684842275926039301e-01,6.996178036515333654e-01
9.000540000000000000e+05,3.873775280361468898e-01,4.895069989420006706e-01,6.029566382170332695e-01,3.912595005457664143e-01,2.455933323062104989e-01,1.308036253486610789e-01,8.292413259041169216e-01,5.481991834350135040e-01,3.214749515108149547e-01,9.621438670451908370e-01,8.522610422252091533e-01,3.446876764793938008e-03,4.871098229432831994e-01,5.948075515454483986e-01,8.262542445387726087e-01,3.833448721548732285e-01,6.526954680097563077e-03,4.361838516055991377e-01,1.606595913055882674e-01,8.124585522743291710e-01
9.000550000000000000e+05,1.528023776949757329e-01,1.358671922312101321e-01,3.490292077432778362e-01,3.184089759100966477e-01,4.460528400106361646e-01,1.816685140938292253e-01,5.764578791946786129e-01,6.070914774224860366e-01,3.243162660054176305e-01,7.499106104223594027e-01,6.319684625265772349e-01,7.722250985985431582e-01,8.113581852040130382e-02,1.680927625440622464e-01,9.013562679533215771e-02,9.286168328933532834e-01,8.385298107798405676e-01,4.203012305277924465e-01,9.929311701051676264e-01,1.820186367617873113e-01
9.000560000000000000e+05,5.200996562366456688e-01,4.113492977786435967e-01,3.643837156201363836e-01,2.799597959982269568e-02,8.340382171395981370e-01,8.321172398115529445e-01,4.433358120187049778e-01,2.357427360201558297e-02,9.286768413568515790e-01,7.017135079970360234e-02,7.112366841005264284e-01,6.500872161582189612e-01,6.896545199618043798e-01,8.453611443598252340e-02,3.543772281536705648e-02,7.043806747774095101e-02,5.248780304525553220e-01,8.207164621319379405e-01,9.955928461573692045e-01,4.789886862711537630e-01
9.000570000000000000e+05,2.946387906023166803e-01,8.591065582065856576e-01,9.234354023471318396e-01,5.373826994596253570e-01,5.857187944518942313e-01,9.896221144162675731e-01,4.137743717771734664e-01,7.142591775282779443e-01,7.885453483854962808e-01,6.156518422491150666e-01,8.349176351976801413e-01,3.925364165664346761e-02,7.097521113304305906e-01,8.052867870059657873e-01,5.913246608425167805e-01,7.957407577198821746e-01,4.528386455723643067e-01,6.193420684301237378e-01,6.297463680805074349e-01,7.271991161681063964e-01
9.000580000000000000e+05,2.576578422679763891e-01,5.685892746170793099e-01,5.629731756694037470e-01,2.916601847238983192e-01,4.758640146988507569e-01,7.564555151005780687e-02,9.953272318883825687e-01,9.892637821088668959e-01,6.374890497059421124e-01,6.686645878218224759e-01,1.176689628693637912e-01,9.546839698199995894e-01,3.119002784556650365e-01,2.568442115759472788e-01,3.542888833529274084e-01,5.061812396470068975e-01,4.810923134954936398e-02,1.177082204091961515e-03,5.007322620812030278e-01,7.426037369468473370e-01
9.000590000000000000e+05,9.405984253256903793e-01,1.169075156097454382e-01,5.873674819724007401e-01,3.032230353291587299e-03,9.747036612912449716e-01,9.613195560137079987e-01,3.141929828451048845e-01,5.359553388216954373e-01,3.118720232455500785e-01,7.843871631790988452e-02,6.071778050762516310e-01,1.992746569147606506e-01,9.097774470307482542e-01,5.259686105386001120e-01,7.265736255660988352e-01,1.242539121729989704e-01,3.656341409207720661e-01,7.205787864757460248e-01,7.801270715119660304e-01,1.264658945603669427e-02
9.000600000000000000e+05,3.980910945342123197e-01,8.622444811691232225e-01,5.396040115438982543e-02,2.111466282359808488e-03,5.885250986804755335e-01,4.148011457471773022e-01,4.497043490740825211e-01,2.679928432997933374e-01,2.060340835363699830e-01,7.466441118002532518e-01,4.400421673776647724e-01,1.211814829412641847e-01,9.737636011427330818e-02,2.984050483822929811e-01,9.886970247677995260e-02,1.617824024444863840e-01,4.433116950937868728e-01,6.708326819319484491e-01,9.515807979602952660e-02,4.919794313815072373e-01
9.000610000000000000e+05,1.032474949884866211e-01,2.922638911902105674e-01,1.437578839591580060e-01,4.819070054360421462e-01,9.086216034482546000e-01,1.449357746261284996e-01,2.318361701547483333e-01,1.029538277838003557e-01,5.360844447638688504e-01,6.718575384359983804e-01,6.544224425595416283e-01,2.324275790589809265e-01,4.477400697864282186e-01,1.299918839381235536e-01,9.415897822335017597e-01,2.964972924783590980e-01,2.714615385799404867e-01,2.942601585560132849e-01,4.050981872256831373e-01,4.906763426814052531e-01
9.000620000000000000e+05,5.978604627216432821e-01,7.244615729720607078e-01,7.577511371093011983e-01,2.406218022090143016e-01,3.016623773749220749e-01,4.495950839537772303e-01,1.510551681164110649e-01,4.389801148618385218e-01,5.808908979296030228e-01,1.772412702385428585e-02,7.170669063009625921e-01,3.456589918113345261e-01,8.324860159990724595e-01,1.827009453604466760e-02,2.697744972547722053e-01,5.024964914631970814e-01,9.667579321022362615e-01,4.740397316151037099e-01,1.741692174137744464e-01,7.500661284461670464e-01
9.000630000000000000e+05,4.085758813680089307e-01,4.888644430078262770e-01,9.650637122034008142e-01,6.448187058593290999e-03,9.250702321464451261e-01,6.391246152678272674e-01,2.378332732496650781e-01,2.804787041140376358e-01,5.799638851914508120e-01,9.299550720971629936e-01,4.711032855154707599e-01,8.705325253002650365e-01,3.808876163587877617e-01,1.382084095251800981e-01,7.333919449161048210e-01,8.433382940233774550e-01,7.694574319161420206e-01,4.172247531782947716e-01,8.023140288059591452e-01,1.133451055876457669e-01
9.000640000000000000e+05,6.342964823454740886e-01,9.661567640710038152e-01,2.016174913258128587e-01,5.234203976414553150e-02,9.993455931161163708e-01,8.318278075174880826e-01,6.117437229216649008e-01,2.799136435160459735e-01,5.457497614053714585e-01,1.060657064780937686e-01,4.463660435221842304e-01,5.536611034053695590e-01,3.942331063244075562e-01,6.244101761476628099e-01,7.431525311585404081e-01,6.265111937884845217e-01,3.223784505423067381e-01,5.791743065975882843e-01,3.696460217558124040e-01,4.968328320596551162e-01
9.000650000000000000e+05,5.178678664463637338e-01,5.852432649019856381e-02,3.090355065036068938e-01,4.217838676719549706e-01,8.132917236252910076e-01,6.416039880607915524e-01,8.206388668676400933e-02,7.621341535018751889e-01,3.209661017285716511e-01,6.749895754341921350e-01,1.413547722527898065e-01,7.244603979986404818e-01,1.108443418601035013e-02,8.062799279821730725e-02,2.259685925416254904e-01,6.624427039899782876e-01,6.094769560584228918e-01,3.417492204086400864e-01,5.906285644007611690e-01,8.323378117533208886e-02
9.000660000000000000e+05,8.315823730042070094e-01,5.536193672168797653e-01,2.353315259515857960e-01,4.867980092500221456e-01,1.389102731758009579e-01,8.457687668487882116e-01,4.396566422958209097e-01,4.823738805387902673e-01,2.288299654559903251e-01,1.987081170606717073e-01,4.951270813451957853e-02,6.477986189248619020e-02,8.649042148207246594e-01,4.872438117543214098e-01,9.162909340315684714e-01,4.798842278399654271e-01,2.390006015087124958e-01,5.168027341439274114e-02,5.627390317183270652e-01,7.157252731424312842e-03
9.000670000000000000e+05,9.284258427313667461e-01,6.472257851927525341e-01,7.959286408954853176e-01,6.079488134724130299e-01,4.842736661546657162e-01,8.642411959021866208e-01,7.111325623772466464e-01,2.885665675155105747e-01,6.140812619874599365e-01,3.194934637571182900e-01,4.155997990370112749e-01,1.382473869953018131e-01,6.859223624554011689e-02,2.370124848455454902e-01,3.015142361390814596e-01,7.998826204107426507e-01,9.003929388325467853e-01,2.286312713461950974e-01,1.177211059475776755e-01,4.300139517148352519e-01
9.000680000000000000e+05,5.331171072932573418e-01,6.834478012778364420e-01,6.090502091958722719e-01,2.482605983525520976e-01,7.435484396171232468e-02,7.236322675250617120e-01,1.863150608615717907e-01,1.995440610941523474e-01,9.514095577459459330e-01,6.443142378051580632e-01,2.140224060100193171e-02,3.529026713110038349e-01,6.724678579710354764e-01,5.031447701505595838e-01,3.199989900630550999e-02,2.808090014437467641e-01,7.124179932653855740e-01,8.444800835629837632e-01,9.994047357545775556e-01,1.132123400932116830e-02
9.000690000000000000e+05,6.955563117024857744e-01,5.434268524653739219e-01,7.296606464016132110e-01,2.113904478900385797e-01,5.540483383989249777e-01,5.680153482228620376e-01,4.640733656532435303e-01,7.139868052098411466e-01,9.588284931343228346e-01,7.436413221295867793e-01,2.200127065297986517e-01,8.365181475083017792e-01,6.150288495144821121e-01,4.669967595251354187e-01,8.632410066850518815e-01,8.287134593494986934e-01,2.663665029978179444e-01,7.603443965696702334e-01,8.297728540948634546e-02,3.330123932227744277e-01
9.000700000000000000e+05,2.108893778155692678e-01,4.520630385576188681e-01,1.398794605731179530e-01,3.288358653349554572e-02,1.123744880961422554e-01,6.270179125700158229e-01,4.377953562222790529e-01,6.510682936161735768e-01,4.095613435624352316e-01,4.899180687279447444e-01,9.405418927446826949e-01,2.743126976050758170e-02,1.750953224657374463e-01,3.975577991112922982e-01,9.599439054051991382e-01,3.793728350136252869e-01,2.875330161207226842e-01,6.914406816165659109e-01,7.354855607100692083e-01,3.700558049787221471e-01
9.000710000000000000e+05,3.407006107626447955e-01,5.231990345749691906e-01,2.685481117653373273e-01,1.537815270531612821e-01,7.558901085112488261e-01,6.765455189925628776e-02,4.960218287495872236e-01,6.796248170831388213e-01,9.100666829423018633e-01,8.087095635270106220e-01,2.827464444261293952e-01,7.140297623674369820e-01,2.689062304292811900e-01,8.792035531469371001e-01,6.989779143839210951e-01,3.590546602323776426e-01,8.305652006597007420e-01,5.315775902802000186e-02,5.005596889084895640e-02,1.320156638109271086e-01
9.000720000000000000e+05,5.473285712035932393e-01,4.996067653041813550e-02,6.573957229944532576e-01,6.597997203313071823e-01,4.434968240451767629e-01,4.686522009334644912e-01,3.044777963739264681e-01,2.753461401699867084e-01,1.979684496089344492e-01,7.064026855761074142e-01,5.512643910445901296e-01,1.808456080168668878e-01,6.963387522449341338e-01,9.907728145810656972e-01,8.873553446681792245e-02,6.974982162571251587e-01,8.029507835521045855e-01,1.315721985912663428e-01,4.378834535872113687e-01,5.202219632008159289e-01
9.000730000000000000e+05,4.535065296859777106e-01,5.795536635938465242e-01,2.119651758384303308e-01,6.263323382296351882e-01,1.160932646756088760e-01,3.402617132042886627e-01,4.255918650074734799e-01,2.842548177330611603e-01,6.670944862165102407e-01,3.427407936127091492e-02,8.448568661658428791e-01,4.951095084609313801e-02,5.341798897443945648e-01,7.734830273573983783e-01,4.409336158042238552e-01,1.137930541383866956e-01,4.573257787612745595e-01,8.940272260096309154e-01,8.947009002692427604e-01,2.572272386710652281e-01
9.000740000000000000e+05,3.239394141067017951e-01,1.973657853960318898e-01,6.546626382676419276e-01,2.788937351992737401e-02,5.626452582044878525e-01,6.925622016817780668e-01,1.231524962127833467e-01,9.281699741862938779e-01,4.745594763178992981e-01,6.437795938015570263e-01,6.336953890685004254e-02,5.032869090101452780e-01,3.681978239794976293e-01,2.333102945130229866e-01,8.665589953803565226e-01,2.444321880175175377e-01,4.731864198739067495e-01,9.054296230456467809e-01,8.518065772437991567e-01,3.554993859631272457e-01
9.000750000000000000e+05,4.777166916602695323e-01,9.460340626222241145e-02,7.264431851965658105e-01,3.957790956825583129e-01,3.225582593297160461e-01,1.599962530246354930e-01,2.727723638533038342e-01,7.633802372116842427e-01,7.244369982239244887e-01,4.796769683779145144e-01,3.755190085983534098e-01,2.236967614780137614e-01,3.080012300062231478e-01,1.142377761360694466e-01,9.403876782116872279e-01,9.391963121268435133e-01,5.710867434144040189e-01,7.578389330403729751e-01,3.766101941581246892e-01,2.562798289478855907e-01
9.000760000000000000e+05,8.362696835539252804e-01,5.057749529906363506e-01,7.045848379928387750e-03,6.777280131877375657e-01,1.313769926608543415e-02,3.689450908022108289e-01,3.517946854217791630e-01,9.734782690445920039e-03,4.558759049014342590e-01,1.896844332293113888e-01,8.791348992294967246e-02,7.270340955800463911e-01,2.720307107105142119e-01,3.834563967588954236e-01,7.714573665867783259e-01,5.123332584965438752e-01,4.088004100217197401e-01,6.002335816911565924e-01,7.137751774182699016e-01,1.325364954007490770e-01
9.000770000000000000e+05,6.070216795489109529e-01,6.958750713107776376e-01,9.958774281566964426e-01,4.520687056448959851e-01,9.238507005454884569e-01,4.967307224229682294e-01,9.908010673540557089e-02,8.073700300294375243e-01,9.171866782858003608e-01,2.488184178277308423e-01,5.114615263255034572e-01,6.141543936816215021e-01,8.451803084519873277e-01,1.277120452073824408e-01,2.329545301203812535e-01,5.483155862245117085e-01,9.673112341126502978e-01,5.375124529456387634e-02,1.870357418439055897e-01,1.739150741792139243e-02
9.000780000000000000e+05,4.619721890193562164e-02,5.330083090330951512e-01,9.129776934823199408e-01,1.774805614181240720e-02,2.452860737215604159e-01,9.972316361777422422e-02,2.690072290832318247e-01,6.904721239377062947e-01,9.762199722397918444e-01,2.031122492685034642e-01,6.146122832026363891e-01,2.750821024811058724e-01,2.327609261029777166e-01,3.428458517509153092e-01,6.563924896157522504e-01,6.601570193923356200e-02,3.241219218690540860e-01,4.929274080694386884e-01,1.729520697386871531e-01,4.654975104961407428e-01
9.000790000000000000e+05,6.627318294179174174e-02,9.857403690356977277e-01,7.684728895486087064e-01,4.441089013999751645e-01,1.936329801803822193e-01,6.064064710080034892e-01,7.163909696332931842e-01,9.935857124432796450e-01,2.312497401614262982e-01,3.617348057562110863e-01,1.909221734222802391e-01,1.663121148445649844e-01,4.377932176708789758e-01,8.417571541180234318e-01,9.604914940374886800e-02,1.905903430943022281e-01,9.886733891829426746e-01,5.895198525463326567e-01,9.136158923286491484e-01,2.615463776280454455e-01
9.000800000000000000e+05,6.590523771417134968e-01,7.143983450985890160e-01,2.728768005685988651e-02,6.915176899075221595e-01,4.823251133450958683e-01,8.790943205949500738e-01,9.151864598339723988e-01,8.642672812746504674e-01,6.662761736141004087e-01,5.274970555680634776e-01,6.567682528412208676e-01,6.340546853075346156e-02,2.632265199062272520e-01,1.629431302808733717e-01,8.209111667554920277e-01,4.569278358801514006e-01,3.662329216334744286e-01,4.579830861852883794e-01,6.472372521804791168e-01,9.410883264654881231e-01
9.000810000000000000e+05,5.646983793879667424e-02,2.461642266249663979e-01,9.503376900813256256e-01,1.999088055591291546e-02,5.191646143878698716e-01,7.853569239177305983e-01,6.061134570493211804e-01,2.341299483922580915e-01,2.967764436714539489e-01,8.003290466718280260e-01,4.173396483533301504e-01,3.561640207967881055e-01,3.012245896509732068e-01,5.264067849173015290e-01,8.199517792805453009e-01,8.806960761293027851e-01,7.122812835371478135e-01,3.612758510730010864e-01,4.923163271665206286e-01,7.278286986299233874e-01
9.000820000000000000e+05,4.104466268186977018e-01,4.175107546107420520e-01,9.545952027156897612e-01,7.899378818391261659e-01,1.296626310337319898e-01,5.015341876876004967e-01,8.700180628073959088e-01,1.448486299491428264e-01,6.496419479888149162e-02,6.417238623176203527e-01,2.057688764952706473e-01,1.003002390136864541e-02,7.962346037642217267e-01,2.862793575529274381e-01,9.015629936053207727e-01,9.976844692067567966e-01,7.482413764394355571e-01,5.759782383418821095e-02,6.685910375055584831e-01,9.289037723401600832e-01
9.000830000000000000e+05,8.671103837295575101e-01,9.539755391449822319e-01,8.741563713636232302e-01,6.430724469285512557e-01,3.095538968260567181e-01,7.523297582580671383e-01,9.830823900955026895e-01,1.757117157107825900e-01,2.234165403027089658e-01,7.595574774531508311e-01,2.109738933157059293e-01,8.073824795062478632e-02,8.425658117581652506e-01,2.211548586256369964e-01,3.253041925602307982e-01,4.206569707132151725e-01,6.251302322345291262e-01,5.799603050381840763e-01,3.618118097963513025e-01,6.056367954386605579e-01
9.000840000000000000e+05,9.695614353930288587e-01,9.423890515305262117e-01,5.946002690393410450e-01,8.916641886612746148e-01,1.822927569346062260e-01,5.713776309507584417e-01,6.584488250529385578e-01,8.997441341067362597e-01,7.158113235574191657e-01,6.085907483680648156e-01,3.829890798845225763e-01,6.634755510577217130e-01,9.156902099132564476e-01,9.043537292138814632e-01,1.002996467766623656e-01,1.905998943211587582e-01,5.448896606177782154e-01,2.481791007376047409e-01,5.157883738327065926e-01,5.466864193941696204e-01
9.000850000000000000e+05,8.358387272120541001e-01,8.445389623448184002e-01,5.404196483112686522e-01,7.704335646640931845e-01,5.522272602263995633e-01,5.205617779895108654e-01,3.385080680009884269e-01,6.086759088556399355e-01,4.204756635802789910e-01,4.213502287814606673e-01,6.609084136330982684e-01,4.346092608194710438e-01,4.448504289051282701e-01,1.447520050431592153e-01,8.285489972910663470e-01,2.938252142474627737e-01,5.138895752027542452e-01,2.382955297628653879e-01,2.066695213222325966e-01,3.888338983849790598e-01
9.000860000000000000e+05,6.550837442189358928e-01,4.326244847643859748e-01,5.258050174866705229e-01,6.272272483152453448e-01,2.419188990799752137e-01,9.714453074735506233e-01,2.803979362884133630e-01,1.905595410395631850e-01,5.304262383674873682e-03,5.338502657770716198e-01,7.250863012080273062e-01,6.493729079092296352e-01,4.330706311576303369e-01,6.474770902286101082e-01,1.119886139180373830e-01,1.086422759994614129e-01,3.657296199396771197e-01,1.037059857083866277e-02,5.167509441615605326e-01,8.085012532984898748e-01
9.000870000000000000e+05,2.651843967274321034e-01,7.712268157403430191e-01,5.788341217770271996e-01,2.658292147563556806e-01,1.548838469651879768e-01,5.171620605568205686e-01,9.105430858265214367e-01,2.782869363386655248e-01,9.986461715405307027e-01,8.976265806620694621e-01,2.282739177969506095e-03,1.641060947645033297e-01,4.276073198847005763e-01,8.175137209697018736e-01,6.574454079133903450e-01,9.671388994957805796e-01,9.954119954019416960e-01,2.934889073627160450e-01,7.876226667582475471e-03,5.883456260573149965e-01
9.000880000000000000e+05,1.662670865024135081e-01,3.376805040822421500e-01,8.478614560048436388e-02,5.175672650957308107e-01,2.042210903787503584e-01,2.160309276918856991e-01,3.295557851682475725e-01,1.098246258000117326e-01,8.802834347278445382e-01,9.211323987068673613e-01,8.520563249926782490e-02,5.391059926095076449e-01,6.422815830970605155e-01,6.346454182874827765e-01,7.957922174861556952e-01,7.538388303310489258e-01,2.087871521808977171e-01,7.509753621132576606e-01,7.769412955055081671e-01,6.898033473720653896e-01
9.000890000000000000e+05,7.762082094313532687e-01,2.513349033579845848e-01,6.096786757217094177e-01,4.626520793334130133e-01,2.042803543039773961e-01,7.703519778944490914e-01,4.264793983007212352e-01,3.796970821436101984e-01,8.342135110848136748e-01,9.417481541465464456e-01,1.315386659483140930e-01,4.701367503258361280e-01,7.092627808441632764e-01,9.805948598185698639e-02,6.880268016496811079e-01,2.424533931435892686e-01,7.186280175615356036e-01,7.861799742670783075e-02,4.428110218286814836e-01,2.672067206776298498e-01
9.000900000000000000e+05,2.542690815154380335e-01,6.303589695118532177e-01,8.433966979677319786e-01,8.881686395657378830e-01,7.304055857656495121e-01,4.710618182011798716e-01,6.807030288802856655e-01,7.393683592461873788e-01,1.865195943498911824e-01,9.683884193031833121e-02,3.504845952210711157e-02,6.809286420285235453e-01,6.165708916443258802e-01,3.310780375502494488e-01,6.363729042225662047e-01,9.920229387238462815e-01,9.433835359097939577e-01,9.468051977389962959e-01,2.424001075625518142e-01,8.280233671763531644e-01
9.000910000000000000e+05,4.896928231815904642e-01,7.197107021007956851e-01,4.721079203304555660e-01,9.521160293622195070e-01,2.149938516454571458e-01,8.545824039198075539e-01,9.615581978335954183e-01,6.207138173613654386e-01,4.000578788040353162e-01,4.429722739728947367e-01,1.470189489947321126e-01,4.435272847035518495e-01,2.486071239605747163e-02,6.977790295421077982e-01,9.713454751670013154e-01,8.745350646364420388e-01,7.480345145828390940e-01,1.305972085211523082e-01,6.269969580217037430e-01,4.184386126193253563e-01
9.000920000000000000e+05,2.415785073716900655e-01,4.329261460079536494e-02,9.188499256460616049e-01,9.002752333653407657e-02,8.307004964793971435e-01,2.442381222700072962e-01,3.743203016511710279e-01,9.581363524976220791e-01,4.456480956676749372e-01,6.195535496286823651e-01,8.513084232925319794e-01,7.568295202878753125e-01,9.439048504032598874e-01,5.717732829551098739e-01,3.257876988277875752e-01,9.346022453225832916e-01,8.377556213230286097e-01,2.428378272689444284e-01,8.877448226323390035e-01,3.712526606004907803e-01
9.000930000000000000e+05,9.306475930018687226e-01,5.078158449242190509e-01,6.957668629827205020e-01,1.561921810368537278e-01,3.428458141713076612e-01,6.163708950763853167e-01,1.620392536495052216e-01,2.923901384448011065e-01,1.161344118633356182e-01,5.208962473318949904e-01,1.665205800354029320e-01,7.387161326757618607e-02,2.107408600194040638e-01,8.222743897261099999e-01,5.003222238207787331e-01,2.596977123307784296e-01,7.486332133974892278e-01,2.863583056590143228e-01,5.150747468794826256e-01,6.828869498273074656e-01
9.000940000000000000e+05,8.524109602567908617e-01,4.229206068739819191e-01,6.648779251754437514e-01,9.251935802148865129e-01,1.578513388261540973e-01,1.314628151816156221e-01,2.175922167290660347e-01,1.903721135860725333e-02,3.259113711712847694e-01,6.956991174351296880e-01,3.673276365204980465e-03,8.894866463571210469e-01,8.855135209354794146e-01,3.880930160069099299e-01,1.384381329126477267e-01,2.823524750939983008e-01,6.199638844112153047e-01,5.781128039801629592e-01,5.620830356876399536e-01,7.041872745014529089e-01
9.000950000000000000e+05,8.140548633691535585e-01,7.812608308195398976e-01,9.227209286042120651e-01,5.374283443067897625e-01,8.640089671149562278e-01,8.290573051486046507e-01,2.027966289972016334e-02,8.179026240968542139e-01,9.661030068254783387e-02,3.331106223940125677e-01,8.847939806828076792e-01,5.793521947363383662e-01,7.699764311367975900e-01,3.986083797330094436e-01,1.589052160465265207e-01,5.054610884837074103e-02,7.657060991307107489e-01,2.645638077952783274e-02,5.615204456101714481e-01,5.254139769035491847e-01
9.000960000000000000e+05,5.455278470258360102e-01,9.142680095552857544e-03,9.903247040697937820e-01,7.629430526523119926e-01,8.542264112379440721e-01,2.137387188687287498e-01,1.410772332212018032e-01,1.459834556335916078e-01,4.886106957680939056e-01,3.963487970963240903e-01,4.386210831672610055e-02,6.394385691399712135e-01,7.518776904403398076e-01,9.826788537095121345e-02,2.760259807846568991e-01,2.156879034258130101e-01,2.116131800615815850e-01,3.148083616285460851e-01,5.762938582289666156e-01,8.649120777261867232e-01
9.000970000000000000e+05,2.746502298704649458e-01,9.582375035659699281e-01,5.336752103361696031e-01,6.365581682787314621e-01,3.601211767005370046e-01,6.223749386384036519e-03,7.572629412035271068e-01,3.247261126057610081e-01,5.940853288368913576e-01,8.023575899371792053e-01,1.880492555296391366e-01,1.527099069008791554e-01,8.529484103822607688e-01,9.350327292843555460e-01,1.208765785505134804e-01,9.207744134036789374e-01,6.547245791804168213e-01,9.060803278597093779e-01,4.193313998344095905e-01,6.796726435316524650e-02
9.000980000000000000e+05,6.206334108670737981e-01,6.311769159251063854e-01,7.627938510485816614e-01,7.312451656211098605e-01,6.421170252544562418e-01,7.265808993166974483e-01,4.697316588057804942e-01,1.518971806027237248e-01,5.454287294024495747e-02,4.133550307220978937e-01,9.302331329594862863e-01,6.066223230116745135e-01,2.115031737666728251e-02,8.660408397050758378e-01,6.509493038432790923e-01,5.121218798922901883e-01,8.002039514611559712e-01,6.323935367357036430e-01,1.647427872335918142e-01,7.404732490700530745e-01
9.000990000000000000e+05,1.097103992262841166e-01,2.166146510691404625e-01,5.968195575962911281e-01,8.660892672082620702e-01,6.442060007240764108e-01,9.581370775429309816e-03,5.654852326167615351e-01,8.103583576917459119e-01,6.405583385524474815e-01,5.509138752916775683e-01,3.629086591146367669e-01,4.635421992503491184e-01,3.778393000291480064e-03,9.606602750573776106e-01,2.348696790285709213e-01,6.610951336624923957e-01,5.218237801436846901e-01,1.888365866062040599e-01,5.245788714220345206e-02,6.507294700248356101e-01
