3.100000000000000000e+05,8.820508669870803509e-01,6.778553825275349665e-01,7.342383753066423768e-01,4.095899601599084505e-02,3.070337710007222665e-01,1.754209650047121594e-01,6.205118651428254140e-03,9.294571983797198511e-01,5.366279277259167202e-01,1.355645714551065861e-01,7.228275930534329152e-01,1.446923147942403842e-01,4.267636639529558407e-01,1.186452379010221048e-01,1.850408592699840371e-01,2.269795366011253535e-01,5.206484993643502035e-01,4.552326851382498818e-01,1.942848364010625328e-01,4.905817227802267144e-02
3.100010000000000000e+05,4.537383807379764544e-01,4.039776556937160201e-01,5.634265051008002789e-02,6.044576259963827525e-01,3.202297320779655676e-01,5.179118667314339675e-01,3.821939846582672606e-01,5.180785985815572481e-01,2.933712602651891155e-01,8.685838074423682942e-01,5.050715561106898788e-01,5.108963079709372135e-01,5.102586821375585391e-01,2.433252007179509402e-01,9.644773657889282870e-02,6.740202646343967929e-01,1.364474551297722993e-02,8.673001141746680132e-01,3.346444454205529384e-01,3.084333036770355863e-01
3.100020000000000000e+05,5.242917411221181823e-02,2.221451229093365232e-01,7.938017000444803628e-01,1.633740056899187776e-01,1.279048218980293194e-01,6.579446550345670053e-01,9.250029113388400503e-01,9.868263809233323025e-01,9.801312989933494979e-01,1.495053851293034475e-01,6.969884478915817638e-01,6.779364006666575015e-01,8.542156184309380729e-01,2.020811538927457240e-01,4.001864111890320874e-01,7.344525836857531687e-01,6.278160789912092810e-01,8.629560850852174836e-01,4.166117907311174262e-01,9.213809614026069461e-02
3.100030000000000000e+05,7.697495315649993675e-02,2.533026852984472388e-01,3.159449503452956831e-01,1.058082866667827693e-01,6.525059698822932575e-02,9.528232420964016791e-01,8.718608182392642014e-01,7.139943867490381457e-01,8.668721683287983204e-01,2.731734854024717718e-01,8.238437821428390428e-02,8.042203675323851275e-01,9.491603302306867995e-01,7.017470779233079270e-01,4.724428511912760476e-01,3.149541265074340401e-01,9.968223545150134424e-02,2.862661293345207802e-01,5.776056312752799737e-01,3.372675727004116331e-01
3.100040000000000000e+05,6.365718703044650484e-01,6.798015745244779806e-01,7.667593351787049816e-02,5.601134390252439088e-01,8.043151199179381372e-01,1.867850904126560074e-01,9.193939517415631313e-01,7.842382397340308398e-01,2.464607266770638683e-01,6.128518749666729271e-01,8.257808222671236820e-01,3.635272999161106577e-01,6.824908008245100799e-01,4.181699297024132900e-02,3.132732007012887232e-01,7.198917951746689470e-01,4.455251369879819068e-01,2.403049142296506124e-01,6.537083731425299415e-01,5.472934505815579831e-01
3.100050000000000000e+05,9.999649109278522241e-01,7.210895941077821725e-02,6.264680097783036361e-01,6.233327853962578047e-01,6.814564517244949826e-01,4.883912397397049965e-02,4.592350124715648407e-01,5.741749624670847707e-01,6.794818751476657814e-01,7.326201311692847051e-01,4.014295537943951553e-01,7.659070189365410064e-01,4.932643516083213830e-01,9.686044213535738301e-02,3.482127356625850378e-01,6.089834067233022008e-01,7.998052972028775187e-01,1.255836288969292003e-01,5.689822439546221577e-02,4.581578240728141349e-01
3.100060000000000000e+05,4.759982948219909638e-02,3.738119877923372636e-01,9.100364241192979708e-01,3.946584063986054991e-01,4.028120034585578324e-01,8.031683635931579079e-01,3.762948919083098920e-01,1.401821896151226321e-01,9.648197564983220786e-01,5.031885238606506050e-01,5.611200259840565252e-01,5.420467353941490485e-01,4.008834176659085147e-01,2.340332746783873041e-01,3.315048239128786101e-01,7.272499447555484942e-01,7.352118314874857008e-01,8.702540504747999783e-01,9.890861209487844530e-01,7.005172595339610453e-01
3.100070000000000000e+05,1.738357815175322063e-01,5.244017674786548566e-01,7.530129423879066142e-01,9.513074880165874880e-01,6.726655608452880575e-02,4.533436828743943048e-01,7.567598252309670759e-02,5.829148018017965560e-01,5.583042738988833742e-01,7.519900007007075393e-01,9.580908404743954110e-01,2.357925266350708871e-01,7.179245037375415750e-01,8.068052193072774436e-01,7.795117334028727196e-01,6.751234830769078377e-01,5.414115254940140565e-01,7.051373090609466265e-01,4.894477600815438922e-01,4.300061423784067305e-01
3.100080000000000000e+05,5.921502819202029144e-01,6.648081646888091001e-01,6.361727918596304931e-01,6.038169008590714704e-01,8.623137972789367556e-01,5.391132857610866358e-01,1.165986029747595465e-01,4.930107588747426606e-01,7.249449505243658054e-01,1.296104247606454374e-01,3.884837065644058951e-01,5.476673411647862144e-01,8.863388098624813694e-01,4.759631376621212828e-01,5.606083354422847220e-01,5.918920369779612223e-02,2.377294447402636957e-01,9.395178990182476708e-01,8.232861386673587800e-01,2.627519054021254519e-02
3.100090000000000000e+05,5.517920451333594434e-01,4.889463324113574316e-01,4.817051922507951112e-01,4.378673920737911063e-01,3.020350624122990491e-01,3.553601051093147056e-01,1.371560211554411213e-01,1.278162303684164947e-01,5.004659192665340539e-01,4.577803562275321037e-01,7.224687300058374451e-01,8.227186186978889815e-01,5.989111336258274854e-01,2.240254720228325169e-01,1.760967086748207455e-01,9.824835667645624993e-01,9.533443374390143665e-01,8.785189424629387123e-01,7.102879441225714574e-01,1.414478548657375212e-01
3.100100000000000000e+05,9.244256317428419800e-01,2.864233273628095100e-01,9.780321108776072192e-01,6.907787335651121019e-01,9.065920718457318728e-01,8.737408153548069656e-01,7.777562648391819211e-01,3.088400446100459940e-01,7.500465017435613557e-01,8.947896150127067072e-01,9.408929346900967161e-01,8.304371038684102979e-01,3.708533721684152962e-01,6.582403788182362714e-01,8.069980756648182929e-01,7.004478836988448087e-02,7.330376230119870495e-01,8.708213105145844457e-01,5.446090704308836905e-02,3.060235572565273010e-01
3.100110000000000000e+05,9.993414953086124930e-01,2.397752160097519347e-01,5.973638757417234491e-01,2.618849528329486587e-01,1.243150990082686480e-02,5.225258094246276741e-02,7.616462905636740555e-01,3.712130100887469641e-01,1.679129215198765790e-01,8.783977024560472024e-01,6.496722581621120485e-01,1.388383045028028784e-01,4.738151124908773770e-02,4.720950492641742269e-01,2.380546811845301036e-01,7.138897011766054401e-01,5.127452218142314333e-01,2.117808227131382504e-01,9.794297295430098860e-01,3.997608034149520151e-01
3.100120000000000000e+05,1.195213295720997104e-01,9.777633629963428108e-01,5.963084266662743715e-02,9.953226172534204164e-01,4.357846186726649362e-01,9.482043347876986106e-01,7.741812509784793406e-01,3.780952806342628980e-01,2.123395308853327501e-01,7.816995901280815451e-01,8.805884302030981825e-01,9.620486955459830458e-01,9.576543239176006361e-01,3.965549754925445924e-01,4.354578931932889807e-01,3.281648042447808944e-01,2.549191015943882421e-01,9.219344383939717114e-01,8.686216830415715018e-01,2.714067338390874218e-01
3.100130000000000000e+05,4.623640505607947704e-01,9.218665592868974246e-01,9.720334716143724796e-01,4.688026830370259912e-01,6.324548476744141778e-01,9.680018264019710772e-01,1.148389972830397010e-01,6.098642709754602542e-01,8.032021076310050800e-01,4.477924710102922923e-01,9.039298514133492501e-01,3.751974869501520926e-01,1.675359169487198319e-01,2.425190716311591554e-01,4.867013668824426986e-01,2.989948274556641916e-01,1.867033566061017114e-01,5.707320907559554346e-01,2.725117875460314476e-02,3.749372678653762891e-01
3.100140000000000000e+05,9.393855579003881351e-01,3.663604138524418907e-01,9.268357793383814602e-01,5.009743177902314937e-02,1.627662213006842995e-01,2.879513440112118072e-01,5.286963222649870842e-01,7.857075384058956891e-01,5.268368917956056663e-02,7.809216520275730211e-02,7.955643384305484123e-01,1.043021421551917349e-01,7.578366836151810837e-01,7.332730067707692312e-01,5.694901900615316759e-01,3.294921202027893958e-01,9.273605593410528813e-01,2.798001136804080247e-01,9.590599978274363391e-01,9.956073330361816520e-01
3.100150000000000000e+05,6.101086181079762305e-02,1.478053945686566006e-01,2.947604747615136800e-01,6.956361796712262624e-01,5.913221040903750003e-01,9.215661999092469303e-01,4.231554268401808150e-01,5.778274678863150049e-01,6.197971019811676641e-02,4.602142273239209214e-01,3.039416145152611382e-01,8.444417695625056064e-01,7.803075781637207609e-01,8.969443574009187126e-01,6.862527518780505709e-01,1.775239196132248898e-01,7.686438679663583073e-01,2.164250495395280138e-01,5.197321523081182004e-01,1.888994883361746480e-01
3.100160000000000000e+05,7.333974079061975626e-01,3.616979998251002026e-02,1.890057170631350703e-01,3.726282478613689442e-01,7.803218457078654469e-01,4.365975557894421488e-01,8.037837447026735527e-01,8.151301910118990968e-01,6.544209990804371602e-01,9.162836093720700958e-01,3.604725902236224355e-01,2.821199184938736337e-01,7.977118209788027769e-01,9.240641344342148678e-02,6.140766421817412946e-01,9.639240944120019972e-01,5.957672365256647673e-01,2.815178359589226575e-01,3.110388360097611216e-01,2.284623717184932623e-01
3.100170000000000000e+05,1.357899484361663189e-01,7.996685968467115435e-01,1.117557543041746149e-01,1.055917028208391839e-01,6.445704987353441107e-01,4.311278510652477580e-01,8.656627353884084330e-01,8.409619493896873799e-01,9.019568915718833013e-01,6.161166155589387072e-01,4.672907325818836943e-01,3.061274341014859068e-01,2.250987170737639431e-01,3.804925965645118424e-01,8.650411594937278403e-01,6.439765122749255832e-01,7.931066980379972708e-01,6.181330979809518400e-01,2.882530465190424884e-01,1.941958203766558366e-01
3.100180000000000000e+05,7.392459658071143247e-01,1.989884525489087341e-01,7.016666874576240609e-01,4.576020730114336299e-01,9.032528699950538309e-01,6.343052081773193906e-01,5.508957096907106665e-01,9.258587592532581123e-01,8.018998318571234352e-01,8.259482438852718822e-01,4.283274513658597016e-01,2.823535490060739006e-01,7.581480152720811994e-01,5.366461241812503502e-02,6.941041952022645178e-01,5.291364342177400371e-01,6.458952408669191847e-01,6.175826481670926293e-01,7.751432078033544393e-01,3.456513519596682293e-01
3.100190000000000000e+05,7.263742980890816048e-01,5.206552406462229277e-01,3.880372586074547492e-01,3.070724425041770900e-02,5.965199005553847300e-01,5.286036175288013617e-01,2.672876618458562836e-01,5.913545182685208124e-01,9.555190307177476861e-01,6.733969311178439332e-01,4.420111404438147318e-01,7.254128652915844411e-01,1.394510337815879630e-02,9.691763115331670786e-01,3.226541095869701614e-01,2.795430147275149713e-01,5.844589931735404420e-01,7.512494357396537481e-01,2.715637755511940421e-01,2.383480177514026854e-01
3.100200000000000000e+05,6.488092608194773181e-02,1.395795549632784516e-01,2.733396983133811187e-01,3.691381949196482770e-01,4.300111929167536040e-01,2.198827467053529050e-01,4.740567070032745134e-01,7.095110513801694552e-02,2.175180094338083903e-01,9.535301450838412629e-01,1.616390832309222425e-02,4.101458840687642882e-01,5.040220605339829074e-02,8.355796779764060878e-01,7.959142344145915260e-01,3.335610389450084368e-01,3.955431836264072798e-01,3.902240330871090679e-01,8.699846840210277987e-01,1.253351888465903397e-02
3.100210000000000000e+05,8.292960087932246260e-01,5.397402399000845730e-01,3.086214357935703756e-01,4.836743605518203371e-01,5.209759981049782995e-01,7.615373675926275787e-01,8.347319622913693671e-01,9.115372002254396033e-02,4.856494700570175294e-01,4.675858859576431659e-01,9.575725945923008187e-01,8.427901323267884548e-01,6.943664607920672083e-01,5.918078554142562897e-01,4.777420250377861777e-02,7.204993140559386999e-01,4.951113669909967818e-03,1.594885913510739606e-01,4.279359963273642320e-01,4.458988910793517668e-01
3.100220000000000000e+05,8.193842684351375638e-01,5.464908250752628094e-01,9.117801132386786911e-01,1.380018218490132176e-01,1.821297710681590853e-02,9.271171828256051795e-01,1.892964945892926520e-01,8.083102863537344751e-01,7.163129363955329509e-01,8.156986793211163933e-01,4.523137363102089914e-01,4.833866298334028588e-01,1.529490632675249984e-01,2.091629281763921488e-01,7.876506056596078720e-01,1.676401911344694851e-01,7.072339687267197306e-01,5.689431875623940371e-02,9.412577234663984660e-01,2.339911480237341079e-01
3.100230000000000000e+05,6.651022173387730607e-01,9.245422978860604601e-01,1.746275106625545526e-01,7.710241327305357162e-01,3.224178100756187604e-01,6.905870749240395901e-01,2.322335685113851023e-01,7.067227865440276480e-01,2.073339628976107463e-01,9.323007027110488121e-01,1.915021998727026720e-01,1.365795844485643284e-01,6.761572300835154703e-01,1.791615765908211033e-01,8.301402851649931636e-01,8.418505373931455260e-01,3.929047570566286396e-01,8.290538432446988848e-01,4.130902854524606260e-01,9.602307749790742752e-01
3.100240000000000000e+05,5.892566906488996281e-01,2.930311138163410600e-01,9.372343753436627178e-01,1.405979704036102174e-01,7.841109822403840024e-01,3.342854818062430677e-01,1.651277180603504258e-01,1.419869285997021890e-01,1.887975088076312424e-01,3.703345279193215323e-02,4.887307388858550539e-01,9.567558264935068779e-01,9.928226710292320512e-01,9.599367783850690783e-01,2.895166338670682737e-01,2.660141312171826478e-02,3.716434636816713377e-01,7.542273233489170670e-01,6.528728799373325620e-01,8.251812483065386061e-01
3.100250000000000000e+05,5.358700586776363739e-01,5.806974681524281756e-01,2.785352579528665995e-01,1.235730453230735604e-01,7.439626173713975721e-01,5.190851084869635423e-01,4.098820281892701090e-02,8.646951508378802886e-01,9.899814805997894096e-01,1.309397752739183129e-01,2.335404945809400612e-01,8.607738196007371778e-01,3.497351328379341151e-01,5.388628938159526482e-01,6.329601081682013630e-01,5.982665932628281613e-01,1.477303986433253780e-02,2.640651275553651534e-01,6.683882083697842980e-01,5.621034110922663585e-01
3.100260000000000000e+05,1.751462833388737206e-01,4.762188607122903594e-01,1.692456228276646435e-01,3.929958433803665274e-01,8.295514326670155869e-01,1.997361117805938058e-01,1.540493640603368686e-01,2.580363931948994605e-01,9.975378675178150356e-01,6.587552978810906623e-01,6.968675965369827141e-01,4.629249848256045130e-01,3.108079860788015569e-01,7.169849800482810398e-01,4.207922260550812643e-01,2.884159211577551618e-01,8.013880199993898001e-01,6.784471181434488241e-01,2.746847835013974670e-01,5.808517116441793693e-01
3.100270000000000000e+05,6.564429829006269701e-01,5.291699209625243538e-01,8.381545995585278908e-01,6.812255213698715783e-01,8.786329111984646500e-01,2.979582610990616498e-01,8.874257455011361762e-01,8.385382445311309052e-01,5.838462255927284739e-01,9.416540851715267113e-01,6.340603092728935852e-02,6.137870816364637827e-01,3.489286842124890153e-01,9.648193988754558692e-01,7.115080803293029055e-01,1.906906646682619000e-01,7.594316151104619772e-01,6.940276283003150581e-01,4.754994979399691513e-01,7.405633682856186395e-01
3.100280000000000000e+05,4.771704064758138797e-01,8.783646589927066595e-01,3.939133869476808547e-01,7.248599028689250989e-02,4.305094987458890632e-02,1.361725379179236084e-01,3.663545845822600011e-01,1.484151265029437505e-01,9.075733941758792334e-01,2.795677924588391150e-02,5.227544009869034003e-02,9.252072882900281847e-01,7.095782263671168710e-01,9.595825872169634341e-01,1.225254593050323360e-01,5.477446887117750629e-01,2.104923503652413874e-01,3.335993520358041531e-01,5.065129905971567092e-01,2.593169206631595891e-02
3.100290000000000000e+05,6.279474861517472251e-01,1.678594068901521075e-01,2.056091566596532916e-01,3.150192013494946819e-01,9.642068428030737826e-01,1.278989301033400805e-01,5.245056121185507347e-01,7.497721794038123555e-01,3.172423739758133410e-01,2.655216805015692128e-01,9.478838787183028192e-01,1.012729061674801923e-01,4.728344766246328490e-01,6.466736155086257876e-01,1.055991951259085404e-01,2.618959464013156380e-01,6.137783322086343141e-01,6.280577020230038165e-01,4.827686210930831612e-01,8.084331789683593117e-01
3.100300000000000000e+05,4.157392937007255984e-01,2.896639529138990143e-01,9.093962170742476703e-01,5.115349170556175995e-01,6.157931131368522548e-01,9.690285051050425702e-01,6.166728925409216133e-01,3.316317552442740180e-01,9.771889692233394209e-01,8.587733192835942386e-01,3.158187094476827550e-02,9.894644605281356364e-01,1.267487651021749206e-01,2.046701140801547858e-01,1.004325606701736984e-01,3.562175604636349524e-01,8.985188608143154232e-01,3.859252474922263421e-01,1.594714845481429721e-01,3.949845954866871844e-01
3.100310000000000000e+05,2.763290055681446589e-01,7.342977628775358978e-01,1.973553398074699983e-01,4.487480665693840409e-01,7.794485616111596071e-01,3.674889536617653718e-03,3.959819424106506558e-01,5.355719730778518706e-01,6.754115033560936787e-01,6.152328799701943796e-01,1.231822059269103153e-01,3.494955951388571957e-01,9.440160649257430814e-01,3.956657751857410865e-01,6.455226266073226249e-01,8.828744718850018991e-01,4.866734041651761267e-01,4.043741180296968052e-01,9.230270665846257439e-01,5.813695875185785900e-01
3.100320000000000000e+05,8.330761183845286633e-01,2.875906321781217523e-01,2.747091425619561100e-01,6.676362525811554427e-01,7.963797949207270799e-01,4.944623914366116368e-01,1.347530362170350493e-01,2.840180201548264671e-01,5.973122476853990337e-01,8.670865830494063342e-01,1.574330859219570389e-01,5.193752588893535416e-01,8.535118312848807287e-01,6.015639776422392337e-01,2.674330407527589770e-01,6.605989502151166093e-02,4.824879545480931231e-02,2.216900291541145096e-01,7.819021976918175687e-01,8.498309616941572830e-01
3.100330000000000000e+05,6.734400054200110342e-01,7.899641761444184951e-01,2.056561424567207030e-01,6.307808392138849474e-01,3.236815636631156234e-01,6.140784571162682948e-01,9.179897430292508487e-01,5.605049258948872071e-01,7.369535380785924294e-01,8.883883587314483909e-01,9.448871143116843729e-01,8.858731225071554416e-01,9.173720035576917731e-01,1.861387494259765241e-01,1.036341556929363250e-01,1.658617857046138511e-01,4.306553620551534234e-02,8.216179933965954696e-01,5.570681368677872225e-01,1.484927670183033843e-02
3.100340000000000000e+05,9.089715099071856708e-01,8.518106706207047019e-01,3.174157722848658381e-01,1.919425935797229865e-01,4.205123327691682178e-01,8.845081318311907026e-01,2.092069548114441346e-01,8.322409556569552169e-01,2.727154855828730629e-01,5.939018536908646784e-01,6.551629107070835456e-01,7.631864023466761182e-01,3.009180753980040812e-01,3.051958440933371097e-01,8.888594172657777737e-01,5.881118574243926478e-01,8.112006190177680764e-01,6.591188392372973048e-01,7.948819045013871820e-01,8.810106424530844693e-01
3.100350000000000000e+05,4.273578731558413946e-02,5.833063937576998814e-02,7.358699418002395687e-01,4.958109053341507311e-01,3.401885434124964913e-01,2.949030879284618711e-01,9.311340908741926325e-01,1.355401208978180838e-01,2.842384264230553015e-01,3.552793774035155616e-01,5.265573148292858052e-01,1.363710099223720551e-01,5.386657394894684980e-01,7.285396831075741098e-02,8.808667528769609234e-01,6.049597767387665526e-01,5.985977773011275094e-01,4.280018621469962037e-01,1.217864184093775393e-02,8.462776326549327210e-01
3.100360000000000000e+05,6.443604633602723064e-01,5.728610368427461408e-01,3.205113045547445250e-01,6.450811322069295306e-01,6.225008294367970763e-01,9.451001706172085237e-01,1.962617708843595876e-01,8.220802426338116309e-01,6.913223409082724924e-02,8.814872568041944856e-01,7.083066518413453361e-01,5.159660986180052422e-01,2.741243384830374108e-01,8.998959582367705989e-01,4.253315807544253424e-01,4.913797467510827577e-01,3.728763055248367486e-01,7.997896266013303501e-01,9.503058791766797464e-01,2.432131518940684467e-01
3.100370000000000000e+05,6.143064953637298320e-01,9.485358449220753219e-01,9.289402132314933391e-01,2.051613396928242405e-01,9.925653994145725578e-01,8.347170871339070208e-01,3.981363983639764070e-01,4.467842728657576146e-01,1.442908740755053376e-01,6.535427388335907084e-01,9.636507201567845460e-01,9.116789271122135441e-01,9.902538590867565604e-01,5.021877293520216057e-03,4.121183172283801044e-01,3.900050546068488666e-01,6.821683446745393509e-01,1.371184475910189882e-01,6.153449616634326658e-01,5.602626710115252706e-01
3.100380000000000000e+05,8.625254601794453135e-01,3.611855765591933665e-01,5.199668199505583788e-01,3.390748371128637917e-02,9.212687875158227513e-01,1.627615853701428472e-01,3.688739537382437206e-01,8.013071725839807646e-01,3.116237617303085905e-02,5.211664425849801274e-01,8.115481455829981483e-01,4.777273716017931271e-01,8.509079128634149392e-01,9.735351513872980700e-01,8.028044986390597826e-01,2.648079809071267610e-01,1.377084250758766615e-01,5.208151444015385323e-01,4.404519289800591375e-01,9.611776440106455377e-01
3.100390000000000000e+05,6.972276332325726411e-01,5.659438798753058109e-01,4.912759404611305447e-01,1.171208350937713583e-01,1.544028866834414870e-01,3.598860042769491674e-01,4.735017029401242805e-01,1.731660634887276506e-01,7.002163904841735009e-01,9.901831551461169889e-01,1.835531130742040773e-02,2.590225248120753276e-01,5.423472098709560818e-01,7.783284431929793357e-02,7.400351384572489977e-01,5.490809678828018070e-01,6.156359317143371701e-01,7.636483564223986997e-01,3.583289700972103198e-01,1.846419398767582543e-01
3.100400000000000000e+05,5.633230463920131381e-01,1.960529609291319364e-01,8.951585973274833741e-02,9.086565452237351792e-01,2.509318728042575497e-01,4.721085369692082923e-01,6.470862993281526476e-01,4.981165261383727616e-01,1.220177902403467574e-01,6.162858179673997849e-01,5.214463678016711956e-01,8.407931839700294452e-01,5.986475464788777456e-01,2.472204117904452936e-02,7.275494005534866027e-01,6.054763232569467801e-01,7.288735943919955051e-01,8.072589781265741005e-01,7.229184221676187017e-01,8.996325773281709237e-01
3.100410000000000000e+05,1.838819176321619953e-01,6.916652995669367865e-01,3.485339630980703873e-01,7.741254820633434175e-01,9.808926732588879593e-01,8.446658701036272587e-01,1.830262510350251226e-01,6.113357489249600096e-01,5.059245824320379725e-04,1.906516677092106038e-01,8.823096048871688080e-01,4.596187371540649824e-02,6.418833308023554896e-01,8.070634873965246703e-01,4.854824081717855622e-01,2.823890965477130477e-01,5.874327356373744147e-01,1.017060483510876523e-01,3.111460963505567889e-01,3.258237265118202330e-02
3.100420000000000000e+05,9.798123110100648292e-01,1.542611051761444418e-01,2.248107589308747656e-01,5.692109193375265441e-01,7.704737453618250020e-01,4.716496444648854425e-01,4.809238503927367736e-01,1.377666590967611127e-01,3.122547904524781703e-01,2.667910274473777044e-01,4.718953215756491737e-01,5.124342075844667832e-02,2.019604350480138644e-01,8.148064760019559927e-01,8.056345579311775529e-01,2.139606824106110583e-02,6.156967996694219236e-01,6.467777771585224711e-01,1.466553908251322369e-02,4.162735776078124728e-01
3.100430000000000000e+05,7.776160708460108095e-01,5.235085704936537354e-01,2.346795647088392167e-01,4.020599787907935818e-01,1.720564948008433959e-01,7.826042319782616774e-01,6.563526628385326633e-01,7.644656581247292193e-01,2.897104046451512982e-01,5.746734655134391190e-01,6.464374136687924821e-01,7.705512213385469211e-01,1.925296994312982735e-01,7.212561786111911788e-01,7.797084418651221149e-01,6.091243867662571310e-01,9.957625427960270503e-01,8.421667374314204535e-01,3.837950833085501667e-01,1.275106670132676312e-01
3.100440000000000000e+05,3.936431155526907144e-01,8.179525383514685277e-02,4.251970733066805508e-01,5.213572469414528010e-01,5.720434871948809619e-02,4.136927333908813065e-02,6.574231967661483544e-01,6.193888828631031185e-01,1.563818431115019392e-01,7.284370511471136567e-01,3.142938546569599145e-01,5.811830545246133850e-01,1.628333796416849832e-01,8.992902023134519141e-02,3.303074152854528212e-01,4.254335281195558149e-01,3.349490424041856595e-01,9.423191638193018083e-02,1.168510664780052499e-01,4.230942760984768292e-02
3.100450000000000000e+05,9.787164450615590816e-01,1.551691548510915064e-01,6.122706365016942209e-01,4.620966421826991910e-01,1.875071249727922051e-01,4.512769566667051979e-02,2.395815318411611550e-01,8.622598791869888757e-01,5.108684747947839222e-01,5.674620240405275906e-01,9.308609546127056822e-01,5.490932796530445525e-02,3.395984461321686076e-01,2.482339651181838525e-01,1.289210591200817824e-02,9.277507903821905488e-01,5.159534064379308616e-01,6.174807319467117139e-01,9.803452038535158675e-01,5.403029627430115944e-01
3.100460000000000000e+05,5.565774079680207986e-02,6.722240477795382585e-01,7.196786949140856482e-01,4.131416481540084451e-01,1.883887746333213764e-01,6.912201383222831286e-01,7.200683550989664949e-01,6.681546610158326516e-01,9.174334566948544323e-01,6.137051866992656590e-01,3.878708985352707916e-01,3.702101931421035719e-01,7.352850965235343539e-01,8.887745550400161232e-01,2.939918732871649176e-02,9.863757785131533895e-01,7.756262391829971126e-01,3.427501338369769446e-01,9.323296051614649027e-01,1.302948657748800310e-01
3.100470000000000000e+05,7.768508721834973541e-01,5.856367961382583642e-01,7.257761719377499032e-01,5.540138576674306092e-01,9.532428212672793277e-01,8.770666608052801738e-02,1.395295783224881347e-01,4.646896511859268664e-01,9.995763507100323686e-01,3.176469175723836136e-01,7.348639563087928650e-01,5.010585423253095527e-01,9.899287141458177341e-01,7.418969015657997934e-01,6.253533413409964048e-01,1.995762409840553531e-01,9.372905364359880309e-01,2.673759533829787038e-01,2.733636509639910672e-01,5.699099964344338520e-01
3.100480000000000000e+05,9.310387655762965009e-01,6.977954937551755776e-01,8.078414565393055025e-01,1.318854097564542416e-01,6.896486877455261233e-01,3.790571066660871624e-01,3.056461855933548799e-01,9.497140950711410179e-01,3.131138889607374409e-01,9.455706540744057698e-02,2.529110261752355315e-01,3.075868073185228369e-01,8.483465533246148382e-01,8.845561411196165569e-01,6.370323702819568057e-01,1.667393567647389441e-01,6.927324355798352151e-01,3.890443324881077691e-01,7.340318302496415814e-01,3.713557537819136556e-01
3.100490000000000000e+05,3.240920557763588006e-01,8.121057723193112476e-01,8.003312623291291006e-01,6.148664932617898815e-01,6.858083083799696444e-01,7.716864845704234366e-01,5.844353875603913728e-02,6.244414558550126504e-01,8.786321994097580079e-01,4.999873872994767821e-01,4.934697979681847979e-01,8.969155018294530102e-01,7.785728822312905084e-01,6.396500142942354028e-01,7.427327963647087916e-01,4.641704144095030182e-01,6.391333527216195298e-01,2.353442717484066637e-02,6.175234524572960071e-01,3.143681814846767120e-01
3.100500000000000000e+05,8.696434659333949213e-01,1.800857049648061370e-01,9.286686113465910664e-01,6.034150964211074664e-01,2.023768187812114983e-01,2.126353328130080600e-01,7.347111645520181256e-01,1.807341059228217972e-02,7.702753989602115769e-01,1.298532560998640895e-01,8.014179695847815088e-01,1.812227211468943056e-01,3.999209780998577157e-01,2.423349267694965281e-01,3.098653483007355325e-01,6.579568537059952149e-01,4.360603351249972004e-01,6.892524335619427678e-01,4.112955262199318174e-01,9.309625147815721036e-01
3.100510000000000000e+05,7.908058361289572735e-01,9.368836762945575991e-01,4.496966495180404477e-01,1.981758924440555347e-01,2.405763119691187724e-01,2.014095357229862548e-01,8.276007305196476649e-01,5.811006404404085446e-01,7.855681746174710822e-01,4.030609878137803026e-02,2.716415974183287174e-01,9.146127402243402482e-01,8.626502683318133524e-01,9.142794006647319005e-01,6.113741516228405892e-01,9.672600115504950136e-01,8.514989901929419513e-01,2.804647141330807170e-02,3.336227703880458861e-01,5.174198737087011279e-01
3.100520000000000000e+05,7.627943467821702850e-01,2.954482837985490384e-01,2.534967149804415731e-01,2.899805055830390055e-01,3.830648962217320097e-02,5.457025028298866376e-01,6.976598371660769349e-02,6.936212386688442866e-01,9.436351985190964964e-01,2.440786437337170156e-01,6.947236050748542002e-01,6.791249218796313603e-02,5.804477118418970294e-01,4.493178653119993538e-01,3.602458234920463687e-01,7.579225859824744171e-01,1.914447620076387135e-02,3.787493515379127818e-01,8.472388822710557044e-01,9.639714354987587441e-01
3.100530000000000000e+05,1.349886734237575325e-01,4.131589557154525805e-01,9.889031733195554619e-01,5.908423071902150214e-01,6.997833344555753898e-01,3.300584126024921350e-01,4.070777704794165119e-01,9.414266956044218260e-01,1.124931455091637833e-01,8.837227143309493993e-01,4.585347611074684915e-01,8.779160442639468709e-01,9.585977524398242577e-01,5.814388355426152177e-01,6.237333405302397660e-01,2.758048089153113391e-01,7.902947607994632584e-01,7.369879508448571315e-01,1.590833644286295812e-01,4.459878586143126711e-01
3.100540000000000000e+05,5.296406850067844063e-01,3.757392100855405648e-02,9.645039137788098405e-01,6.243070057550823559e-01,3.541610812187335755e-01,4.850521534081810859e-01,5.794616390490253677e-01,9.933965894919267736e-01,6.608683497012767250e-01,6.264127008937068197e-01,1.055052963289248025e-01,5.778259505526147644e-01,7.414547450642083870e-01,1.178150465636372823e-01,4.432887717336070343e-01,2.737496927188283191e-01,3.684289100010513796e-01,1.260067528179703578e-01,2.818035831009524372e-01,3.272733757600784221e-01
3.100550000000000000e+05,3.800946713532020738e-01,8.693106467484418287e-01,2.464213362197629209e-01,9.884758546022868186e-01,8.212997986315639931e-02,9.902784212548976228e-02,3.908098704958159475e-01,2.205894989262817685e-01,9.243567994077326322e-01,7.406090793625829116e-01,3.265399420098631378e-01,3.823447875562159259e-01,6.341672548245055330e-01,5.374032373258890161e-01,2.180940623901115316e-01,3.310875770617088820e-01,8.256746090181781295e-01,5.077862294786444908e-01,4.017800246106528750e-02,6.209342708820168033e-01
3.100560000000000000e+05,5.417045664919448722e-01,1.927685734192549072e-01,2.530516797344384283e-01,4.826835321478603058e-01,2.976005866948492340e-01,3.095794544721710562e-01,4.394926673615688895e-01,5.524994282031909787e-01,4.550191988965882617e-01,9.687310979515174614e-01,4.501291787046168835e-02,2.624770556409278255e-01,8.435460381838325583e-01,6.613750174388304259e-01,6.259309951321426757e-01,8.851100216568279500e-01,5.582420710834511413e-01,5.167537771736171459e-01,7.448905956088348601e-01,3.612911501056466079e-01
3.100570000000000000e+05,1.467784320426328559e-01,1.583774042735106580e-01,9.869005383177107404e-01,5.948687591424939303e-01,6.767737497057723095e-01,3.145206848840330638e-01,2.682021074955610596e-01,3.404879181710528391e-01,8.209649723857835868e-01,5.384537840256309327e-02,4.490390352961902698e-01,8.375771707675928601e-01,1.560596438415495779e-02,3.372806946876857337e-01,3.851969599044430259e-01,2.854079270832439175e-01,8.370485394077366026e-01,6.096370831741469987e-01,1.967119367960051823e-01,8.856950294274735791e-01
3.100580000000000000e+05,8.215660984470796180e-03,3.750535057421484630e-01,1.661407790116173899e-01,2.503579527179701225e-01,1.482941272604768601e-01,9.303450827484855967e-01,9.006692402851601553e-01,3.648856150780070973e-01,5.917459156907379780e-01,8.884747218157039717e-01,9.690003474682384876e-02,2.754406503701306574e-01,1.436341079685917732e-01,1.932074632369024103e-01,4.840510606091352752e-01,2.909569347312266352e-01,5.211145785465277624e-01,9.148476074225830867e-01,1.336952801386439571e-01,3.633238323502208100e-01
3.100590000000000000e+05,8.935225920143553546e-01,5.506998287839961481e-01,4.144373931949507650e-02,4.018833289944051534e-01,8.996267673831369605e-01,8.505636236650571114e-02,1.246911514893322970e-01,8.049337192973337052e-01,6.845488089416369437e-01,4.862269394158196256e-01,2.002130144214051555e-01,8.514728803773362609e-01,3.813173575846138252e-01,8.071029051023860257e-01,1.861346556553631348e-01,3.285985431154504477e-01,5.034815883695886729e-02,8.308584763953044128e-01,1.011168941207355454e-01,7.539527757626163229e-01
3.100600000000000000e+05,8.731259130075218478e-01,9.475761931752032519e-01,6.001075525974447489e-01,6.071031878466790488e-01,9.948072913522757466e-01,2.479726483451556440e-01,8.247746451692945513e-01,6.292257626066388720e-01,5.459717037354050451e-02,3.318051781363016151e-01,3.226581040509224341e-02,8.200359509992493079e-01,5.395677813420014513e-01,2.201334342439138503e-01,2.185361448579863364e-01,3.520272635071252099e-01,5.228563013024360995e-01,2.492267197542636925e-01,3.948917695641390724e-01,4.160816149260632146e-01
3.100610000000000000e+05,2.174186102214366034e-01,6.284604036292881224e-01,9.628944566700375907e-01,1.047799165366911645e-01,2.532135722071165995e-01,9.792129180919120213e-01,3.364311106625058612e-01,5.503019931397640230e-01,4.072471072396308678e-01,7.930083861484321650e-01,7.103061360007221214e-01,7.791314402632287806e-02,9.170719592763176831e-01,7.379526142963918067e-01,2.453214538086396779e-01,8.771516621203847563e-01,3.865621621488940507e-01,8.899218298424004248e-01,3.150723994003440387e-01,4.094258579514510332e-01
3.100620000000000000e+05,3.488611065794132715e-01,2.191302867363636997e-01,3.194541069840775016e-01,4.494292703170152947e-01,4.541094910691566566e-01,7.808930220688637958e-01,2.874040022376572745e-01,3.910358146228067877e-01,2.660060182016834585e-01,4.539984579462085224e-01,7.124639282168422350e-01,9.225568900253282578e-01,6.833118364849871673e-01,5.743457301960346317e-01,6.302937785801620008e-01,8.571964493711756727e-01,4.478554931164625552e-01,9.090923954429888099e-01,8.985873506153019274e-02,7.426773440450871178e-01
3.100630000000000000e+05,5.527933402408066188e-01,2.834092442367740494e-01,5.796264368922331434e-01,9.958712392437343297e-01,3.447108195683152854e-01,2.439439919449720717e-01,7.746746663548672585e-01,2.984325350970332691e-01,7.536633576363481746e-01,2.786670337258140284e-01,3.694359430072688966e-01,1.390245139762233961e-01,7.201373043973202659e-01,6.842715831467703902e-01,6.922088943600350763e-01,4.261388896471862697e-02,9.345549410297426807e-02,4.863936676849212049e-02,7.025065757539379341e-01,2.908351262030410833e-01
3.100640000000000000e+05,2.672312584379157308e-01,4.901647324754928592e-01,1.175307281469727405e-01,8.571899182117479477e-01,5.303724627174988271e-01,9.157748705236051778e-01,9.827675442131676986e-01,2.027299363271741761e-01,3.254498526349737242e-01,4.322666878026142356e-01,6.453776474152286280e-01,5.539157080952046286e-01,8.412918982288591918e-01,6.444680721254006928e-01,2.528229598587762306e-01,8.965164293168991216e-01,3.158087776709324057e-01,7.096429687829235444e-01,5.043732420939683880e-02,9.774084858150957622e-01
3.100650000000000000e+05,2.885313259366150129e-01,1.617395666383748543e-01,7.776823617581927195e-01,2.456547243477062992e-01,9.270433692201519582e-01,2.858450874094090599e-01,7.119265416917324174e-01,8.524519610577694362e-01,5.404896276940697186e-01,1.316117740247493284e-01,7.583623768977022506e-01,6.188327037241621031e-01,1.760784400199862931e-01,1.433252798055039134e-01,5.738603950233784889e-01,9.557172327953273872e-01,2.430628075917277142e-01,8.779783757222555662e-01,8.159757597275985042e-02,7.552424628114571270e-01
3.100660000000000000e+05,8.889943917293472442e-01,3.550519330574286592e-02,3.142942908537060820e-02,6.065231617973586564e-01,8.978641072964493874e-01,3.051791152157519171e-01,8.547046066213622728e-01,6.870002405561843606e-01,1.411489007222777037e-02,2.003635385265832847e-01,5.973676914008041461e-02,4.307398647832216820e-02,7.464308900942036029e-01,8.884266451627653716e-01,3.360681295626810616e-02,4.774323982951558243e-01,9.736446819800245178e-01,3.342720710461658529e-01,8.387262316909527282e-02,3.910118489738445557e-02
3.100670000000000000e+05,6.489064943548528142e-01,2.926466730911869707e-02,2.951594118361378083e-02,3.558737926654305106e-01,8.702780289611994347e-01,9.322688975393790267e-01,5.975362174663998438e-01,5.348681241686492616e-02,5.439045920384392163e-01,5.093590176312686735e-01,2.277021445073919015e-01,8.698501367442540433e-01,4.262692421079139482e-01,7.035135107937533494e-01,4.856296020729384821e-01,3.402614943562465299e-01,1.344732436464900482e-01,2.368449973988195900e-01,8.368211220671187833e-01,3.810505981733478542e-01
3.100680000000000000e+05,7.257983678724564403e-01,9.890108543188369516e-01,9.947745088325525842e-01,5.070435942629694104e-01,3.719555109476779808e-01,3.506789728527612837e-01,7.627867026943968565e-02,5.689235858298345994e-01,1.099305096384843861e-01,7.219635303314173580e-01,8.210662681496783133e-01,7.901243671166825466e-01,1.653048516774857646e-02,7.550456012361639324e-02,8.907317670108607643e-01,4.184122962039924509e-01,8.520078359933563883e-01,6.185125824119651616e-01,2.156056265023797991e-03,4.785867810826214264e-01
3.100690000000000000e+05,7.269397658501888237e-01,1.073086557808814456e-01,7.182887533046438122e-01,1.687265377425433144e-01,5.813792588501843772e-01,5.532837770019330970e-01,5.431731229360337032e-01,8.742722073318933695e-01,2.019863411180649049e-01,4.657954862651390027e-01,2.915732861868226555e-01,1.066607156730151607e-01,4.549184291562755611e-01,7.701587282816185764e-01,1.987200730120368686e-01,7.617376607045840409e-01,8.822861332982615545e-01,6.708456035232267523e-01,8.715597452981802551e-01,6.763833006093614708e-01
3.100700000000000000e+05,1.014950376308563218e-01,2.053964987199634606e-01,7.283755155887529087e-01,3.090332687052960159e-01,7.001524183467897622e-01,3.662651839182884395e-01,4.183460785105355129e-01,9.189881211291029972e-01,5.560845049841470766e-01,7.385370684324262802e-01,8.410731805596960431e-01,7.130442967321114489e-01,9.666885700246503621e-01,3.374330246931951383e-01,2.270872050284713506e-01,7.937043006199262507e-02,5.877082741338077732e-01,9.658381078847450008e-01,9.188535598658623682e-01,5.799704252652914116e-01
3.100710000000000000e+05,4.417037251714839297e-02,7.322555614786787626e-01,6.296007653058768305e-01,1.714419951094492411e-01,1.334965008477593251e-01,5.975726909837071332e-01,6.439507710061754819e-01,5.865120223660746923e-01,6.683253586486441744e-01,4.754436075877198631e-01,4.871963152012170895e-02,5.103721044010409713e-01,1.070799197183291973e-01,3.192956599938310269e-01,1.978080135781576931e-01,3.700484098016557644e-01,4.941686822930622114e-01,3.485990930153517464e-01,2.589442232601635308e-02,1.696745040596672194e-01
3.100720000000000000e+05,7.124762038394280017e-01,8.206109711026787767e-01,7.492916121051543810e-01,2.956564434977249078e-01,9.452374197024607794e-01,7.735602800875839291e-01,6.888265641842010734e-01,3.357047226539627838e-01,9.070954237568810141e-01,5.354539288754220916e-01,6.418503020108305979e-01,2.145448534771342564e-01,6.367928062116887666e-01,7.356791039532185605e-01,8.978514104874478763e-01,9.123260261626221501e-01,4.360798592757527681e-01,6.498937383724471273e-01,3.896488251892504806e-02,5.335346439105265182e-01
3.100730000000000000e+05,9.322770516243811256e-01,2.035222490447915478e-01,9.260427240966688789e-01,7.414048142746180181e-01,7.856016345240843801e-01,9.013721444132311023e-01,5.501806800220176985e-02,8.188068763052006593e-01,2.888782296966113661e-01,4.835553052459548029e-01,8.222065978840736866e-01,7.603840453821908429e-01,7.477766122234535962e-01,7.398325880435334678e-01,1.506417058310802748e-01,9.632980200412731842e-01,9.692969825688991792e-01,2.647280081848154554e-01,4.944526540221327870e-02,1.620176781733757565e-01
3.100740000000000000e+05,2.020449791304990139e-02,4.923661672225204677e-01,3.849359152085689573e-01,7.197754575419629264e-01,9.364229711122593613e-01,7.886154193144552238e-01,4.903200359217351201e-01,1.573168724908802218e-02,2.747338497634347343e-01,7.204818976126070584e-01,3.604670695312999218e-01,8.451150580292139392e-01,5.926908165130971851e-01,1.996634961955738863e-01,1.424677169696572099e-01,8.560038635322482214e-01,6.111445699318504010e-01,8.194618416698447039e-01,5.075491798831710533e-01,7.428651470176251825e-01
3.100750000000000000e+05,5.885061769361961126e-01,4.957959817493301502e-01,1.068476254591204100e-01,2.536015902127922717e-01,3.435978637407416381e-01,5.370946623536878572e-01,5.440671117338954366e-01,8.036894075369430679e-01,7.768089357855360033e-01,5.725874047011120238e-01,7.542854592813025283e-01,7.022537394783223696e-02,5.277793782710563653e-01,9.026383041811707475e-01,7.406169211538498054e-01,4.758243218864436352e-01,8.297954662470949927e-01,9.720595748371982925e-01,6.813546502756119283e-01,3.784182081759085436e-01
3.100760000000000000e+05,9.371064931847280510e-01,5.708685620800518778e-01,8.864427081273340558e-01,9.032612175317731307e-01,8.670076159517777770e-01,7.884135818480660918e-01,4.434531086754160967e-01,3.734345141396594459e-01,4.629711277150247994e-01,6.941636762357421553e-01,6.143918402500421205e-01,2.882076061146348067e-01,4.671064185536075719e-01,6.310796433625798230e-02,3.384051887428300986e-01,7.079388154342136641e-02,5.185240250782792160e-01,3.713105332642666623e-01,7.306073593707942404e-01,3.773294052926895459e-01
3.100770000000000000e+05,6.557667513895707456e-01,9.832093582099947771e-01,9.772187434242328719e-01,3.482158985035612719e-01,2.934943888777765686e-01,9.533735284656384978e-01,1.594934472283533466e-01,7.148473178162416675e-01,6.804012960151196721e-01,5.319696999176930508e-01,2.809462430796798582e-01,3.562033320832607153e-01,9.921859604016463052e-01,8.278314923360169386e-01,2.920342343098751847e-01,7.930319803826345604e-01,7.824135204188266135e-01,6.341387107116378541e-01,1.838410719099748958e-01,9.012740079818285510e-01
3.100780000000000000e+05,9.972676552919456094e-01,2.780809159351218529e-01,8.810378912499723381e-01,6.131399487448985219e-01,2.749898828945162021e-01,9.514027309759034434e-01,6.913658809341841627e-01,6.572748761296081099e-01,7.276376111688312998e-01,2.164620029157885428e-01,4.008688742097488156e-02,7.388284290647780805e-01,6.985724258902624717e-01,3.516625646065659749e-01,4.487732642253861037e-01,2.616125467573391372e-01,5.300165588839694797e-01,8.769679290996561516e-01,8.218601132683704957e-01,9.957685411754673144e-01
3.100790000000000000e+05,5.014007568728584552e-01,9.348986997193847737e-01,1.453608328509836678e-01,5.917012469076393666e-01,7.847573883798653060e-01,7.307248432082597001e-01,7.249460307460776631e-01,7.312019644678858787e-01,2.215283284571673006e-01,4.776179175905523877e-01,3.390431893883993908e-01,7.794764837270470315e-01,3.591067704606437649e-01,5.363670945681294766e-01,8.194018427399524240e-01,8.463227202690629669e-01,4.728412625621084553e-01,5.182190466129412698e-01,3.535629726976684539e-01,4.828285483804573008e-01
3.100800000000000000e+05,6.836291439448993756e-02,9.456548891703114856e-01,6.186033356929083737e-01,5.615198415243157770e-01,8.059938883091571915e-01,3.189307349083260190e-01,8.646058369880799122e-01,1.014848175890986637e-01,7.537394639411515440e-01,4.789382600824512171e-01,7.906699599491684438e-01,8.064118185553801332e-01,2.327827759728273715e-02,2.987505937237353582e-01,7.909685086153801503e-01,2.746750714039254415e-01,5.246832542522319454e-01,7.492206996921131346e-01,1.544262335134187758e-01,6.639378324273407239e-01
3.100810000000000000e+05,9.174737722930111916e-01,4.784557137367071444e-01,1.666102435839185159e-01,2.918069375141190136e-01,4.207293352498111538e-01,4.189110992366577024e-01,6.002660259098705486e-01,6.922875106517967225e-01,1.644185035273241224e-01,6.721661444975179922e-01,8.582000919984031917e-01,1.396334122737571404e-01,6.063998983833429612e-02,1.379159835241374754e-01,9.479236009727110002e-03,9.542393729614288000e-01,4.314456904095538281e-01,3.237620405680541325e-01,9.846407558775561730e-01,5.016168976110296773e-01
3.100820000000000000e+05,6.255930832899183613e-01,3.002443136809030966e-01,3.899992189407248677e-01,6.614543055396554516e-01,8.488687390582488890e-01,3.642782653631596590e-01,5.326083004426311884e-01,8.588432365707665550e-02,7.573011406206451301e-01,5.814804928696123421e-01,7.688666310433595052e-01,8.359139074312038620e-01,3.173181173410352107e-01,9.812176235807175129e-01,3.269065856358630562e-01,5.650057777982380181e-01,3.772335537397879524e-01,2.448191319125649912e-01,1.090217926407670568e-01,2.505540967805534036e-01
3.100830000000000000e+05,5.931995340477314027e-02,6.550713631614362153e-01,3.257011663953698344e-01,4.701042244520861058e-01,2.973619189324956391e-01,8.258157632779359325e-01,5.183457621716899277e-01,1.939177082454539569e-01,6.752389309628826775e-01,3.572518056999276492e-01,2.000582469754771386e-01,1.478284766672749440e-01,9.557875623288802913e-01,8.631760069792749901e-01,7.748777544213981683e-01,6.401500989548933873e-01,8.468286181760505960e-01,8.174139488168619128e-02,7.131281700148829339e-01,9.530369089246486514e-01
3.100840000000000000e+05,3.116945932122504592e-01,3.141061750769166272e-01,5.316284048985472355e-01,2.362714941559830306e-01,4.812595954862598502e-01,6.324974147482226305e-01,1.268363689106816183e-01,3.508150653852896150e-01,3.997096962524595565e-01,7.402844202955654040e-01,9.731400780256838079e-01,5.677491362610972425e-01,9.957451588557799660e-01,7.596440504147524697e-01,6.482522657248400710e-01,5.641765315955291626e-01,5.241773330743024761e-01,1.298858934753771566e-01,4.981304760665731246e-01,5.252873430492175366e-01
3.100850000000000000e+05,3.150691969514214374e-01,7.728963015537193559e-02,5.623908774259719356e-01,1.501683308264349925e-01,5.455640876140549489e-01,2.172995654201502758e-01,5.412470799840568558e-01,9.316278664698492973e-01,8.852074505138490812e-01,3.644080522553312385e-01,1.667637226814562279e-01,9.068021261584296999e-01,7.004173638699092708e-01,4.206319764225815439e-01,1.108907638684358821e-01,2.946109625379478292e-01,5.646443855400838929e-01,2.901721362352381872e-01,7.559510958239428202e-01,1.545907502641565845e-01
3.100860000000000000e+05,3.003261612911167777e-01,6.007820746315293281e-01,7.777572985164319386e-01,7.031411836613679078e-01,4.682001881929248599e-01,5.337623417874570730e-02,2.983554732386868302e-01,4.387531220121101416e-01,4.919858181126995911e-01,5.291796087747789867e-01,3.790374512872938251e-01,6.778846958040373183e-01,4.565000508755505670e-01,5.333284626343652857e-01,5.679968118920849518e-01,9.274968296457135608e-01,2.288326845707971957e-01,1.666525423343907519e-01,5.818167466995635140e-01,5.435821019424527112e-01
3.100870000000000000e+05,5.278649363592260446e-01,1.717401646261562664e-01,1.607018255551018182e-01,6.930072753820898379e-01,9.387272110838452699e-01,1.971657175784509164e-01,5.411220490884468548e-01,7.594804049977749161e-01,8.926784794341942053e-01,8.717392165355096756e-01,2.975970475961753348e-01,3.437266608568537718e-01,7.892207890556786065e-01,6.349428491883454262e-01,1.830042156661854102e-01,3.082047776551185558e-01,1.407689706576186195e-01,2.613537940770022105e-01,7.885303278245848757e-01,2.280424607951292426e-01
3.100880000000000000e+05,6.400188104750867968e-01,3.716813509291354567e-01,4.261654244194899022e-01,6.462691705051420987e-01,1.454068926075624546e-01,6.956020243465466102e-01,3.828032423452871758e-01,8.343890051142131004e-01,1.199618362776188052e-01,6.948111946173739506e-01,9.383769823882115446e-02,3.619248620038042485e-01,8.721967985258605172e-01,1.345434289890430346e-01,5.567780840839975376e-02,5.988845564263808319e-01,5.912205945227575477e-01,2.491561784748763664e-01,9.482871819913065714e-01,1.160263291688434784e-01
3.100890000000000000e+05,6.717086702675324483e-01,6.168694536772120207e-01,1.933582124240360578e-01,7.357671437564400341e-01,3.381253791913938489e-01,6.397845959671903948e-01,5.420194859756468642e-01,3.614586350749309229e-01,9.104152791587483140e-01,2.563036075707817441e-01,3.439158186871577039e-01,5.687562902742751003e-01,9.190833520903867182e-01,5.737301919813290185e-01,6.600999200283319546e-01,4.176433364353726585e-02,2.096150221944536041e-01,2.823798916931266056e-01,7.390483303182805441e-01,1.357033635535173088e-01
3.100900000000000000e+05,6.951794095879704205e-01,7.151514390581839020e-01,4.636910939031140266e-01,7.300194049721006051e-01,3.582523634135182933e-01,1.301441489980893484e-01,6.098296516785212118e-01,8.270018649986089487e-01,8.390266211607330105e-01,4.986964392994572837e-01,1.760589335282100043e-01,9.830920865595598190e-01,9.248263252843624826e-01,5.054042012321718902e-01,5.615207905218275730e-01,6.649163071627482990e-01,5.725290058421849126e-01,6.265711820282564570e-01,1.103156465958874399e-01,6.370376627097243949e-01
3.100910000000000000e+05,3.340071045771407787e-01,1.509056489322142536e-01,7.968143140880845632e-02,8.393666343772637761e-01,7.376056071841462503e-01,5.838398559118551656e-02,5.474490403305504183e-01,9.159489629286073908e-01,7.571422420437684542e-01,1.448814504410614878e-01,6.210350408230731478e-01,3.816406909343335041e-01,5.766221460457356951e-01,4.772788574905321157e-01,6.773672485825658063e-01,8.782050771284506396e-01,4.756858294606803872e-01,2.048481037181956177e-01,8.326884991706304806e-01,3.528037637457452913e-01
3.100920000000000000e+05,7.173317659656375245e-02,1.352122385334834087e-01,4.800299135316168364e-01,9.115355687890468461e-01,8.362150598486777220e-01,9.574305594900673899e-01,6.597782774754800128e-01,1.005494555081249963e-01,1.081651060522759167e-02,1.703111098972545090e-01,9.835273644454826103e-01,4.629044698620889964e-01,9.904395380114179304e-01,9.396693265886292279e-01,2.052666679620201995e-01,7.301172795647983271e-01,3.694482894744833823e-01,7.648355468512191280e-01,9.283596444770171319e-01,8.338529884177052764e-01
3.100930000000000000e+05,9.719158690438487458e-01,6.831917888500993463e-01,5.197605931231178422e-01,7.192736557811711950e-01,8.687035015462862830e-03,4.094325883836212876e-01,7.230978005889341365e-01,7.512800352457638109e-01,9.490243165706340189e-01,1.535911683740033284e-01,2.095538132650864860e-02,2.442499345060449301e-01,9.623478634250938191e-01,9.837046105144420238e-02,6.290039841481455118e-01,3.015495497778166722e-01,4.552599961998959888e-02,2.357846960661844626e-01,2.858441490124230544e-02,4.680354042514849322e-01
3.100940000000000000e+05,7.711175963494132368e-01,4.496949341975291503e-01,9.190577248749803863e-01,1.897612131627471888e-01,5.101354643592236338e-01,6.419407903862198728e-01,2.048501245000520221e-01,2.397065974341818784e-01,2.959092232095429376e-01,9.209193181914692161e-01,8.185576928439541877e-02,3.403498420897291821e-01,8.643697446787119709e-01,5.906007656604786993e-01,5.024535070964722960e-01,3.689833489030599489e-01,5.797655261536046600e-01,7.502675030888542596e-01,5.128374551227182776e-01,4.126461113643471457e-01
3.100950000000000000e+05,5.066524932709960405e-01,5.960701288175265233e-01,4.642849582471576531e-01,3.559700764392556005e-01,7.578908889420898909e-01,1.160600543679605190e-01,1.275872677543036238e-01,3.830088261927238058e-01,4.941827079611182949e-02,1.874313812758167108e-01,1.187986733883230617e-01,6.335030827278947951e-01,9.134876767347652748e-01,8.320412802224612658e-01,7.813958528985761598e-01,7.201109806809191660e-02,5.857596756697401874e-01,3.212769665415520226e-01,2.435331083551417475e-01,9.477617605226491548e-01
3.100960000000000000e+05,3.996984369292574391e-01,8.171624383627560384e-01,9.388895062791726698e-01,7.373197349380555821e-01,5.122180434421347295e-01,1.026318214956698505e-01,4.853488193538670892e-01,6.893221627076999702e-01,5.706421187810318818e-01,9.178076924711047191e-01,1.123403083566054672e-02,7.662916084995388122e-01,8.721395710060666495e-01,8.795397852697748320e-01,4.816266904648764946e-01,6.753667257734260465e-01,3.307767291802954368e-02,5.263395588136233760e-01,4.427218393349925396e-01,1.686984735994953022e-01
3.100970000000000000e+05,3.506920565815514479e-01,3.026981294897568286e-01,6.748987848268382939e-01,7.705416261318746018e-01,9.804277725729071413e-01,5.911609279536080841e-01,2.553358386796245050e-01,6.767307776352859960e-01,3.690347939943176003e-01,1.840353714635868387e-01,3.787847715665029202e-01,4.914925289074248971e-01,1.845984931243116467e-02,5.667431295517830758e-01,9.995545218843564506e-01,7.783198246665533615e-01,6.801155437669375026e-01,9.688518417646919678e-01,3.086928019810369905e-01,8.849550194518195356e-01
3.100980000000000000e+05,6.099696186482436167e-01,8.040292811949926177e-01,3.058244369379304883e-01,4.515584564510273236e-01,9.808492276091661521e-01,5.854201575853685835e-01,5.140754997246927971e-01,9.579246318198543220e-01,8.419285602353699938e-01,6.680840785558419537e-01,3.281282689195794688e-01,7.872482157014543125e-01,2.805264984219925095e-01,4.756650833629214592e-01,7.979517563252371826e-01,2.748639404709521949e-01,8.182871604294827961e-02,1.122719293678908770e-02,1.014473957344652622e-02,1.130549901957056402e-02
3.100990000000000000e+05,3.754849954019817693e-01,3.546506249426291113e-01,4.722115216135100990e-01,8.990583806276055689e-01,5.826735904841815472e-01,6.975681320448985367e-01,7.001691980729367604e-01,6.676853458398975816e-01,1.338397769605722543e-01,7.392015822640418676e-01,4.291445865394165615e-01,2.051151313300698664e-01,7.881611718646764908e-01,1.233154668270972643e-01,8.932742426203228447e-01,3.021554953859135750e-01,9.423758261261026004e-01,5.511434011017990464e-02,9.946647191084349027e-01,2.572106399705013091e-01
