7.000000000000000000e+04,3.494138487237455903e-01,4.017942085430394883e-01,1.125287451312093623e-01,3.696158464326944060e-01,6.767306448722310019e-01,9.027584753545725427e-01,1.899085227481146498e-01,1.190845765106599563e-01,7.510639029691512647e-02,6.400921288637869688e-01,4.663744252994411754e-01,2.442679396143456749e-01,2.072438428211212935e-01,6.481213412140818253e-02,1.668557280933271603e-01,5.499400322075981284e-01,8.612100211479237766e-01,3.248868593330650478e-01,2.180909797597828659e-01,2.290938738488911275e-01
7.000100000000000000e+04,6.509291712304534627e-01,5.004670743871497685e-02,4.944261844335335887e-01,8.237496808838805640e-01,9.504167769357334539e-01,2.104584306472511157e-01,6.854144896123305353e-01,2.757747305041067243e-01,9.787648265598953845e-01,8.632161790463748208e-01,6.817105590434232587e-01,2.785492096421942065e-01,1.597081957857088286e-01,7.367248260416112693e-01,3.453420533463241737e-01,7.537320521722788991e-01,1.094575616832045295e-01,6.622910140269360202e-01,5.876158856475055536e-02,4.955206401449219200e-01
7.000200000000000000e+04,7.252341856197446202e-01,1.277757114220704482e-01,3.165690211649652142e-02,4.798599931286485765e-01,1.636231845474047653e-01,9.573895284540401285e-02,9.322345753806320356e-01,7.274280883538675191e-01,1.862152472125719882e-01,5.005357109414981798e-01,5.232442743754179837e-01,6.881143671618361601e-01,8.075413100049285697e-01,1.895495412388992218e-02,2.475534599748789866e-01,8.870310984010525424e-01,8.196711672108427660e-01,5.593733096572338637e-01,1.605806561822038514e-01,6.660911410747980543e-01
7.000300000000000000e+04,4.739858094527696908e-01,7.305838259504160437e-01,9.673256527140892125e-01,4.462861291716870848e-01,8.865088027799038484e-01,8.539897148979679331e-01,5.954381012109765114e-01,9.395172835273508660e-01,2.655377372516035672e-01,3.858850538356358717e-01,3.226634835340127516e-01,8.136732557493459028e-01,2.036540438921055074e-01,8.359871907061620089e-01,2.914021021780555110e-02,9.008726477500867968e-01,1.695106825480415802e-01,7.387346671457202252e-01,3.204211061827747509e-01,2.357486581190676445e-01
7.000400000000000000e+04,8.917197043850092486e-01,8.468589883271541163e-01,6.637359217163122382e-01,5.935296336742715839e-01,3.151035063840327277e-01,9.016222069926734806e-01,2.697190076923445812e-01,4.585418950618155298e-01,4.870191543155766301e-01,7.017302214069099930e-01,4.785914731625635632e-01,8.005260241174247948e-01,5.558996732997926182e-01,2.271022760920450301e-01,2.990013611551194384e-01,9.290875423024608226e-01,6.763950660840059026e-01,3.936871109411810288e-02,4.768043501003059736e-01,5.372661398995386417e-01
7.000500000000000000e+04,8.713916651934245916e-01,2.184015088325430565e-02,4.520165617532402313e-01,7.675974420717279756e-01,8.113954333723524259e-01,3.617794501541802266e-01,5.700466214729820180e-01,4.515077309425445939e-01,1.697727745952434253e-01,3.279090506804641647e-01,5.194539445963900492e-01,5.392179811185661142e-01,3.037877078009771914e-01,5.121858670714485307e-02,8.643873238077941501e-01,9.842026867058527584e-01,2.292274011995060201e-01,2.942848083234295142e-01,8.059859914611258169e-01,9.974767361128857868e-01
7.000600000000000000e+04,3.240764065130701255e-01,4.792410050185358372e-02,6.328096613095598455e-01,8.605587569706365514e-01,2.640558461086622843e-01,5.868271406519233180e-01,5.459075989342644375e-01,1.902588932864797133e-01,2.703672689399208018e-01,3.174068361442577979e-01,7.309533502718543740e-01,5.251164594521282591e-01,6.265114726318297134e-01,4.054965582105438671e-01,4.242532588611191979e-01,1.137498950990653013e-01,7.551446777610818506e-01,3.598475757141320619e-01,5.194887042740435890e-01,5.885088185858688981e-01
7.000700000000000000e+04,8.543104158974101914e-02,1.407102208778866492e-01,1.813860006596561547e-01,6.822515739641740184e-01,2.389022623619141417e-01,6.648800498801389347e-01,7.183454213494000484e-02,9.192990203683953920e-01,8.350097960575767475e-01,9.914778014767448022e-01,3.466002455117225267e-01,1.247867292119976268e-01,6.610549023446201655e-01,9.579956079991968076e-01,7.517257061055629963e-01,1.981666868883911192e-01,1.652115241880180996e-02,6.559711869051005895e-01,7.593003360260598411e-01,5.701683192039563863e-03
7.000800000000000000e+04,4.943538522925405854e-01,6.492296987704163636e-01,2.695104846044521496e-01,6.177715638514543750e-01,7.524701292174565959e-01,8.363407376913845059e-02,3.876963907217400029e-01,6.408712785421144531e-02,6.587277313491379793e-01,6.621891152397236802e-01,8.176562531431130765e-02,7.992456869699355870e-01,4.590698119216570783e-01,6.264571804855134651e-01,4.786410553431179604e-01,8.987196614219130630e-01,6.962001849651777707e-01,1.150373756996818653e-01,8.040434325129119930e-02,3.078947474657276473e-01
7.000900000000000000e+04,6.481522926383921357e-01,6.646830289866402230e-01,8.952829962820137988e-01,6.937645959382516825e-01,3.423448556566111023e-02,9.268630783211655455e-01,9.171466525149991611e-01,6.346152354143796970e-02,9.141285290824977539e-01,8.613134555110119051e-01,7.223690672084679409e-01,7.832737436769576789e-01,7.751034519836264014e-01,5.836188254073471082e-01,3.281236182811450020e-01,2.985716799630152574e-01,8.913750698825204655e-01,3.394771150950934846e-01,9.580283642716694859e-01,8.388810746578743149e-01
7.001000000000000000e+04,4.242666128263674619e-01,9.658150390814366215e-01,1.808963356600062911e-01,7.508874062593582366e-01,1.218719924815936384e-02,5.531636246996651796e-01,9.270608296434657003e-01,2.228771962369233695e-01,4.401505281547211101e-01,6.306455077352168814e-02,2.833396239746102108e-01,9.895296354197079536e-01,6.708415170265223937e-01,5.498147994328008714e-01,8.069632091677628738e-01,7.992031375045771657e-02,5.020236465195490050e-01,1.381414413947803510e-01,8.711763539028303249e-01,3.227070728660419441e-01
7.001100000000000000e+04,4.988787113885950752e-03,4.665246757626126950e-01,6.880786494041263301e-01,1.819733169305827181e-01,4.623174125522326872e-01,3.228436308665316723e-01,2.486858147058240709e-01,5.412122815328034298e-01,7.686521715828564805e-02,9.002502954552592529e-01,5.262954443276867122e-01,2.029541508315413356e-02,5.834879647246646872e-01,5.315506682467403543e-01,4.155291474959746933e-01,3.135856350776236035e-01,3.736748083585720304e-01,6.366347327725047078e-01,4.466119962562087320e-02,3.100685100931955818e-01
7.001200000000000000e+04,8.027631774441476020e-01,7.003178790887343297e-02,9.619309392295565253e-01,3.160765046854719929e-01,7.494715960292126500e-01,7.332560540134990257e-01,6.385711330948096176e-02,5.171860058605504129e-02,1.551466402242633880e-01,2.426996349537829945e-01,8.391089068607879842e-01,9.929713991080449942e-01,7.902158426662612145e-01,9.607083216976766149e-01,7.771795034471882246e-01,9.786872654987966991e-01,5.297967258123925660e-01,5.908945653694176459e-01,4.758698656702867735e-01,8.044054390996191461e-01
7.001300000000000000e+04,5.241786943814160660e-01,6.355527531392303198e-01,7.047880782889504037e-01,6.055847772902842596e-01,8.375020470018228469e-01,4.290350672793256104e-01,4.313495559907190025e-01,1.411559376639548447e-01,5.093034471520770934e-01,3.288036597805494843e-01,6.455655778430775538e-01,1.326548526886631718e-01,9.587843646331158931e-01,8.991957962516091696e-01,6.015047263611283945e-02,4.764237660813216424e-01,4.015214235517369223e-01,7.177769940530734916e-01,2.221582417490992611e-01,9.323929024314058234e-01
7.001400000000000000e+04,2.492463095571358922e-01,2.917631068159671770e-01,7.824235464906261761e-01,6.621548311113418794e-01,9.389978437685004842e-01,9.316592404146447626e-01,8.667630028819114374e-01,5.899619349812719182e-01,9.044351682533486869e-01,4.834930697775513542e-01,3.770462413968749260e-01,1.832481292174210630e-01,7.864079455163051069e-01,4.524795426274194066e-01,1.837222248613489262e-01,5.967248384894098256e-01,7.279409340615885515e-01,6.040906104243073393e-01,1.693239235246638552e-01,3.069063688525714984e-01
7.001500000000000000e+04,1.968977508111310337e-01,1.481184995291938700e-01,6.783784489381009530e-01,3.570315314307667132e-01,1.685074162436388523e-01,7.498465992777074707e-01,5.935791724122997381e-01,4.014815672628535559e-01,8.020367551409496309e-01,7.804644753621026165e-02,6.459354333511819757e-01,2.650358447354949076e-01,4.791933610885303896e-01,3.290175292296594334e-01,5.788404576705182825e-01,2.359935030066934170e-01,5.280751755804697911e-01,2.643316740098153872e-01,1.211409215748304735e-01,2.176685332507941606e-01
7.001600000000000000e+04,8.524296226140248844e-02,6.458754281866094793e-01,9.905661698444657715e-01,4.125467343301131296e-01,1.058940038819082829e-01,6.116263969412595314e-01,6.082895345076230198e-01,2.176006219759696325e-02,9.324869414401515400e-01,9.780280766527038594e-04,7.438171352111279111e-01,8.881665368023090590e-01,9.049151376649940959e-01,5.055389398506726639e-02,7.380367448368547745e-01,8.607578652984796408e-01,4.218931851518991083e-01,7.479583495632055046e-01,3.213922977238317102e-01,7.142822713004526314e-02
7.001700000000000000e+04,7.873207294938749934e-01,1.108818030412572764e-01,3.954417537324429466e-01,6.441540560840997021e-02,6.703755515948497390e-01,9.791240958316036469e-01,5.609137780221359337e-01,5.212265828224904585e-02,5.502948561060515553e-01,9.138214589711829428e-01,8.021522881819481698e-01,8.653284809238341868e-01,1.333585735147809759e-01,8.329299255772518729e-01,1.335123249613661134e-01,6.805506562436518525e-01,1.745831501984442813e-01,7.212097768409188037e-01,1.568156654859453880e-01,5.606789201683004542e-02
7.001800000000000000e+04,4.997522605222808334e-01,2.515129984652751949e-01,1.673346161893952688e-01,5.063812968491699928e-01,7.112456581015906831e-01,3.767777602128644654e-01,9.479230777423075516e-02,8.041941914442490846e-01,1.129654592766969889e-01,3.655140547761559500e-01,1.001955189830506798e-01,6.974944972038402691e-01,5.129752832992718892e-01,7.815377901083390144e-01,7.562558202970625088e-01,9.542199031561947598e-01,9.125043571058769620e-01,6.754754551743868962e-01,9.603452810465590295e-01,7.592525215233038027e-01
7.001900000000000000e+04,7.441345453054837300e-01,6.985537256272555950e-01,4.460585304467021839e-01,8.021710212088084546e-01,2.415746847747092252e-01,3.053082330774714581e-01,1.252390464473949194e-01,9.823990409702126891e-01,4.834285633420910555e-01,4.182003425311839884e-01,4.987461656513874075e-01,6.296801791420085781e-01,3.778062675904650947e-01,5.437969383784710953e-01,2.082845425348304191e-01,9.570472177896849342e-02,6.517386280414557698e-01,7.194355801461082001e-01,8.107714799922138837e-01,6.322329138597204690e-04
7.002000000000000000e+04,8.331894396811423409e-02,6.902007910127216928e-02,8.359170925895679227e-01,8.644100382606064725e-01,9.010481046596354737e-01,5.134448992017537350e-01,6.931696686585925304e-01,7.429379524511398047e-01,7.860631780680491509e-01,5.275455936806273671e-01,5.555057400287064517e-01,3.561885360769043718e-01,1.539624305772503421e-01,5.543147031627944088e-01,2.450430089828337099e-01,5.230916572152067845e-01,8.803471863328137248e-01,5.609563895494465990e-01,9.205678082525545758e-01,2.866897252370302906e-01
7.002100000000000000e+04,9.780724085568137660e-02,3.907141030396693582e-01,8.010299204722530764e-01,8.362604714464674238e-01,6.745062063364054561e-01,8.066950164671560231e-02,6.709100695239548218e-01,1.219602104941984733e-01,7.481485347508471939e-01,5.721879253633981310e-01,6.827003969593298249e-01,2.485405452985829378e-01,2.808597751589148039e-03,2.835932168693134914e-01,2.839987809397028773e-01,4.973766567690717233e-01,9.274391960228614007e-01,2.945041774788890176e-01,9.956548102008830892e-01,6.810356190721108538e-01
7.002200000000000000e+04,8.114833381003757617e-01,4.656881226700095855e-01,4.015259751636633956e-01,3.875862449850373537e-01,4.085443876055049328e-01,5.535546334580332406e-02,9.577436841811399759e-01,1.035727859789343785e-01,8.771075648738656527e-01,2.981279703273871373e-01,7.014488747159848270e-01,2.442040461793503203e-01,6.248655376907088499e-01,3.158147015712625683e-01,5.626666311994784619e-01,9.938632502483928377e-01,8.894009506894003936e-01,7.892575054201012019e-01,9.936428876664651355e-01,9.228738182918501121e-01
7.002300000000000000e+04,7.001962349920292095e-01,7.323353394703049357e-01,4.184053408802294038e-01,4.349892573938284324e-01,2.191552125867408662e-01,4.480564709827724590e-01,1.435552806488556987e-01,7.259792966765605815e-01,7.772920672638794493e-02,1.388272233508596187e-01,5.192172952358353744e-02,8.833496013576900285e-01,9.919801501790467269e-01,1.975679477208360790e-01,5.841275746677498937e-01,3.785974793560733520e-01,9.014620928039430714e-01,9.619793559820836171e-01,7.514488953990569042e-01,5.576504428302625493e-01
7.002400000000000000e+04,7.412012527634312953e-01,5.295225936712599779e-02,3.380121847999432161e-01,6.350993608335304685e-01,2.001406065391841960e-02,9.408146256554255071e-01,6.768535525225897187e-01,5.912649664281397488e-01,6.068763646225593389e-01,8.068154852127725762e-01,7.255477279329685114e-01,9.179031711988936415e-01,2.264750102235015827e-01,8.633209661708662885e-02,4.266940760360311558e-01,5.802152768728064958e-01,3.160577644701511035e-01,6.929202158361550401e-01,9.344348804852953272e-01,5.480224034887719586e-01
7.002500000000000000e+04,6.552842132430506394e-01,7.351989885094422084e-01,6.822899945733131855e-01,1.199728469347719484e-01,2.523536027996087228e-01,1.714591005285831526e-01,3.904087326039027417e-01,1.424419723190047948e-01,6.117207194668369263e-01,4.596347158986480164e-01,9.360592825195336308e-01,6.370855292741480769e-01,7.757411368456381684e-01,9.128207361841845779e-01,5.303377296441441624e-01,7.530052281811578929e-01,4.613046843964376809e-01,9.790265880069508597e-01,8.484712007590449190e-01,5.168877633472471755e-01
7.002600000000000000e+04,1.688030281163325208e-01,4.289570509013846955e-01,7.550953889213132264e-01,6.336586269701272034e-01,7.366908236800113752e-01,4.928525936446864764e-01,1.164761572887025309e-01,1.613644163517713448e-01,4.322837953907365804e-02,2.048865603581861983e-02,5.543313342774384145e-01,6.261607988683248749e-02,2.745253907535532001e-01,9.824941260546484756e-01,9.202761705284929761e-01,6.433456235778306498e-01,8.844251154367377410e-02,2.209303226061204439e-01,3.841044590094387923e-01,2.137415628699538273e-01
7.002700000000000000e+04,5.344081830694660251e-01,4.621281962247038022e-01,5.331384084772469167e-01,2.146830784276996251e-01,2.964789570681115594e-01,5.305966458396420560e-01,9.298497047898165446e-01,6.926971714654137635e-01,2.534533784458484762e-01,7.484433386265296750e-01,6.075618624510021881e-01,3.995723675067883729e-01,2.428684889238819089e-01,3.542040022741049787e-01,8.027271800470537899e-01,2.252728754036805725e-01,9.346381905824427960e-01,5.668850626784690538e-01,8.251825650107363908e-01,8.135722646692007398e-01
7.002800000000000000e+04,3.043000088514185020e-01,4.031520269555194380e-01,5.780287045069781859e-01,1.749058548975882532e-01,4.774520333003010597e-01,4.346126646118253500e-02,9.356866348382629761e-01,2.421426131275026261e-01,9.978795558329396354e-01,8.242776216156063596e-01,7.872435167388635024e-01,3.918144030277921352e-01,9.762155167624635421e-01,8.376278929472585899e-01,9.230342338061179319e-01,3.107812837920672644e-01,1.624888992463517923e-01,9.079004138584371164e-01,4.783005445837058556e-01,3.887022881458944701e-01
7.002900000000000000e+04,3.839699290003042442e-01,4.078609638382730829e-01,6.213023829212550586e-01,2.816725018564543159e-01,9.825561801270989992e-01,7.350176347079850903e-02,8.065814681001001185e-01,1.430414742681653806e-01,7.412665637125435136e-01,1.958729833290050459e-01,5.280641623363704351e-01,9.065942960561579334e-01,8.261415075390921015e-02,5.760783711564460008e-01,3.143108649874026828e-02,6.648812553838235884e-01,5.629210629454138859e-01,3.224780997663908577e-01,1.828829086380086011e-01,7.282786378609904521e-01
7.003000000000000000e+04,5.647830781162507252e-01,4.161821776683375385e-01,9.261458432435193400e-01,1.051335052034507722e-02,8.844116274466816696e-01,9.899244352616889397e-01,3.594354192770998768e-01,5.644302425588523242e-01,4.364410294385102640e-01,1.106223496921193705e-01,8.499256458942383574e-01,7.317276954441551684e-01,5.657635746577469593e-01,8.813880403474755321e-01,6.308030527119701247e-01,7.725019805970840814e-01,8.697163222350656753e-01,4.765249080844211615e-01,8.162885663974894790e-01,1.365961792944494491e-01
7.003100000000000000e+04,8.998909259711107556e-01,6.791936703802076147e-01,8.783250203744974449e-01,5.444080773295500997e-02,7.916162147172434160e-02,9.968937280572590653e-01,2.767989797943832819e-01,8.658249490308700391e-02,8.759488045650921650e-01,5.592365247456140276e-01,9.807460787282740178e-02,9.566488271158157808e-01,3.340878469296358899e-01,1.532761828624172873e-01,9.387834713247958929e-01,7.790858774512190443e-01,3.961895480800254887e-01,5.997117852787456904e-01,8.764905252853865125e-01,3.830739031089269719e-01
7.003200000000000000e+04,8.254758134896511557e-02,4.075681280555935038e-01,3.421421906959026815e-01,5.226818663946928289e-01,7.157140856319019750e-01,2.412454974320935586e-01,2.516401182394323310e-01,2.994815328201917426e-01,4.256788969898007702e-01,6.088706993615556895e-01,2.895847717295432222e-01,8.592621619796255716e-01,3.428825379678822616e-01,4.919474251952657973e-01,2.312732524813529977e-01,7.629787368361410360e-01,5.854036156874761199e-01,6.773135828404469594e-01,6.506942719874585501e-01,2.013012616919072073e-01
7.003300000000000000e+04,6.480239919515505820e-01,1.511593681376577347e-01,3.644964930600697040e-01,2.044888422380739534e-01,7.320642956656098210e-02,2.183710405119543285e-01,8.115765346790720924e-01,2.860237945220460709e-01,2.412514096950945097e-01,5.380236820889322535e-01,9.842115723180580034e-01,5.667795369752076651e-01,6.460846471600758534e-01,4.806468159288203035e-01,1.565073125247883334e-01,2.697256978526085813e-02,6.386853666285858822e-01,5.270576684375959386e-01,9.418758724734778154e-01,1.444329740623321312e-01
7.003400000000000000e+04,4.022868227018009391e-01,8.684413858371524686e-01,4.937952370698093230e-01,1.066590468667438785e-01,8.196627428229245060e-01,1.219982488008264365e-01,1.025427765333257746e-01,1.292615821206329896e-01,3.312324735221602312e-01,4.927365316712373211e-01,4.389578134385023755e-01,5.641045944658672484e-01,4.561211288162997368e-01,5.988641974475015228e-01,5.486319245486106499e-01,1.068898027440235987e-01,7.934327501699950380e-01,6.719222823558798074e-01,3.995109127382772130e-01,8.549322256482935201e-01
7.003500000000000000e+04,4.862657222408972579e-02,8.856714783443336847e-01,1.072443602738346602e-01,4.868932927824370926e-01,2.868721931990376728e-01,9.166213167571976017e-01,3.034007736596979754e-01,2.819465236987168666e-01,1.341693014700924280e-01,4.743051871263631591e-01,8.924788105627021739e-01,4.873381561424914299e-01,6.689475174502084176e-01,7.112174730711970927e-01,2.229812078412907184e-01,5.977551034858893386e-01,2.896905222711224637e-01,4.856735172529003108e-01,3.033951993881857101e-01,9.782747055793004076e-01
7.003600000000000000e+04,6.653179930541072151e-01,3.351057629277055527e-01,4.149705865286794637e-01,8.163910308867068366e-01,2.855715563782165178e-01,3.296012050351839751e-01,3.840453913295100996e-01,2.004768553867923853e-01,4.959508977492576021e-01,7.330234202677845534e-01,2.371004183133441634e-01,9.043754637230991822e-01,7.459184918135064457e-02,4.709390705622303885e-01,7.186706609403102908e-01,9.778894474943622406e-03,3.707483943060588816e-01,1.500056812578679510e-01,2.822407696824424939e-02,4.787524233087327996e-01
7.003700000000000000e+04,5.037592000532351566e-01,5.885714477505490372e-01,1.177760737713773320e-02,2.588700088973173719e-01,3.420104842161570957e-01,9.967250422610421934e-01,8.613470696923875014e-02,4.704977160803321956e-01,1.168496043015799790e-01,9.030871289173415528e-01,6.501309562756885096e-01,1.455572561135936027e-01,5.914962598636639424e-01,6.138021922214540460e-01,9.428446806553978377e-01,8.765490195520940775e-01,2.131830677101032023e-01,2.081593882963257425e-01,6.586856530731560744e-01,3.684496153037689625e-01
7.003800000000000000e+04,2.042196587551985409e-01,7.202684020275560428e-01,5.564465267060740850e-01,9.526445725450423119e-01,2.259829561735553494e-01,9.770527715509950140e-01,3.905205074528639297e-01,7.877374910370972261e-01,7.752861281118318404e-01,8.635056831300862434e-01,2.952041402261872394e-01,4.177699159594407963e-01,5.262972368680562951e-01,2.619382144988879890e-01,8.088384340392742455e-01,5.428537429828563798e-01,8.582092765190242334e-01,3.839497479949818270e-01,5.087114159201163721e-01,1.899693033887241977e-01
7.003900000000000000e+04,4.014770126978336462e-01,3.616698775467481752e-01,5.986033147540087418e-01,8.516734740532165837e-01,7.428186627830111188e-01,6.740218201137043730e-01,5.389709728939542366e-01,3.283305482721600166e-01,6.676692534504797827e-01,2.106967412270873696e-01,7.406850216501589257e-01,1.768421929962791239e-01,3.616004572267284001e-01,3.145947820897083691e-01,3.858201208401873528e-01,7.477058841351575946e-01,9.937154837465602686e-01,3.452566492470494630e-01,9.791975170678159923e-01,3.737536468411128965e-01
7.004000000000000000e+04,6.491082462981171419e-01,8.343235930237860032e-01,9.960413457348767929e-01,7.177209751316679931e-01,6.337229513633680922e-01,6.949650314191609946e-01,7.489349796256629110e-01,5.843556194965535688e-01,8.796883797654285742e-01,4.694780432057159558e-01,7.777449747838803829e-01,5.122395228317837557e-01,2.298118499312026275e-01,5.033008212440125417e-01,5.843003890577159742e-01,9.318656593913775543e-01,7.606274683157503436e-01,9.069311885940738449e-01,1.275476123259874361e-01,5.581427717074843864e-01
7.004100000000000000e+04,2.761073138745360200e-01,1.461693861542304740e-01,7.079548100370295360e-01,3.349166925582404142e-01,1.184898776330665093e-01,4.257660181867913840e-01,3.879598712327357868e-01,4.875187231255746489e-01,8.550674728724664275e-01,6.882148334248214816e-01,2.369158555171368974e-01,7.647789319386778528e-01,7.026290904834462392e-01,8.141811759700249285e-01,8.349448927321478919e-02,2.023941285700359138e-02,3.581369560371228111e-02,4.787826923244593580e-01,3.813609673030541325e-01,7.053994215046508476e-01
7.004200000000000000e+04,8.074351846224259166e-02,9.684484341182434397e-01,4.205496274349138641e-01,4.219871763876986703e-01,7.365461253518104101e-01,4.394322344663572633e-01,2.470755274428696469e-01,2.490812697433361089e-01,6.154873589017878510e-01,6.548967706775581377e-01,1.949737426741893209e-01,1.283980700625007021e-01,3.278434032318845448e-01,7.023648467734171508e-01,3.079803512008443267e-01,5.241189494738950350e-01,3.881184283337231200e-01,1.774738178407124778e-01,1.405252970553894087e-02,2.899411967321146033e-01
7.004300000000000000e+04,5.883121045241057612e-02,4.297408129831169488e-01,3.966251726853403659e-01,8.494636658423998510e-01,3.512481737295742867e-01,2.960534507694999595e-01,7.766047147911649962e-01,5.682535812227227368e-01,9.059919869705658213e-01,6.995330545556102120e-01,2.536551722716163804e-01,9.783220304214592655e-01,5.712833993800343624e-01,7.243276894388228637e-01,5.220406150436341930e-01,6.315743514655145496e-01,5.895496205029879810e-01,8.822576516527621537e-01,8.693276653034440749e-01,3.201368092004633903e-01
7.004400000000000000e+04,7.709292593909379265e-01,8.914634642700711709e-01,5.057427699526656495e-01,4.920477904302109629e-01,7.911292739563619003e-01,3.659282365918685720e-01,7.554715594170933191e-01,9.531680107388167400e-01,2.016193425490686586e-01,1.428872768791256131e-02,2.862470742451970196e-01,2.728163659569116106e-01,6.260406303265104722e-01,5.807716266951702400e-01,9.758009538312778508e-01,1.157045494710712275e-01,8.358864158978311920e-01,1.329255773290045628e-01,2.997437293626677990e-01,6.015713450193364009e-01
7.004500000000000000e+04,5.051231833969751506e-01,6.821396319846575462e-01,4.679504226437537495e-01,9.046083792172199267e-02,3.422607388966363295e-01,8.564722969443189227e-01,3.231965275144771388e-01,7.145181829827284004e-01,7.263897426431076276e-01,8.715497912472867093e-01,2.027724706055256121e-01,2.252098380208893413e-01,7.737817119032733837e-01,7.607205772950748068e-01,2.682336895850212510e-02,3.522606036194320112e-02,6.778940930599643977e-01,1.500812983324449901e-01,6.464367594618953827e-01,3.180251175755496318e-01
7.004600000000000000e+04,7.297547126601815481e-01,5.243676141366960808e-01,6.008496125484562578e-01,6.969771229579986294e-01,4.280791177889562427e-01,5.598191890322277153e-01,8.705230040313142181e-01,8.289129134989962067e-01,5.874555973175845658e-01,8.192245177695635094e-01,4.366696433171758374e-01,2.481597747581180124e-01,8.098703210939350861e-02,9.506113869335133248e-01,4.868805538133087474e-01,8.353607319149903843e-01,6.454349959419464211e-01,5.779245973950342119e-02,6.486748709440270932e-02,3.889915168641814303e-01
7.004700000000000000e+04,7.227282365789500229e-02,4.726386524374475151e-01,5.687189020043765808e-01,4.671405575946817601e-01,4.299681610420936773e-01,4.294006273472794621e-01,4.191133195220840824e-01,6.154150723762090713e-01,4.507335742529001710e-01,1.514264851137075985e-01,6.506178178912322974e-01,2.283034730887441022e-01,2.698175512017031430e-02,1.683592183568940470e-01,2.676429745357408185e-01,1.172423972120056890e-01,6.265655079741982991e-01,8.557852399592497106e-01,4.607118725295565875e-01,6.250367858526151288e-01
7.004800000000000000e+04,2.432260936730792356e-01,4.897568156478172563e-01,6.242514356610620041e-01,5.163989817261691595e-01,2.610500820122172438e-01,3.503068042945288729e-01,7.455866661510035520e-02,1.953452438373864952e-01,3.281448722748241398e-01,9.912015136161055340e-01,1.365749486749650021e-01,3.393710532279681225e-02,2.416753891173537561e-01,6.264219768367861318e-01,2.189195766329032899e-02,1.788768316009453629e-01,9.367274728162031661e-01,3.740666223453237293e-02,7.287953529848667511e-01,3.536954762046544687e-01
7.004900000000000000e+04,6.163154416119467349e-01,1.371457511780131977e-01,7.208624586230014675e-01,4.719650952650371600e-01,5.083963467533187952e-01,4.549360825689882093e-01,5.204614109980589820e-01,1.310969046881623745e-01,4.828455527730393104e-01,4.594603171309467049e-01,2.805994398735678352e-01,2.865436895388084881e-02,9.060104074562778109e-01,1.829118213544366212e-01,4.856379995951832784e-01,7.384863610483154428e-01,5.169350651416827480e-01,9.150495938643838922e-01,4.186566942735473473e-01,1.377849368515140505e-01
7.005000000000000000e+04,4.922489075563635241e-01,9.010976257947547197e-01,1.777199417195063358e-02,8.355623337140150042e-01,2.156266308822109012e-01,7.887364119517340511e-01,8.835722971046291452e-01,9.892385891822618182e-01,7.852517069175551923e-01,8.545316712041850504e-01,2.742373689478193599e-01,3.549007247328326287e-01,8.093901392285274277e-03,5.949130028774666235e-01,9.335620334466410153e-02,3.037506740077166034e-01,4.438084589277582204e-01,2.852418145473318845e-01,1.879978343475725566e-01,4.020980091744299489e-01
7.005100000000000000e+04,3.907228848843129487e-01,6.527914343590894841e-01,6.889976067675440685e-01,4.548926848598766615e-01,6.037661785590152652e-01,8.853058164851367318e-01,7.645220715999984096e-01,4.508470685800741728e-01,7.853053501400428793e-01,7.564708790077045997e-01,2.878443760922975159e-01,4.565803425867005494e-01,1.205108138756734171e-01,6.879342290052105069e-01,6.796941619350110875e-01,1.297115484787376705e-01,9.110430292582147871e-01,2.048162919598895959e-01,4.345597573359099020e-01,4.900865093148756291e-01
7.005200000000000000e+04,5.285364111243522345e-01,8.506109824311969270e-01,7.047845225865269070e-01,2.180289875488250484e-01,8.377255192783147342e-01,9.448270525635710237e-01,3.307900288965001101e-01,6.250578132011389565e-01,8.751788379219441749e-01,3.384593085873978113e-01,6.282314865901580392e-01,7.606027764970864080e-01,7.145114962997878294e-02,7.122995156342256662e-01,5.262191564194622639e-01,6.939389370230891751e-01,3.870575360364738593e-01,6.670719274099048413e-01,6.294127471000676710e-01,5.943364707000051705e-01
7.005300000000000000e+04,9.951593868721252401e-01,2.389230601846429325e-01,8.664176527673977946e-01,3.169902171725340612e-01,7.136346739428017782e-01,7.049824768974569666e-01,6.759121470575081281e-01,4.444299307288022138e-01,5.108776782487609580e-01,8.848961925522313976e-03,6.747803613029225156e-01,3.867387412226127585e-01,6.035701915921544147e-01,1.790017569653624685e-01,6.333075362215742077e-01,2.216419246315446401e-01,3.942532306541075560e-01,8.737054848969029175e-01,3.377836017492089615e-01,1.229437547106490003e-01
7.005400000000000000e+04,4.427643695803240576e-02,5.723223872501503884e-02,2.483783846706710818e-01,8.552502448838524840e-01,4.558790272819592815e-01,1.457753370270098436e-02,1.727339918920408612e-01,2.230541531046489334e-01,5.593044494540684308e-01,3.715401081232224678e-01,9.798043904890385569e-01,1.779485080018766707e-01,8.161357550319392473e-02,3.238453350859215041e-01,6.536581041554820892e-01,5.917055868291652976e-01,5.401930376569102910e-01,5.729797830552002535e-01,9.322344104225195327e-01,8.057401005441954256e-01
7.005500000000000000e+04,3.179240853678081402e-01,5.965996988153077218e-02,8.963566992759605112e-01,4.333848430584781308e-01,8.709475522572984740e-02,6.592594634850407198e-01,6.559136962765073076e-01,8.745992915969729165e-01,7.197710870333124955e-01,2.159658597754616771e-01,2.933933731278213219e-01,8.570348327759826912e-01,8.659947326305462711e-01,5.466324052323805471e-01,6.552528706262819025e-01,3.197972096792467411e-01,6.756722348815891177e-02,8.213842256313467205e-01,7.772059632005486884e-01,1.420015716626850111e-01
7.005600000000000000e+04,3.223822101411467633e-01,8.663473909383314631e-01,8.206510675969360680e-01,5.414889703900163109e-01,6.097118203037082962e-01,5.532547925878729123e-01,6.916665860293805812e-01,2.781926692082231645e-01,2.107153339927296809e-01,6.146065847938618765e-01,9.498862728335580874e-01,4.836791006242575630e-01,3.575151430535015162e-01,9.708313950234233047e-01,2.408143650860239404e-02,8.115624569837801561e-01,7.396322665324762680e-01,7.151678166259139990e-01,9.005329247755528010e-01,8.911054438585053195e-02
7.005700000000000000e+04,8.026861585863376281e-01,4.851135611668159209e-01,4.305651431519897931e-01,8.065268726352525785e-02,3.592392461444685603e-01,5.503826013182532284e-01,6.714375657146710585e-01,3.244649381900026608e-01,7.873057728925003662e-02,7.434829053399616416e-01,7.179276893129580284e-01,5.308022330986646997e-01,6.747398591874230744e-01,6.093742837235128773e-01,6.681477376509649124e-01,7.409149429194240577e-01,9.163261604576582453e-01,8.316877957928028309e-01,6.627875164402274866e-01,5.066621030490514599e-02
7.005800000000000000e+04,1.146664708828556423e-01,9.680478555487652681e-01,3.601986639156212755e-01,3.640031246730672798e-01,8.724865185933954326e-01,2.888582186410516561e-01,4.002944978300507772e-01,8.514596894498480673e-01,1.429863046447894526e-01,8.676039182069718025e-01,1.035876942890795460e-01,2.142048121527097004e-01,6.279473095185095222e-02,7.717155136085602773e-01,2.119306534153708732e-01,2.589529044327479879e-01,9.259814917992291727e-01,4.875620147172420316e-01,9.189831604920767338e-01,7.386689408049418315e-02
7.005900000000000000e+04,6.696096252897856260e-01,3.622027467706788739e-01,9.640150039771323565e-01,8.208033958287197507e-02,9.683366841438642014e-01,8.952202150137705816e-01,1.798590057841213952e-01,4.552118283943829002e-02,9.862947178422855066e-01,6.396618354578205157e-01,4.152067245937582918e-01,2.202600552420576063e-01,2.476234773140619794e-01,2.872069097976632790e-01,5.594625729439285378e-01,3.949530173570574565e-01,1.143984740674386380e-02,5.523679735258419932e-01,9.802615848343364524e-01,4.571245312369852654e-01
7.006000000000000000e+04,8.997027596665098104e-01,1.250533475738702105e-02,6.976650987578282281e-01,9.198262865002369004e-01,1.966380887118599485e-01,7.271058276392431408e-01,2.895179059954282597e-01,6.627472289202454014e-01,3.659527146475674009e-01,4.130397140020607427e-01,7.042773710199758952e-01,3.004745103505743753e-01,8.464333218842423623e-02,9.838289706445902949e-01,1.645568016448938353e-01,5.987274883129578562e-02,8.815841740363524748e-01,6.469129900417142087e-01,2.096199721129322624e-01,5.099609675559293454e-01
7.006100000000000000e+04,9.008478234068666435e-01,9.590470641677384389e-01,6.622509848648092667e-01,1.141825642206208968e-01,3.269113282920778074e-01,1.605612349344516243e-01,1.680163597257655628e-02,9.179895843677636780e-01,4.024975420474847798e-01,8.980411537825055968e-01,4.139483107148456131e-02,2.535455255335975489e-01,8.246405726127836733e-02,4.204524989427419479e-01,2.635404356661852354e-02,2.279369668253241610e-01,8.924530900624351171e-01,6.965965214875046163e-01,5.755780643559230692e-01,2.146898869979201319e-01
7.006200000000000000e+04,6.564891573502003030e-01,3.300296761965193504e-02,8.351961527350307835e-01,3.384738355711225388e-01,7.406059441660661768e-02,5.889574429357293806e-01,8.605401502287362003e-01,4.975950091849401513e-02,7.971491577608940116e-01,2.223324929417017648e-01,6.787122158548736239e-01,3.110099013923937061e-01,4.995635422515500856e-01,1.452768687499566003e-01,7.915107397030169967e-01,7.043633893212886132e-02,7.543252964401214733e-01,5.444933774350313449e-02,7.692325404345203843e-01,2.686432367894769913e-01
7.006300000000000000e+04,6.673029838843921313e-01,4.562053155415669581e-01,1.431994316806771694e-01,2.631238810797487115e-01,4.340047312163719528e-01,5.472690415046976842e-01,4.966712880656293239e-01,7.858261281711714785e-01,2.526257806012167650e-01,9.295800050255585978e-01,8.403816062402592602e-01,6.251221871750077819e-01,8.280778578017589098e-02,7.751699633308440918e-01,4.228961340022709958e-01,7.930971658447759642e-01,2.514850853814444287e-01,1.293101044256548260e-01,8.791176505677134045e-01,4.277355886582938638e-01
7.006400000000000000e+04,9.502522082572175677e-01,8.366952193788905756e-01,9.104077360352507142e-01,3.802269090090492076e-01,3.476941373948394531e-01,7.763328030458270801e-01,6.121853832571805265e-01,3.351199991419864244e-01,4.251926183701626449e-02,3.680779202504198544e-01,4.524940614608945477e-01,9.141987660692940665e-02,4.318659655957015620e-01,7.111589225972579920e-01,3.851137379448721365e-01,7.583384606823574403e-01,6.133096515376863511e-01,6.260908771831238395e-01,5.000812815602578842e-01,9.830165470013532136e-01
7.006500000000000000e+04,6.839790031896541000e-01,3.953099302501810186e-01,4.813515480171559613e-01,7.664010706632048420e-01,9.669563628283638357e-01,1.676747842372415809e-01,2.862785337069644331e-01,5.224727946684636359e-01,2.825210641836135572e-01,5.534910660945661087e-01,7.634765292791102498e-01,4.791058317302661074e-01,9.852144090003245314e-01,6.755913252112180079e-01,6.768218840140027837e-02,4.989386034073928222e-02,6.254725054403933449e-01,9.891347808894098703e-01,3.998005975163499981e-01,5.741858558664847401e-02
7.006600000000000000e+04,7.710839585274813501e-01,9.629536732377623753e-01,5.322280855825055612e-01,6.279990879826202743e-02,1.844568974303744113e-01,9.566116120096471720e-01,4.208418264235233019e-01,9.142645293121206551e-01,2.319313078488765001e-01,1.187011082514255467e-01,4.634722589923866432e-01,7.114185761701855570e-01,9.867218702911836337e-01,1.524924476002798013e-02,4.415575839720222717e-01,4.462581129389628920e-01,4.957180747847719227e-01,6.436468778223142229e-01,9.319190878639466158e-01,4.251505465890281776e-02
7.006700000000000000e+04,2.512163278111221310e-01,9.537370670339898604e-01,8.358793824683167228e-01,1.774814072987522806e-01,5.520560436763457535e-01,9.061662726457964112e-01,2.339527133509772261e-01,4.950752534139315486e-01,4.976776183833543366e-01,8.184343614941816947e-01,9.756978128986260046e-01,8.256025811795989489e-01,4.910039192157598098e-01,7.430546362946829353e-01,6.592174475193384175e-01,6.922778395532707130e-01,5.768564340479490626e-01,1.286514081435506940e-01,2.682187518520140479e-02,6.010381299473062100e-01
7.006800000000000000e+04,2.204675885127839186e-01,6.417944402406506876e-01,9.807888270815428022e-01,2.473855614799391756e-01,6.451343441197960882e-01,7.906840442014557713e-01,2.636026540893889880e-01,9.991211789736483828e-01,6.042663466197012445e-01,5.613323666798406553e-01,7.206394922176061479e-01,1.673171861500671875e-01,4.102917895574624829e-01,3.772296087894211336e-02,4.141357553797592184e-01,1.280338177310853531e-01,4.049494235206750892e-01,4.944206641569653948e-01,7.179751050378785360e-01,6.286606411680542017e-01
7.006900000000000000e+04,4.952497473991999133e-01,5.072235727811031936e-01,1.336459944147017076e-01,7.230828396562560823e-02,1.234949791762290916e-01,9.581941192484879632e-01,3.737966394183102059e-01,9.674273009969293069e-01,2.825624188107226376e-01,1.034940556954292434e-01,5.542740573321681685e-01,8.948666314768519703e-01,8.894768958056255004e-01,6.018240517991874095e-01,8.392328229209173873e-01,4.106403175476742717e-01,5.298607854874901602e-01,3.480920988443290121e-01,4.977697454059852866e-01,8.931390221582505839e-01
7.007000000000000000e+04,7.348203337579867211e-01,3.955596626475160749e-01,1.595294060369373268e-01,8.857297964571105853e-01,3.627820121028038081e-01,6.514110233100001146e-01,7.527367820622716810e-01,8.067678986726700696e-01,3.728262103771418090e-01,1.319783115691871567e-01,5.633357396535134676e-01,8.394344790710545068e-01,1.227822261530150394e-01,3.743609145504371849e-01,8.241673029260709882e-01,2.536106599946071904e-01,5.682103136837071133e-01,9.745823150621796271e-01,3.984437850007397364e-01,9.716942978383683593e-01
7.007100000000000000e+04,4.144546777288742323e-01,1.972158533822526705e-01,7.956619032348776210e-01,4.261419606441356756e-01,1.949262943465519538e-01,9.171606575358492996e-02,1.790019800393740645e-01,7.127547598602237411e-01,6.129697474508051247e-01,4.479454507745582736e-01,6.397293651612111498e-01,8.819163857268306206e-01,4.584741098508141599e-01,7.327392948800408590e-01,6.850187036228273518e-01,1.631611741583469666e-01,9.434206218632200658e-01,7.641989040391988786e-01,7.961063667455289261e-01,3.802023444612202541e-01
7.007200000000000000e+04,8.459390112753678581e-01,4.562959000241018082e-02,4.377948608442941980e-01,1.423317079842451038e-01,2.407815929292324020e-01,3.330707486518768023e-01,2.232169347350954069e-02,1.411193543088560265e-01,2.501486631414495676e-02,5.203830967318621159e-01,6.912103467238934762e-01,9.120724387098166908e-01,7.817972071988148475e-01,3.852575413924772540e-01,4.531450807511705481e-02,2.012419861370698948e-01,4.427748049658728480e-01,3.435307137136859312e-01,5.835269452309878035e-01,9.096535730616106541e-01
7.007300000000000000e+04,8.965165817275474458e-01,8.903602648301643940e-01,8.746961522940762679e-01,5.257607146871969839e-01,2.112305310600030017e-01,7.384812154277525797e-01,5.032173096992190731e-01,7.004022186543540363e-01,9.915169011696265411e-01,5.505374413706656256e-01,9.361180302625969896e-01,3.397904415032647618e-01,4.261790008433119503e-01,8.579026425468264661e-01,9.165168639197854850e-01,5.065339527407175524e-03,6.443125039494772555e-01,7.748284663891017443e-01,9.492023524621607811e-01,3.424133948347957146e-01
7.007400000000000000e+04,7.219340043361581749e-01,9.009544611932099878e-01,5.471246760126119435e-01,9.260236110529193043e-01,6.708693506048584165e-01,5.838120674470086424e-01,2.643392118604770413e-02,8.379070687393499473e-01,1.239670092566621529e-01,5.738061762328034998e-01,1.131846058688636969e-01,2.056807159633790016e-01,1.007992099460132129e-01,6.671633031589759844e-01,3.949726220641222030e-01,3.054526709000793261e-01,2.514889723102595731e-01,6.162490644681645202e-01,6.645670909174615781e-01,5.766133931889670938e-01
7.007500000000000000e+04,2.785292149946861917e-01,2.289162379667045721e-01,5.327873992321906504e-01,1.057802787019002100e-02,4.874624356210245368e-01,1.894197589112445179e-01,1.619107640314629837e-01,6.698822966990491956e-01,4.684530671136035718e-01,2.143289461364361603e-01,4.570730322022318326e-01,3.130863741011037371e-01,1.669295964308369351e-01,6.030433813494683326e-01,7.881488114259822542e-01,9.891387475572011034e-01,7.599468831535054480e-01,4.110286607792804636e-01,5.393338199909680775e-01,3.368688375775785726e-01
7.007600000000000000e+04,9.677909368331250040e-02,4.091407444234241852e-01,7.392334241395083216e-01,7.460970389695790184e-01,5.915998471434225081e-01,3.205155731574030886e-01,1.170573227577365039e-01,9.755937982661947450e-01,8.522812290527150836e-01,1.797798798866074854e-01,3.526109773256003166e-01,6.692089304727714127e-01,4.220554127967842684e-01,2.294594910925585873e-01,1.757969999251286497e-01,4.621237735656675838e-01,5.847634310687083170e-01,9.731074145713503043e-05,4.082757020513068102e-01,1.911587332143609430e-01
7.007700000000000000e+04,8.277878436448571353e-02,1.885801794926370567e-01,3.743372559248110409e-01,1.248175925108830908e-01,3.031640233178827248e-01,6.630816940415290572e-01,4.161634274907607400e-01,1.547074211407518662e-01,3.023218280823456450e-01,9.697240149840313794e-02,7.881147384685501800e-01,7.409107648176570526e-01,5.509533416308964870e-02,7.872117393460426049e-01,8.048529531885053601e-01,8.612982555180659361e-01,1.300219313041932612e-01,6.307934934153525131e-01,3.904493785739437950e-01,2.054039851731584987e-01
7.007800000000000000e+04,7.933325590102122682e-01,9.260293800544262544e-01,5.246126133620011567e-01,7.316306820504099306e-01,3.522854013808074392e-01,2.836872347390481108e-01,4.546992667757902007e-01,6.564187276158530704e-01,1.426983411616644659e-01,8.996122345488372085e-01,9.389420621425852431e-01,1.986765375664625299e-01,3.332900739641720955e-01,9.666057785017828641e-01,8.555508843165033905e-01,1.969380852972237861e-01,8.636012715760779113e-01,2.485197382485839768e-01,7.945043503212754210e-01,3.900838764591324503e-01
7.007900000000000000e+04,6.636125173081806050e-01,5.745322933965035794e-02,7.718708378838419204e-01,2.565495706038284363e-01,7.848404003964002396e-01,6.316814358711820843e-01,7.714318531943320512e-01,8.275598296457458147e-01,7.617657240049418021e-01,9.664977791489023362e-01,2.215789860120925825e-01,5.338776467731655151e-01,2.759927395762478142e-01,9.979384516918718973e-01,1.789199714850094880e-01,2.537793146707119085e-01,7.256375191443307227e-01,6.495283924521846330e-01,5.330993618073881501e-01,4.992238954415495478e-01
7.008000000000000000e+04,6.965201263687677002e-01,7.383083210307864741e-01,4.194728829766194433e-01,6.203069444254338816e-02,7.533603220572653303e-01,3.129919455555074670e-02,7.153583040132881488e-01,5.478451863359833363e-01,5.955864895215007282e-01,1.824453132372988451e-01,9.976411721231420726e-01,7.651060032490516472e-01,4.601376642866005229e-01,5.964078781804005303e-02,8.986324740278787138e-01,6.280736190946165642e-01,4.237887612805525395e-01,9.221450067234473469e-01,5.658459832092445074e-01,4.043855279195720520e-01
7.008100000000000000e+04,2.278568214403702274e-01,2.903660223135779983e-01,8.956690589476851150e-01,5.949690791609923979e-01,7.850540060449120450e-01,4.124630967731455211e-01,5.904152227945322906e-01,1.269089096898787794e-01,2.885341223531742161e-01,4.325539539513173493e-01,8.449651535771880440e-01,8.338720354792383826e-01,4.690031837841225348e-01,4.527914085298345714e-01,9.114810164337258103e-01,3.275077309555682881e-01,4.095336271805730677e-01,9.926824186314967546e-01,9.400523692214299842e-01,2.214003216864699475e-01
7.008200000000000000e+04,6.723805327322223135e-01,8.921314747697589587e-01,9.955597141382401816e-01,1.585799291755491947e-01,5.846134367904480822e-01,1.887755814449912917e-01,7.990049324596388836e-01,1.484650093592210229e-01,3.419029886901595594e-01,9.540252947627553270e-01,4.796042185201302432e-01,3.396011932417338786e-01,9.011499975427592624e-01,8.517297355181565610e-01,8.841102707374726144e-02,3.001069710701306237e-01,1.347231582134956751e-01,8.767388167747497407e-01,9.027985419063783157e-01,1.641134554284991998e-01
7.008300000000000000e+04,9.290231447229513329e-03,2.246208573914826312e-01,8.887163704942026010e-01,2.843401406231635953e-01,9.331250032858111609e-01,8.145977269087362194e-01,2.657661556384963708e-01,6.078675175845460465e-01,5.404484737798459504e-01,5.289106899010506124e-01,9.985957268204299631e-01,3.139027611042732868e-01,5.940929146705715702e-01,9.068636840295596357e-01,4.772976812799867297e-02,3.738033393978295038e-01,1.012586563264927797e-01,5.789047520266625835e-01,1.459502705924782262e-01,5.596524423824643657e-01
7.008400000000000000e+04,2.627315166454340378e-01,9.943922810053495986e-02,2.218807281171258916e-01,6.017558200491970322e-01,9.833947709469228471e-01,2.825808935983170622e-01,2.824859185356753954e-02,3.169152945734109439e-01,2.983916858760632396e-01,3.057018221104311761e-01,5.661047096998715888e-01,2.264470460584078193e-02,4.208420594855835084e-01,6.327462217016562862e-01,2.428828375863354427e-01,9.616658773765572876e-01,7.005818764187614622e-01,1.865651000826679118e-01,7.892617549347623607e-01,1.768459760035666628e-01
7.008500000000000000e+04,3.774789455214150324e-01,6.191323092368395953e-01,1.600003607907304337e-01,1.808353551500641032e-02,6.162244838808375036e-01,7.536984714036450983e-01,3.484809703039145612e-01,3.547197086254181286e-01,8.937908249416837148e-01,6.954717540295821676e-01,6.477773983613417386e-01,8.840208960305264707e-01,1.874951611354004344e-01,2.680268729059738231e-01,1.487862651875074826e-01,6.228719910179482122e-01,1.622295409087259888e-01,8.543285309681666329e-01,1.425783414540123806e-01,8.088608497493164906e-01
7.008600000000000000e+04,3.719417209015170034e-01,3.226769077441611344e-01,3.119552786588031257e-02,3.473290970465481298e-02,6.389404603226341850e-01,7.177697327211429723e-01,3.375956019922718987e-01,6.136618013438787100e-01,3.927778392794647466e-01,8.185758938062646095e-01,4.613548514349363749e-02,9.073744815687180276e-01,7.816338824524431406e-01,5.182222307844649434e-01,8.028758698823110773e-01,5.360409314120473390e-02,3.992691536579953127e-01,7.008902137328266724e-01,5.909559483879829322e-01,2.456379741046270659e-01
7.008700000000000000e+04,5.458132711185942343e-01,6.450869355208926903e-01,1.333944249780291136e-01,8.685696695286673208e-01,9.639521827709938151e-01,2.229072159960174826e-01,7.434450196644374342e-01,3.647877126306526829e-01,5.981378357283035907e-01,7.912595867154935680e-01,4.470249680179111396e-01,8.616252842011369317e-01,1.675590637837577335e-01,8.556879206599605769e-01,3.327806500545179569e-01,6.230283901730060414e-02,6.062658211597987679e-01,6.426702021127517206e-01,3.006612380887113689e-01,8.727583036172126274e-02
7.008800000000000000e+04,8.067142068350454664e-01,5.894842636587185325e-01,5.543314114568821394e-01,6.557423955235937019e-01,9.248221254798500990e-01,6.543516175944510405e-01,9.075621816624445115e-01,5.848498341442250892e-01,3.085012171990564322e-01,4.072089351742189667e-01,9.206425945422381796e-01,4.770315640066172813e-01,9.863248432053918213e-01,6.723071408985933362e-01,6.144761116347644547e-01,7.217648192921599648e-02,2.975213021736338170e-01,9.399598447077548435e-01,5.720789036830864482e-02,1.936064363876690564e-01
7.008900000000000000e+04,2.217603982521721973e-01,6.242612880437036216e-01,9.110974022347091417e-01,7.263026293536075650e-01,6.774104198883333927e-01,9.682457001799945617e-01,7.715323595297784998e-01,2.900092463943209076e-01,1.437485479202770255e-01,1.526823673487299748e-01,1.739580406227621001e-01,1.308413374893380166e-02,7.380458938544893766e-01,8.991205295643189821e-02,6.195848571281401540e-01,2.434191973331278902e-01,6.816265353661704607e-01,2.312022800017541346e-01,3.202463930033576656e-01,8.149509577362963331e-01
7.009000000000000000e+04,9.026817813452214789e-02,6.422343665879445274e-01,4.226098819488561809e-01,3.355979653259345552e-01,4.631325034797550977e-02,4.836819876693121412e-01,4.868841874414053805e-02,4.641898497071573759e-01,6.874461515784721088e-01,2.452813980576917796e-02,6.221465535941830272e-01,7.182004782301383283e-01,5.564558367104568415e-01,5.070421267690868872e-01,6.627264030442131526e-01,3.056236252982735824e-02,2.733793943983158226e-01,6.385791895266874629e-01,5.132210852803575918e-02,7.490599837613067802e-01
7.009100000000000000e+04,6.814963137000453752e-01,2.228614436811077182e-01,3.729467596031081911e-01,1.498650801479923800e-01,9.253018663496068719e-01,2.838931833179854092e-01,5.804436901391492043e-01,9.570069073134244153e-01,8.901537369659640042e-02,1.457498602591211778e-01,8.693947628344470546e-01,3.202817120522880590e-01,9.488298474558931606e-01,8.117125685323738349e-01,4.866722037194231021e-01,9.837256366905478000e-01,2.476467615189498206e-01,8.121874520971111844e-01,7.117816263107120678e-01,8.306835618444143865e-01
7.009200000000000000e+04,9.650724057428308189e-01,9.595594713198718484e-01,6.396205275003830071e-01,6.782568073146429954e-01,5.657774752791715489e-01,4.766355636126431428e-01,4.785431686853783839e-01,3.083215596288676474e-01,5.906306797931230035e-01,9.253564627265431497e-02,4.958651131206429641e-01,3.898904307458718188e-01,6.701512155417288508e-01,6.229048064534673523e-01,6.960891012807897127e-01,6.943742339501501881e-02,3.672640849688718623e-01,4.626512239521932690e-01,1.012452394288461122e-01,2.272133821042013890e-01
7.009300000000000000e+04,5.211512582611125266e-01,4.009520628718581392e-01,7.079761029929998450e-01,3.420287820778844523e-01,3.928046319994024094e-01,9.764906815390994588e-02,5.213829173974166009e-01,2.418731556610456135e-01,7.669657592482934660e-01,3.812708242275230086e-01,6.506212049047016555e-01,5.932959743371747363e-01,9.329607587335061458e-01,4.356279895166192961e-02,9.404386327433035264e-01,8.885643910551909164e-01,4.467248814840740767e-01,1.566945419549170548e-02,5.999895879336651916e-01,7.502139508665061074e-01
7.009400000000000000e+04,4.279140923636440830e-01,2.892764227370357988e-01,1.535386906231585025e-01,9.495493544841926425e-02,7.038795649475018124e-01,2.398321822428389760e-01,2.476064909917370382e-01,1.699177352331048274e-01,2.030022334321869293e-01,4.452283533586768316e-01,8.877378882300857033e-01,6.187780433633549571e-03,6.618301911101134305e-01,3.453008935023392789e-01,7.316996912532650610e-01,7.722063880901774979e-02,2.629122504237093594e-01,2.647873627527862483e-01,2.066505205626911756e-01,7.361576530731577250e-01
7.009500000000000000e+04,6.959890803546442406e-02,6.102421706741227858e-01,5.678270904848971012e-01,5.019192673726888820e-01,1.497993177959491273e-01,7.329906054126118509e-01,8.121052008485015739e-01,2.827558948544302009e-01,7.454682492368396307e-01,1.970952762585070905e-01,3.407807128170659006e-01,6.628931680792189418e-01,9.644974168567390649e-01,8.171037107794532073e-01,8.008856846846794664e-01,8.590323930508610983e-01,1.700153597356176549e-01,2.489699212437646025e-01,1.920242359206006943e-01,2.762656815232047425e-01
7.009600000000000000e+04,1.453444871017582907e-01,9.526045536122220714e-01,5.777648105342865215e-01,5.984612510134934560e-01,7.973502950955778656e-01,2.429785788093501431e-01,3.004810384142220236e-02,5.499512329792689558e-01,9.789438474965388437e-01,3.241402103376388455e-01,3.010632841201985599e-01,8.929521724312274866e-01,5.082256229665316205e-01,3.846789051230157241e-01,7.630081667584043270e-01,7.016922550222474131e-01,5.646688688642099718e-01,3.225574924297165413e-01,7.597582892936391996e-01,9.952239079613945938e-01
7.009700000000000000e+04,1.519436699175654715e-01,5.357616341547626337e-01,5.023476820611841864e-01,5.761679275115852983e-01,5.275339956603516400e-01,7.543452661396573555e-01,2.999793112060468170e-01,2.989196047101432274e-01,1.340780741166349710e-01,2.936348214559724168e-01,7.026228799217716370e-01,1.796815499481667633e-01,8.241017852539226363e-01,7.314098983857282299e-01,9.384975192224238594e-01,8.415775380583168097e-02,1.070373560012235492e-01,9.807293269750588793e-01,3.235589350267007447e-01,1.756421636099553263e-01
7.009800000000000000e+04,6.850778389961084125e-01,6.057528344216901450e-01,1.070510838166804923e-01,7.569272174849055457e-01,1.180758574160855057e-01,4.071839170995225077e-01,1.360126003446593401e-01,4.135819170736754202e-01,6.092725689800000399e-01,1.359255697539341057e-01,2.826448417517162248e-01,3.656927153319391444e-01,8.151087234314774443e-01,8.474501122670573539e-01,9.614350614029654185e-01,6.839476486263693644e-01,1.409716872891881856e-01,3.250303966453477189e-01,4.612013247681937544e-01,7.802679503602586442e-01
7.009900000000000000e+04,9.722955511357436187e-01,2.651219037644841903e-01,4.254053966504103279e-01,7.687159410164009499e-01,9.860683821189457632e-01,6.584958643021591174e-01,4.678340615179691353e-01,5.538992116416436851e-01,4.398125652812037156e-01,8.524842010438126172e-01,2.439098780195073646e-01,1.756400925791307133e-01,2.624710716722239434e-01,7.010173424367818207e-01,1.018337709725379847e-01,1.673348686060573964e-01,9.625844941067864813e-01,1.141513619529898049e-01,5.207472635334294830e-01,7.508378124304397883e-01
