1.000000000000000000e+05,2.693277027758672615e-01,4.072646423705282848e-01,1.920864273792712851e-01,3.952985065773574336e-01,2.390188124377523593e-02,7.927376177054823447e-01,6.425125403221343401e-02,2.134690071403552158e-01,2.868611676275891753e-01,4.091745298442039935e-02,9.216314200427830894e-01,9.869790430256389913e-01,5.547831064759251030e-01,2.017376274780025014e-02,8.189407538032633660e-01,5.051938204508091834e-01,8.331492231186669040e-01,1.003125217340539166e-01,1.834889320739689911e-01,5.503411254349800386e-01
1.000010000000000000e+05,7.793763293407718340e-02,8.259712391250468855e-01,6.964611030490887034e-01,8.175771345431404047e-02,3.832768820785759090e-02,1.959647886689561691e-01,9.601088782544490163e-01,6.760808823392212563e-01,5.470342422172183028e-01,4.682354320355889277e-01,2.849696821397713631e-01,9.190113533569210791e-02,4.582777643531132927e-02,2.268320284558089650e-02,3.194925414531779584e-01,3.948469644979881732e-01,4.279255252522075059e-01,1.333145483911050144e-01,6.929067234037155076e-01,5.172551654950545696e-01
1.000020000000000000e+05,1.507705724545242987e-01,3.373267366963887959e-01,3.505400868355357247e-01,5.312883508321639692e-01,2.267173089582908974e-01,6.217746080659095620e-01,2.750736092239518538e-01,3.763600226771667279e-01,6.619479804671728473e-01,5.814870303798647111e-02,6.152046860688520358e-01,7.644972495239616972e-01,8.801504603009647765e-01,8.784377035007857604e-01,5.549565755471275175e-02,4.104050980380681279e-01,7.357433032862276123e-01,4.659325279690635924e-01,4.676616183163740947e-01,3.973094134059985683e-01
1.000030000000000000e+05,8.761515708800128310e-01,7.554084768470414879e-01,1.111626773661279488e-01,3.215523165590751242e-01,5.063709864700358665e-01,4.121480368019418972e-01,3.474771568989097892e-01,6.632709023027894002e-01,7.049699291020775638e-01,8.521938617643202152e-01,3.407807886533797959e-01,6.372671143392452109e-01,9.901903558892065638e-01,7.771622731163124742e-01,4.047809137414204450e-01,1.595059491471279012e-01,7.478141483782256849e-01,5.919461068219941113e-01,5.541124112722076722e-01,3.639218479266037587e-02
1.000040000000000000e+05,3.086655180605168969e-02,6.114525828150946252e-01,6.779928013340879023e-01,8.767855582745180953e-01,1.071150884286049543e-01,6.736768701678904625e-01,6.641119946324002266e-01,1.835472399758159012e-01,7.756174460651654723e-01,2.465791668789585334e-01,2.179589190127664278e-01,4.853948642146646009e-01,3.875541821951179466e-01,3.860252992499469959e-01,7.299202820613551745e-01,8.385504408654709252e-01,1.262356974718961133e-01,6.502811741938603340e-01,4.330741174184145059e-01,1.152560932927324533e-01
1.000050000000000000e+05,1.444233801239506176e-01,5.011198669147882701e-01,7.640008382195259129e-01,8.713678135613012188e-02,8.577681461875164004e-01,7.462818853859765067e-01,1.213239533868389897e-01,4.956975624716983830e-01,5.392646124880142722e-01,5.421007703167648462e-01,5.478111454150619286e-01,1.380498698160435023e-01,4.241681794279913431e-01,6.830906284189693922e-01,1.052551084761881306e-01,5.705492839884630518e-01,4.107723937154690308e-01,2.916657262214279456e-01,4.148237015932165761e-02,2.399285899080986217e-01
1.000060000000000000e+05,9.330096496878317325e-01,6.487433507112339015e-01,7.382623848867458927e-01,9.387635604902555553e-01,8.885537121193179955e-01,7.197572003424301812e-02,6.828358480117147078e-02,4.304552009171878080e-01,1.460407778422622149e-01,1.934115352606253779e-01,4.176527678484026618e-01,9.187798767244096387e-01,3.622509277813465989e-01,5.476597704897756547e-02,5.270555224382333925e-01,4.333031906739437389e-02,7.500894992795640315e-01,4.421238000971756676e-01,8.628462784221183624e-01,2.104970308567843951e-01
1.000070000000000000e+05,4.378767616312234656e-01,1.793813257481526868e-01,6.569608694721935649e-01,1.915198301964003980e-01,8.713579051659059438e-02,1.805084814348456579e-02,3.169088671921396205e-01,6.482870473557738045e-01,7.184690569617804279e-01,3.560420839140511218e-01,4.144943386122669216e-01,5.366596994405833376e-01,7.871783827019102064e-01,3.010300515100634566e-01,1.678371107817169250e-01,6.664722233267463825e-01,4.438960573046549785e-01,6.276914283585394161e-01,1.727233595134000099e-01,9.665984900274120495e-01
1.000080000000000000e+05,8.070812085394531987e-01,5.550614564718070465e-01,2.094082200599244326e-01,8.786920226933954137e-01,9.886038394598728463e-01,3.808861860658172560e-01,3.356102582784495914e-01,3.411511734256863493e-01,3.286890316868079642e-01,3.381938191001898630e-01,4.733470359834538455e-01,7.062722030386180405e-01,3.471879853323968090e-01,3.437360708524689334e-01,2.663748721200587255e-02,6.554973322571778782e-01,1.909940515942329942e-01,5.455946678284262497e-02,3.021378362747139112e-01,1.132582565678880160e-01
1.000090000000000000e+05,5.332873356165844791e-01,9.677366595372309810e-01,8.859144668623608609e-01,5.474217765696720583e-02,3.095168020388371355e-01,6.623477214253851164e-01,8.513553029429175023e-01,2.525288802201142158e-02,9.870908351043709006e-01,8.505327358219061384e-01,3.302870201758130175e-01,4.463177245086933365e-01,3.620298659014786757e-01,3.468404231254196279e-02,3.115121890323283571e-01,9.141939933712175392e-01,6.369181551600751057e-01,4.835547790172726179e-01,5.696967309811572511e-01,5.658170702956033526e-02
1.000100000000000000e+05,4.751609581657385561e-01,3.848136815793525844e-01,8.991716205073441159e-01,3.935638422848896090e-01,5.077053575767345173e-01,1.933808795417233384e-01,3.403871210293282212e-01,8.949385530909196307e-01,3.670180552137235486e-01,4.052620194873165493e-01,9.818063341317929682e-01,2.190563583726944374e-01,3.988601865436035565e-01,3.136680612394686651e-01,9.013453457578273209e-01,2.599875952133411383e-01,4.479121431486474680e-01,8.674150278156148586e-01,6.977762076735152252e-01,8.257167045567113117e-01
1.000110000000000000e+05,5.762159281425882629e-01,6.060954201737794866e-01,7.459581722146211291e-01,1.477576392644814884e-01,5.488215585375820771e-01,5.620992359129439730e-02,6.951244804631583341e-01,9.686876190604346570e-01,5.674338807567117504e-01,1.976311104943933028e-01,6.505009365650324948e-01,8.680286049110270685e-01,7.648051348272234540e-01,4.778460690638317576e-01,7.904780327953960795e-01,3.879659717242756045e-02,9.297889706577342483e-01,6.860364689807010308e-01,6.978102408876726281e-01,7.528074403498896672e-04
1.000120000000000000e+05,4.078215916092617910e-01,7.806306088269773236e-01,9.429456269302305405e-02,4.293118907397851514e-01,3.160594327151731164e-01,4.380682983456869461e-01,8.357764320577940609e-01,5.263067938319350159e-01,3.605120224651547911e-02,8.765798559598675377e-01,7.160371993096524834e-01,1.049546749578699201e-01,3.645911124636587175e-01,7.415159207988332168e-01,4.006717432430942916e-01,5.100298516733803300e-01,2.917203304166844369e-01,8.771952820563966302e-02,1.674768068369467677e-01,6.532463295382686663e-01
1.000130000000000000e+05,8.304262079237358929e-01,3.845865795073066806e-03,4.970115978776090682e-02,4.328913908869391758e-02,4.423340158267967670e-01,1.085410212417654563e-01,2.816357755264692342e-01,1.478225056091753142e-01,9.088730724449943787e-01,8.273209635971143783e-01,1.376772792182261451e-01,4.273359402289557130e-01,3.929972129726584384e-01,8.708035631894919248e-01,8.300232237367316523e-01,3.471786187920866684e-02,7.614803227027047150e-01,2.529868217979046596e-01,5.803641756091031390e-01,1.273350043631140682e-01
1.000140000000000000e+05,7.384907016511578215e-01,4.519960406463321423e-01,5.438402654305368733e-01,5.217883379031322821e-01,4.696997680655238261e-01,1.342118408448774725e-01,8.653320453260249234e-01,1.677987369642558457e-01,1.674788293797784267e-01,9.438381468535537167e-01,5.910549256903263604e-03,5.670986625123879410e-01,4.614220922325655838e-01,9.349247812760297371e-01,3.358231340867784409e-01,1.200070956441652292e-01,9.594879238023215073e-01,8.203939771446059348e-01,9.277606189358237332e-01,5.667056421454946813e-01
1.000150000000000000e+05,8.523458620703721067e-01,7.249993544185366900e-01,4.463628297633503994e-02,6.738959873044817472e-01,8.767426311845644138e-01,7.171799432922837392e-01,8.311216282833168156e-01,5.800381071254857579e-01,3.447042095907878467e-01,4.772102003136950987e-01,9.419638265213438055e-01,4.126839754096258694e-01,3.916438913893560692e-02,6.986341918861181943e-01,6.706366597143461616e-01,4.758564021256626031e-01,2.203995732402082020e-01,1.368830163700527347e-01,9.239852254106862839e-01,2.198424957801846658e-01
1.000160000000000000e+05,4.160045885711333158e-01,3.743923652936236302e-01,1.843430272560070415e-01,4.873191941872906385e-01,5.409308199054092547e-01,3.232017464415282149e-01,4.067590020291222963e-02,6.929334423674653465e-01,7.107254561947522475e-01,8.644016239798988366e-01,5.467087635385203814e-01,7.848445074678771505e-01,2.662281689524855777e-01,7.690267091194312732e-01,6.402373783540424856e-01,3.355063249046262852e-01,1.497123185446724847e-02,7.938513594632897741e-01,9.741720354160399165e-01,9.592012330201319381e-01
1.000170000000000000e+05,2.791776961759351305e-01,1.617996969895713066e-01,1.003137749875687712e-01,7.589222490776889041e-01,9.030219379171522398e-02,9.300188025140009307e-01,3.329572342731182966e-01,2.439466975859779785e-01,2.232963220529944337e-01,5.548362358960381435e-01,4.712625521114351956e-01,8.523684259618344861e-01,8.870957475705584239e-01,7.852508957289172642e-02,5.854532851897554790e-01,5.842661251705506542e-01,3.478303629436056976e-01,8.974058275387748473e-01,4.122617260704244391e-01,2.343148193527619938e-01
1.000180000000000000e+05,2.232489493122489232e-01,1.509861179921848651e-01,1.325565624457335501e-01,8.955392312875068983e-01,2.093504912488665104e-01,6.307828559697645776e-01,7.685010040167008505e-01,6.055614627813487028e-01,5.504614384286552475e-01,4.391609598982382234e-02,8.586471214356745651e-01,3.898264031497825632e-01,9.395753204787160584e-02,5.697044010956460180e-01,3.763262531826871982e-01,1.940188583556123891e-01,2.505157156295556575e-01,2.254448349238735716e-01,4.159533156619371619e-01,5.603119094168024228e-01
1.000190000000000000e+05,3.968106350806054339e-01,8.535905553643720056e-01,1.763178064400011680e-01,7.138969272986628312e-02,2.895487684975588394e-01,9.636953404678030299e-01,8.395970018743469376e-01,5.021089860744476496e-01,5.594884787871948761e-01,5.883245666940016827e-01,5.039250765244661645e-01,3.561516429381240689e-01,9.072736456448131648e-01,2.619604400766364360e-01,1.145999932762383766e-01,9.701058500924837347e-01,8.030515469111975113e-01,9.929940711460084612e-01,7.457473985835572083e-02,9.823204754330397970e-01
1.000200000000000000e+05,1.143109772193416918e-01,2.736651679238898405e-01,6.533227710989258918e-01,5.366685414771099616e-02,5.561956481052944268e-01,4.557999276044943926e-01,2.104375530911415382e-01,8.637720770830583650e-01,9.171966071436311596e-01,5.181026789969657154e-01,1.022332266494848652e-01,3.391715794634488912e-01,8.601336494290251489e-01,1.979014571239446907e-01,6.124637919104428674e-01,1.641612050097064346e-01,9.586654019332155885e-01,4.547702014288304007e-01,6.499682891901581439e-02,6.001999720869419797e-01
1.000210000000000000e+05,7.728513185195861057e-01,1.686976534325513866e-01,2.350923433253784278e-01,6.332190593055820882e-01,3.792922305625751056e-01,6.244566351841708274e-01,7.637422740120920484e-01,4.269350011885960638e-01,6.554538711441209031e-01,5.180408399208534798e-01,2.047930829657604868e-01,9.997723452463639360e-01,2.218290804720021159e-01,6.402016617487118477e-01,1.571657482322718069e-01,7.945686090992922779e-01,9.490179817682403707e-01,8.010174604973485657e-02,4.321893333236492829e-01,7.219127527492164020e-01
1.000220000000000000e+05,1.345141786017082230e-01,5.283558892352947511e-01,4.579109633194724527e-01,1.118470010624752486e-01,1.651056976804851084e-01,3.122897867506324587e-02,6.740641467835301048e-01,1.007793807835516420e-01,4.909828102175158859e-01,8.784014891425095950e-01,3.792149288759785186e-01,9.521461071900427786e-02,5.662569789142654075e-01,6.725632407318906658e-01,7.285351692690129610e-01,8.768083165952789138e-03,9.409298496623808017e-01,1.441089967602214861e-01,3.250064086237736127e-01,9.793591180941629837e-02
1.000230000000000000e+05,9.715044926476985587e-01,4.279458913608704673e-01,1.594808273543339983e-01,5.668687398193953397e-01,6.388939071133517000e-01,7.572780535336806063e-01,4.767161620275214284e-01,5.813622730966230279e-01,6.118934578020540638e-02,3.604532128904388566e-01,8.923255700569536764e-01,6.755804017144387830e-01,6.692718454415761409e-01,6.728900460453397514e-01,7.599566233737146126e-01,5.075025884974329049e-01,7.894403207488722707e-01,2.962795030194897983e-02,3.842536376932126352e-02,9.588595717423807896e-01
1.000240000000000000e+05,7.088861609982276546e-01,2.271165249873043912e-01,7.190873996441804472e-01,4.572979091704385546e-01,8.999723446951678474e-01,9.955074354523639757e-01,4.868413416611635514e-01,1.721914495005992807e-01,3.663240177924844687e-01,1.195650743964735696e-01,8.746324037090177361e-01,9.582882316140002299e-01,9.450251018065928266e-01,2.502957428724675859e-01,1.377324957294484564e-01,5.299164844723669443e-02,1.276433490874085974e-01,2.246559288668527055e-01,4.138115696981412572e-01,8.500293396219728015e-01
1.000250000000000000e+05,7.717460801391949898e-01,6.387364751328834522e-01,5.636717239642501376e-01,2.163701119033576425e-01,3.475403324127176452e-01,9.359382837727052706e-01,8.011456839625110682e-01,7.196036586257560375e-01,7.600740233254243972e-02,3.406273177206220470e-01,9.236031884689342997e-01,1.498208869736213922e-01,7.559748289204974991e-01,6.433406147417414234e-01,1.826603881489333725e-01,7.939796684680582306e-01,3.553747119311836400e-01,9.728929362617134702e-01,7.814875609511906518e-01,4.443839074056770144e-01
1.000260000000000000e+05,4.901322812296821096e-01,8.428458213599288040e-01,9.047217699364746846e-01,1.227677469796564225e-01,7.945432494357522746e-01,2.694825775977379712e-01,3.049640378409165242e-01,2.925857101868751808e-01,2.042394068712805044e-02,5.421335271692890867e-01,8.616702753876379628e-01,8.185569221834123610e-01,9.950981287982190171e-01,3.576970885243294651e-01,3.126294524239937589e-01,7.452814570834574992e-01,7.275657060939191290e-01,1.872120091355762295e-01,3.162595349139309953e-01,5.604606034933363734e-01
1.000270000000000000e+05,1.415624092807133971e-01,2.787194413887856825e-01,5.332812826631043723e-01,7.504096345405638635e-01,3.621284981906744971e-01,3.377604557094465720e-01,6.561544156749865575e-01,5.539304605388223335e-01,2.296439900700077974e-01,4.950514450527523369e-01,1.661890704919494199e-01,3.727308085973368712e-01,9.256546322723036013e-01,2.496176024777874147e-02,7.835912106023277257e-01,4.410754692662250953e-01,2.191863311864016284e-01,3.383253297103874235e-01,3.349762474828614778e-01,4.041504345897379835e-01
1.000280000000000000e+05,7.697867796118307293e-01,7.499836910243240506e-01,2.406228677426613949e-01,1.153436405911358875e-01,8.828204400349468628e-01,4.350040537012402897e-01,1.799770558206659210e-01,4.020572866808073131e-01,8.551450215943203759e-01,9.216217501134816859e-01,9.916562915924431731e-01,6.073604984589779932e-01,5.532464536199750427e-01,1.547456562594103913e-01,6.450009727727413766e-01,4.782358177108571029e-01,2.116150510362715398e-01,3.539810641711241823e-01,1.013853256366803457e-02,8.957471754257563257e-01
1.000290000000000000e+05,2.625977073902386882e-01,4.784943890833871505e-01,7.832478879409322525e-01,4.522193990290596100e-01,3.423335114401159229e-01,9.293677240017926833e-01,6.244504207205564539e-01,1.075401345304377587e-01,3.944863856081292086e-01,2.015801582528442548e-01,2.547770917153313608e-02,1.104213649107348427e-01,7.418075177232008599e-02,6.988066845761019552e-01,2.807286448463042206e-01,2.778142577830752247e-01,3.761404314938159299e-01,4.114925289832113142e-01,3.319612559232483218e-01,1.363776589155731855e-01
1.000300000000000000e+05,5.552921224781658394e-01,4.798680854230819026e-02,9.227999355396702130e-01,4.485307148297391633e-01,8.999152796265655896e-01,9.240670204377804398e-01,9.739278303886091948e-01,6.326622745494306921e-01,9.433157816579932353e-01,5.021365311753775984e-01,5.376694353235487167e-01,1.876085410273431453e-01,6.819715047093503069e-01,6.050662375852389196e-03,6.761404601975082862e-01,5.356976265998822928e-01,4.530984622403246842e-01,2.995064238328963846e-01,5.653317211711238466e-01,9.019948332123173262e-02
1.000310000000000000e+05,7.830891840322232733e-01,5.884199510306592495e-01,6.620085714648181741e-01,6.186964067021859526e-01,5.907436237559418046e-01,4.245161375405348547e-01,9.080874931743899703e-01,4.544357868844287607e-01,1.874951570071647922e-02,2.716142811227978404e-01,8.634313699683427989e-01,9.165279666604099207e-01,4.538606161475626788e-01,2.337157440757934301e-01,2.073117191793963920e-01,7.137639000076629880e-01,8.661851132608798798e-01,1.697008550718540620e-01,7.559745487284599275e-01,8.402409430201835949e-01
1.000320000000000000e+05,5.806740143617544758e-01,4.447464464595186628e-01,4.024042118780128963e-01,5.146120276806539495e-01,5.048418478678872168e-01,3.228156948363458678e-02,1.854343917889170745e-01,9.580438800118836751e-01,2.759939646386933010e-02,2.830742210795048619e-01,7.613822481688441446e-01,3.360527137747576498e-01,6.954138999592692771e-01,9.118219557355455862e-02,6.516365699365047615e-01,2.800428178662273115e-02,8.806750391379425391e-01,7.267836226501567243e-01,2.628841932527806735e-01,4.827366542628919177e-01
1.000330000000000000e+05,9.254161185964326908e-01,7.137728469557664823e-01,3.426945856180705352e-01,6.211628910576199036e-01,5.888064026997359424e-01,2.369507359631307652e-01,3.216918112383850836e-01,2.649967100632488748e-01,9.685981100322470505e-01,5.896980786626704329e-01,5.511973630614046549e-01,3.306620991813444821e-01,1.468942248229215819e-01,8.515889112907442104e-01,7.938766219334920660e-01,5.662533592451077791e-01,3.897061400071002435e-01,2.521042859698677807e-01,1.219946058826260060e-02,6.527143917893365455e-01
1.000340000000000000e+05,3.441779350645064461e-01,7.717088100546829477e-01,1.216897757651158596e-02,4.552750212059430979e-01,2.663878447224483637e-01,3.728988843456160218e-01,1.611857164911656426e-01,3.035856991017391593e-01,2.027910291698410417e-01,4.602072679387351206e-01,7.272490043059069986e-01,1.422612045386034696e-01,2.306041099789635229e-01,8.082310352221777627e-02,7.699335155652653473e-01,2.515408979587062666e-01,4.643985366296232709e-02,8.810916673716303604e-01,9.736632654215952032e-01,2.284251451061233285e-01
1.000350000000000000e+05,7.197467448073284757e-01,9.997249996320995979e-01,2.982941080755577845e-01,4.029196571242718017e-01,4.692753438897638851e-01,4.737616099850892049e-01,5.559921200893480631e-01,5.997631571437106457e-01,7.244248345685111445e-01,2.570495815999669365e-01,7.408526975202974763e-01,2.005983990545702200e-01,3.977186660865728030e-02,6.297161989276556238e-01,8.530214254946119068e-01,3.048149248766128805e-01,7.276595687023299508e-01,4.953248966953464061e-01,5.296311285003256764e-01,7.591681386809234766e-01
1.000360000000000000e+05,8.003736160706206304e-01,8.123577967176778269e-01,3.988747352007510072e-01,3.667827399314772530e-01,5.607824396168031855e-01,6.701255203672420446e-01,2.328519981461801835e-01,3.252910530435735303e-01,1.303507706857566228e-01,5.173614544671489845e-02,5.110544585473846269e-01,2.337632275904979462e-01,5.906317218664720592e-01,7.783036674424373969e-01,3.189640985755575198e-01,6.710940906657718585e-01,8.424360792844713952e-01,2.952120329259945164e-01,4.443655618528371543e-01,6.373882271992074022e-01
1.000370000000000000e+05,6.644604999329424277e-01,5.433687190204619100e-01,5.182369655892258287e-01,5.798628105337801930e-01,8.874348926470698729e-02,8.870233556700526378e-01,5.921302091747221441e-01,5.811838543528011769e-01,7.655018880521435864e-01,6.318327038659362627e-01,7.766275560334759964e-01,8.970847113727277167e-01,9.325658136085261951e-01,1.144442162861151191e-01,7.495692111265263025e-01,1.734784423334261305e-01,4.989572992795199280e-01,5.761263065106959624e-01,7.981725193646145300e-01,4.873963630908884070e-01
1.000380000000000000e+05,7.961509232130337121e-01,6.247537602907209386e-01,7.488809991124112386e-01,2.615121902819733668e-01,5.906206141050350800e-01,2.814465432283176360e-01,2.170123604462181888e-02,6.220688532687878025e-01,5.896892999854346229e-01,6.093264673241900464e-01,8.374730038413102928e-02,3.865719569341510287e-01,4.843910514831473169e-01,8.676319847704146992e-01,6.261124491930205593e-01,5.833640542777892568e-01,5.733086148868624665e-01,5.692203942418773144e-01,9.775208094773668588e-02,4.137819109113662908e-01
1.000390000000000000e+05,9.475833453078843505e-01,9.975164880028337677e-01,9.891404579269560404e-01,7.306766275210798689e-01,8.140425761032453744e-01,7.136987441838666957e-01,9.467853937396415454e-01,3.256969721863774980e-01,8.701941703785240900e-01,5.453439241920500224e-01,5.007865477990826042e-01,5.663040474450633521e-01,5.018829046568992203e-01,7.576058629997540761e-01,6.030797625054151734e-02,2.760257666988952252e-03,9.368976332271684582e-01,7.033794962652651916e-01,3.618552659497239476e-01,3.823413493939825658e-01
1.000400000000000000e+05,8.940451141564843551e-01,3.041772097219802573e-01,5.512184175025224286e-01,8.303005354329218157e-01,4.197661010284119421e-01,5.313804673885148544e-01,7.941075492230702526e-01,8.381688190913463288e-01,5.534030184775607930e-01,2.324398538435877848e-01,6.157705232887052960e-01,1.605020251968882761e-01,2.489012351801026535e-01,3.567905149718042512e-02,7.021347035552117921e-01,2.215694851776226493e-01,1.406914481781418313e-02,7.292159096867619761e-01,5.465756516620309258e-01,7.802910835596166272e-02
1.000410000000000000e+05,6.097280096339032784e-01,2.731252518401964258e-01,6.154854590557712335e-01,7.576756214845480342e-01,8.094901088230487263e-01,6.218890390904306953e-01,5.277287441488096587e-01,8.492860660447703047e-01,1.129790911570113243e-01,5.585292367650595002e-01,5.949494124515867233e-01,7.678380903234034438e-01,1.744026421950520822e-01,8.009322957564257717e-01,2.545784740774726940e-01,2.986667912236520284e-01,2.036076995358130359e-01,2.630663048271508764e-01,1.912546208281707960e-01,1.053946674790217086e-01
1.000420000000000000e+05,8.238588920846017238e-01,8.041467315749719624e-01,8.396617192509427952e-01,6.142430433033112536e-01,2.112659084588476288e-01,7.260335420019091712e-01,2.602239747098692435e-01,4.679798300113000575e-01,3.295743344053946311e-01,9.118230475064891261e-01,5.996251491138964163e-01,2.953612950796429271e-01,5.590004550859816179e-01,8.346041682769849146e-01,5.680923101511143880e-01,4.239501430050673925e-02,7.023210078156301162e-01,9.924214422704679128e-01,3.843034493148714814e-01,9.106273096301215064e-01
1.000430000000000000e+05,7.116601893037610704e-02,5.563672369729016909e-01,5.747091834026526458e-01,9.300568974962831748e-01,3.953892537526686457e-01,7.697538188938282122e-01,3.132265374917280187e-01,1.464272217467075254e-01,6.327469608772181564e-01,9.599992585335237472e-02,8.804572244746581289e-01,5.397753448228946871e-01,4.547876728481931030e-01,9.768851357579247940e-01,6.724377427205803226e-01,8.915698601034295345e-01,9.729817010074530703e-01,2.266598035332156869e-01,7.727072847697331603e-01,6.784334584579392313e-01
1.000440000000000000e+05,6.944323107338453704e-01,1.904336685156671205e-02,5.087960530322782615e-01,1.521045672408939398e-01,4.256039362204808718e-01,3.263725734560453118e-01,6.860538412543661924e-01,4.827323070825570994e-01,9.486500010482546985e-01,1.380070888705214882e-01,9.652803460037128191e-01,9.476502963854001038e-01,4.874790309029608526e-01,1.666655848140435880e-01,9.755186355364980910e-01,3.654790146002910856e-01,3.765180525795908117e-02,1.482423614478922680e-01,8.222129454047626407e-01,9.156865605532735763e-01
1.000450000000000000e+05,9.183626973618738143e-01,2.849783921568692646e-01,8.995001180032242694e-01,9.756596413072992080e-01,6.471521228795349412e-01,8.851362053560698495e-01,6.427998829634621325e-01,1.583768346963597695e-01,3.772592501873647253e-01,9.213483553471144560e-01,5.072229947443323006e-01,1.310293609452531927e-01,2.304593005584574250e-01,2.878601841035879350e-01,5.276590175449680231e-03,5.306061685449948717e-01,6.870150655801370299e-01,2.436676036067827456e-01,7.520948450365723126e-01,2.202755967038335649e-01
1.000460000000000000e+05,1.551824977412147311e-01,8.157648176325238421e-01,4.701126781318586412e-01,9.337180940691489628e-01,1.993535176458315350e-01,3.071385035469944569e-01,2.934821656312002203e-01,3.326057590237523343e-01,9.224264881063828359e-01,1.876077832313161053e-01,8.447025670033544431e-01,5.185545202949308763e-01,2.102839756140101324e-01,4.834856981315885927e-01,7.650241281106691105e-01,5.730573501417460802e-01,6.382897365483187757e-01,7.635753783090518665e-01,4.040726491217320193e-01,7.436964991240334610e-01
1.000470000000000000e+05,9.236120525642540491e-01,3.123164064727947942e-01,4.435051595427563775e-03,8.245803561594240438e-01,7.142075931666624911e-01,1.606594716938137823e-01,8.793524232107361449e-01,2.680718110052676684e-01,9.393261080436265953e-01,5.355075652807805842e-01,1.026590774452889043e-01,6.614196485378966983e-01,1.272244060415779199e-01,7.520979539405758807e-02,9.193745282323454449e-01,6.458164629227987064e-01,4.892572222741977672e-01,2.165705653130206576e-01,3.681266552828288408e-01,4.278212362136120106e-01
1.000480000000000000e+05,4.143013511796508341e-01,9.683751306293618688e-01,6.472554164028121448e-02,6.319995750050488859e-03,3.808301844918923207e-01,4.345242194584988393e-01,1.656970914199447087e-01,5.842519572443440889e-01,9.208491278950544645e-01,5.883892360967264423e-01,6.342328662431909736e-01,7.090635919750243321e-02,9.735922799749778811e-01,9.810526474191180180e-01,4.429320748507669103e-01,3.611173454657109483e-01,5.869370778036306913e-01,2.745350347138295621e-01,9.598246447872038623e-01,8.613165820196666544e-02
1.000490000000000000e+05,1.915091469982458383e-01,3.787765438478757352e-01,4.825363181186226313e-02,4.422025212906933733e-01,8.580643191673437142e-01,4.310529856251081871e-01,2.339518602360586286e-01,4.831072110867953295e-01,8.512523615344088634e-01,1.179640560318444553e-01,5.836140223613694999e-01,6.234903290705707812e-01,6.979712786682066294e-01,6.079428408344925705e-01,3.098604319229625315e-02,1.431549051123274241e-01,5.876292901420389070e-01,6.512788870481631687e-01,3.597475815429707069e-02,8.227122762443868087e-01
1.000500000000000000e+05,9.619855216166136591e-01,6.966394787682217427e-01,8.412685831815135407e-01,8.100106377320880346e-01,1.204439351044125361e-01,8.750852248979807957e-01,1.343761664690871216e-01,1.449642536197112141e-01,5.349433397011511548e-01,1.832239850310047879e-01,6.864517596188560722e-01,4.275340098397604205e-01,1.605834022758446666e-01,1.538463070423350398e-01,9.360340794337366210e-01,1.294654365227191350e-01,5.859812940609487875e-02,4.809148666614730949e-01,9.346247274492317514e-01,8.727640219196707294e-01
1.000510000000000000e+05,8.196586253772423225e-01,1.502599072899248878e-01,9.747038479571016323e-01,5.664201682466571963e-01,4.422886846654454640e-01,1.036011534815935997e-01,3.167511690555998571e-01,1.817292002573904774e-01,1.922132782366190451e-01,2.993737452407779775e-01,5.466943908865601331e-01,1.269901121242631437e-01,4.649306789518237171e-01,6.913302443706680345e-01,8.905823345030094984e-04,3.944785417921045090e-01,8.788420560216013699e-01,8.408069208114424820e-01,4.281511325759823627e-03,6.431622924066970892e-01
1.000520000000000000e+05,6.598591902452548563e-01,6.528775919943601291e-01,7.681674938543051612e-01,6.315571191482329816e-01,1.124943070587389737e-01,9.377648823472248818e-01,7.956634400978376265e-01,8.697872645879817233e-01,7.443940716291324033e-01,6.739245750609696994e-01,2.029613227537704345e-01,8.972696982941895660e-01,7.164058029831840146e-01,2.339183924197851816e-02,7.317537564843559217e-01,7.912245953164295242e-01,5.312369597376888075e-01,2.204345306387983650e-01,2.265070533495303629e-01,7.211638064825918182e-01
1.000530000000000000e+05,2.286882043902593864e-04,8.311456124408675983e-01,7.816535290138381109e-01,7.707943674322095262e-01,7.175703420180752357e-01,6.582183533042926804e-01,3.448423091642760507e-02,3.354235378966806680e-01,6.790535367828907098e-01,1.666388529375156802e-01,2.406795639704706335e-01,5.918380126960931520e-02,2.053244960937384844e-01,2.944684538112188887e-01,2.474912003192965004e-01,9.050975919176016404e-01,6.522616884635413781e-01,1.245445187479045090e-01,7.755943189013370098e-02,7.812005060274670454e-01
1.000540000000000000e+05,6.797950638316783145e-01,6.813966810264731055e-01,7.945737881063552610e-02,8.472844616890454761e-01,9.344522776744794701e-01,2.046374831483976919e-02,4.820142042827041395e-01,5.166015463954320985e-02,3.072903123904606737e-01,4.539716553447462610e-01,3.158124191245392787e-01,2.823297797818933308e-01,9.598885398731937801e-01,9.780012069799999264e-01,4.271436550183344005e-01,6.958555133383946822e-01,4.979486754445004992e-01,9.266747719901546887e-02,9.308840041534668375e-01,8.261249163696684494e-01
1.000550000000000000e+05,5.924807200829235176e-01,1.091013420261277567e-02,9.574314521025979463e-01,9.644300202517307463e-01,1.801862780914522677e-01,3.727842599889970021e-01,9.633936911495126765e-01,4.662164391231236049e-01,4.366554401144836506e-01,2.515238926340968018e-01,9.393927828589963003e-01,6.916700089910443605e-02,4.049578038488177434e-02,8.996425589780927545e-01,1.149824062942912395e-01,7.036002014289353124e-01,1.499046323908532763e-01,1.799316679393289098e-01,2.874000755749467340e-01,9.345255366903308936e-01
1.000560000000000000e+05,4.499708599505353179e-01,8.749578927597090328e-01,4.084556886066317283e-01,2.747485072875267553e-01,6.720677208159578919e-01,4.869241670386028620e-01,9.454804391407756192e-01,9.584554853405491404e-01,9.525347273059270314e-01,9.749116427108075467e-01,7.425949740346293737e-01,1.061194966044295418e-01,9.996166801028130156e-01,8.289260612212486778e-01,6.086729787070281894e-01,9.555318324321433465e-01,5.823336452960414800e-01,1.722220941210930167e-01,7.780330798982548757e-02,5.423914005484958833e-01
1.000570000000000000e+05,6.502657727163972945e-01,8.375047544061524629e-01,5.077457934786580029e-01,8.484489693598605831e-01,2.817594421718619957e-01,7.049556310809160786e-01,1.637533604979368729e-01,6.456595255690441570e-01,7.820567508725595474e-01,8.262583281104474153e-01,4.716053178388982525e-01,9.374217716512990295e-01,8.688164277521535084e-01,1.155211591740785693e-01,4.051187555676240004e-01,7.708691416548315578e-01,1.760646149458221510e-01,7.122937235432448277e-01,9.288572037061864073e-01,5.249589147754080143e-01
1.000580000000000000e+05,6.706955182733667087e-01,4.554362411258633392e-01,4.660299488442727345e-01,7.461382809616123879e-02,2.022525640937262725e-01,3.430631807466576477e-01,9.655378160533901744e-01,1.589754718383648013e-01,5.701387026003439384e-01,3.833298078466207404e-02,1.814598752512023294e-01,4.164047606014379399e-01,9.970901432006934462e-01,5.824299013175344708e-01,6.634192798053595297e-01,4.055256522295405119e-01,9.140140616039494903e-01,9.494660804335485205e-01,8.522833084794383396e-01,9.651829217613500100e-01
1.000590000000000000e+05,4.523134688591236019e-01,4.291584327835384904e-02,2.085443314187112041e-01,5.849034955901707411e-01,8.697491681300842936e-01,5.423128568579247410e-01,4.809490899591724045e-01,6.032754281518160067e-02,5.178156663224781076e-01,9.691733018649030251e-01,8.737983772429113172e-01,8.726457470732664756e-01,4.025818666662112078e-01,8.799018135528327011e-01,3.412720456204210162e-02,1.237300978317956712e-01,1.700381560621718746e-01,3.101352913975681247e-01,9.525640133656720909e-01,7.442730766848315582e-02
1.000600000000000000e+05,3.493641854154804216e-01,9.547548055524879285e-01,3.618412776262471819e-01,3.979664850706414736e-01,3.281434881270536286e-01,3.156893483481985063e-01,4.518142448564161917e-01,2.781888799799402401e-01,9.501569468006653141e-01,1.426237709536301024e-01,3.970884640781305874e-01,4.445028794433342201e-01,9.010455791293570105e-01,4.524542915055735914e-01,2.794577825035877705e-01,7.961955662233255460e-01,5.161406853772643188e-01,7.443235220587389733e-01,1.874579380837138043e-02,3.741941164546792598e-01
1.000610000000000000e+05,5.942458527488242437e-01,7.693680801008792036e-01,9.639401633851985007e-01,9.680312273307196680e-01,8.456821420174305270e-01,2.331383072126429479e-01,2.331365425292083460e-01,5.148612655746580558e-01,7.188187146200836208e-01,7.028605761967167131e-01,5.935974312819072285e-01,3.991688223877338793e-01,4.792267043001182669e-01,6.253227198811608378e-01,1.989658170114951830e-01,4.497983620878203137e-01,3.696874568905258451e-01,7.160232015103991099e-01,3.046564739997096316e-01,4.980644151023064792e-01
1.000620000000000000e+05,9.709376349962607344e-01,5.558163402513714990e-01,7.835851112093210613e-01,5.730288177636418956e-01,5.182147554486121743e-01,3.901790163926128763e-01,1.973159243649549310e-01,8.026034564769499724e-01,2.187968520381452509e-01,9.063921483401731205e-01,1.552913354399187984e-01,5.201142724840208675e-01,7.791765803166365023e-01,3.699717861563444066e-01,4.651817006798992793e-01,8.470600741858789196e-01,5.413869206149231061e-01,2.141654766468328308e-01,8.646467955528890359e-01,7.276794095326304390e-01
1.000630000000000000e+05,4.618544694771219428e-01,5.199478313144133557e-01,2.540504873568411037e-01,5.323346660160943600e-02,3.326368312858066778e-01,3.260705257236848897e-01,4.736898478270229473e-01,2.816660885756371302e-01,1.644820973416677434e-01,4.919933307240953457e-01,9.363352126749876492e-01,5.682511533203711274e-01,9.844415503035868209e-01,3.935065131892683254e-01,2.060897130681967893e-01,9.416100944144064622e-01,1.496959144270589848e-01,3.958781449850866663e-01,4.020452947019357293e-01,1.864662912046809451e-01
1.000640000000000000e+05,9.883937552866121079e-01,3.491917317041527413e-01,7.320673901944837469e-01,9.348009037851037206e-01,7.401518954464744171e-01,9.030207073697448239e-01,2.946578299398879830e-01,5.955744116398035137e-01,5.236846722477351834e-01,5.957542080165945109e-02,6.164551341764773484e-01,1.620411438416318184e-01,8.557312094567971483e-01,6.975894947012244440e-01,2.133418802599498232e-01,4.924761065875395971e-01,8.599736975664846739e-01,5.471796138868222359e-01,3.686579583197373555e-01,4.191747158657832539e-02
1.000650000000000000e+05,6.700578651839724786e-01,6.520844027619144834e-01,3.019913704507672936e-01,9.722490894381417004e-01,9.972184248939419682e-02,3.069003726437092849e-01,6.932433878674943983e-01,7.782600842219918880e-01,5.309030058935275687e-01,6.327426087062437698e-02,2.416452910181675628e-01,9.183075384969306976e-01,2.715149386943438437e-02,5.818503704280981736e-01,9.763549761747184474e-01,9.335591723405506359e-01,2.903259176142172215e-01,6.798388709643818917e-01,7.148157934777594757e-01,3.378098122941132209e-01
1.000660000000000000e+05,8.190459128398228650e-01,5.818565648277663760e-01,6.477041267367761312e-01,7.397593797103751978e-01,7.959450541515359356e-01,8.781929330634371533e-01,3.115559468668129828e-01,7.136074764719572139e-01,6.960056580171448681e-01,4.322979432827588342e-01,5.711462883107364386e-01,4.706666362727940367e-01,9.053347230355631714e-01,1.972672497551802850e-01,3.987460850243953470e-01,2.152146201582145757e-01,8.961651965384399565e-01,3.390562535824115376e-02,9.685455915582040776e-01,7.055223406870568814e-01
1.000670000000000000e+05,4.995629238035210751e-01,9.706823747608519515e-01,6.787393766480717128e-01,5.918263155686260824e-01,4.473193110210373913e-01,6.865037639646706102e-01,6.945130748418799627e-01,9.204753721700527080e-01,2.720369690488430026e-01,5.482195647345684542e-01,1.326527332365037282e-01,2.194542785505206872e-01,1.264822065853338229e-01,3.222576115148799714e-01,8.392506132802173280e-01,2.557667001187655664e-01,3.733613374529008988e-01,4.693074495118227940e-01,9.646127869997528359e-01,1.786883642010913542e-01
1.000680000000000000e+05,6.036457431381048178e-01,2.478215082061230312e-01,4.254269299282211758e-01,7.535726792722756695e-01,2.328588922611604106e-01,8.166227222100188587e-01,3.828276485590619282e-01,5.215486867576100138e-01,8.717002701960232525e-01,8.675589600905109222e-01,5.487629740203369133e-01,1.662634053058711370e-01,1.757844020798567941e-01,8.952343063480616703e-02,1.608925533510470185e-01,2.423393422518052009e-01,7.606535637073308376e-02,8.295440319677568342e-01,7.693245229385846651e-01,9.150892250792166394e-01
1.000690000000000000e+05,9.475797652361717116e-02,9.941420455810145995e-02,4.189378228994398157e-01,6.413980426593285378e-01,2.752153938969331692e-01,6.593126499309975852e-01,8.332072291097004646e-01,3.398317144413215418e-01,1.982874692536208405e-01,5.104442644573154997e-01,3.537603650437479708e-01,9.831164026132732658e-01,3.183623178331429493e-01,1.213037418263666067e-01,8.539220148085114870e-01,6.690196103155972018e-01,1.662498659615461172e-01,1.186576049974374936e-02,2.377526003152300449e-01,2.721805385332931593e-02
1.000700000000000000e+05,8.615680941966255002e-01,9.710645674051535670e-01,7.736801669394457459e-01,4.395031474928523529e-01,9.365234604102316007e-01,8.551837678019209577e-01,9.252753835033341590e-01,7.723729830665088114e-01,6.759127133279204669e-01,9.306410525143322676e-01,3.050396203914075288e-01,2.650379560792580635e-01,6.361525481709140450e-01,2.547241424021740031e-03,5.295111925037353506e-01,1.469656829564588429e-01,7.122282046159842395e-01,3.325302398117706559e-01,3.849878383048332964e-02,9.873973290608684117e-03
1.000710000000000000e+05,1.474959190578614132e-01,9.185495922256936563e-02,5.114808728414842465e-01,3.648812537733046035e-01,9.462358182777186322e-02,7.377483688324012467e-01,3.300411442285017261e-01,5.963469494916772140e-01,5.496270021385645244e-01,9.505825565166118318e-01,9.690645937495041551e-01,9.464122381703219400e-01,1.493491320080323481e-01,1.481221355261824746e-01,1.070837095202381573e-01,4.843862638969657075e-01,4.795466022542819173e-01,9.608542701638608241e-01,4.172747863375917410e-01,7.807015105518954057e-01
1.000720000000000000e+05,5.469479521227471608e-02,8.193240793950052892e-01,3.958175882788466105e-01,4.949074462041452849e-01,2.539597917828337881e-01,9.241248193122540977e-01,7.588592726118679188e-01,6.449342844234113858e-01,5.747475452112125183e-01,8.073718208334128565e-01,7.953593927420319343e-01,8.831558777076884414e-01,7.522574299731299430e-01,3.267567203416196220e-01,8.629706115001258837e-01,6.591233746958654605e-01,3.173219576108660123e-01,8.005697487949436919e-04,2.947397735513401784e-02,2.822219151260039194e-01
1.000730000000000000e+05,5.177138428098292389e-01,5.351032654932946775e-01,1.936811300522699453e-01,7.963147053460587488e-01,8.169794431733475859e-01,3.959806179698426298e-01,4.514191081743696987e-01,5.814685476029447520e-01,2.288504213031166135e-01,4.299356018664272083e-01,8.959022212384493145e-02,6.550206010106259802e-01,8.440860422334504065e-01,5.239188560150067620e-01,2.952375388603543094e-01,3.771094414322050392e-01,6.124442425593211725e-01,4.673385753857153269e-01,3.100363189613428716e-01,8.617657227415937982e-01
1.000740000000000000e+05,2.193957556423106192e-01,5.255501159134686739e-01,5.957007512106389235e-01,6.061977607489417164e-01,3.777294488003901662e-01,7.269321303924004551e-01,6.787944728164274633e-01,6.641298347551026771e-01,6.907811669315501168e-01,1.966298002009054802e-01,8.835165047879208755e-01,2.703887159934934559e-01,2.388391545994416054e-01,9.176599920337678018e-01,8.779692745953948663e-02,5.057645701251390902e-01,2.557109521081352144e-01,8.220608473214162659e-01,9.650140842970577060e-01,2.827142356103222731e-01
1.000750000000000000e+05,3.048329045838223950e-01,3.095751474210300946e-01,7.649259164619954809e-01,7.745612175836666946e-01,2.476111308132344924e-01,6.833401222590863577e-01,1.521203522909089223e-01,4.182283409267955054e-01,3.992467716683543166e-01,1.415797028684822045e-01,6.664631837656420643e-02,2.602824733179700534e-01,4.001889222076248087e-01,7.243284724303782340e-01,5.868477463327937960e-01,9.597108566696720411e-01,1.665736192304159147e-01,8.129739622163340007e-01,1.777651653192726666e-01,3.203470395124297099e-01
1.000760000000000000e+05,7.728843310382716991e-01,1.431245220193849699e-01,3.322839402600457070e-01,1.650158969818941168e-01,3.856003994821020076e-01,7.682828795303419112e-01,7.124321155601646138e-01,2.055768886847149091e-01,5.688164588900026519e-01,8.531360873843030213e-01,2.198196245160015661e-01,7.875820684751485556e-01,6.862392548697306971e-01,8.916982707112820483e-01,9.959698673360595222e-02,3.231952844920601420e-01,2.822268187031917730e-01,8.247712141221885673e-01,8.054373985586511520e-01,3.205332942433050114e-01
1.000770000000000000e+05,8.944685542765036246e-01,2.641279310884340203e-01,8.219363090271936123e-02,7.513113624923695166e-01,9.709012154317137044e-01,2.203957886559759771e-01,5.883275514327493960e-01,9.056723154174315393e-01,6.395841846378722551e-01,3.096963832859549459e-01,3.156224882337095305e-01,1.591648026260192861e-01,2.401807469349809265e-01,8.214910092098636207e-01,8.224026273378596263e-01,1.713231361612127523e-01,2.338946218409675426e-01,2.454030561338873540e-01,6.751317774701041108e-01,5.430641285477166846e-01
1.000780000000000000e+05,3.731357668195844912e-02,9.366869553406732551e-01,1.933499487647530879e-01,4.081345589692242370e-01,1.893667975307593565e-01,3.530883146322050248e-02,1.204910734684770945e-01,2.858611580772447702e-01,5.175696124121064168e-01,1.869447529986600909e-01,8.218730892852922354e-01,1.345485227836903386e-01,1.871562987258701405e-02,3.411329956204018909e-01,9.799652438795837250e-01,8.314600186726511799e-01,5.075001136171075622e-01,8.781394165216634962e-01,6.369102458940302247e-01,3.424785773428420388e-01
1.000790000000000000e+05,3.307372745574811423e-01,2.553196726574470388e-01,4.412142725277655719e-01,4.618578294088870884e-01,7.414954275674545681e-02,8.836633278462606711e-01,1.538816994731826426e-01,2.962124051181338480e-01,6.965847010602230771e-01,7.249524093111858747e-03,4.954190036228155458e-01,3.422469504311592692e-01,4.592431160811384361e-01,7.689708129607342180e-02,5.711055646325013946e-01,7.500272811740871237e-01,6.178253143220620025e-01,8.225414967670182653e-01,5.851393887697838858e-01,5.696969246038119383e-02
1.000800000000000000e+05,1.332758829753674101e-01,5.785702342744306614e-01,2.237201648810296373e-01,7.919280289267138784e-01,9.844815642533177869e-01,2.778745943100191518e-02,7.872413510195502839e-01,9.244536453513055863e-01,2.356752913363244772e-01,8.395148986366575139e-01,9.043133587673007900e-01,1.880645334313346684e-01,9.546806243151991778e-01,1.729994876603651033e-01,6.286218534883911691e-01,7.551530629658181892e-01,5.280802814923466482e-01,6.655941695258077440e-01,7.311955482680602136e-01,6.239456868363868480e-01
1.000810000000000000e+05,9.019113188630221156e-01,6.683829624032173733e-01,2.628342839088333438e-01,3.089556019480083071e-01,8.126612070495776718e-01,4.182844911541325761e-01,7.957747075690219107e-01,2.577386522648794642e-01,8.576737090438920630e-01,1.652719826324374752e-01,8.768320149705615130e-01,2.962035554075160837e-01,6.458635945685617941e-01,9.150940625461579936e-01,4.971002031246666286e-01,6.667169564741783905e-01,3.577900498582342603e-02,9.296232720310202424e-01,9.785410754343601969e-01,5.056555538246660930e-01
1.000820000000000000e+05,5.490915117169802295e-01,7.659703515307629829e-01,4.168262945062259917e-01,8.917845620949077512e-01,8.871241104029881086e-02,3.115706875972190648e-01,5.170095265111502858e-01,9.548654219519718822e-01,5.734223990346267730e-01,9.865938524502092521e-01,8.341538233498144717e-01,5.622584513228351399e-01,1.883399165420007737e-02,6.762569712106769604e-02,5.386278497200831517e-01,2.501400562744774403e-01,7.626927498040571018e-01,3.149923518597463890e-01,5.649788670259323631e-01,5.917581547605793579e-01
1.000830000000000000e+05,3.870298623740470179e-01,9.661334939680420453e-01,8.840692237350795679e-01,3.533253919538631438e-01,3.503059865817381713e-01,6.613302034743289148e-01,8.658146618387134730e-01,7.233088255650721443e-03,5.468262098686249573e-02,4.847480834375825776e-01,1.668318645191644300e-01,9.843401158550512120e-01,9.099607839884082949e-02,9.131934973011475165e-01,5.427573688875136915e-01,9.480186929081629854e-01,7.063093472373058734e-01,4.948707605240248997e-01,7.016970295814641823e-01,7.026962771967737442e-01
1.000840000000000000e+05,3.595093312684013442e-01,2.793800234257977078e-01,5.268033499012780840e-02,2.554894715724529419e-01,1.947859555262352327e-01,7.260908037923380354e-01,3.506745291474975268e-01,8.065833932762699332e-01,7.334629391902793838e-01,7.718308531220277047e-01,7.034461216771946690e-01,8.138598879145643172e-01,5.248528934323856143e-01,9.277095091685592099e-01,7.485600056461405583e-01,5.593586598823441225e-02,9.498167738372244040e-01,6.365022772286073049e-01,4.685438533033078334e-01,6.839178968423009763e-03
1.000850000000000000e+05,6.874824610556402593e-01,6.446603260760033205e-01,7.599294027337267776e-01,8.994995906892236937e-01,2.465719440222623460e-01,8.267641274564744291e-01,3.261457547615994601e-01,8.087224397385263108e-01,9.103047367097873988e-01,2.072537226327247906e-01,1.602996955084934338e-02,3.084445365558402541e-01,2.959273518049964080e-01,2.516720261485474452e-01,8.339314955434645737e-01,5.169920717363417628e-01,8.477367533790867160e-01,2.694148245297780520e-01,2.378281765658017965e-01,7.022934237268450008e-01
1.000860000000000000e+05,5.222575025562357087e-01,4.759665780040391869e-01,6.021834559308916202e-01,9.857101971058975787e-01,4.502456775165312175e-01,9.291362069168632720e-01,2.559429484701849500e-01,2.491882761092145682e-01,4.431223507738490941e-02,6.927668310223944470e-01,8.022815362836185349e-01,8.232696265830141691e-02,1.847271211502767851e-01,1.859482612009158986e-01,6.535179268491106974e-01,8.730932633173853485e-01,7.792317280611162911e-01,4.357013702779612974e-01,3.676241720892685638e-01,1.795200461700086070e-02
1.000870000000000000e+05,5.559302899104756612e-02,9.518189598483003389e-01,6.081043263471848093e-01,6.555323796886929344e-01,4.642334588684102759e-01,5.119270598663983041e-01,6.773634988637941001e-01,6.904337216717519876e-01,6.612535451637038264e-01,6.898175565768394080e-02,7.496415355231751398e-01,7.417517086966927131e-01,7.633823229044156555e-03,4.193308341912433956e-01,8.511221693262404075e-01,6.830791692383070268e-01,4.751917405039373099e-01,7.367507539874950107e-01,2.965660854069214203e-01,9.926153636633796573e-01
1.000880000000000000e+05,7.754988692746653811e-01,2.293948269179935107e-02,2.268156288015069633e-01,3.065752074515737391e-02,7.012079033037516007e-01,8.855704788076301792e-02,3.935098424915969284e-01,3.448589959799589488e-01,7.886907188098161159e-01,4.833551631503540946e-01,4.228470766128094027e-01,8.219569633593898361e-01,8.267903711228998809e-01,4.062504323789603022e-01,5.066312142268026841e-01,6.254917740716658958e-02,1.398275918873538304e-01,2.140716302213021560e-01,5.583205524271157572e-01,7.605256075998934051e-01
1.000890000000000000e+05,1.629500968108488212e-01,7.307481549979608637e-01,1.921768571022113292e-01,9.633227223695494112e-01,9.202864075059228322e-01,9.137887083331462934e-01,3.497363400756117180e-01,3.145655692245921120e-01,2.801529803727501600e-01,4.780677459820560360e-01,3.305018599729103723e-01,4.986104242048577939e-01,1.560426880110552528e-01,3.131548532715745514e-01,3.173029579136577016e-02,7.762132271755552981e-01,5.090923317013362759e-02,3.437272900348349314e-01,6.062096207443944396e-01,2.347811826278932701e-01
1.000900000000000000e+05,7.895454095585636711e-01,7.390734423820348731e-01,5.181546122838622814e-01,2.086954180764853950e-01,7.802139422731853013e-01,1.831611252671365708e-01,5.416930543033529055e-01,7.299727432806220051e-01,9.974710585658173034e-01,5.498734371842685098e-01,4.341955353158123421e-01,4.081668975821297618e-01,5.443680580352674436e-01,8.992587828424561947e-01,2.705687554912885595e-01,1.938982511276511334e-01,3.437026335956725465e-01,7.832139540719476045e-01,1.875792210333078192e-01,2.562792637056656719e-01
1.000910000000000000e+05,4.591159201598394857e-01,5.360609584613343914e-01,6.633273855092916005e-01,3.386808063130637425e-01,1.252400957955189797e-01,9.411101240563064518e-01,7.031045940432555374e-01,8.462836380914081635e-01,5.279688091376533166e-01,8.662548241351706313e-01,6.112000594119748609e-01,4.504820587215128125e-01,5.230569179717649009e-01,9.298486391856591871e-01,7.602967020041239143e-01,9.260612002466171999e-01,7.052128128169448118e-01,8.829896296340977724e-02,1.435764036187271442e-01,5.001065105475804851e-01
1.000920000000000000e+05,3.705492877854137390e-01,7.697392089133536786e-01,6.109780124103620924e-01,8.664646566966240915e-01,8.723799451754155054e-01,6.395657609774408892e-01,4.283938269163032331e-01,2.934126758178033922e-01,4.237389660519528256e-01,6.193829862565390920e-01,6.937493975424758874e-01,3.358215730090938766e-01,7.802821338330538925e-01,8.772086441052677763e-01,9.635269032158505498e-01,2.646410732318993375e-01,9.705665066697227727e-01,8.165387374939910847e-01,9.242648390056910079e-01,1.918581110704498105e-02
1.000930000000000000e+05,4.116345084372169394e-01,6.043768997080116723e-01,3.780620589225087702e-01,3.685013948641928661e-01,3.852604187734366414e-01,2.858134579560404065e-01,1.228969215233955969e-01,6.982008541958333314e-01,1.473724872230551819e-01,9.941212162855497247e-01,8.269533876862628086e-01,7.931192112457869925e-01,7.012814570274110704e-01,9.613076661490553843e-01,7.773670805672606710e-01,2.158091233846858303e-01,8.258222690834319257e-01,5.257711174741982463e-01,2.371228064211587938e-01,3.848559981958562526e-01
1.000940000000000000e+05,6.713562757716567964e-01,1.377584088159233833e-02,4.771156041721436036e-02,3.294691872895838536e-02,4.080172755313342670e-01,7.286708037373250679e-01,6.469846311507907455e-01,4.535115161878369161e-01,2.951779358596965386e-01,1.015136868764783262e-01,3.122486762536007543e-01,1.923106592411936155e-01,6.298247475628507841e-01,2.459763644573893515e-01,5.857283213054802484e-01,7.332625123533765832e-01,2.814102588012546979e-01,3.569343603565878764e-01,2.373541063968357401e-01,2.006330583499208453e-01
1.000950000000000000e+05,4.973665650846792463e-01,6.610097097268974320e-01,8.971231995462591868e-02,1.244095598286287796e-01,5.353336459289481652e-04,1.444507798556827760e-01,1.033650736449454044e-04,2.148153799700389666e-01,8.805902184601865912e-03,7.713093118004148430e-01,9.373461110280659758e-01,5.554423409207298601e-02,6.715342351236810448e-01,3.642239476026306599e-01,4.905462632423407410e-01,4.401770211794623355e-01,1.633972037215716266e-01,9.681592606237572340e-01,7.392772335487215463e-01,9.184400743153198210e-01
1.000960000000000000e+05,2.195882415516627884e-01,9.441717390785332453e-01,1.834208706324940152e-01,4.492942316971183514e-01,7.692124371124343662e-01,7.024086181975393028e-01,8.457221142572490802e-02,5.508350663825393179e-01,6.181557079553110512e-01,3.525845954522527359e-01,6.747051636197094471e-01,5.779658930693291063e-01,1.729997845949267088e-01,1.568605559398192906e-01,2.596767018412954320e-01,8.113347751523877216e-01,2.914050712032234536e-01,8.299280330396271443e-01,6.913495148906156906e-02,6.634123338138422366e-01
1.000970000000000000e+05,6.874944233574709074e-01,4.888079802599222257e-01,6.983516876160595910e-01,7.677782712872250892e-01,2.063985343165802844e-01,4.416162819892924807e-01,7.420830439520862409e-01,2.661189419571255987e-01,5.499627060691141267e-01,4.751452811291622114e-01,9.170269354990314703e-01,1.492675219336501158e-01,4.777870730524119702e-01,1.734212447276477498e-01,6.097087387983195494e-01,5.706356107791140664e-01,4.807675351365324756e-01,3.814378243471461261e-01,6.864337707711174463e-01,7.048687615839310805e-01
1.000980000000000000e+05,4.511339728896421875e-01,7.385580139738392447e-01,1.714075696844128416e-01,9.322514631797771401e-01,1.536749021187638897e-01,1.170060587603356517e-01,2.363041775261254251e-02,3.858095746930123582e-02,1.669180088114581295e-01,3.691750045847476125e-01,4.174950957630417792e-01,9.758986004847114426e-01,6.215916804003281948e-01,2.232058443220000798e-01,7.138879778807052379e-01,4.888778560549658092e-01,8.503886552957330425e-01,5.347585579165233804e-01,5.763874858992930061e-01,4.239168540372367788e-01
1.000990000000000000e+05,6.767347941134324030e-01,2.512851730252324556e-01,3.185460258320490512e-01,4.579422453573837037e-01,3.363638878721770809e-01,7.298961581902022600e-01,1.660589553972975363e-01,4.349488312717149086e-01,3.106807118320273897e-01,4.111472198562144964e-01,1.185792433239571952e-01,4.156527711382986823e-01,2.971398429870847346e-01,1.589498045755161071e-01,7.402986876613417699e-01,2.226281011135914367e-01,9.573505299599766039e-01,6.283616286950416407e-01,7.155082360111347795e-01,9.117977015971595600e-01
