4.000000000000000000e+04,7.454834155417319197e-01,1.140593785095590507e+00,7.237691042539986519e-01,1.460571149303092398e+00,1.883785523233553860e+00,2.026658310603708824e+00,4.430513063971745602e+00,4.565355583671180106e+00,5.636968366952040732e+00,6.428991889862615494e+00,3.189676699855004127e-02,1.056824808512245539e+01,6.527170396787669304e+00,3.238871411356085250e+00,6.178339780671805670e+00,1.141712635521318653e+01,8.783245450388025288e-01,2.565300170774337918e+00,9.892439733219242637e-01,1.838213816397842848e+01
4.000100000000000000e+04,8.701185923262951816e-01,7.946326236666771958e-01,1.029130381826610652e+00,2.969465534544835972e+00,1.004355016907670262e+00,1.528298737095272086e+00,2.431140033669117795e+00,3.226158519420772031e+00,8.717543432407037329e+00,4.407394539599546412e+00,2.828545004319363843e-01,8.834038340608161732e+00,3.479765322341791922e+00,9.194776259107829475e+00,8.941293962238885840e+00,8.251898077090743300e+00,8.274002569277771890e-02,1.235497443025255393e+01,1.873240321398731822e+01,8.304529887179015191e+00
4.000200000000000000e+04,9.520318883874724358e-01,1.916154902244430636e+00,1.530230017995438674e-01,6.586129094341530710e-01,3.571704292769227962e+00,3.378203253891996827e+00,2.932076644969804136e+00,6.613855567752464637e+00,1.542225065086592739e+00,7.791556846633262978e-01,9.700104660823189562e+00,7.834582559381724209e-01,6.505736212978323607e+00,1.252902525619473240e+00,1.458935885244446418e+01,1.066614185754017363e+01,1.057061921759101430e+01,3.607685662341427069e+00,4.761958858951599538e+00,1.587109118721700440e+01
4.000300000000000000e+04,2.259904968647161727e-01,3.988140922528773391e-01,2.705939718962707463e+00,9.697554980694977900e-01,3.557791945152968704e+00,2.987799236178712015e+00,1.572343851704487872e+00,2.668155670050119888e+00,3.170498913335866753e+00,2.016200493456218545e+00,6.628360031456203005e-01,1.154935700548966082e+01,1.050343119244885415e+01,2.172800004176037802e+00,1.274082130616991648e+01,4.101699345020467291e+00,8.837476468148977915e+00,1.544909935087366115e+01,1.594949385197217318e+01,1.770493983394764470e+01
4.000400000000000000e+04,3.857762324492634010e-01,1.893500954771893063e+00,2.389675907625116835e+00,1.136663325871578589e+00,4.889654275021028340e+00,3.121022405178013770e+00,3.891637217264811710e+00,3.865596416174615690e+00,3.919829304637656442e-02,8.032559062462933497e+00,3.131664071704371999e+00,7.400928291592679287e+00,2.299185201195438566e+00,4.938458629249662835e+00,1.405257333666489572e+01,1.139668708753841564e+01,7.392236105613730679e+00,4.634681078393764864e+00,1.499283036021187066e+01,1.571243050367048255e+00
4.000500000000000000e+04,9.427761400291334581e-04,1.932275352682342628e+00,1.337740794066729411e+00,3.344858869214778263e+00,2.921617682167869212e+00,2.208213415585409400e+00,6.503596137667271293e+00,1.483239953419742463e+00,5.715354500142360905e+00,3.112137776008137013e+00,6.890291683412529622e+00,7.314386391878055171e+00,1.035703369422875753e+01,4.744485216768173252e+00,8.287159910384129802e+00,1.339399929901088271e+01,5.405426627746068746e+00,7.526599290257093067e+00,3.775817915415344839e+00,1.584794176781776187e+01
4.000600000000000000e+04,4.662407310508639435e-01,1.225941647521776812e+00,2.332254528800302928e+00,9.377233287770625481e-02,2.497136100496674782e+00,2.066798913133267135e+00,3.322119852475103219e+00,7.724520820029514567e-01,2.734275615713871233e+00,5.114115447249356627e+00,4.508139255026567760e+00,4.536091254920776805e+00,2.849016385052953737e+00,6.021667973372105465e+00,1.068647414136319540e+01,3.002430241808960787e+00,1.490617938838750511e+01,1.460267662769391528e+01,3.064754306677056395e+00,4.233770758368260445e-01
4.000700000000000000e+04,2.802004642302233783e-01,1.133319199919982978e+00,2.897608142197533709e+00,1.819397489263481216e+00,1.200496055720944311e+00,4.072091559824442264e+00,1.449835322576739527e+00,5.630970509804382296e+00,4.272214194572550916e+00,5.967247764161454082e-01,4.153371607656532127e+00,4.937789246316279801e+00,8.255389277869715769e+00,9.086741124078105969e+00,1.486838064477303689e+01,8.028156816651176086e+00,2.562137337138839399e+00,8.472085894274510309e+00,1.180342343121554549e+01,1.859983008334796750e+01
4.000800000000000000e+04,4.733858237045442952e-01,1.312570821651015684e+00,2.904849874016959710e+00,1.161126407430220553e+00,4.050353152844997418e+00,6.780933559046047332e-01,3.025558514756272466e+00,6.184219463925432869e+00,7.326712099462484140e+00,5.415627223966176018e+00,6.105093427862063216e+00,7.567923170187147441e+00,1.151158883384150844e+00,3.688170167776770647e+00,1.320524159293878697e+01,8.449602126686162507e+00,1.584183668552099356e+01,1.785916566790155713e+01,1.496200858516596099e+01,1.554690307833040919e+01
4.000900000000000000e+04,9.015103874588011879e-01,1.182209695740433775e+00,2.453589559141487353e+00,3.985370252870746199e+00,1.786630710172948389e-01,3.683109250579154725e+00,5.104339829034878484e-01,7.029628086870446602e+00,8.418049730110109152e+00,3.906073152687717709e+00,1.531615787553061159e+00,1.167233222873326426e+00,6.884766492685733930e+00,1.740716808725103260e+00,5.556239185168690753e+00,1.124071872944668016e+01,4.843252202686234575e+00,1.200859467344842990e+01,1.079302533439538525e+00,1.895304359898720392e+01
4.001000000000000000e+04,5.220223658304748993e-01,1.470960976787083041e+00,2.337594686989197257e+00,3.406381373719916450e+00,2.589991870069874302e-01,3.774159163082371204e+00,5.776286838538615243e+00,5.609983252608206072e-01,8.029526974192817690e+00,5.206560292122299316e+00,1.068076828992662186e+01,4.023452767994264434e+00,7.923214995450531539e-01,8.980526498725717843e+00,5.593838126578659420e+00,1.513722913944689275e+01,2.645256860660237130e+00,6.141015778710321449e+00,1.597378932657198725e+01,2.680361373241932910e+00
4.001100000000000000e+04,7.870934192137595264e-01,1.998161635518637125e+00,1.893239349331103494e+00,3.854206353845018640e+00,3.208489837946706835e+00,3.739380211680596755e+00,4.366665234068415558e+00,1.624121493448970277e+00,8.396691123001083668e+00,1.720880410299931995e+00,2.892480057507055946e+00,3.897192047740396958e+00,2.100191253103639077e+00,2.212343945424222191e+00,6.065843776516355312e+00,1.538088609404993612e+01,4.372416674716793850e+00,1.396056393216901004e+00,1.589871380189644690e-02,9.062478292494200005e+00
4.001200000000000000e+04,7.223488441612269106e-02,5.328463960476319539e-01,2.512890369777193822e+00,3.309745106408415793e+00,2.393589585164443534e+00,4.126029197595967091e+00,1.746064993029142087e+00,6.078003282016140929e+00,3.684847805923697095e+00,2.164464797087761738e-02,9.693349799786615151e+00,5.632270554842980559e+00,9.408600275033180083e+00,1.301938904483552406e+01,9.908732609035274308e+00,1.344186757397551801e+01,1.329052927163974385e+00,1.624130201419827912e+01,1.453632787501106094e+01,9.566969693123530405e+00
4.001300000000000000e+04,3.618756003576086844e-01,5.919892681118359423e-01,1.018160906712190616e+00,2.738481234684568388e+00,2.370048175161501902e+00,2.210809366729781900e+00,1.296861418484232864e+00,4.444934084822163456e+00,8.350477064762950041e-01,3.658491138031449985e-01,9.929588562662987172e+00,1.556302914904803991e+00,1.209375576586937662e+01,3.125259100686010427e+00,1.270194145857515622e+01,1.028407433377893021e+01,6.498784920119026864e+00,6.227675784174800278e+00,4.764132037426833222e+00,1.482144194666569348e+01
4.001400000000000000e+04,2.404013953198979037e-01,2.149429554819395349e-01,1.836242768858771246e+00,3.028016356881955584e+00,9.752873318517646384e-01,4.742714227065603971e+00,5.261102001785157078e+00,1.240129911194300938e+00,5.846832730939718559e+00,8.830535400658540368e+00,2.441933383133425561e+00,1.607567443635434579e+00,4.807338608537232716e+00,3.882033050544130059e+00,8.963038183918401458e+00,5.739723577253386111e+00,6.886461470811263474e+00,5.317661696576456265e+00,1.770388986008128995e+01,1.211739879018368171e+01
4.001500000000000000e+04,1.337349139159926814e-02,1.610424267770727225e+00,1.088866375247588003e+00,2.664980356884179002e+00,2.898763188367406762e+00,1.713908914303379216e-01,1.766497284765483844e+00,7.900262321292592205e+00,7.027324715466018112e+00,4.112220111119579968e+00,8.378016716163971367e+00,4.491242231639519744e+00,1.756002602785330602e+00,1.026366251081930159e+01,8.644045871976423712e+00,6.140525466064142179e+00,1.439470407120714235e+01,1.504134346042616599e+01,9.592158882624708838e+00,9.859385286582945440e+00
4.001600000000000000e+04,8.278595032105783291e-01,7.155393850373683584e-01,1.012612218461620195e+00,2.377012750436747979e+00,4.499208652189030211e+00,4.081920393967111149e-01,3.706925341646682526e+00,5.457522859618041622e+00,8.233306460570354091e+00,6.002276916988621203e+00,6.277769778494226571e+00,7.835233711534692169e+00,2.864174439369918890e+00,5.773337154614178957e+00,6.956378104440761767e+00,1.054244652943791394e+01,1.061255384650566569e+01,1.449751654314662463e+00,1.597359372259468024e+01,8.883032650228191329e+00
4.001700000000000000e+04,1.282731955003276747e-01,1.975754413771057871e+00,1.191431438815867772e+00,1.119022546699330434e+00,1.071665591207215940e-01,5.862509827524607253e+00,6.633392640399219609e+00,7.719777307588429061e+00,8.973053007295304084e-01,3.086883392603122722e+00,3.211406048154703985e+00,2.604930045838254937e+00,6.899874209731853725e+00,7.684570880675096305e+00,7.938382438099074179e+00,1.457275893182776905e+01,7.182790956274488714e+00,1.117972797692345210e+01,7.978469338506906539e+00,5.701017541692192658e+00
4.001800000000000000e+04,4.589714755918100630e-01,9.881773574722900744e-01,1.545110539977884168e-01,2.939838528594356681e+00,2.518385910622172652e+00,2.040306085688149196e+00,6.974855444638213164e+00,7.393798556435283054e+00,2.643408598369263895e+00,6.976949545628191807e+00,3.150900914492284599e+00,6.558274194927721013e+00,1.191290134109390664e+01,8.123957242970936576e+00,1.322774339945528288e+00,1.236117612257699960e+01,5.797495001567962269e+00,1.762204013340572928e+01,8.893295146155046904e-01,1.806525716613472099e+01
4.001900000000000000e+04,9.336963014591509458e-01,3.536626145156134271e-01,9.974811186795382589e-01,3.527296590185929670e+00,2.639565821025919412e+00,2.510008183425483708e+00,4.923471275569615280e+00,3.609384752322642775e+00,5.017780891459164394e+00,8.062676424693494326e+00,6.732995436768561603e+00,7.616338896669818226e+00,8.492483826372094313e+00,8.147060357062752445e+00,3.342868171922182441e+00,8.597008003494030604e+00,4.154826662729078635e+00,1.268139372296763234e+01,1.170829910198054513e+01,1.967337516034990941e+01
4.002000000000000000e+04,9.116892578982666029e-01,5.080106216536999231e-01,1.585016920299458398e+00,1.804967963005587261e+00,1.206481878680329967e+00,3.167482761394728286e+00,5.288320105852221786e+00,2.609736239241604139e+00,2.420477597476686338e+00,9.938594927421981140e+00,8.263183065963584539e+00,4.109321283962563243e+00,7.467896086912783282e+00,1.019466219132410956e+01,1.339143272381909355e+01,6.331539667182164877e+00,1.621905960006625591e+01,7.469722142816633159e+00,4.410636103362461924e+00,1.755113204456579012e+01
4.002100000000000000e+04,9.110771052847674856e-01,5.535957909781912267e-01,2.284621476903520687e+00,3.354138870444758780e+00,2.528800858804522989e+00,3.996481677716671399e+00,4.096495320951241581e+00,8.794950306957955988e-01,5.121357796356796221e+00,1.100742637510258026e+00,6.556859419936030164e+00,5.109857921189611574e+00,1.287154558849648822e+01,4.248166133323934446e+00,1.341348873028660194e+01,9.474625106979202016e+00,1.650911360369514114e+01,4.359710836697275660e+00,3.739311907177359728e+00,1.565837791064315709e+01
4.002200000000000000e+04,4.833070344462198076e-02,1.940201760031427636e+00,2.116382421794633206e+00,5.905264095578321992e-01,2.067404462259524678e+00,2.368786650902413804e+00,3.841800505930279996e+00,5.188392705263554561e+00,6.053788145710178981e+00,6.703168129592979696e+00,1.982082766319779532e+00,6.399102932040762859e+00,3.126027004367435413e+00,6.974022057047568168e+00,1.491840513231884913e+01,3.000987131992685519e+00,9.910057466706515328e+00,1.188347832833499096e+00,1.226871668761233991e+01,1.384396685509510760e+01
4.002300000000000000e+04,6.786749365176952820e-01,7.631652104926045510e-02,1.210561312142092394e+00,3.691131573862744375e+00,4.010533500271478147e+00,2.964642041203993550e+00,6.718912563419330297e+00,3.430931357783200575e+00,8.904911243567072532e+00,7.207528056049970822e+00,8.486335003302846403e+00,3.431232989989561943e+00,1.293940783114463677e+01,5.910216806197094996e+00,2.240687999173791578e+00,8.061825442213832460e+00,7.966206160611530862e+00,7.299266510203321623e+00,1.598549188061939219e+01,5.302005976527317088e+00
4.002400000000000000e+04,9.067685164179862811e-01,1.992427816164484389e+00,1.294432360338120258e+00,3.607640976259475440e+00,1.507077501926031182e+00,5.487679807071181415e+00,3.253163356868732148e+00,4.148012081295727960e+00,8.073655844689188399e+00,8.283908780374231284e+00,1.013065561384501834e+01,5.342185329084170320e-02,6.636018173993954328e+00,8.123487842738330578e-02,3.936114099146781786e+00,1.139537969026371833e+01,1.369009749888453031e+00,1.612839208036988836e+01,1.670922944764015128e+01,1.509615784141087325e+00
4.002500000000000000e+04,6.687344468309484036e-01,2.249784597619690629e-01,7.590406464997829783e-01,2.723091358749464508e+00,2.658262719052884471e+00,1.898487133193248688e+00,6.895284555892800427e+00,5.235335352461367719e-01,1.039948071667134988e+00,9.150284782181953958e+00,7.244884117481707797e+00,8.410629109169873274e+00,1.168681560141282461e+01,5.990920676021668001e+00,1.083935616560884441e+01,2.382386934680763346e+00,1.337530296450589073e+00,2.881244531374965945e+00,1.732303621077072364e+00,8.695024988745068129e+00
4.002600000000000000e+04,7.931260132270158136e-01,2.283739901976133968e-01,1.984979876713959035e+00,3.926250779187558937e+00,4.678125400971850922e+00,2.380837833326134856e-01,3.912059927911585966e+00,5.916781675331104218e+00,5.283977641762391819e+00,7.170197007578105186e-01,7.994146824681471308e+00,4.192894337279858163e+00,4.171260921737159677e+00,9.890396231471424215e+00,1.486671985561407006e+00,7.432115121412341097e+00,1.088074623055782553e+01,5.030424766006467152e-01,1.402743334558290478e+01,1.454107927273694756e+01
4.002700000000000000e+04,7.644619437569248888e-01,1.009912409982050008e+00,1.365259776086280574e+00,1.914096167519944824e+00,3.254157110072884329e+00,5.804690177710758014e+00,3.935905226501439369e+00,1.503143837243082537e+00,1.185811034174980350e+00,2.763491306080626764e+00,1.026847149670864567e+01,1.047418785422917153e+01,5.750185736705921702e-01,5.402780581840614715e+00,3.653243788899450006e+00,4.518059697723536772e+00,1.158324288882759490e+01,1.294702326141398707e+01,1.671432435848299036e+01,1.183240140139690411e+01
4.002800000000000000e+04,3.995366846341937839e-01,1.487066060464276029e+00,1.677563524950537399e+00,3.917218604459983045e+00,2.175382101615874308e+00,3.398178800854629422e+00,2.461390935617886022e+00,4.354876730557788456e+00,9.441982796617867102e-01,9.914453879105902701e+00,1.317202759380527999e+00,1.008986686246642428e+01,1.178395488992262408e+01,9.157311715908109662e+00,1.135115984047847526e+00,4.489451921580396743e+00,3.608787339100012037e+00,1.726106941076354673e+01,4.661724944309932894e+00,9.854371439832140922e+00
4.002900000000000000e+04,2.319126077011798293e-01,6.843049920448434076e-01,2.424182449090498626e+00,1.232429505104019718e+00,4.085997249366005057e+00,4.676924849863847378e+00,1.779119071709625022e-01,3.551777421933084433e+00,6.113282708698948298e+00,7.356251995302232061e+00,1.130888049032015674e+00,1.139457737817874516e+00,1.045829778306757873e+01,4.942449454827952948e+00,2.638241579667706116e+00,1.567370332920823195e+01,3.609594709660694178e+00,2.068982141729557078e+00,1.848388135045141567e+01,8.361920846587754141e+00
4.003000000000000000e+04,1.956337797015105240e-01,4.184623148181065844e-01,2.898557038090225024e+00,2.982690315974886541e+00,3.471499994624765995e-01,3.475603434299798788e+00,2.304278105770823259e+00,1.926157868464617451e-02,6.292747617203957589e-01,7.436579873855908573e+00,5.684918328670959475e+00,7.747084567791562293e-01,7.203765468815900519e+00,5.278011215621670082e+00,9.252652200663987969e+00,6.900440445867136674e+00,1.153410867703111542e+01,9.385505422764083505e+00,1.450862878005116841e+01,1.203577971615827913e+00
4.003100000000000000e+04,7.547689358681229921e-01,1.515095590238790813e+00,2.317943159689789034e+00,3.251540556912314806e+00,2.647369365928171625e+00,2.446044662227653710e+00,4.584608429601116697e+00,7.955418765216473176e-01,3.034203475338345779e+00,3.550820226098584165e+00,4.139038167937465040e+00,1.885023284115954212e+00,4.693607897983811839e+00,8.727475086728231801e+00,1.327943292870647340e+01,6.667976581517859103e+00,7.224334523621946502e+00,3.865728167598390996e+00,1.497457511703498945e+00,5.460269197318359247e+00
4.003200000000000000e+04,7.644150049022135907e-02,4.860317900424397930e-01,2.822544655461708629e+00,3.725571485866792987e+00,3.040760480885469352e+00,5.349616664042426972e-01,5.744772462619675224e+00,3.892461800210177181e+00,4.588430592944613196e+00,9.817215833786615775e+00,2.182333238198001624e+00,4.413751159563847892e+00,2.215382596804798432e+00,8.293047479865432337e+00,1.120064171358145622e+01,1.290782696446820843e+01,1.077497047716293821e+01,9.961490801052773847e+00,1.540590553835769327e+01,1.565358346257452737e+01
4.003300000000000000e+04,2.270155490390824982e-01,5.583176317128362154e-01,2.255424794126743571e+00,3.843389422662997212e+00,2.368411525925340211e-01,2.776537129672902005e+00,2.954877875386094921e+00,2.802306926151584499e+00,1.134445219742342248e+00,1.809865740686772417e+00,2.006614124226616447e+00,1.032348503321342470e+01,2.573822561032647727e+00,1.489494775662767223e+00,1.254278743020200970e+01,1.141950940784537138e+01,3.240181093325448236e-01,1.445939085404820545e+01,3.398144495872292836e+00,1.521649170270084284e+01
4.003400000000000000e+04,3.296686450254477929e-01,3.960061767139624322e-01,1.926965153244273976e+00,1.932062587616551141e+00,2.051598613033209784e+00,3.464237412856265852e-01,5.074314062833686911e+00,7.500299213959268130e+00,2.495905482051213209e+00,4.294766940466776539e+00,1.017087829586930114e-01,9.798458175552703153e+00,6.537537348277287386e+00,1.311507142564865269e+01,1.392771972318903906e+01,6.255084318229613416e-01,1.290093913644270884e+01,4.705747707497263121e+00,1.444098099015915793e+00,2.283017539553751085e+00
4.003500000000000000e+04,2.293921030513634829e-01,1.681275805356739594e+00,5.923214492337751658e-01,2.964271641009528224e+00,2.926364107287101390e+00,3.001064781925337321e+00,5.960593942145176349e+00,2.726399919123209337e+00,4.270399597340626130e+00,7.112273938063077061e+00,3.298420623953113751e+00,1.350707545633333950e-01,1.961957048217354949e+00,1.334150816320817157e+01,9.472938298752302089e+00,4.374222001736256971e+00,2.464356371883525298e+00,6.427282344345901066e+00,3.207173998967991935e+00,6.355371706879003213e+00
4.003600000000000000e+04,5.726920427188403329e-01,4.076413716816100763e-01,2.577402477743526266e+00,2.415700911708069665e+00,3.983147322048528949e+00,1.305752026794430032e+00,6.147296334355954350e+00,5.690070859296512573e+00,2.666357130946282350e+00,9.959671775302149754e+00,7.307385017746378386e-01,7.652893841638132244e+00,9.939072931572610514e+00,1.180050590046407599e+01,6.153557630647098264e+00,7.183884894517436948e+00,7.555332026097419273e+00,1.774139636135874909e+01,2.973312970211122952e+00,1.217049546193191567e+01
4.003700000000000000e+04,2.806699158001269012e-01,1.650886606077077046e+00,6.825975399478860783e-01,3.947555781558279353e+00,4.396595464115675256e+00,5.022580354115254053e+00,5.228341778826090192e+00,3.755418662899439042e-01,7.421750778579880858e-01,1.376357228257688581e+00,4.269598106678841987e+00,5.541597805844320490e+00,1.068544596870041552e+00,1.892360999738445848e+00,3.300868152799265598e+00,1.307718397657979281e+01,2.543056200338006612e+00,7.687119368597389979e+00,2.736029448030520284e-01,1.310613919795151183e+01
4.003800000000000000e+04,7.546082537597881279e-01,1.122696779873920914e+00,1.508002024494343951e+00,8.660377687309805950e-01,2.535089885461578874e+00,2.081687619506276121e+00,4.569824534959552764e+00,4.303458735278686831e+00,5.870566265030050523e+00,7.097719256389933840e-01,9.016217318454845753e+00,8.103805719035698019e+00,2.962583430311539701e+00,5.203989980541641192e-01,7.880923631168005095e+00,3.768267795835175349e+00,1.245903127419011902e+01,3.665039068400592015e+00,1.379907364865180419e+01,1.324639172744963389e+01
4.003900000000000000e+04,6.006787126054802251e-01,1.772256728324562269e+00,1.133309677242001490e-01,3.567197322401812087e+00,3.986912132234848860e-01,4.713748280012421077e+00,1.548790179160693281e+00,4.927641607468084217e+00,3.600840388477703602e+00,4.959340406670714962e+00,4.178827834379748474e+00,1.114441038121713845e+01,3.692647700422704737e+00,1.426888124427695193e+00,8.997977938821115629e+00,1.268093985472826368e+01,8.170640894782325248e+00,1.399466499939188679e+01,1.057995881741639010e+01,1.711164590493869042e+01
4.004000000000000000e+04,8.973739544626602171e-02,1.016266061634214068e+00,1.106127445382130370e+00,6.899588784067267611e-02,3.839557199075651628e+00,3.572878367086624429e+00,2.096955151123669925e+00,1.482719417978111132e+00,7.439362455386431705e+00,6.175893561892103811e+00,9.517081415105248965e+00,8.363924792382098516e+00,2.588620378337647132e+00,4.294863424558800880e+00,4.159174418759739922e+00,1.578085433046833508e+01,8.220519135052068549e+00,3.315979613302179274e+00,1.323560606818064223e+01,8.971027798076896431e+00
4.004100000000000000e+04,7.968372473788138954e-01,3.897103350113708675e-01,2.713339011163925285e+00,1.738137175329326212e-01,3.535551346468376988e+00,6.827665848281592176e-01,6.152303464937432409e+00,3.112450510062458875e-01,5.674392300075139950e+00,4.743214355454998810e+00,6.876810371975067504e+00,5.185911374081028313e+00,1.167076968961579375e+01,4.254231478648146769e+00,1.044167199702925153e+01,1.507526166520846012e+01,1.019845930268108880e+01,1.642908197775133772e+01,1.234254074121942146e+01,7.640881563625177009e+00
4.004200000000000000e+04,1.348208223293099195e-01,5.407984461894299599e-02,3.642186866214627283e-01,2.458567019581182844e+00,3.182740229694158707e-01,4.869928410106278527e+00,2.767852807831620687e+00,2.460015486980940302e+00,4.449957455309565546e-01,3.888744256418473988e+00,4.882330117726100482e+00,5.314628475881711722e+00,9.249156467615515353e+00,5.369182123248754657e+00,5.367936551705396298e+00,1.345264221819657635e+01,1.405471537223506395e+01,1.268968091430711098e+01,7.438870676637816537e-01,8.446059295484412033e+00
4.004300000000000000e+04,3.847740450007671731e-01,1.310348888734686135e+00,1.072840539263212767e+00,3.921787634031041136e+00,5.734543187756813154e-01,1.074742196691109486e+00,3.895838226345788691e+00,5.958820860072115089e+00,2.597503348661639233e+00,9.469016284334898614e+00,6.253088541661163680e-01,6.351739135302223005e+00,3.914250361429117753e+00,1.326094285530719930e+01,5.691803298450837101e-01,7.816159231845057676e+00,3.243996384391533372e+00,1.057879887993575174e+01,6.334433379081135129e+00,1.218698287668322600e+01
4.004400000000000000e+04,4.285353841056618318e-01,8.102960630697428890e-01,2.892006230673308309e+00,1.282161460192478231e+00,3.815991008407531027e+00,1.176785386993641325e+00,5.516945131186871798e+00,1.440381133793454005e+00,3.906790137111891603e+00,8.282788349242737880e+00,1.445681811994770083e+00,2.225467721458843418e+00,1.094015323551134955e+01,8.854107008943932655e+00,2.048366281282696821e+00,1.498161719223534760e+01,1.378520087521439130e+01,1.423841283113132938e+01,8.588053557372136382e+00,5.825322180657708238e+00
4.004500000000000000e+04,4.812789164357934579e-01,5.239346851703234886e-01,1.885605822816772026e+00,3.491899518644149047e+00,1.203273979370200752e-02,2.760827281314790937e+00,3.198098946569365886e+00,4.759268666350150667e+00,3.403427296127375712e+00,4.758931125921891159e+00,9.389722782284909641e+00,4.716426091543579169e+00,9.431831165680742757e+00,1.007116448273180076e+01,1.466434214294470451e+01,8.628625059201720404e+00,4.585777479989775252e+00,4.716323849026212045e+00,1.283940254133948500e+01,2.687303728412939741e+00
4.004600000000000000e+04,9.215401807532820344e-01,1.620316597448822060e+00,1.194187277986707763e+00,3.014474040745763084e+00,2.819302381827959447e+00,5.386963545774468010e+00,2.271334820285656697e+00,3.241202438027426247e+00,3.824787678247238976e+00,6.955460695067533727e+00,9.965526249932347369e+00,8.643194757645069615e+00,5.926139050137464448e-01,9.189812061498306761e+00,1.373479305657119376e+01,1.411197863917688444e+01,1.179193036493754398e+01,2.855580400139060337e+00,7.479999697068994147e-01,1.477398557080039510e+01
4.004700000000000000e+04,8.103122889403003848e-01,1.701301965753559520e+00,2.072129802012687261e+00,2.688221035286799676e-01,2.442970914330000021e+00,1.692149428935585398e+00,5.809489111398189465e-01,1.995793419892749831e+00,1.823864452253629809e+00,5.493958205268399730e+00,8.860535908082955103e+00,5.339936314271080064e+00,1.225556123885505144e+01,9.389528258301169661e-01,4.847030915361847825e+00,8.826684820953968114e+00,8.076828902606470351e+00,7.631850869962713446e+00,1.375320158564764483e+01,1.979302620243500499e+01
4.004800000000000000e+04,3.154390771593763576e-01,2.611698849178027970e-01,3.991823679387306312e-01,4.599655657285652843e-01,2.746368691434716069e+00,2.192911157797782451e+00,2.246599034943265183e-01,3.414083701303827212e-01,2.428788609594678238e+00,9.026196897002867203e+00,9.493589028091705018e+00,1.150948912308616201e+01,1.150254336767072694e+01,1.854799089962800407e+00,1.266442313821140075e+01,1.112091366437715223e+00,3.329874800972170590e+00,7.902512359536018494e+00,5.628847429668284441e+00,1.443772273832903608e+01
4.004900000000000000e+04,4.559241668769065114e-01,1.169514309264908958e+00,2.955074041493363612e+00,1.268178909443392843e+00,1.528998245799133571e+00,3.070246968325114789e+00,5.027619753246113987e+00,5.970189573260311633e+00,8.894023895318118988e+00,1.428657119115737117e+00,5.220131024881982995e+00,5.680369865599358192e+00,1.091547330545905936e+01,6.332347300709289861e+00,1.405189088215402649e+01,4.297164906755098102e+00,5.222404583677520584e+00,1.964347449720801331e+00,2.194275607678878526e+00,6.044636358495711903e+00
4.005000000000000000e+04,2.817071546797978998e-01,6.192059389184185747e-01,2.775388214286196753e+00,6.853168949565118240e-01,4.347435565833836613e+00,5.405890568890369785e+00,6.287838611618798090e+00,6.734802358780553888e+00,8.214825026130357699e+00,2.995627161799867544e+00,1.080584659287756644e+01,6.773311186667259953e+00,9.593959674253436098e-01,7.561014051259151714e-02,5.803731097539876593e+00,3.397149029565476042e-01,1.124168337471138024e+01,1.082184893609927379e+01,1.044349365527731166e+01,1.090645630185620263e+01
4.005100000000000000e+04,6.036392909365332349e-01,1.416152260184972533e+00,1.329698137827852733e+00,2.971645918408118980e-01,3.422749431098217610e+00,3.321341086838300427e+00,2.842598279296817410e+00,7.648171188173645163e+00,6.281105164585398803e+00,2.461469751782426663e+00,4.921649091323982539e+00,8.031627420881516599e+00,1.291765318329244216e+01,1.361369205306301744e+01,6.594335233300189003e+00,1.421568767323083904e+00,6.480637253070726800e+00,1.276484318189127087e+01,5.939944627436922531e+00,1.665781556786578932e+01
4.005200000000000000e+04,1.858285134848737252e-01,1.002047470081146585e+00,8.862122288371332424e-01,2.642461488664588742e+00,3.084284530946121095e+00,3.459507287874631132e+00,5.953132123111785745e+00,6.330617754232368277e+00,1.655963283432571043e-01,1.972349552223131575e+00,2.313946024342896646e+00,1.172439113816238176e+01,1.153846245033537699e+01,5.352658273478527740e+00,2.241222364217540619e+00,2.440835916630883062e+00,6.416813209927974881e+00,7.011048564709280839e+00,1.147293212794942185e+01,2.091509181231721026e+00
4.005300000000000000e+04,9.472127887644435917e-01,8.549717974659878372e-01,2.995655161446424852e+00,3.987552826792946092e+00,4.342411917830613532e+00,1.199629743586656083e+00,4.714047603947443044e+00,2.145131926191455207e+00,1.368604126473033311e+00,2.690996520743614617e+00,4.584416637828605090e+00,4.832342146360830704e+00,8.770244469369680829e+00,2.260519022305907733e+00,7.911321629089115071e+00,1.011160435683188119e+01,6.830383506536420235e+00,1.400349292969751502e+01,1.322611238571762726e+01,4.566802476686415702e-01
4.005400000000000000e+04,2.189073744270084720e-01,1.094347930328938512e+00,2.589271548368462517e-01,3.055409172485013869e+00,3.274437050615105704e+00,2.046805000830786092e+00,6.015717060979629771e+00,2.608819152024638655e+00,4.738917796454769515e+00,6.386670061443499691e+00,2.498281939059491030e+00,5.221141521240607375e+00,4.025474071196864401e+00,1.069061807091718030e+01,6.443815591211545346e+00,9.035855766539850009e+00,7.002134318978551875e+00,9.245729119216438363e+00,2.656300288944197341e+00,1.251947381909412016e+01
4.005500000000000000e+04,7.969474163229828267e-02,5.258507310249727063e-01,4.847793368252509838e-01,3.302316710152024104e+00,4.364556921434392667e-01,5.406918876208183455e+00,2.428009211230593323e+00,3.629387142760567286e-01,2.542197044446683485e+00,1.072031326563813725e+00,8.300352363768690012e+00,3.685358870036619994e+00,8.420961592093775039e+00,1.327970565643598277e+01,1.336846604544728656e+01,2.677762373369521498e+00,1.211173628288498882e+01,2.420943807960269645e+00,1.260227285643928941e+00,2.263355176063537311e+00
4.005600000000000000e+04,1.267521517241543272e-02,1.504718656892611639e+00,1.615990213949219267e+00,4.060764962669893841e-01,2.559145394595065959e+00,4.155974505310226164e+00,6.014182954518926039e+00,6.412673384979264313e+00,5.277987928536830076e+00,2.335337707077140834e+00,4.768299573410891057e+00,2.225643001582557456e+00,1.035233513659681970e+00,9.841888262903502493e+00,2.661291528511066762e+00,6.932188468166765816e+00,1.502084356363810258e+01,1.340178225555299818e+01,1.549797560081894510e+01,1.259564634033263353e+01
4.005700000000000000e+04,6.634932817010641415e-01,1.704126656890040170e+00,1.582188491778182993e+00,2.779048393617697954e-01,4.084941473464867912e+00,6.364329070589969106e-02,5.720677749194292616e+00,1.417309530883307467e+00,5.766834766791752998e+00,3.735188771639337268e+00,4.788983551535137551e+00,1.213244584179334673e+00,6.106621097707179757e+00,3.957007380286635900e+00,8.946372834288919051e+00,3.737894106944910533e+00,1.410186497607029743e+01,2.372338948649721502e+00,3.728567181395374686e-01,1.003478899247649103e+01
4.005800000000000000e+04,9.785355632062053832e-01,1.131558675645567558e-01,2.045360783808983118e+00,5.279484279853923212e-01,1.167982996522389794e+00,1.382730626369198301e+00,4.875163996882953654e+00,3.624008309595073918e+00,8.400167626602669912e+00,1.756552512414828460e+00,2.318104106965185540e+00,2.855667752969763828e+00,6.188615373702384126e+00,6.373256595755530718e+00,1.827817363247598692e+00,1.186580073879580510e+01,1.062766642128243966e+01,6.936951179139311918e+00,1.586779288977331959e+01,3.819805307690298246e+00
4.005900000000000000e+04,9.197217343589195737e-01,1.753268493126585170e+00,2.496608609390976952e+00,3.129667000307749358e+00,3.968346310384429199e+00,1.511556601860110316e+00,1.830397531246482634e+00,5.553472698674128516e+00,5.705183645882190291e+00,3.627824398745127521e-01,4.399142049373784502e+00,5.993177236761192184e+00,1.257310760174053499e+01,1.365949919875371510e+00,7.769817166865164992e+00,1.162556414880781475e+01,1.388250051398249774e+01,5.776815325300865389e+00,1.377117177048933527e+01,1.863015815369464789e+01
4.006000000000000000e+04,1.055067794995837582e-01,1.275185346446931378e+00,1.835483775733592449e+00,5.484312357168379393e-01,1.870238253111044635e+00,1.988313839587588117e+00,6.628304961078336222e-01,1.857354316545429818e+00,1.243952555383538661e+00,2.100509842168213126e+00,4.574194950808886162e+00,8.532138494599994516e-02,1.095060239329885832e+01,2.517046437547077353e+00,1.078883261308870090e+01,4.094886398191880161e+00,7.664689038352871187e+00,8.326142919910072493e+00,1.563909439785454580e+01,2.084264702580373996e+00
4.006100000000000000e+04,3.438016980023361757e-01,7.859371575570421875e-01,1.369064890507730059e+00,9.239348973949939037e-01,4.161161626435299965e+00,2.487441060537586512e+00,2.842466003520860429e+00,6.799485713006139243e+00,7.727234265425569903e-01,1.985691711991190989e+00,4.401419808616067186e+00,1.105747726790268537e+01,4.509289520462059997e+00,3.569600826552735917e+00,1.170093180512502684e+01,1.500126293655736198e+01,1.646974166389710170e+00,1.429688935500371194e+01,1.431899549494800183e+01,9.151506829779913588e+00
4.006200000000000000e+04,6.014844730545808593e-01,1.461256815579515367e+00,7.651320093333635608e-02,3.974632909539961290e-01,3.787890630974244388e+00,3.570917383693098301e+00,3.495067210768306953e+00,5.657549940955098222e+00,9.693783977732374213e-01,4.334778410006645544e+00,2.927105875394080847e+00,4.628604259610995086e+00,9.523568063643349291e+00,5.038646145542731603e+00,5.123004257222279811e+00,2.245224057631132197e+00,8.689509079158352023e+00,7.679250868825078236e+00,1.674217211636520375e+01,9.715734791121498404e+00
4.006300000000000000e+04,6.927730892520330697e-01,8.784155777881277327e-01,1.266989504468527983e+00,3.397617746404524741e+00,1.240120907331894173e+00,1.443655483655292393e+00,2.172227117337530711e+00,3.312561168809299517e+00,7.212612329363889963e+00,2.457516091639274869e+00,9.931871855866223342e+00,6.628515640426392963e+00,1.245864818188155532e+01,3.978322073880453225e+00,2.969171044494824052e+00,3.981126818578935911e+00,5.113735998269435257e+00,1.439512241926949976e+01,6.083120378441906340e+00,9.477841236426365334e-01
4.006400000000000000e+04,8.164021444270933570e-01,1.755147705310841300e+00,7.467547916164662958e-02,3.231690904535101438e+00,4.763585896520917906e+00,2.965635017456956568e+00,2.601159442264378896e+00,2.730022127105465657e+00,1.486045434430492751e+00,9.159970937300537130e+00,7.405575628495873808e+00,9.118865384845577182e+00,9.526523707783784989e-02,6.387577667719753549e+00,1.326719413719379226e+01,1.381615126024542661e+01,1.098770942900078751e+01,5.223184396311998157e+00,1.864884492924990766e+01,1.521820143202928755e+01
4.006500000000000000e+04,9.146944328373562971e-02,6.570748193834543560e-01,1.598707607408654807e-01,3.678586428068388869e+00,1.262711430257046796e+00,5.681830768544144483e+00,2.812731587842043357e+00,4.997418841949245127e+00,1.029198542804093952e-01,3.332318403257889194e+00,7.259750501664967715e+00,1.194424963544573171e+00,1.260283928323845792e+01,4.690315944179099805e-01,1.034403458878085935e+01,1.027238282892381349e+01,7.168977216283769494e+00,4.827763890060886354e+00,7.809717671811585937e+00,1.656650745728280860e+00
4.006600000000000000e+04,9.332482813916728182e-01,1.953543901298927965e+00,5.719170759877314492e-01,6.409474139789765879e-01,8.277849727554476011e-01,9.714571776746772080e-01,5.456447302760310869e+00,5.034542595071694215e+00,2.736017919593456416e+00,4.496972330839343890e+00,2.771303100387002338e+00,6.310894262949778621e+00,1.063771516359046743e+01,5.678670105768526710e+00,1.255565607357704749e+01,1.580917727626002467e+01,1.456938353995742652e+01,1.674766232782915765e+01,1.300181158173524132e+01,1.447052537480841394e+01
4.006700000000000000e+04,1.729487363970678704e-01,1.705410684266837507e+00,9.761933810990777172e-01,4.359048753545775590e-01,1.976384243178626043e+00,1.552123130041198618e+00,3.133722276928334161e+00,1.603892102086309279e+00,5.835459457275385731e+00,1.155119368482795394e+00,6.337843103691260360e+00,2.618916147528239868e+00,5.657949616922305580e+00,5.913002962589233746e+00,1.466794336047644975e+01,1.220334848482238854e+01,7.308856401825834403e+00,1.551766304387156303e+01,2.775698838365398657e+00,6.068650396942478764e+00
4.006800000000000000e+04,3.545426924657169021e-02,1.514772965096064627e+00,2.930662546031121529e+00,1.398052796460329983e+00,2.835364774608946092e+00,2.382215401785671816e+00,1.447029591068352383e+00,1.777909255420603074e+00,8.557642548394230886e+00,4.017819057118568793e+00,6.712756419168171007e+00,2.216490201684520045e+00,6.739441790620696260e+00,9.837297470168344660e+00,1.489413852533057714e+01,7.481526590195798576e+00,5.854707495227803982e+00,1.356636110595396616e+01,7.918031149195429164e-01,4.896877694026331440e+00
4.006900000000000000e+04,9.324527504490770502e-01,3.913587413561709916e-01,1.187163433858413164e+00,2.843316588145278878e+00,2.261809665771314037e+00,1.276368209625942107e-01,6.706226192494270322e+00,5.536614904514802760e-01,7.060355392098135674e+00,9.096367098479142044e+00,9.167307837934657755e+00,5.800089996443096751e+00,8.354186381232723946e+00,8.999609121070831108e+00,9.286592766520776365e+00,6.148567319985199120e+00,4.974925074428971250e+00,5.082324173436532533e+00,2.101692856294854916e+00,5.301662753165368613e+00
4.007000000000000000e+04,2.415819033003305805e-01,1.364265621926205485e+00,1.821762986112852589e+00,3.820664599469018707e+00,1.799500615087223476e+00,1.702511729719095701e+00,1.176161952734006588e+00,7.132857801339194559e+00,2.379432802534928726e-01,9.505334012261590360e-01,4.966188881169482983e+00,8.005634477725596554e+00,6.392083445220859694e+00,6.231392307736276059e+00,1.441628895688802992e+01,4.655733182090974864e+00,1.310012406467295776e+00,5.658120859274906600e+00,8.128101725602858707e+00,7.699187427519403215e+00
4.007100000000000000e+04,6.691269410132151263e-01,1.587698602104399503e+00,6.905588452755235807e-01,1.542389943274909747e+00,1.028002173124295648e+00,3.503447726429554265e+00,2.835825138376384391e-01,2.341063739530103049e+00,1.059355337538826491e-01,8.265010095785964239e+00,7.443497090714462416e+00,3.266918447935443837e+00,1.097484717868675830e+01,3.064413439514610094e+00,4.457996033262842772e+00,2.657955243753768571e+00,1.592298186487486866e+01,8.625420931516879719e+00,2.665753943841167484e+00,1.746471997670654730e+01
4.007200000000000000e+04,5.961734418248978429e-01,2.176791980066874466e-01,1.289580341665780505e+00,1.711769393955087537e+00,9.093021067176632055e-02,2.786430073561276810e+00,2.768968355566330253e+00,4.560653607845651436e+00,1.381439192968852314e+00,2.061599560282600940e+00,8.249094542635710070e+00,3.901641903721007054e+00,4.202164972353499728e+00,7.491767486237364437e+00,1.214590418634570490e+01,2.781195782001761430e+00,5.878702769127595928e+00,3.185373517457559700e+00,4.747621355434644919e+00,1.996220657516439090e+01
4.007300000000000000e+04,8.388283203793839293e-01,8.108446687503483297e-01,2.241962039813868435e-01,1.277319972447279461e+00,1.238295817617365291e+00,4.189548494611635476e+00,5.520258166731095706e+00,1.545919546422767965e+00,6.926901299853907013e+00,6.556004590035704460e+00,7.739846067904688098e+00,2.720610362935774962e+00,3.557851115982384904e+00,1.074739084560583890e+01,1.249719167497491590e+01,1.348358087670821348e+01,8.881182374667576651e-01,1.236646112895613570e+01,1.545868969250800617e+01,1.650971621737093642e+01
4.007400000000000000e+04,3.235286005711686119e-01,1.033224357170731356e+00,2.255040133128976443e+00,3.450138326793052990e-01,1.445232532574025619e+00,4.522387640547786525e+00,6.960805994148234754e-01,4.425747342237073667e+00,2.152373805885592795e+00,7.192501934793815721e+00,2.789729840541461670e+00,2.401831042769755342e+00,8.908451086004284036e+00,5.090521491495474393e+00,9.865492886165444730e+00,6.778178396022079610e+00,3.187857377261785530e+00,1.008908858631463445e+01,1.534505863682346849e+01,1.781670559053313596e+01
4.007500000000000000e+04,3.392062043738243160e-01,1.914602013814625581e+00,1.885034223965810218e+00,1.318230827718687603e+00,4.912078140049902508e-02,1.477555169782416300e-01,5.533626123939775709e+00,5.172915429212613603e+00,6.299613982005737078e+00,9.222035053330021270e+00,4.804545851920196675e+00,3.748886403059888295e+00,1.061390878020267081e+01,4.261030337938874979e+00,9.090169207242965177e-01,1.374149028169900610e+01,1.129719267481165446e+01,3.957470808659502293e-01,8.797867444655459224e+00,1.292758353558166995e+01
4.007600000000000000e+04,8.189662801453806429e-01,1.479070700640092273e+00,1.967478761937793141e+00,3.912834934781884932e+00,8.288768548581093576e-01,4.709036724211996372e+00,3.713390920186109945e+00,1.592916924017442781e+00,2.382211684835158216e+00,5.914198027142424152e+00,1.078787627288079420e+01,8.716831117754818337e+00,1.130574671652487417e+01,9.397125160757543227e+00,5.269086226046931776e-01,2.643600674625705693e+00,1.456680024806500384e-02,1.595016775670806375e+01,6.931959694677120254e+00,7.218348952788360862e+00
4.007700000000000000e+04,9.957774147447716606e-01,7.587916719842047186e-02,1.478030417623640291e-01,6.399951599369826383e-01,2.180852085897094783e-01,7.838712608180606889e-01,3.259661129239981303e+00,4.939795050009303523e-01,1.460863229112305595e+00,5.214736725719878230e+00,5.949645363242394680e+00,8.522464521836576878e+00,7.743652300400955646e+00,1.296526613507830561e+01,1.258586403471011472e+01,7.212628950436505093e+00,4.084515079553797001e+00,1.146212346778797198e+01,6.853283270210242861e+00,1.045931540274285076e+01
4.007800000000000000e+04,5.351565976658524404e-01,1.021160789010266967e-03,6.457176673599381855e-01,2.417946926454408452e+00,2.889926828603210041e+00,1.566683867468541935e+00,1.656068538445776728e+00,4.845023062322387553e+00,5.475011476561530976e+00,3.619688270757899229e+00,1.028730291708218303e+01,2.268854365005564588e+00,1.239437234981882874e+01,8.688023489922525044e+00,7.053224947889160212e+00,1.689562995286912894e-01,6.949612523083297688e+00,1.728344935410712324e+01,1.816774583399200793e+01,1.213347089563390924e+01
4.007900000000000000e+04,8.892785034137580258e-01,2.939660720222194712e-01,2.907799583877204608e+00,3.650017389069699636e+00,1.363220852487467383e+00,9.959291316332792299e-01,4.652662973089969789e+00,6.023257411883924384e+00,6.468367478535492765e+00,6.826817348290972198e+00,2.931684543047654135e+00,5.169492600819058481e+00,3.053459041472007307e+00,1.388706992735706436e+01,8.666642488964649615e+00,6.246713240992717076e+00,4.940984921865475776e+00,1.393551908741057233e+01,2.585891054663832733e+00,5.173801368006669676e-01
4.008000000000000000e+04,5.303171109873492384e-01,1.278160326794190338e+00,2.935390919388529696e+00,2.655448196560172391e+00,2.316787001731726470e+00,9.467467799517226279e-01,9.657210821709226733e-01,4.467702658550098960e-02,2.410630353544122251e+00,4.650358050003958965e+00,6.624801860277688803e+00,9.924869602204097419e+00,5.920423964580259657e+00,5.373385649126525720e+00,1.137623432348234331e+01,4.122968872290176279e+00,1.392634414949830557e+01,1.236642348475082365e+01,1.467025543084750439e+01,2.431325119114677857e+00
4.008100000000000000e+04,2.753430295891051705e-01,1.486053376874956200e-01,2.525965724045946548e+00,2.084986083480877106e+00,1.493210012476015036e+00,1.097440838079726255e-01,1.273630378515919981e+00,3.744667156600343105e+00,1.625076828979300725e+00,3.773279465818078826e+00,4.331575654191451186e+00,1.143846056680735224e+01,7.095298369933463078e+00,9.317004834622271137e-01,2.332398484096986024e+00,3.316424841809356039e+00,8.772488617470698413e-01,9.442453569075524911e+00,8.101661833466735629e+00,1.597594252650574731e+01
4.008200000000000000e+04,4.898831861475769767e-01,2.915420090992948410e-01,2.713363263854547736e+00,2.881654786784115352e+00,1.856294101104896122e+00,6.375818474829841875e-02,1.042779260885334569e+00,5.098753317557819464e+00,1.626657563889220004e+00,2.725694818351081850e+00,1.938862470684546979e-01,1.405548850039788356e-01,6.854317686219299155e+00,4.326461051459829399e+00,1.173283607963900854e+00,5.319418581057378859e+00,1.032371894158224279e+01,1.023183357890166434e+01,1.436463434185841592e+01,1.676769340558820076e+01
4.008300000000000000e+04,1.127923972625218818e-01,9.564989182482925845e-01,6.618952121947211387e-01,1.407784178366224825e+00,5.847027864321152624e-01,2.637640123853300267e+00,3.436516190281678540e+00,6.364360686143636592e+00,4.651820298607412418e+00,5.960178118392287061e+00,9.926918655225835053e+00,7.779367274153543121e+00,2.780348827704471226e+00,1.636979035116352010e+00,1.411250513794723283e+01,1.215865970250833961e+01,1.395036670413401048e+01,6.027979504431558055e+00,5.933579508424839943e+00,1.481036330993575412e+01
4.008400000000000000e+04,9.149400074441079722e-01,5.628990663766453295e-01,1.091692607178819108e-01,3.668758427769088559e+00,3.555298422515913881e+00,4.595444275088036434e+00,5.949109229966968115e+00,4.140500549691880749e+00,4.147344239684476186e+00,6.801046937707990736e+00,3.107049832151424607e+00,6.266021269321981890e+00,9.623819159036944626e+00,9.826335737119171299e+00,8.201375746531011757e+00,6.229871110928737465e+00,1.340989476156678073e+01,1.159661728760354116e+01,2.954145875452211634e+00,7.130396835557581525e+00
4.008500000000000000e+04,2.146986384981074414e-01,9.492069742030289081e-01,1.252603013681431676e+00,3.387923861212302157e+00,1.472695351510688866e+00,1.728088513953939254e+00,3.903961132962522118e+00,2.897157942215984328e+00,6.665089414119037770e+00,9.431849752943403331e+00,1.204972546441585024e-02,6.157168500704457870e+00,6.661260958679713795e+00,5.689635736225602258e+00,1.362438331644487555e+01,1.311920259571867575e+01,1.455361547809732414e+01,1.559824771105966335e+01,2.967939424354804068e-03,1.339785234055191765e+01
4.008600000000000000e+04,2.545074428364964003e-01,1.567661961494578149e+00,2.582056391592724154e+00,7.993321140707214667e-01,4.364637841162610776e-01,5.627027831017357151e+00,7.638201164541913446e-01,5.479276971729463597e+00,1.567841368215802111e-01,6.003050934199803734e+00,6.731295572177874220e+00,8.813123655634303333e+00,1.101933943194453214e+01,1.340839091048763265e+01,1.474145738018831864e+01,5.704718792584666076e+00,1.501000903984417789e+01,7.334802057878015979e+00,5.976813080331232264e+00,1.564616044077401114e+01
4.008700000000000000e+04,9.388269431674534093e-02,4.154225634556452107e-02,1.784853751121759924e+00,2.067643340128432872e+00,4.649387902128686356e+00,2.403996853986985371e+00,2.166911727098018048e+00,3.360508807729019054e-01,6.271762344588050375e+00,6.215618461785754612e-01,4.656263836338117024e+00,1.139610994002499744e+01,7.995759268253755714e+00,8.708998201068620659e-01,1.333413123155312086e+01,4.423043097720869454e+00,1.638128006641581536e+01,7.063404840936442497e+00,5.122120502279337906e+00,1.138228917148660990e+01
4.008800000000000000e+04,9.712717373442494306e-01,3.896217183461399003e-01,1.699228263264886518e+00,2.538230582445328842e-01,9.846491752352298787e-01,5.418761878682214039e+00,6.979962909727333020e+00,8.352823490654168737e-01,7.573085907104776027e+00,1.360032737818880344e+00,9.653995486387929592e-01,5.479864227788711517e+00,6.207946669763398928e-01,1.080322980340853256e+01,1.688661325602494045e+00,8.694003696835626016e-01,2.298316416033857834e+00,1.308391286228404837e+01,9.347042142541772236e+00,1.013151987723837699e+01
4.008900000000000000e+04,6.619108183849238269e-01,4.611526859607586459e-01,1.222914781123315864e+00,5.834334154545959272e-01,3.100502400777175538e+00,5.690081374714591078e+00,3.337458121252094401e+00,2.433067669403479627e+00,7.750563087492654546e+00,4.982912959487962645e+00,2.869679819914466634e+00,8.223428089411806141e-01,2.383676834494075525e+00,1.301850585264406135e+01,5.409989437052534988e+00,4.596976946966737643e+00,6.408863558064908261e+00,8.536105253510267943e+00,1.515713316858718862e+01,8.499703518960757265e+00
4.009000000000000000e+04,7.362320680087380831e-01,1.344323978893688709e+00,2.294922515262111773e+00,1.382752470337246020e+00,5.629069930103519637e-01,5.182004222084565903e+00,4.542580145875263931e+00,2.847484352973443045e+00,6.336205986802086798e+00,7.668084306849357823e+00,1.555757820063190966e+00,6.200025804860919365e+00,7.090678844483027099e-01,4.742244387592162269e+00,6.778088505884094062e+00,4.889583703488280975e+00,6.412190579129127599e+00,3.825692977646873771e+00,1.129274957491727172e+01,4.301073075496068654e+00
4.009100000000000000e+04,8.362565537294962548e-01,5.789000376133526249e-01,2.019253926937655486e+00,2.384171653758291320e+00,3.918780385290980384e+00,5.422090371225391614e+00,5.232863063605391218e+00,6.143500509230777062e+00,5.870902056130062441e+00,1.334751176507021908e+00,2.967704039173034491e+00,5.420717607508890090e+00,1.054225484050500761e+01,1.394651145330209907e+01,1.203841419548240532e-01,8.619204600735718813e+00,9.287097391227677079e+00,9.855917180729525384e+00,8.941909546407104115e-01,1.942839617755915782e+01
4.009200000000000000e+04,4.289360188121111861e-01,5.400564331031232346e-01,2.017706804500607909e+00,1.702166704989735102e+00,1.413001692769481066e+00,3.409685351141764187e+00,4.896114911892873955e+00,6.632111926271602620e+00,4.575030846561197961e+00,6.626256340936176770e+00,9.580699604878802234e+00,6.261904765151062868e-01,4.841700310881512870e+00,1.208338429071329045e+01,7.108905608428266021e+00,5.722873808733950796e+00,2.048439241913197151e+00,1.473353617743949684e+01,1.751589634127450168e+01,1.960709192146751434e+01
4.009300000000000000e+04,7.702397820044192267e-01,1.580537084906131318e+00,1.225632213216127919e+00,9.922674622432090530e-01,8.258027499311099140e-01,2.389567739205134878e+00,5.220122533571662338e+00,1.983653286706821284e+00,2.966196369935881538e+00,1.450462082211338988e+00,1.937668602073389756e+00,7.529411302335356382e+00,1.825563801194262092e-01,6.289991479144237729e+00,1.853832808687507772e+00,8.728909875465316048e-01,7.618693110543841129e+00,1.128856525622643492e+00,9.472808924645027773e+00,1.594375384493840642e+01
4.009400000000000000e+04,5.407099746943550000e-01,1.568807086816673468e+00,2.757241678545432340e+00,3.101099215090348249e+00,4.951498911928551294e+00,1.932087304730172317e+00,5.563120615953484283e+00,4.446835187152177404e+00,6.039448282673510526e+00,5.418279589221101311e+00,8.711505698121642993e+00,2.108340582027934396e+00,2.388987721503907480e+00,1.952384559172131384e+00,3.641602828738311093e+00,1.545144499282591610e+01,8.164130715605052657e+00,1.072923708951287303e+01,2.132794297233808312e+00,5.220482641638081844e+00
4.009500000000000000e+04,2.324621441524411525e-01,5.948128027854295841e-01,2.949203930089846715e+00,1.598949031108570562e+00,1.740167859271324335e-01,1.612982171398770204e+00,4.969639247971000984e+00,6.488060331753920273e+00,5.849822646902591572e+00,5.773607323360121057e+00,1.283103740253178859e+00,6.783143369502747433e+00,1.688606225180836251e+00,3.679714484864109902e+00,3.778722503415872236e+00,1.668169356857688967e+00,7.769655343956852533e+00,7.923893056316346772e+00,5.906203403180788847e+00,1.804769883647592010e+01
4.009600000000000000e+04,3.218529065385851151e-01,1.895919197544897905e+00,1.599387442640678669e+00,1.638288811056265448e+00,9.261674698345012668e-01,1.471064849773141336e+00,2.379081788698266919e+00,1.677950295237843115e+00,3.254520494182676860e+00,2.094796104943114301e+00,2.391201030959590579e+00,1.000397114607210902e+01,4.348088035603162815e+00,6.952329718697966676e+00,1.080609015465312517e+01,9.781066865299433033e+00,1.226976879602335480e+01,1.362270539239780831e+01,1.103475922671855081e+01,1.448658638720114133e+01
4.009700000000000000e+04,4.220776437829055761e-01,1.784148548624859387e+00,1.979067500370927046e+00,1.276650549765414588e+00,3.669739056607313366e+00,5.238672971854108518e+00,3.464699315408374058e+00,4.602304202482020656e+00,4.538592742984532080e+00,4.239985379969151147e+00,9.263787618038719529e+00,8.101130719670441849e+00,1.148904647250877531e+01,1.054997919510483939e+01,4.187165303474581712e+00,1.250517148594898309e+01,1.175376191251107727e+01,6.866590793867231923e+00,4.969455597120628454e+00,1.897376966710272939e+01
4.009800000000000000e+04,2.807666173962956035e-01,8.141207405867652014e-01,2.377033034247314713e+00,3.397677957324862774e+00,4.331811078621699451e+00,5.063006950825297281e-01,6.549583347174494641e+00,4.952780114228282571e+00,7.102660163927125403e+00,1.481946176401849335e-02,2.384057237810353502e+00,5.246393694079998227e+00,7.817032510622814456e+00,1.216300150642964439e+01,1.043166475302732188e+01,5.546901681144918328e+00,6.820194380236920040e+00,1.063101092533275072e+01,9.489648737519093658e+00,4.319139938559393599e+00
4.009900000000000000e+04,3.824972327186864085e-01,1.578443769287020348e+00,7.331388365768110038e-01,2.652513812131024551e+00,4.778755140403360357e+00,3.583002111153139602e+00,1.520341122965387815e+00,2.239970444951471684e+00,2.023101524930312145e+00,1.625759066348434478e+00,1.071884212601197817e+01,3.614892419550089109e+00,4.346125139301229900e+00,9.672364301114022567e+00,1.937732974064829694e+00,1.064928172233585357e+01,1.214027480792723246e+01,1.278584524790819721e+01,7.333258795196803348e+00,6.409581855154922181e+00
