7.900000000000000000e+05,7.810857732450463553e-01,7.890313983851569013e-01,2.155485085854245586e+00,1.813343164337393620e+00,9.401121672224982406e-01,1.331226445787899504e+00,1.173243782406117486e+00,2.359406295855079883e+00,8.150920755574187382e+00,2.489443925893438880e+00,2.488590728889679582e+00,3.039905626044194786e+00,1.044380985795554651e+01,1.203185397431169967e+01,9.300512454701832965e+00,2.925287609487495999e+00,4.430147121851892855e+00,1.722072052638078787e+01,1.405129128596023946e+01,2.506237180254544672e+00
7.900010000000000000e+05,2.523442137251897810e-01,6.170057469149983209e-01,1.121492617901523214e+00,2.863181791302833012e+00,2.627899372933201194e-01,9.923862999234267512e-01,6.971797847357775524e+00,5.189571264004810836e+00,4.189684253842444583e+00,7.846295158011002968e+00,6.461671476762642641e-01,2.697793593452546101e+00,4.681858239852179082e+00,8.252878450860183790e-01,1.271092375037481581e+01,4.153136787577535571e+00,1.353824131460745539e+00,3.238462376933273212e+00,3.746065822395839184e+00,4.904167148258055775e+00
7.900020000000000000e+05,1.732967234463155259e-01,1.041669576602889613e+00,1.530507870552896499e+00,2.877490252423456241e+00,3.429595666027403844e+00,1.204702408536043157e+00,1.168094172379021245e+00,7.278997834559008950e-01,2.706285420099543870e+00,4.281752038619791811e+00,8.595615327260707872e+00,9.364020652847315773e+00,8.376680723109117821e-01,1.952416475236846249e+00,2.639962397747973810e+00,1.154137336653014145e+01,1.604641301122117270e+01,1.436808648593799376e+01,1.137982866431631557e+01,1.444410085693421308e+01
7.900030000000000000e+05,1.988267596776792656e-01,1.685684348394779652e+00,2.515302486708485663e+00,1.480145373566937650e+00,1.644093328722212588e-01,3.042728051492918695e+00,4.196406676354026644e+00,4.283354493904854010e+00,5.038915337467486211e+00,2.038420346466851552e+00,3.909673872195182476e+00,7.210631199753732901e+00,4.980563552509491565e+00,4.568470340593429047e-01,4.415417405106513371e+00,4.968719458839277792e+00,6.891200018314215470e+00,6.834780788796142481e+00,1.014457371155881482e+01,1.304532015388418742e+01
7.900040000000000000e+05,6.217352511967640938e-01,1.003620167742409031e+00,2.525850529972766267e+00,3.359186420641021353e+00,2.134622675146106818e+00,1.296764373307245144e+00,6.730712099304462903e+00,1.513628240413539494e+00,2.178754791125071755e+00,4.423091585118776869e-02,4.221283622944849157e+00,7.134257560814642574e+00,2.443516492986104183e-01,6.442293754640325609e+00,1.269415418258467376e+01,3.107391976176772985e+00,1.572237858644475850e+01,6.568975773062689427e+00,1.403282787137842291e+01,1.405961233946191413e+01
7.900050000000000000e+05,5.113396063174676653e-01,1.362434258035643220e+00,6.951044159424634161e-01,1.441113856103499735e-01,3.178560294509502171e+00,4.654315972366811494e-01,3.556759192374439049e+00,1.557398442824757367e+00,6.646695994704911570e+00,9.448709896944395226e+00,1.026723027743953764e+01,4.656886240438490532e+00,3.615012915258765336e+00,6.840914079743786402e+00,1.058424462059188897e+01,8.404075498330270122e+00,1.695376484186914112e+01,1.603479145354958391e+00,1.258975597113729528e+01,1.774543925630725738e+01
7.900060000000000000e+05,7.596080902278837810e-01,9.009553445678299965e-01,6.496125693487851960e-01,2.522608629355590271e+00,2.858481484914893844e+00,2.378440127090033940e+00,6.225354714480106466e+00,6.838034439319469193e+00,1.967080928415390506e+00,7.261241322448830360e-01,8.394936513991178018e+00,5.673408061199523900e+00,5.593672523453744105e+00,7.205068936997288453e+00,1.176891151419565773e+01,9.305711537236982522e+00,1.526771521594727954e+00,1.244001092540820252e+01,1.473073414433010164e+01,1.662721597982774213e+01
7.900070000000000000e+05,8.038350613778083575e-01,1.336644735100013026e+00,9.451986315711355946e-01,1.599938531485564752e+00,2.288168042690212456e+00,6.897625182435740410e-01,6.111598164849178616e+00,3.999809004869519846e+00,8.913245128707192322e+00,4.080315379371868278e-01,7.283600842416887211e+00,8.555562575565106798e+00,7.521561729583379652e+00,7.550588940499110890e+00,8.916374555349326769e+00,3.326713650420705548e+00,1.516616760299447009e+01,3.513690726541741860e+00,8.871753152950139665e+00,1.962933085583835613e+00
7.900080000000000000e+05,2.516623324955133967e-01,1.390941836222370220e+00,1.873308651441751183e+00,3.468349632564013074e+00,3.729841431559513865e+00,5.553921129836212778e+00,5.847235296484260658e+00,4.601807396815951634e+00,4.507917555992315695e-01,3.811923687517976056e+00,3.385461374261455436e+00,6.595984286717517797e+00,3.887415460279485035e+00,8.491580362413465366e+00,9.890703172081218852e+00,8.828484156349684753e+00,5.499981641807055510e+00,6.821152913264691975e+00,1.881383022652383374e+01,1.297753648894838818e+01
7.900090000000000000e+05,4.855063102588248469e-01,1.453602111050062762e+00,2.988260030042857451e+00,4.577714096188350013e-01,4.771181900845578028e-02,4.019775866905468398e+00,5.395020000559774154e+00,7.375244871175711481e+00,7.416204058684752187e-01,2.816828276476646131e-01,2.783101702847381453e+00,8.710738928856065044e+00,7.500802852479228733e+00,9.948520447137678246e+00,1.380259265211449815e+01,9.308378679113484822e-01,2.425570773230786958e+00,2.011961430549887631e+00,7.243005127855520087e+00,1.473492025073067602e+01
7.900100000000000000e+05,6.277112457311004867e-01,5.608415485321893712e-01,6.485797155489420041e-01,8.350227460564574322e-01,3.671391704589133109e-02,5.112618801108486544e+00,2.263522497001094536e+00,6.243526979559094414e+00,3.453341226299899258e+00,9.238463806347446905e+00,9.870916148177771632e+00,5.895323507088168213e+00,7.608958153596638851e+00,6.945421824220080254e+00,1.141990577542181207e+01,8.411751716798328005e+00,8.766885079807439363e-01,1.762902212112051004e+01,1.216828383481468379e+01,7.767465478950583702e+00
7.900110000000000000e+05,2.104970667793741868e-01,1.167512474674607059e+00,4.996268043621674426e-01,2.712319659949396833e+00,2.671166052680483016e+00,1.874361563865603486e+00,1.348049565142813488e+00,5.181032505742349414e+00,5.427998711120639364e+00,1.402863707969783658e+00,5.267568084903225589e+00,1.095955090319042924e+01,2.716767804742617365e+00,6.710360408535366084e+00,8.294661288781345121e+00,8.910332153712907655e-02,1.393480013659989147e+01,5.114018288190657735e+00,7.183835861579022541e+00,1.850752746016216577e+01
7.900120000000000000e+05,6.660883731670619312e-01,1.562406070237357447e+00,1.726640612651472395e+00,1.737153535883423583e+00,3.306228599133055113e+00,3.481785677488328012e+00,2.236708894785546242e+00,5.891501748463170429e+00,4.786657592400685779e+00,4.645982128743840534e+00,1.033297662426293284e+00,1.015564671041824241e+01,1.183344829790201302e+01,1.334576176707037298e+01,3.731908825183277045e+00,1.011675406735442628e+01,1.691176570853330929e+01,4.043768486287145691e+00,1.025593769518281917e+01,1.679157657823479610e+01
7.900130000000000000e+05,7.392349131723225941e-01,1.780769210381776713e+00,2.693098825712089806e+00,2.525852238741653988e+00,1.991334196576910465e-01,4.270270840007633240e+00,9.888044010080593305e-01,3.039958705775389625e+00,6.118561011800004223e+00,1.516948599170722112e+00,9.091331817697485107e+00,5.323026410338488112e+00,5.418895691143887028e+00,1.313269043961040516e+01,1.453516086151543973e+01,7.844511894119685635e+00,8.561715201453855784e+00,6.323525514686723525e+00,1.803039880269706430e+01,1.104014689054408649e+01
7.900140000000000000e+05,5.551190093790815405e-01,9.712927204863965880e-01,2.575586801353188182e+00,2.971852125931021327e+00,1.963720647278953679e+00,1.110050734377511450e+00,3.799863573102524317e+00,6.928347147982172771e+00,3.049079979079885483e+00,3.574415008006624817e+00,4.948225382717145848e+00,8.789577358870484858e+00,9.683745712621130153e+00,2.502818268104074484e+00,1.395684467395972206e+01,5.340869932665468056e+00,7.390076321783512370e+00,1.099765759255335951e+01,1.187902587562087220e+00,1.904959145913603891e+01
7.900150000000000000e+05,2.076739729980435767e-01,1.965375183592340314e+00,5.453181398984425776e-01,3.303465733801617343e+00,4.309758160118298598e+00,4.645551218297752527e+00,1.913821680302320694e+00,1.175443898825684563e+00,4.858929094089138978e+00,4.370745707924221790e+00,9.933673816339700480e+00,1.052520758808531554e+01,2.186507403772954827e+00,5.207942965835266058e+00,1.270914088316548529e+01,2.244037161999003160e+00,9.923085936594649326e+00,1.617288642263084242e+01,1.161015898430100712e+01,5.202668023367181149e+00
7.900160000000000000e+05,9.644026914178994714e-01,7.886436114086929905e-01,2.349019597870657616e+00,3.286956541342482829e-01,6.173736568381826828e-02,5.121853985398345799e+00,7.012879258022852724e-01,2.998013233261424659e+00,6.544451420639855854e+00,8.879707391996715771e+00,4.632921588711557348e+00,2.135559316056847567e+00,6.487730338893238802e+00,3.219457529739026214e+00,3.206919930757456960e-01,1.358718933047703636e+01,1.088613543496277813e+01,5.362801821565037486e+00,1.037366837823260823e+01,2.103625245563289781e-01
7.900170000000000000e+05,8.972356155527598798e-01,6.701849318272032896e-01,2.203613141506760353e+00,2.511574182486291829e+00,2.440450775959167373e+00,2.959568619006752499e+00,5.515336006368570132e+00,7.740572888666845230e+00,5.146675922154833493e+00,7.386045487797678888e+00,9.536321781525256114e+00,7.327108667989310931e+00,5.871964715295998616e+00,3.923448623513936084e+00,1.163715649753158132e+01,1.319051879271997052e+01,8.610719823317399602e+00,1.455897637925194310e+01,1.873190586685928238e+01,8.943099464228030371e+00
7.900180000000000000e+05,7.404987590636252781e-01,9.229178516549878530e-01,2.135889268547933817e+00,3.453061422255125912e+00,2.394694926011231573e-01,4.797623708088880612e+00,5.914439070191218617e-01,4.836606638718713214e+00,6.476640598611265176e+00,2.935770274906333022e+00,2.478387441873333152e+00,6.491716588621412320e+00,8.764613236551204167e+00,1.070582906566505343e+01,9.804445060879309892e+00,1.355902609487663568e+01,3.352115794551703942e+00,1.674181664318365037e+01,1.853428552383331507e+01,7.391129432272540711e+00
7.900190000000000000e+05,3.167888671509320186e-01,9.271983387555660094e-01,3.172500778595588322e-01,2.168636893191193238e+00,2.050017116636889902e+00,3.570629158373715306e+00,2.275722995401313842e+00,6.772042272098775406e+00,8.510678461600498679e+00,8.862283393058380199e+00,1.263130232136799425e+00,6.181915335910392884e-03,6.226934013443703009e+00,5.079318226576329920e+00,8.593015495019457051e-01,1.427271058612909194e+01,1.157559458494664462e+01,7.800203108466663871e+00,8.435837571357741593e-01,1.556917895953894693e+01
7.900200000000000000e+05,6.158266579850922851e-01,1.412714262370267093e+00,4.605490825313461878e-01,2.487953008078767070e+00,4.000904492712564320e+00,1.523861888023966271e+00,3.203017416093865588e+00,3.217725630061758935e+00,6.540564013564440948e+00,4.842157714731579077e+00,5.569085559259869811e+00,7.268347187002017762e+00,3.057321323570294069e+00,8.843720768278899413e+00,8.198048306923759299e+00,3.433444525524755875e+00,1.144713642525135278e+01,9.269988160769147001e+00,1.776603970335557747e+01,7.061229925442447097e-04
7.900210000000000000e+05,7.148630701053481085e-01,2.894267649592041636e-01,7.876188894329080314e-01,2.326303509497165134e+00,4.768460616614620839e+00,2.969421983713758983e+00,3.255300044273476967e+00,5.855608572392497102e+00,5.432884693239929952e+00,5.662853244800929886e+00,3.487942230883611661e+00,2.044943886342378114e+00,2.118706468575293211e-02,7.418575050680592753e+00,8.395088294140771623e+00,5.989590631774124319e-01,2.030664894935790610e+00,1.179819696573223986e+01,1.727806570622700377e+01,3.989983882819818639e+00
7.900220000000000000e+05,7.705797500596567318e-02,4.584530621326490252e-01,2.259921491728566600e+00,3.900064170526289509e+00,2.964549420313163708e+00,2.505597163829405449e+00,1.366180312227573079e+00,2.065103061980084753e+00,3.253792194542722838e-01,8.507904229424491760e+00,8.044618947882856475e+00,5.181745956120293428e+00,2.881306475008590162e+00,8.163937073140335343e+00,1.644688568150299846e+00,1.357208584727498923e+01,5.466186390390523897e+00,9.227690742690871417e+00,1.068292446168150889e+01,1.838564695840393526e+01
7.900230000000000000e+05,4.374671723690934932e-01,1.037570331261903123e+00,2.768307564938340182e+00,1.213929607682628919e+00,2.111029791554908108e+00,3.189851285027980765e+00,4.799042950826115650e+00,7.553898602958120989e+00,5.884933286624689508e+00,3.899137318370319072e+00,7.381201562874024624e-01,8.400287408746821782e+00,7.288753653116914144e+00,1.317445444688421929e+01,1.469197857125375073e+01,5.066904177991759184e+00,3.577129568443912166e+00,1.008105077409586059e+01,1.793720573148364039e+01,1.900736420692423767e+00
7.900240000000000000e+05,3.313287341989015200e-01,8.879582165384511949e-01,1.144116955472437303e-01,1.354227314809303362e+00,5.683314317098986379e-01,5.723447397480381227e+00,3.700477993959051526e-01,6.956574977535993298e+00,8.713833310039516888e+00,9.421526734924013269e+00,6.209635128082243938e+00,1.104173996059992291e+01,8.604498682426061862e+00,2.184946836152201755e+00,1.834041843631667446e+00,5.544473656127021144e+00,1.454752466892914153e+00,6.921229541804291507e+00,7.165736350484019468e+00,1.249803831677637156e+01
7.900250000000000000e+05,3.973479813514994019e-01,5.547821873748168819e-01,1.829751125646006393e-02,2.047657057682577442e+00,3.179343803482235664e+00,5.960374228608833036e+00,9.691972108642179506e-01,1.418817689487243960e+00,5.590137319762066070e+00,9.502559887414441242e-01,4.140968954036273963e+00,1.288058816768540282e-01,5.475849137623898244e+00,4.315522454390174900e-01,4.989803502915322930e+00,5.421087289454742830e+00,9.268880687488021408e+00,1.521890728781411894e+01,1.371236734653220601e+01,8.143038076468323005e-01
7.900260000000000000e+05,3.451247365791086930e-01,6.495702958662161741e-01,1.680579593928160698e+00,1.465573833751482979e+00,2.789994540385972055e+00,2.850948542049915435e+00,2.616962250575112225e+00,1.530195925370876786e+00,6.867181964355727253e+00,5.002844034933828787e-01,3.750870248645271410e+00,7.999057093950058928e+00,8.069048463984763941e+00,2.587561189621518931e-01,1.409029624916071910e+01,8.430118668708287188e+00,1.698774285068987666e+01,7.799850928906672642e+00,1.508651070883663792e+01,1.823448973321389133e+01
7.900270000000000000e+05,8.975390047404847582e-01,8.211590352054232156e-01,2.796542129905924323e+00,3.184220513443502654e+00,2.746564428423925897e+00,5.140159210001353784e+00,4.803080523068651964e+00,6.952322469137719452e+00,7.051107432061352043e+00,2.772335889396856601e+00,2.942263750193892857e+00,3.529772297634811817e+00,4.244722022982112541e+00,1.688774937762178796e+00,1.352523720927872652e+01,3.590937968673593161e-01,1.518570137948367105e+01,1.597910505538734149e+01,1.539537487444769859e+01,1.936584007642378324e+01
7.900280000000000000e+05,6.798512541924978114e-01,1.117941514530524705e+00,2.851935449972588188e+00,4.561167102385201844e-01,3.218655840391899670e+00,3.040558096422913081e+00,3.269606256398628119e+00,5.347304666886201652e+00,6.021536159652504772e+00,2.094205820079546587e+00,1.527695752317394629e+00,4.288626936597308870e+00,7.097214009274857460e+00,3.461692546224408140e+00,1.420423428974874369e+01,9.065807877778269130e-01,4.583793355742709075e+00,4.127912008039273495e+00,6.492527907997458492e+00,6.610919829073114151e-01
7.900290000000000000e+05,6.776097602874814330e-01,1.895242930158208106e+00,1.287602016964688456e+00,3.636522964610722219e+00,1.371513331468312114e+00,7.169131804866784030e-01,6.159160604843084030e+00,2.471148714540182922e+00,1.356949572041680874e+00,3.099924669594172677e+00,6.175686568109827412e+00,1.259704500630540736e-01,4.976570858123356089e+00,1.222642567046634809e+01,6.317458280518765790e+00,5.505860062450546266e+00,8.184657404546314297e+00,1.532927242840127846e+01,9.806713734911989278e+00,7.157493770579053560e+00
7.900300000000000000e+05,4.938173679036916841e-01,1.078306618481581269e+00,1.187659441329768750e+00,3.973621661922527526e+00,4.860205444974424083e+00,4.187812024910429365e+00,6.601298349132562748e+00,7.121561058568940616e+00,6.115210296645849919e-01,2.821760307140164237e+00,4.572614621872146401e+00,8.698354974841095100e+00,9.241750877736084391e+00,1.337289861374821243e+01,2.922391410091579322e-01,1.376924078130943663e+01,5.785269449347575588e+00,6.029300223947704929e+00,1.400620271290731633e+00,7.984444248602073912e-01
7.900310000000000000e+05,6.186587785523826044e-01,1.093359412149956578e+00,4.113148926337528710e-01,2.403496042174018132e+00,2.676974000608768556e+00,5.458565805986252961e+00,5.128836660903136391e+00,1.229377985902663895e+00,8.237935634356881920e+00,7.332274697814812114e+00,1.048199397219651807e+01,6.640478846483119924e-01,5.558266157836806443e+00,2.643614341036378157e+00,8.739268707321068419e+00,7.597241017667666796e+00,8.546036768941437600e+00,5.549021214061585106e+00,9.501563758122099301e+00,3.032947378185497644e+00
7.900320000000000000e+05,5.720354768655109279e-01,1.312273957869187324e+00,2.394884857283038349e-01,1.209812334431000558e+00,4.279116372257194101e+00,5.024983904180006178e+00,6.303460268879335970e+00,1.593722422882042800e+00,6.006667629281985832e+00,3.178686373894157313e-01,6.166078976852374716e+00,6.017836779348089138e-01,7.468086099284118262e+00,1.024999234648658053e+01,1.247287540039181231e+01,2.958602396922927369e+00,1.068137780222738087e+01,1.167292327274191521e+01,3.970179719965966081e-01,8.563280166170081031e+00
7.900330000000000000e+05,3.866939386366571307e-01,1.700904000152778428e+00,2.898929475964583169e+00,1.972233152603007689e+00,2.211920584232371034e+00,4.032217933783430297e+00,5.893553029310584002e+00,7.306237800913628178e+00,5.235085913457436568e+00,2.575660953466052394e+00,1.090713034690861249e+01,6.588625454438998830e+00,3.384036715223142089e+00,6.125344469435657579e+00,3.273054182361505138e+00,7.660355751869605712e+00,6.233073638426516183e+00,1.179188832564098810e+01,1.742058307236832704e+01,1.279338121356220626e+01
7.900340000000000000e+05,2.444785695610484089e-01,1.029267295521603787e+00,5.786612287880299466e-02,3.390547745916592248e-01,3.978343279981955583e+00,4.902258737928365306e+00,4.366508390507647164e+00,1.610102396188370477e+00,8.554167160741224407e+00,3.644883001013781154e+00,4.996467555287970264e+00,5.458496233531403341e+00,3.421960654464167861e-01,4.057296989933064424e+00,1.683176211924719556e+00,6.442720410659216412e+00,1.674767314722619105e+01,7.498982972318084528e+00,3.129758647591422971e+00,1.117919471963095823e+00
7.900350000000000000e+05,4.200045661098933403e-01,7.388417604718013898e-01,7.632548987224172521e-01,1.572643867137072160e+00,3.808709341541383075e-01,3.803492839411164894e+00,4.748945508056493736e+00,2.516128291203119538e+00,3.209607935843805659e+00,2.125717584915378655e+00,9.732240861991680703e+00,8.618784539714591020e+00,7.469040774002869476e+00,7.990162222005157133e-01,9.985684131433043120e+00,1.168614629765903956e+01,6.991798186181370944e+00,3.057048984816286286e+00,5.496630376252800154e+00,1.825441309810459245e+01
7.900360000000000000e+05,7.390456659185618005e-01,8.247972256371656208e-01,1.043081782877729013e+00,2.089235461695478246e+00,4.447574098697960387e+00,2.870046631915778690e+00,1.187672914275927027e+00,6.594632458286102228e+00,2.892698183529286204e+00,6.217182670135481537e+00,1.053681781592739952e+01,1.104405540751712422e+01,3.288189197837796396e+00,1.128482721219273266e+01,3.343406956678908859e+00,1.109131029541892488e+01,4.985674878095769813e+00,1.572713828238751610e+01,1.793511330971799111e+01,1.048621902004548545e+01
7.900370000000000000e+05,4.899811327131464722e-04,1.555574256962707347e+00,2.765542471414578873e+00,2.548757271612054787e+00,1.146356017117927006e+00,3.504218132868250013e+00,4.750916666331512772e+00,1.926724598273841238e-01,7.552313611639208446e+00,6.022874471580577094e+00,5.308774007644001536e+00,6.432958712926953204e+00,6.166357781661290005e+00,7.796425490692554305e+00,3.632857363269970552e+00,6.528208023048556186e+00,1.317949859318360417e+01,1.491460885214311460e+01,1.561551084357712949e+00,1.457103373515575484e+01
7.900380000000000000e+05,2.050230128792722706e-01,1.539062702774733893e-01,1.113978157655463264e+00,2.606932117403494509e+00,9.325814481356642371e-01,4.379918193863606035e+00,3.715160793967184905e-01,5.189945474572855488e+00,2.546667685733752684e+00,4.318885853402646191e+00,5.055826021488312172e+00,9.344476457168227057e+00,5.440273556146106415e+00,7.145007299415973456e+00,1.303351882072085033e+01,3.604447205798864573e+00,1.692812233896797736e+01,5.942124374340107096e+00,1.437018271700056360e+01,1.208537196355383703e+00
7.900390000000000000e+05,4.213138633981512449e-01,1.390779104734716443e+00,4.675284361607429107e-01,3.412588072801240102e+00,5.185101194143787451e-01,5.039337723265881586e+00,2.595982625354634532e+00,1.862182678037493488e+00,6.508100652725762103e+00,3.878341747457056954e+00,1.915552001537270677e+00,5.911519043667254891e-01,4.625638880207766590e+00,4.611816584896811122e+00,3.264062833590489099e+00,9.679693213311690414e+00,7.284584982462688707e+00,1.721171739174257365e+00,9.203885979829255604e+00,7.046669635409466004e+00
7.900400000000000000e+05,3.087548972737781394e-01,1.156063353164638041e+00,6.030626222107874357e-01,3.036256157751945572e+00,3.711310227989171207e+00,1.418796339664486927e+00,5.554899373635350912e+00,1.933254585798151126e+00,5.116760766961565565e+00,2.750553951267201924e+00,4.997333821734938120e+00,5.993994442822190294e+00,5.310054651048227825e+00,9.108026689263914122e+00,4.389606251611733789e+00,8.670717749949623965e+00,9.306944237126824504e+00,1.077939775219408070e+01,1.543121394269717683e+01,1.225165007998985089e+01
7.900410000000000000e+05,8.117980525088487331e-01,1.429976700469572926e+00,1.923750708853819269e+00,1.470998278013237126e+00,1.783152064789916835e-01,2.451327534277366382e+00,4.327117019693730526e+00,4.769714902283398672e+00,5.505458063806399238e+00,8.187903109780105382e+00,1.003095486398953540e+01,1.134439877781862283e+00,4.639235508336525982e+00,1.532632262497822362e+00,7.794897896777010615e+00,6.634522818756098061e+00,3.872589730395887830e+00,1.122361626567341375e+01,5.527828632072176340e+00,9.281952387820926020e+00
7.900420000000000000e+05,3.260850568438909969e-01,1.859806645399758374e+00,2.235053691395088471e+00,3.672095411431397505e+00,5.397546014589177377e-01,4.550790624147973418e+00,3.106068788927105473e+00,2.474432701179667404e-01,8.746836018171931570e+00,1.855881435138923008e+00,9.265595278110616562e+00,1.157753913168696158e+01,1.223377509056825474e+01,1.225054227221041714e+01,1.278978507179752633e+01,1.365925801491541947e+01,1.396730448461340046e+01,8.213516330474570637e+00,2.492968048184461605e+00,3.380389866930273435e+00
7.900430000000000000e+05,9.027085635638205652e-01,4.720468847417167435e-01,1.502316534013157678e+00,2.562928015656442682e+00,4.085847885031526516e+00,1.834948410646095596e-01,6.297286949751364382e+00,1.925868909312325350e+00,8.107575066874726843e+00,4.344240578889277948e+00,2.888468378137062142e+00,8.575873072250260520e+00,5.850282899411196613e-02,9.181969838572580755e+00,6.271000866159792686e-01,4.150127249598014600e-01,8.940782484677537667e+00,2.670772118898179670e+00,1.728621096253637646e+01,1.412235098148674339e+01
7.900440000000000000e+05,2.229553244434701043e-02,2.913485296813644876e-01,1.322309180289293451e+00,3.918074735658792385e+00,2.567230905858311374e+00,7.175753959026927031e-01,9.721197168503388220e-01,1.582926439066074664e+00,2.040760939477563873e-01,6.486304011216756926e+00,6.067911549262860582e+00,9.845352920002197195e-01,3.044637580868180260e-01,9.781160013382779184e+00,9.303616312419526579e+00,1.554138590546366316e+01,2.402623977642877939e+00,2.467744556058126371e+00,6.445367000440775485e+00,7.691713331804084675e+00
7.900450000000000000e+05,2.553309983876717038e-01,3.429344919414989423e-01,2.081253828685073248e+00,3.706563919408662588e+00,1.320754682457521589e+00,8.309742213053894488e-01,3.310242629211747722e+00,1.571453950592322180e+00,3.425800761290720420e+00,2.836805847793810731e+00,5.940854835578777582e+00,4.977608253141756478e+00,1.110726988352805300e+01,5.142204068620197077e+00,5.020134330970660308e+00,8.907760876892210078e+00,1.538464845378884860e+01,1.397846915996503192e+01,1.534114678565880219e+01,1.620743766972601563e+01
7.900460000000000000e+05,9.581320597367227743e-01,1.513413039862462117e+00,4.995922524145024468e-02,2.613133326523051636e-01,1.112111328303355684e-01,1.965635672745550844e+00,2.899739265481695139e+00,4.902156752254179573e+00,8.822490393071953818e+00,4.468310534272964318e+00,9.961821821421855461e+00,2.300930796315911131e+00,1.206238308582844354e+01,1.099045035989358254e+01,2.495061325176761713e-01,5.899447214658799510e+00,1.408514403526301528e+00,2.900449173981139328e+00,2.486163662102899519e+00,1.948986869580250314e+01
7.900470000000000000e+05,1.365913451755108587e-01,1.434658689647922980e+00,2.473158143544150533e+00,3.691814338422937603e+00,2.787958447706841980e+00,3.312301433420894448e+00,1.238406921769163338e+00,3.589281313072328672e+00,3.918808544770080005e+00,3.039976058405352788e+00,3.656075367426794287e+00,9.148677247061925755e+00,6.696341845727272535e+00,1.035011429901170743e+01,1.972811270262456063e+00,5.611091295419399216e+00,1.223863586663510006e+01,1.551918644721814466e+01,2.909107733351542491e-01,6.284304263426838233e+00
7.900480000000000000e+05,1.852808878357277145e-01,1.889523118834353754e+00,1.462824088695554359e+00,2.986778357932220462e+00,5.165733468183519861e-01,1.244840381911556104e+00,5.747092251657652362e+00,7.143800839491555088e+00,1.127285942096026172e+00,6.046540298830930027e+00,7.831563440689285116e+00,1.138928873757000471e+00,1.215108542508443001e+01,1.171162080436535824e+01,1.079949967650351539e+01,8.937979018587791202e+00,4.289876156033550103e+00,8.994425929700147648e+00,1.177815423908793946e+01,1.559440340890812848e+01
7.900490000000000000e+05,8.437870461177441328e-01,1.304386354640149959e+00,2.582840541522300803e+00,2.557473547347803411e+00,2.634350892562618007e+00,4.091633371439066913e+00,6.213991602062781006e+00,9.138021726356857499e-01,3.573877538249631503e+00,6.434350208359069789e+00,4.855292813353828230e+00,5.109935589662084610e+00,7.675881166387220622e-01,8.135618386019160653e+00,1.003763669556267324e+01,1.034776146458202817e+00,1.236854437633894133e-01,1.050164301876711725e+01,4.374822889059759135e+00,1.917032198632418272e+01
7.900500000000000000e+05,6.586134779575545384e-01,5.481082624284370208e-01,1.159580768983423216e+00,2.038695475353308861e+00,1.085468792104365976e+00,3.532732152978420359e+00,3.732560115551544211e+00,9.341700916814037470e-01,5.317209025618404583e-01,9.426600557123121504e-01,1.932249275875174588e+00,2.060294951648142359e+00,5.170087529363931012e+00,7.491513996709539214e+00,2.313436761305236011e+00,3.008960576887336202e+00,3.396608171408441734e+00,1.078834383577619427e+01,1.864317350706866350e+01,1.523207618565065857e+01
7.900510000000000000e+05,7.630441359636896959e-02,1.990156732532057937e+00,1.462646756753947397e+00,5.500622235694119233e-01,4.654329430327671879e+00,2.496883678570459786e+00,1.871972120642609649e+00,4.094177542115851942e+00,9.427771220143235098e-01,9.757808744223883224e+00,8.600684765242855079e+00,8.198610275282458559e-02,1.085988888731790603e+01,8.793592393035650545e+00,1.174146193971385621e+01,5.592476852924184172e+00,9.586505186873155893e+00,1.789558917381371828e+01,5.628847975222922351e+00,2.504919983924351889e+00
7.900520000000000000e+05,4.104327853825496808e-01,1.882585982893913989e+00,2.937428408608909525e+00,3.990939849694248309e-01,3.201266444030411940e+00,2.649966615525886304e+00,4.080852582231250913e+00,7.939997777341967655e+00,4.120096367159142403e+00,4.902951105604813620e-01,1.035968018422115833e+01,8.717695846044188457e+00,1.189743188455136291e+01,1.065544439531431742e-01,1.105668810783926315e+00,1.338789259683572119e+01,1.691620146450411610e+01,1.729361981123389924e+01,1.618623682162257893e+01,8.809270779414804409e+00
7.900530000000000000e+05,5.643432969135139254e-01,2.824275462184311358e-01,2.199587905024664725e+00,3.422886558421978087e+00,2.090228093879955562e+00,3.667489299228503530e-01,6.323294748786548958e+00,7.158308333838109938e+00,7.712713660545788663e+00,1.848389806312789041e+00,5.046143142561551720e+00,8.251270693948193902e-01,1.187036029707052798e+01,7.261865614903978638e+00,5.320763242121451242e-01,1.564883079677911404e+01,1.097916349111475043e+01,1.117678516972101654e+01,1.350179883445572493e+01,9.509984297904477302e+00
7.900540000000000000e+05,1.401521403077031769e-01,4.687874153404130162e-01,1.549571825557790827e+00,1.343742474653008667e+00,1.715776617492057454e+00,3.550638282162127624e+00,5.233349905801867763e+00,2.355039027790656547e+00,8.619354940607193427e+00,3.277306490138274242e+00,4.095457617378720494e-01,1.139399752415357092e+01,2.858123557711714113e+00,3.781330377466294301e+00,1.160740075248814129e+01,1.233551218772835867e+01,1.519740034050492916e+01,1.517626005788464560e+01,1.139662515605415205e-01,1.967830953220406442e+01
7.900550000000000000e+05,8.657397400510835617e-02,1.064023448889948265e+00,1.672565177730115149e+00,1.537765589433243374e+00,4.019005536189869332e+00,4.170517271777640644e+00,4.256716263634132247e+00,3.638635513318781989e+00,8.914001951647247068e+00,5.975419327612604192e+00,7.545827101012717364e+00,9.441438391493727877e+00,1.293793991366004192e+01,5.752017750567254950e+00,7.729687979030128275e+00,1.097910580964510707e+01,3.325104012702302825e+00,1.317403706022780341e+01,1.344620707913566804e+01,2.067708024894969743e+00
7.900560000000000000e+05,9.799681636642439964e-01,5.320604267048589797e-01,2.057790106846767664e+00,1.480715517864303443e+00,1.689398631727790256e+00,1.736135921547407923e+00,5.752952732297033300e+00,7.015988628974631602e+00,3.315030368529364946e+00,7.428688467003791374e+00,6.538368633775506922e+00,4.461355924115487426e+00,1.097910011845583611e+01,8.448347209197335506e-01,4.685301563248198242e+00,1.262414322041582437e+00,1.201149437006469700e+00,1.080298928654804236e+01,7.577727800498790245e-01,1.243282256951789844e+00
7.900570000000000000e+05,4.309543386994192371e-01,6.257212804054739230e-01,3.863438399827657799e-01,2.593734387905624050e+00,4.976255172062182375e+00,4.233379852496829798e+00,2.337332745602982875e+00,3.583001739751945358e+00,7.184367573565524800e+00,2.439651419824561351e+00,4.193906739982925735e+00,4.040474152418362053e+00,1.209519688189132580e+01,1.350490037594202519e+01,3.185608085820874180e+00,2.750944536592818679e-01,9.842137687774640042e+00,1.381050070893232729e+01,2.399639867555847239e+00,1.345965828420897914e+01
7.900580000000000000e+05,5.307893253937122635e-01,8.909086261912699811e-01,2.631554424966668471e+00,2.931828260931226282e-01,2.997861775235033388e-02,5.608448228027720361e+00,4.436494336636139124e+00,2.904498055623709440e+00,6.954187548948046249e+00,5.059928349071571851e+00,4.111702168711978800e+00,1.591697534519729285e+00,7.546121852432298382e+00,8.265005588282566151e+00,8.296047633839734203e+00,7.195465128217497508e+00,6.420037097170055773e+00,1.824796646583385806e+00,7.545153464645159680e+00,5.580468479005149973e+00
7.900590000000000000e+05,4.262699347633849278e-01,1.358732656033025954e+00,1.780508089148769235e+00,2.721615161569639341e+00,1.674387349841909955e+00,3.885277571420478360e+00,1.936102665774015463e+00,3.119338920470893228e-01,5.859915577831259270e+00,6.148854678673439267e+00,4.573615805894694297e+00,8.406693991763050988e+00,5.438634529040154320e+00,6.004067359497035739e+00,4.498634408110408600e+00,1.311214942476975587e+01,8.912497569703141664e+00,5.471422690255988819e+00,1.200088282234553816e+01,1.766105837097883224e+01
7.900600000000000000e+05,1.230515208017192164e-01,2.828233375928377313e-01,4.889029843257083341e-01,2.143948459584329225e+00,3.643043492858537569e+00,3.627674711507776983e+00,6.151942336874046902e+00,5.678271210609916686e+00,1.468118236312159874e+00,3.348053211212929980e+00,1.219431685807035093e+00,7.628462957252629906e+00,6.277924107529685216e+00,1.009112514651943826e+01,1.414568193972325361e+01,1.013196092271294191e+01,4.026977433614822743e+00,9.434333289284662527e+00,1.096942540577125236e+01,1.773499796614603241e+01
7.900610000000000000e+05,3.767977855149619026e-01,9.960209743777868052e-01,4.301795267479755491e-01,3.074879765672513532e+00,2.348190410351242985e+00,2.616746519793948345e+00,1.414431080879114067e+00,4.215168954021289771e+00,4.956452417774016794e+00,3.209975315746920188e+00,2.665089872184334130e+00,6.473743441912905183e+00,4.863834139087064301e-02,6.337100058095497701e+00,1.273826968456664588e+01,4.694997349493519323e-01,1.357208833267615589e+01,2.112237157982219671e-01,1.847141865915091685e+01,1.356308933582420551e+01
7.900620000000000000e+05,1.440175742555993565e-01,5.126112992397582335e-01,2.480296957156935989e+00,2.898955815289587346e+00,1.394848412575108165e+00,3.095457251094716256e+00,3.442553911144583978e+00,7.077364934673395780e+00,1.865006122813971601e+00,7.134058334162358683e+00,9.912161402005244426e+00,2.186769797216655320e+00,9.221467677178699418e+00,1.689730062836202418e+00,1.307656398956041954e+01,1.325636361512477990e+00,6.390938509108352150e+00,1.297776223966605080e+01,1.422647349089408042e+00,2.211633269688400016e+00
7.900630000000000000e+05,5.524125759688962578e-01,1.993531271205545297e+00,1.024818528029093345e-01,2.910351379908231451e+00,3.188868242828897692e+00,5.063414162170012389e+00,8.203450493356406747e-01,6.101729783274725705e+00,4.180354757863588233e+00,7.202619224299404266e+00,7.174130139504142356e+00,4.974149137346201677e+00,1.213021528370720503e+01,2.759586543984530405e+00,9.518782077213753468e+00,2.853312284939825361e+00,1.118191327292162107e+01,1.671789489033697151e+01,1.274419453623132803e+00,1.068014295875300945e+01
7.900640000000000000e+05,2.926404361610376315e-01,1.117030787888711796e+00,1.925305035040280499e+00,1.017330572768379682e+00,2.948286387781821283e+00,8.778064344966580723e-01,1.321045816673687145e-01,6.573678684289723684e+00,3.047131055852208004e+00,6.930619821251982060e-02,2.922382340527976741e+00,4.147996612782740122e+00,1.100400567677169761e+01,1.209265277459572019e+01,1.479591591809844253e+01,1.000332979074903683e+01,4.436908693289556282e+00,6.185905901941590734e+00,6.023945052842271330e+00,1.681927890870508335e+01
7.900650000000000000e+05,5.213401594968236630e-01,4.428538831708639378e-02,6.078741425132818677e-01,2.499055074913721697e+00,2.013560368498096942e+00,3.762298858083222175e+00,6.428025540409750604e+00,7.773423767821785013e+00,3.927859413599703586e+00,2.658136772078409926e+00,9.895251732805764311e-01,2.053780856021853563e+00,8.222910697332771690e+00,9.720652892203990092e+00,1.151980230795444804e+01,1.578499454599347196e+01,1.376963023148963572e+01,9.833781449249437756e+00,9.460033062754689581e+00,2.548976693469906518e+00
7.900660000000000000e+05,2.924784881777342527e-02,1.735768563238098583e+00,2.285088896690915750e+00,4.238161307740253569e-01,3.770048465775456492e+00,3.502831838632642913e-01,6.360039506217980865e+00,7.647994351497071186e+00,8.290525149469802457e+00,2.624384205611015375e+00,6.701380839322625960e+00,9.281678462173029942e+00,5.219999993712160169e+00,1.115105211865802382e+01,4.659116034148592433e+00,4.412360710213128812e+00,5.232201087919789995e-01,3.509604740091147868e+00,2.129199280553836893e+00,1.311191199195845414e+01
7.900670000000000000e+05,3.177021158543663626e-01,6.405000666717546309e-01,2.324439716637683784e+00,1.979154039666000120e+00,2.844739249015710847e+00,1.674259357888061572e-01,5.791089983834878829e+00,6.291078535689313966e+00,2.064756327220538701e+00,2.228466804298231629e+00,5.171357624553410304e+00,7.439360775561775441e+00,5.773050606633982618e+00,8.176779843136463555e+00,1.054442960966289355e+01,1.264156644807413166e+01,8.794082536883058410e+00,1.978738466372440552e+00,3.690719419758813125e+00,6.907182565883413616e+00
7.900680000000000000e+05,4.306379914140957554e-01,1.474823932699767637e+00,6.464582318597306143e-01,2.902010394587891895e+00,7.860537735580563901e-01,5.237041230295591987e+00,6.844859058490417425e+00,7.569945620673372844e+00,4.531078566902465354e+00,7.972774391099618718e+00,7.732331624738344900e+00,8.088467039326054930e-01,5.232741518184311325e+00,3.896681852230901022e+00,3.711200202780629454e+00,3.692143552805426054e+00,9.486767363882870896e+00,1.659085749428915690e+01,1.591352779649983162e+01,1.567033900687483161e+01
7.900690000000000000e+05,9.795288224083852358e-01,1.038458400948583993e+00,1.634114342420111665e+00,1.075627996015550814e+00,3.514594714917063545e+00,7.041960110204790180e-01,4.002707271729475380e+00,6.601905109072585986e+00,2.697227643068397462e+00,8.894339400173395305e+00,4.589112544954581985e+00,9.867551359587377391e+00,1.262328281229682325e+01,5.441721986129625321e+00,2.060369879687832917e+00,7.443618304252748175e+00,1.621767549848800272e+01,1.425677062716623489e+01,5.808539850935475535e+00,3.163336227735065176e+00
7.900700000000000000e+05,1.779792717899868482e-01,1.691818408220610470e+00,2.673239843757348577e+00,2.973542284843317951e-01,1.234051319638409971e+00,1.931966740480340006e+00,3.112490431179108175e+00,7.543951457142911821e+00,4.122759574596248200e+00,5.075770382205158082e-01,9.080961657456741776e+00,7.085864419824840610e+00,2.050267318280619033e+00,1.143508541909057641e+01,6.550048520330800983e+00,4.428911956881149692e+00,1.239410689845596636e+01,7.369487249200837198e+00,1.267305507989510716e+01,8.574877910314791407e+00
7.900710000000000000e+05,4.532655566911177880e-01,1.666221532709344366e+00,1.341254037172614488e+00,7.023705103010673412e-01,4.772818896344509731e+00,5.691856774509219008e+00,3.101969305126855314e+00,5.438187566334100609e+00,8.636515073921995356e-01,4.932586347144917838e+00,4.190675035020049677e+00,4.501138190154682306e+00,6.669917226122143106e+00,1.848868317647919923e+00,5.835677850716608717e+00,1.100557776371239527e+01,7.845730100642758664e+00,1.277964266208086386e+01,1.863694109635385621e+00,1.917814360623420100e+01
7.900720000000000000e+05,3.735550183075621034e-01,1.388656475381772060e+00,1.040194472556090766e+00,1.179716540343491271e+00,2.227176946297200644e+00,2.357499237090786792e+00,2.469503858743828495e+00,2.550894509815613276e-01,7.918847444704259608e+00,9.048897557032299588e+00,8.774676662937228144e+00,1.069124852095097467e+01,7.513870166151265906e+00,1.315639884648361146e+01,9.292862941915199571e+00,7.664675596550374337e-02,1.223484408968158554e+01,1.534453939285531554e+01,1.404092650263024566e+01,9.033315330737579529e+00
7.900730000000000000e+05,1.049123198211919794e-01,1.199216697521909847e-01,5.732380383442902128e-01,2.261253973996255162e+00,4.712983049029676685e+00,4.168825660808901823e+00,4.183559998955696635e+00,3.820936806706953348e+00,3.543671190557031725e+00,5.974199434231699968e+00,6.646898321843689450e-01,8.150803873303892999e+00,5.670381419022196390e+00,6.225804120690650034e-01,1.344423803040490384e+01,8.130365162200094531e+00,4.977878496448293610e+00,5.618757466273060608e+00,1.056611084510921650e+01,1.195270410119596072e+01
7.900740000000000000e+05,7.845759514501625675e-01,2.781198745223603108e-01,7.517995743312145818e-01,1.624653546094666279e+00,2.815669483127129613e+00,5.729951949758484986e+00,5.818427222082951822e+00,3.008125819330241590e+00,3.856629228872737514e+00,9.086498472301618445e-01,1.974628052975995196e+00,1.776063187669386423e+00,1.288265111863450763e+01,4.727447094356721280e+00,1.039041201778789336e+00,4.260583875241383822e-01,9.809011118525342354e+00,1.305713764986026248e+01,1.350793620090057345e+01,4.156521341019326243e+00
7.900750000000000000e+05,5.449716632070933375e-02,4.603027595197493049e-01,9.994890962405378332e-01,2.667314392956060765e+00,4.010717582683237303e+00,6.004195501910531974e-01,2.728283127450287893e+00,5.629935382794960752e+00,7.233259685309286979e+00,8.115269662350025115e+00,6.656435280921685127e+00,4.603567466418395426e+00,1.134418639388384165e+00,5.928880508583628028e+00,1.391772655898727251e+01,1.503160931805817846e+01,7.279913241561589032e+00,3.215537816284659733e+00,1.313139264246409255e+01,5.776572606323528980e+00
7.900760000000000000e+05,5.673261348541922544e-01,4.188852723408822420e-01,2.993427512144419378e+00,2.207009010464987320e+00,6.036502333464632830e-01,3.448810730797980284e+00,2.492554145253970788e+00,5.288479957406829080e+00,1.332151941645284721e+00,5.754327203153669856e+00,1.093613149216947278e+01,1.308237490048171026e+00,1.114886302257210460e+01,1.369590456723209293e+01,1.258017415745307055e+01,1.059092741461752851e+01,2.285602295002097328e+00,6.542960198217262935e+00,1.714193041353354374e+01,5.856829391349094749e+00
7.900770000000000000e+05,9.802695590005834347e-01,2.206142397149253309e-01,1.254536451501225836e-01,5.957616875182516480e-01,3.345143576671544938e+00,5.680827062058313004e+00,3.260699478715938682e+00,5.047793255909958532e+00,3.953827438662528948e+00,1.785657931561271949e+00,1.774545529512907782e+00,6.341988624913222239e+00,7.518888781099928309e+00,1.162091118105281673e+01,8.516434673062178717e-02,1.113550519138679462e+01,9.691072582447560535e+00,7.100256891319109975e+00,1.467871131346155344e+01,3.382607020209189574e+00
7.900780000000000000e+05,4.644161389644577698e-01,1.118038342488235637e+00,2.228695897307140683e+00,3.860888992962761002e+00,2.032698133815038499e+00,2.983719948152959933e+00,5.650812295039520095e+00,4.026568564424217733e+00,7.626670800489595337e+00,5.940952230502528408e+00,9.785956978084948688e+00,7.961127300999431000e+00,5.431226170629589234e+00,4.601230455440318501e+00,7.046888919459938450e+00,6.177820103777412086e+00,1.040017435800749457e+00,1.495743190541010748e+01,7.584786150578086694e-01,1.273642289824869778e+01
7.900790000000000000e+05,1.004232024748424879e-01,5.576033333362262479e-01,1.779206413825787036e+00,3.711494723023166742e+00,6.482645918302487598e-01,2.776485542068114043e+00,4.361760239025648467e+00,3.639685481945952539e+00,4.435789130186991613e+00,3.320751948096517303e+00,5.039716077932579807e+00,9.595771709011069461e+00,9.810430836374914421e+00,8.703414879572735074e+00,1.277180273492705176e+01,1.335213469540783393e+01,1.030774156881089354e+01,1.471192244091551338e+01,3.063437253109820624e+00,6.171370521278563004e-01
7.900800000000000000e+05,5.007461081227864153e-01,1.554201881379619454e+00,2.615124453737677435e+00,1.617413744364365247e+00,1.515279706666457393e+00,2.318178501540741898e+00,5.056963754022740787e+00,7.114737499131062570e+00,2.414520800097047282e+00,1.697389274244316404e+00,4.281957004888054641e+00,6.337950010402096268e+00,1.113118790107692213e+01,1.200711771272730655e+00,1.395609742858543356e+01,2.696560242998469192e-01,1.225618654688322984e+01,1.536890836528004023e+01,7.217970598644279923e-01,1.996112749393245167e+01
7.900810000000000000e+05,9.927136712392941043e-01,1.073895971615079326e+00,1.867786178018889798e+00,1.370472890746343708e+00,3.577137819811953445e+00,1.993239549523863507e+00,3.841749367486423594e+00,1.138046033768036480e-01,1.538004461377107557e+00,7.125250209744637964e+00,9.467537942026238440e+00,1.061353382931529232e+01,1.237066174984079758e+01,7.872587082320185559e+00,7.440644556463176684e+00,1.183801166741908162e+01,2.465299849219765083e+00,4.292136342691865281e+00,1.415965261827986410e+01,8.490123494681325766e+00
7.900820000000000000e+05,9.883106826240698473e-01,1.556512012653754162e+00,2.439728726295221417e+00,2.193046530475020184e-01,4.299821161448114104e-01,3.483196402883436349e+00,3.789901527339709641e+00,4.109357744850905547e+00,1.495588968572698185e+00,5.594771022235665470e+00,9.998270813007081870e+00,2.398156733731249268e-01,5.590386690127873592e+00,8.944689049574108708e+00,5.216270936207884068e-01,1.370265156576411236e+01,7.363347665526926988e-01,1.783857600857207260e+01,1.419185068042926545e+00,1.673133545214509610e+01
7.900830000000000000e+05,7.310738753632096687e-01,3.434694864390250846e-01,7.360914378318267337e-01,1.394316995862771247e+00,6.277360540123905208e-01,1.604495020338057021e-01,2.976329785242904702e+00,4.320599250350444898e+00,6.786779719699969959e+00,6.116047918157492269e+00,2.011420476077171449e-01,5.107796523910790754e+00,6.724223786704972561e-01,1.097099524382459812e+01,6.850963185244459019e+00,5.594968151478170171e+00,4.387831403579194323e-01,9.710932877061157598e+00,1.144986478496752014e+01,8.382342784995966412e-01
7.900840000000000000e+05,7.340681242947137974e-01,1.381539713179363416e+00,6.654946601025467645e-01,1.539761184795072513e+00,1.290031661148972608e+00,1.685528585357461306e+00,6.169589189001642993e+00,2.949997911638651438e+00,2.830862028163522393e+00,4.885079669476830588e+00,1.001083767901648613e+01,8.839664657412308557e+00,8.015046393284420034e+00,1.343019017919489322e+01,9.681352198118787555e+00,1.426547303117170884e+01,5.817957576823427956e+00,1.440404198769065047e+01,1.641158262219067510e+01,1.857805545406081293e+01
7.900850000000000000e+05,2.185336912396357301e-01,1.653505957621336453e+00,1.980568337608627161e+00,2.352200475896774723e+00,3.252068013424538773e+00,2.373618795445787466e+00,2.909371902522777109e+00,2.350942743375359356e-01,6.764553517427344786e+00,8.171954151467064165e+00,6.008097049921961919e+00,1.029164792310055354e+01,9.995868658634714521e+00,5.917651881032600869e+00,7.783668307256515817e+00,1.349061634656991160e+01,2.471880067038220830e+00,5.070764481470512841e+00,1.682328791864435402e+01,1.027602530204537956e+01
7.900860000000000000e+05,5.447818677376458085e-01,9.527243450122617752e-01,2.952537247250880625e+00,1.218153427861437876e+00,2.539505127225853531e+00,5.558598013828130568e+00,3.393828475780658938e+00,5.717079633795443705e+00,6.974058140423839980e-01,3.444480205043829457e+00,5.655190503759407683e+00,9.124322916456186761e+00,8.967282581465070734e+00,3.601667447701724534e+00,1.219400587234519051e+01,1.342213014171782781e+01,1.124631720978757166e+01,3.398380585145645227e+00,1.855542201034608141e+01,1.826338094890004626e+01
7.900870000000000000e+05,6.855720070110472575e-01,3.688951445672523644e-01,2.657448893176980853e+00,3.402444702952795996e+00,3.003973017676756285e+00,1.986951156217711567e+00,4.521475115737212391e+00,1.684725656754028300e+00,2.856820777828643187e+00,8.010754947355735567e+00,7.721786040828677145e+00,4.881560924037261273e+00,2.215763531218085447e+00,2.132013956018424139e+00,3.722594054291777921e-01,7.963669108618931958e+00,7.106999769841505277e+00,9.328701251028048702e+00,1.610053368820237196e+01,1.741415766461948422e+01
7.900880000000000000e+05,5.990899691733830856e-03,1.215584580384078572e+00,3.708329061698457663e-01,1.661487130922044919e+00,1.182655668060259568e+00,1.269707741487640318e+00,3.070046719418565218e+00,3.639803991932208049e+00,6.494013583198287698e+00,6.165811793056973578e+00,3.461161633910030400e+00,4.266297862282561582e+00,1.104207575147422560e+01,1.846867034100728722e+00,4.690510878389094529e+00,4.074970690842786070e+00,6.066938825244412747e+00,1.428129090327587214e+01,1.293443579659183484e+01,1.652866896250711903e+01
7.900890000000000000e+05,5.083670077717917790e-01,1.559918742913359635e+00,1.534639078607219043e+00,3.195642484657634341e+00,1.322487717340552038e+00,5.908156686389688161e+00,5.570222776227314654e+00,4.505291771483699748e+00,2.224943125519950549e+00,7.179626900287159330e+00,3.326841544276001095e+00,9.905899959922489728e+00,3.382896199557692274e+00,2.560156135201719252e+00,2.992512244166031010e+00,1.447526905158919419e+01,9.515708397915703998e+00,1.636127537836537016e+01,8.531188548198658239e+00,7.371734256249713013e+00
7.900900000000000000e+05,5.254139385990520550e-01,3.434759270701581713e-02,8.914078583681832590e-01,1.705538290368537879e+00,6.643370791808600462e-02,2.112093084566158296e+00,3.099402694013885462e+00,2.956757383370797854e+00,7.771308435219472344e+00,2.350568908961727654e+00,8.612478403112385550e+00,6.330681116526088559e+00,3.679303324436261402e+00,6.346069370390747366e+00,3.225529372972445685e+00,1.213571210753100971e+01,6.267682249782378534e+00,8.962141887440129295e+00,1.100134417433572942e+01,1.994638020802394962e+01
7.900910000000000000e+05,4.924214563601113648e-01,1.818290288830282320e+00,8.804557041040990129e-01,3.918883298574360463e+00,2.731195078781858854e+00,3.308992061947092722e+00,6.593236329736331669e+00,7.196343780772133769e+00,4.603697983401325189e+00,6.050015688916493772e+00,1.644012775902905066e+00,1.082213251370488472e+01,2.633427829904670059e+00,1.182821641535651125e+01,5.908424106429660538e-01,1.531849148770624325e+01,1.337801617191919945e+01,8.689459479243733853e+00,1.630688865616526684e+01,1.766574034692463968e+01
7.900920000000000000e+05,9.186675019282378729e-01,9.897560250986066066e-01,2.388902888810487291e+00,3.656582150036203682e+00,1.552213065558105232e+00,4.692460228923144072e+00,5.022664777073329034e+00,5.005776647700423965e+00,8.083052819444791481e+00,5.542163220355982745e+00,2.162044296913606001e+00,9.829283349412540005e+00,6.603599248601770277e-01,2.043464868699134129e-01,3.747059379181388872e-01,1.385840019870875039e+01,2.149042894115238411e-02,6.321715516520098888e+00,9.889803180403927030e+00,1.051162203820574170e+01
7.900930000000000000e+05,4.809466188975994871e-01,4.698046761526291082e-01,2.085183881489093949e+00,3.252813728564886375e+00,3.306806787680182325e+00,3.424511067672495912e+00,4.165054718655923693e+00,5.700861886577818893e+00,6.944255183802123810e+00,5.634653277942867966e+00,2.870181289284220227e+00,1.122879769215749768e+01,9.604941154861377228e+00,2.976505947304006305e+00,3.189218695487581190e+00,3.653866422778738965e+00,1.016068997258233431e+01,4.915546883637125219e+00,6.384102593190111641e+00,2.171183370671259105e-01
7.900940000000000000e+05,1.770333663541212577e-02,1.849342878314149452e+00,4.711739342443015399e-01,6.589690602092135308e-01,2.427143535576763878e+00,4.134861962471171992e+00,3.052153446267900527e+00,7.201686493666644040e+00,5.044872000695503012e+00,9.184900167629630019e+00,1.059936548915606558e+01,6.337348102577573528e+00,9.869057349413196789e+00,4.637182157527194981e+00,5.018053400903789374e+00,5.548900163484260517e+00,3.436192980564290345e+00,1.511617978778565075e+01,1.597166018518564812e+01,6.330824797395777637e+00
7.900950000000000000e+05,3.734581665129760308e-01,2.234126979694659454e-01,2.590159195503078937e+00,2.610298911169542713e+00,1.145425003588211421e+00,5.328783958848680946e+00,4.311621342386829703e+00,5.997919256454173009e+00,5.716255482003293587e+00,6.477087166596522394e+00,7.178179997636794596e+00,1.192033498096299837e+01,7.027826039321493745e+00,1.240834567952624568e+01,3.577135004600434653e-01,5.506505327097880098e+00,1.237875430231492579e+01,1.232658269470425871e+01,1.756553562144909719e+01,1.366787900112479015e+01
7.900960000000000000e+05,3.080260089245335786e-01,1.804163047347442594e+00,1.690259137950532065e+00,4.815078476540670671e-01,2.581450952108836461e+00,2.251575816529552299e+00,2.113529178439224498e+00,7.675886857160957533e+00,3.084504019483304660e+00,2.815843091072975923e+00,2.456663564119804466e+00,6.655772240571252496e+00,1.236521153895365543e+01,7.297215574458965293e+00,1.076350312441648427e+01,2.111169733518272196e+00,5.595486810630508678e+00,3.091255018102573082e+00,5.316191598082612435e-01,1.105465082161412660e+01
7.900970000000000000e+05,5.389383204639003333e-01,8.436397729172595561e-03,2.106450478575642826e+00,3.574237253324680452e+00,4.862716469767718763e+00,3.103179755648111104e+00,2.780939748964447844e+00,3.797333851260251691e+00,5.835719176642798267e+00,1.065183381866282586e+00,5.287262278756120537e+00,8.687612554045543334e+00,1.188328135831647092e+00,9.589387048459425245e+00,1.738636655702009426e+00,3.994314237219093400e+00,3.494117217677853660e+00,1.466808282537804153e+01,1.159629032320165010e+01,1.858455949250985029e+01
7.900980000000000000e+05,3.995946623400861153e-01,7.551981240214071800e-01,3.090545502105496167e-01,2.673504027164597119e+00,3.132586930294490202e+00,4.188333016665438890e+00,3.995111990131778423e+00,7.975728552900723578e+00,2.237327984824046823e+00,9.391253117638138193e+00,8.207117618030272510e+00,1.145176676164513463e+00,1.027246127521725327e+01,1.123955712825445907e+01,9.483840801143960775e+00,1.541224809908504412e+01,1.076334596196078586e+01,1.137483747102602649e+01,9.889035557683360622e+00,1.527942422709067394e+01
7.900990000000000000e+05,5.619972081901157823e-01,1.856414228333724825e-01,2.044656939357224257e+00,1.237903649614475743e+00,3.273987230951658667e+00,6.251027779099471715e-02,2.155834710331488768e+00,7.446344898325061301e+00,4.753518474595455956e+00,5.531757956574111290e+00,8.006257740390054778e+00,3.741655877409537645e-01,4.851906627260463623e+00,1.278255891435010660e+01,1.306210276574380913e+01,1.448304475318341034e+01,7.187183866579530900e+00,1.228819959780424398e+01,8.178334221240717739e+00,6.354897988187858004e+00
