2.400000000000000000e+05,7.315477050616231436e-01,1.025618009392459618e+00,1.015002214875499797e+00,1.993955756842658911e+00,1.820508744852626926e+00,5.016515722332069771e+00,5.821666385942697808e+00,7.511767958590634287e+00,9.142749317522039787e-01,6.120819512467246426e+00,8.560478856471300801e+00,1.001827586867797315e+01,1.227573334168017105e+01,1.422009936934107932e+00,2.441896548657856325e+00,6.137064563897087766e+00,1.117736940218362029e+01,7.257051649399299365e+00,1.397774905945122903e+01,1.944061058487001059e+00
2.400010000000000000e+05,2.049845505231786547e-01,2.806546855959692888e-01,2.715436447198586123e+00,3.531852332767628333e+00,1.878547735196596680e+00,3.137152137682198472e+00,5.086081148782676919e+00,7.847540420156414953e+00,3.364658775461226714e+00,1.473616692386114924e-01,1.032564918031401824e+01,8.316840015621052018e-02,2.020891145331049632e-01,5.632622064034376486e+00,1.047981954600188104e+01,1.408140904546943872e+01,1.677007802205806364e+00,1.679853045009974011e+00,9.807328928138176138e+00,7.845877230744102704e+00
2.400020000000000000e+05,5.528987388386368274e-01,5.791253024363620661e-01,2.692802866796988326e+00,1.906633000555392421e+00,3.867899697724558994e+00,1.312133436929832309e+00,2.350872759801137413e+00,4.288729447419492580e+00,6.664179022982332334e+00,4.462503170425317300e+00,2.860104695686081389e+00,1.072421408474472315e+01,7.917227527381127672e+00,1.061802704184018964e+01,1.071031667424298739e+01,3.073197730775122594e+00,2.406164724958098411e+00,8.551506943767265057e+00,1.261746334002966208e+01,2.306526406102307192e+00
2.400030000000000000e+05,7.434715403879270657e-01,5.383958082286548485e-01,1.552177173620963302e+00,3.761395721849961404e+00,4.025623530054406096e+00,1.234508984135416876e+00,3.636376139670210339e+00,3.311353039692528810e+00,1.152849012283553076e+00,8.322611455208297926e+00,2.851974568221665063e+00,6.318001468974096646e+00,1.097597450723482204e+01,1.390443607785146973e+01,2.492981913823137496e+00,1.851238255868631555e+00,1.193686442055101615e+01,1.357286126538703996e+01,1.147468667955453370e+01,7.154495101935953727e+00
2.400040000000000000e+05,7.324650838124069363e-02,2.402936138070221883e-01,2.193633940713667130e+00,1.002734938407160215e+00,2.297279509761243066e+00,1.664347613167627138e+00,5.543440118406958383e+00,4.801081770067363585e+00,7.183858215276323733e+00,9.815190493264417171e+00,1.047444033811192909e+01,1.177791860512488498e+01,5.481782578216301438e+00,8.147235477460291975e+00,1.349005201169249268e+01,7.004236686838742898e+00,1.035888641520673303e+01,4.049571465885499766e-01,5.164353899927178304e+00,1.984625056698780554e+01
2.400050000000000000e+05,4.180121971822630123e-01,1.030634252734345724e+00,6.508880505892756796e-01,1.921822848859568555e+00,1.070672579164511085e+00,3.394744935861911284e+00,4.829534476211891914e+00,2.361167746198862716e+00,3.767980065521606470e+00,1.516469791159402725e+00,9.783600220590930263e+00,8.444639700812931693e+00,1.172344485438627082e+01,1.178385906553768336e+01,6.354300023179579426e+00,8.122917980183920861e+00,4.375836743524398109e+00,1.205236597659853359e+01,7.286969109558348201e+00,2.350701119532059291e+00
2.400060000000000000e+05,9.393329563728740617e-01,1.895306904374953083e+00,1.154189464282584288e+00,2.820117301095507845e+00,2.391576364723831283e+00,3.683940431356601319e+00,5.541001104529375887e+00,7.710500299331645380e+00,8.662575776190597487e-01,6.786370753378623277e-02,1.509077479236402564e+00,1.076190109581721188e+01,1.054969983332033756e+01,2.356943960393231841e-01,3.557821121616513871e+00,3.683602652866635907e+00,1.179791659591283093e+01,1.275247349732588553e+01,1.784010126883542924e+01,1.665202358451006504e+01
2.400070000000000000e+05,5.591379299140520898e-01,1.351163518021004872e+00,1.414803467989746544e+00,3.967821858419697367e+00,4.597862166308481768e+00,1.473754082040021895e-01,1.646733402194644480e-02,3.016851360353621558e+00,3.014596348492948330e-02,8.658173604248988298e+00,8.684072415117000787e+00,7.705839046115282365e+00,2.896342627355651178e+00,1.054787102738541149e+00,1.197803597775932261e+00,1.592807695392081868e+01,8.321762200967777190e+00,5.945381348369099150e+00,6.216708244294130381e+00,1.493978531082395023e+01
2.400080000000000000e+05,9.629710851296426899e-01,1.902913066765277827e+00,6.980629846127034410e-01,2.143384872027499277e+00,3.146405850245633573e+00,4.958540963074458574e+00,2.237246292035079520e+00,4.493995209908613120e+00,8.765181433454722892e+00,3.953504761776139631e+00,7.376203097246234464e+00,3.949579310502933094e+00,8.261903374755394935e+00,1.084996034682894717e+01,1.315543755341314913e+01,4.240661557958846473e+00,1.597864222193588368e+01,1.733339281151607025e+01,3.565496901983343569e+00,1.460518663247024840e+01
2.400090000000000000e+05,8.772651326419271811e-01,5.831732681878565305e-01,1.752361655134339280e+00,1.993846934394349901e+00,4.093499750448563290e+00,5.856084317262259198e+00,5.670060360946702183e+00,3.430592319363265474e+00,4.321043100252961011e+00,4.197010045043038318e+00,4.634688591757495146e+00,3.820922379994242668e-01,2.559315078616564598e+00,1.351884431401559006e+01,6.807303667696173122e+00,9.704518950546686895e+00,1.357461828796166792e+01,1.320274580603028980e+01,1.252296626963420145e+00,1.959070646421244177e+01
2.400100000000000000e+05,3.341793114631051997e-01,9.225904210002298100e-01,7.186655477165716510e-01,2.604949846453417095e+00,1.836144222899486866e+00,4.122215736010348408e-01,6.627216857937186845e+00,7.343021603092126703e+00,6.138076496595295417e+00,7.216232007205980459e-01,5.196700139616902803e+00,6.324466728544855698e+00,1.149992122810645689e+01,6.275887216271600622e+00,5.247663961373759456e+00,1.409355928142550241e+01,5.599155936073196393e+00,1.139328774084085083e+01,1.970045843869479452e+00,1.556613477313937821e+01
2.400110000000000000e+05,6.749887697304319811e-01,1.748515171892331077e+00,7.027408342858938450e-01,7.904524239786505646e-01,6.342228069932803747e-01,1.455665321521175004e+00,2.141785772644882790e+00,1.653735415243791529e+00,5.709299834478184010e+00,2.615793091726681396e-01,4.866552716443307780e+00,1.055454330933531004e+01,1.051660148624998037e+01,6.168695687441861253e+00,1.457810686499113295e+01,1.096258062037288639e+01,1.562532735553885210e+01,1.491679730744088772e+01,6.255633564062742513e-01,1.661128841317400884e+01
2.400120000000000000e+05,4.047758978845982236e-01,1.976992042307984088e+00,7.521748900561905371e-01,2.907493054943607991e+00,2.783136362980795919e+00,1.393783645704748331e+00,3.011116463721231096e+00,8.347258565073270020e-01,6.278581443620715241e+00,9.087436912572670167e+00,8.053545684871458832e+00,1.947453581272204470e+00,5.186684214823924499e+00,9.973182418439703767e+00,1.077942292303486305e+01,5.621204721120138359e+00,1.678569494554349362e+01,1.112565607473280949e+01,1.436829644628368463e+01,1.419568529300574689e+01
2.400130000000000000e+05,4.406068104559978105e-01,6.786662714939106777e-01,3.377462735158078821e-01,1.816487076404595946e-01,5.182815064541396177e-01,2.458216197047721430e+00,3.701611686699656456e+00,4.373739164228457987e+00,3.584285882832933812e+00,5.126503097458908087e+00,1.768174633479205227e+00,2.408041796838130466e+00,2.358718706771535167e+00,5.754139260927961352e+00,1.082746205638963843e+01,1.169100685150680441e+01,5.258671666206126361e+00,5.683995736410497379e+00,3.964240033615886283e+00,7.863908875077947336e+00
2.400140000000000000e+05,3.407798975680232934e-01,5.506606377584777334e-01,1.733275114222876390e+00,3.953895015450995754e+00,3.433301708234569816e+00,2.422880694278779945e+00,1.542694896108734781e+00,3.724530852892025123e+00,5.569925938062543658e+00,5.744342988877902734e+00,1.123285624643321823e+00,8.612403896136768822e+00,1.766585733278925652e+00,2.118699259554997827e+00,2.240967536219997225e+00,1.454425868208365458e+01,1.534835661409316998e+01,9.606679133535033444e+00,8.427870310035928014e+00,4.974679959776764804e+00
2.400150000000000000e+05,9.423698149768681143e-01,3.143603397653795817e-01,2.369912005251644693e+00,3.990950482734850091e+00,5.850291590530509733e-01,2.881501431682066183e+00,6.702198579136540602e+00,7.949275801315381251e+00,1.244880991725303865e+00,2.099429061524226370e+00,5.861500937916629184e+00,8.182885545715439690e+00,5.481220234064974051e+00,9.340958781359500751e-01,1.066738318652224571e+01,3.967467890076838088e+00,8.190264476383084968e+00,1.559798466127044847e+01,1.124163890356359374e+01,2.120203323772635873e+00
2.400160000000000000e+05,4.437262310344858296e-01,5.777830156143233253e-01,2.401322270107818735e+00,3.196810654837916044e+00,1.808777668262939731e+00,2.413830922930475520e+00,9.745971152972436879e-01,3.200409258573747806e+00,5.857455875181981853e+00,3.079257518683393702e+00,4.751469106607222770e+00,6.868007573157586698e+00,2.463362994410080997e+00,1.267887402202839731e+01,4.990346766159948544e+00,1.424231518771183325e+01,6.692605241422666218e+00,1.582895531001994271e+01,1.261176859846924359e+01,1.646603706874699569e+01
2.400170000000000000e+05,6.137501914592552454e-01,7.885997827779407388e-01,3.319262921697964108e-01,1.109663474625410373e+00,4.124907964898834045e+00,4.692198159257624290e+00,2.985860015833087910e+00,2.559235851059784572e+00,5.642327931746838665e+00,5.690961627900820829e+00,6.769792106028164724e+00,5.051460941084223499e+00,6.027078299931279970e-01,1.029483288050283818e+01,9.420089169849198640e+00,7.682547960169632262e+00,4.891763741370823704e-01,4.694624488112571825e+00,2.646389924591258325e+00,1.725630499733829737e+01
2.400180000000000000e+05,4.837659642748882716e-01,1.226330041905528967e+00,2.729784265861504799e+00,1.465822348971987488e+00,4.089066009514145783e+00,1.760962778334647316e+00,1.623729769740342999e+00,6.828283758011125748e+00,5.930429745465676916e+00,9.855914324893605638e+00,4.824358697344327318e+00,3.218674494035381528e+00,7.457917044109004800e-01,2.229695498993017555e+00,6.020678698211066937e+00,1.254421562297985382e+01,8.084132431717730327e+00,1.137832487853288299e+01,9.079403778752846987e-01,1.182072081504743188e+01
2.400190000000000000e+05,3.524163937722660789e-01,1.179333246192279194e+00,2.515030581888678007e+00,2.868819142227585051e+00,4.290991995323113706e+00,4.663991587259390670e+00,5.914337972634239549e+00,6.423962856600471838e+00,3.068596136542824926e+00,4.154914603488823133e+00,3.760583056153324888e-01,8.279943796109712650e+00,1.104063153989537938e+01,6.666905770393805497e+00,1.354030238287928434e+01,4.036593925880657352e+00,3.943395943599385500e+00,8.337908448799664640e+00,6.062493793868024561e+00,1.340201486609732839e+01
2.400200000000000000e+05,4.772107186343349516e-01,1.512642796514108712e+00,1.974865032260454178e+00,1.353857659104193534e+00,4.410526145692170275e+00,1.486551213141937389e+00,3.770700383007634215e+00,7.936522535714190418e+00,4.036477434408208609e+00,9.230806809367322785e+00,1.361962344788494539e+00,1.096784782064060693e+01,1.257564726921165921e+01,8.960778770550743566e-01,6.327084511366471098e+00,1.059305976931765514e+01,1.635405382185099654e+01,5.540839937409710814e+00,1.167249130074911712e+01,4.524966472230329551e+00
2.400210000000000000e+05,4.445677273916808225e-01,1.503684777784389137e+00,2.173197496132103446e+00,3.904003549858528821e+00,4.132929470499497882e+00,4.127463318012633664e+00,4.445120308689686439e+00,8.478849225069167161e-01,7.689165167372349785e+00,1.586564851197558301e-01,6.904873692581833922e+00,2.239777888919984861e+00,4.994779587532825360e+00,9.427250290374924457e-01,7.903104293633326449e+00,1.113392936011972978e+01,4.877364153076223729e+00,3.986540517408081907e+00,1.763070910230656807e+01,2.459786634254323978e+00
2.400220000000000000e+05,3.882249823934879052e-01,5.620944793773139381e-01,1.175533262644581800e+00,2.659048772237109226e+00,9.960491606231486328e-01,4.202309092073654995e+00,4.240560500264797916e+00,4.397370062197300200e+00,3.237956210963261139e+00,6.338712629599666748e+00,7.322254899609974998e+00,6.723431973781508475e+00,5.011990188355819331e-02,8.015758003094024531e+00,6.293829972644031656e+00,1.551410230168991689e+01,1.572284880572233146e+00,1.740479623398501019e+01,1.834899375038768810e+01,1.859312359217616262e+01
2.400230000000000000e+05,8.440831585985848484e-01,5.004509089867286153e-01,3.745910686321600735e-01,3.413117082741155883e+00,1.618300162984652069e+00,4.820737989723606898e-01,4.802944559144047609e+00,6.113049659557966642e+00,8.978118213178362339e+00,3.734764824010692319e+00,1.739476736058070738e+00,5.529810119714477779e+00,1.163278544289721061e+01,3.302149908705220849e-01,7.502962567715083075e+00,6.790757212187662262e+00,2.226211658919897918e+00,1.195930828396540235e+01,1.213880026954855040e+01,7.523512544683612191e+00
2.400240000000000000e+05,8.843891170262582202e-01,6.135677727131403358e-01,1.965812486185407160e+00,1.118987073840035595e+00,3.396993824186036459e+00,3.748097000569861947e+00,8.065507061257704002e-01,1.249505043983674568e+00,7.959759988765334526e+00,4.442337100049067899e+00,2.560190986646116329e+00,5.188874636019063402e+00,9.330840357053581613e+00,1.236376637755099983e+00,1.995610136922875144e+00,9.185626530983176607e+00,3.107079257168157138e+00,1.707733711076269856e+01,1.556128126195309846e+01,6.373161774677349456e+00
2.400250000000000000e+05,5.980713439385126895e-01,8.500589183675237859e-01,1.470192468976603051e+00,9.276964080357936737e-01,1.813560842020835562e+00,3.606058959755320537e-02,4.021168428350273771e+00,5.379021442609070114e+00,2.611032225324393607e+00,4.390870598241950695e+00,5.023081196847194896e+00,2.605112633352530960e+00,6.704804164956650325e+00,9.613384907937738699e-01,1.444209289837287535e+01,6.624974768478844922e+00,1.061537642495891554e+00,4.348564952901078584e+00,1.613048421896078821e+01,8.720074000969407990e+00
2.400260000000000000e+05,1.405501329952285605e-01,5.255659964900838421e-01,1.463075585549600710e+00,2.151930629809415407e-01,7.831952240840356350e-01,1.304999901621005876e+00,2.204585698119483794e+00,7.209300298517804073e+00,7.559809164718269692e-01,1.463599094571469417e+00,8.031550795920225028e+00,1.194736403825094762e+01,1.394603196061394712e-01,1.645747303840980447e+00,2.011049241483207517e+00,5.751213690220344787e+00,6.374636933066339495e+00,1.621664683687312802e+01,5.223267376677531715e+00,3.941834612780714675e+00
2.400270000000000000e+05,9.853959298259578059e-01,2.479685360424270790e-01,3.439640213439393301e-01,3.278635421704924724e+00,2.555225002573617843e+00,4.678278089417011731e-01,2.436467758126076966e+00,8.945473007603501614e-01,6.286985561212132367e+00,1.570777155205200781e+00,9.135882429284924999e-02,4.847135119037760731e+00,9.367864314050255103e+00,5.774724322934003951e+00,9.716749215426860431e+00,8.949663290033308627e+00,3.451191284069884624e+00,2.809798080909351903e+00,9.881209744796320749e+00,1.061673899284503975e+01
2.400280000000000000e+05,3.551484058097741370e-01,9.522975020525694667e-01,1.702989013883216440e+00,3.736016835925028534e+00,1.889234110355884511e+00,5.680859915146337258e+00,6.276913907740040877e+00,6.943044955943922680e+00,8.892839165555130876e+00,8.453567696389603370e+00,3.319671108734723042e-01,8.010834551239721435e+00,9.753612867930662844e+00,4.885051684964970775e+00,4.242642360913468025e+00,6.522445793865932373e+00,1.047784442498722335e+01,1.430550859395014029e+01,1.265412545006118350e+01,6.346637314875327007e+00
2.400290000000000000e+05,7.395484206367165525e-01,1.342105142358438252e+00,7.928105508821858827e-01,2.544388877128422877e-01,2.107227434983461212e+00,5.729560931837308857e+00,5.282290993127674028e+00,1.279387485463211682e+00,4.386751595727785613e+00,1.133471039127750268e+00,4.767752440275471848e+00,2.939193354351747001e+00,1.266065028717414265e+01,1.368908319220439118e+01,1.929269548294826997e+00,8.380093134551495737e+00,1.889615910343123373e+00,1.747940816005228015e+01,1.343697623935517527e+01,1.837630662261566172e+01
2.400300000000000000e+05,7.841824703266496721e-01,3.813790548348241494e-01,9.239705903207086068e-01,7.534230327854740672e-01,1.667907134766184463e+00,5.395880510361703131e+00,6.786527344293559416e+00,5.334811522556265118e+00,4.180830368989154611e-01,1.359057447180361811e+00,8.548037274179552725e+00,3.843923225766961327e+00,6.765179590023864264e+00,7.828408488863285442e+00,6.744941148453570179e+00,1.146062788134965338e+01,3.343320097369496757e+00,1.658878723647956477e+01,2.905595001269563937e+00,1.407294828360819494e+01
2.400310000000000000e+05,9.477110389242696664e-01,1.037463783170018417e-01,1.011128220128996169e+00,3.183659758780605031e+00,2.303925211899149339e-01,4.741273390307389590e+00,5.568260465685924032e+00,1.315278786207080053e+00,8.185637004517401394e+00,4.566635346043766752e+00,1.262001389338416324e-01,1.149253370120001705e+01,5.369583199668200635e+00,6.619879349621622389e+00,1.288556059350072580e+01,1.429030541466281434e+01,4.863072862490098736e-01,4.786139388254150084e+00,6.362828784660460535e+00,1.335240462378759752e+01
2.400320000000000000e+05,1.444819140658237799e-02,5.453093955426695505e-01,7.228927963025144621e-01,3.769145577182889006e+00,8.183955422378275113e-01,1.892766007127598460e+00,2.483552278202648012e+00,4.175815979380687715e+00,3.713132698089315120e+00,3.252859756647876743e+00,8.817871957653098391e-01,7.977119592705477658e+00,8.171206076394110340e+00,1.121508512675180214e+01,1.097552956053539219e+01,1.162946223242114385e+00,5.969163281259135978e+00,9.341735104449375715e-01,1.095201690364050240e+00,1.274240736699121967e+01
2.400330000000000000e+05,1.600899395433772465e-01,1.876074248302393332e+00,1.710996213698266821e+00,2.728910507716010070e+00,2.508483169142092351e+00,1.676233387138442499e+00,1.984281261513198391e+00,5.343925057237037812e+00,3.451000838865737386e+00,1.246867180754563931e+00,8.680704287884791981e+00,3.342818273136993756e+00,9.936722827283661630e+00,1.381523215739022170e+01,5.812233470495012710e+00,8.544712149706819915e+00,7.557721794184383057e+00,1.260238601767496114e+01,4.442719578012516157e-01,7.136934673652843841e+00
2.400340000000000000e+05,5.202977310325155313e-01,5.869523078172989017e-01,2.231701965793007059e-01,1.730679528182379467e+00,4.483756221834532596e+00,4.581922757239250465e+00,2.650262091227798544e-01,2.540489043047857720e+00,3.615140493785543807e+00,4.147292865984572252e+00,6.216705770006103471e+00,1.383714212141081479e+00,1.042209064329837354e+01,1.275526655248617303e+01,2.037252454498288401e+00,1.011969584867778060e+01,1.154492938488065512e+01,1.684182136530623453e+01,1.884829554285595421e+01,1.585788052432128659e+01
2.400350000000000000e+05,7.044946792544348746e-01,5.739612132167792868e-01,1.728546226902945016e+00,6.690260115717499012e-01,1.216916893244552433e+00,5.821160296385793131e+00,6.494521684919995153e+00,1.615694970513201767e-01,2.832126153514296973e+00,4.576339430441533906e-01,5.820312374092190488e+00,6.824316332295380150e+00,2.112347807293013968e+00,1.396786147243881260e+01,5.993205632129582128e+00,1.575987790626168916e+01,1.510188863641945467e+01,5.956870761390135272e+00,2.727845223411717868e+00,2.293015889035547872e+00
2.400360000000000000e+05,5.993195292805250096e-01,7.623454348558624805e-01,6.464680651844061376e-01,2.924472599830103992e+00,2.249741183656299714e+00,5.587029462162841575e+00,1.049338298992722018e+00,2.016241272350338676e-01,7.713291732974057346e+00,1.327458312433841270e+00,4.377854647908842267e+00,6.115329518220015359e+00,4.130544214228106803e-01,3.942967847260945291e+00,2.956355209226251723e+00,1.462111467170198154e+01,6.826576347239251774e+00,4.443445743124001979e+00,1.430039542672883179e+01,2.011771981837184864e+00
2.400370000000000000e+05,1.077492832771348441e-01,5.603934169437518875e-02,1.903268015915577260e+00,5.858116153096837309e-01,3.338059174758493342e+00,1.942472437979772426e+00,1.308778816044685822e+00,6.094670479495452042e-01,4.968709668155030457e+00,4.378048255476878481e+00,4.028666148084984577e+00,9.500184910262188254e+00,7.135484212374570312e+00,1.294799816900324529e+00,4.589730220221145629e+00,9.776114625185924112e+00,1.121673319942832059e+01,1.121604185105225149e+01,6.237403565924523718e+00,2.831606574350100658e+00
2.400380000000000000e+05,8.142447594460952009e-01,1.070638143009404075e+00,3.142674529847081510e-01,3.934516934293009527e+00,2.828952706383600191e+00,1.352726008872737085e+00,8.913055960815395862e-01,3.415654418098515777e+00,7.884347186407521413e+00,4.897657653274445355e-01,9.872129301077571251e-01,2.675678993614944989e+00,2.771616702319074754e+00,4.772262761762871008e+00,9.980010349949235859e+00,1.487658092890579198e+01,7.430080914609620280e+00,2.483253095882933081e+00,1.292906978641802240e+01,1.957638263358300890e+01
2.400390000000000000e+05,6.493489607330421576e-01,1.417079127291445806e+00,1.939174279699446224e+00,2.730567912226371963e+00,3.504972797942013107e-01,7.765119257552917098e-01,6.567025263973982341e+00,4.962757087337833717e+00,7.026442012933133086e+00,3.349796376592363067e+00,1.052631054220141849e+01,7.372637718791892780e+00,5.069256159264233119e+00,1.684055852889027705e+00,1.856147664342242543e+00,6.261234574431583155e+00,1.529863131984504410e+00,2.798527462288059819e+00,2.717680538912986776e+00,1.561062724992825501e+00
2.400400000000000000e+05,3.407387514419345509e-01,6.079330485797425077e-01,1.270206849127469839e-01,2.401042396500479015e-01,8.182631395400180585e-01,2.069794638624740113e-01,3.681986325800900239e+00,2.945346435320258749e+00,2.735481880124289056e+00,8.800239325271652646e+00,8.363797144142683493e+00,4.309336431351431074e+00,1.082251387560232203e+01,1.092293309966301607e+01,1.348086678098364821e+01,1.223809295377951045e+01,2.178308054596479471e-01,9.309683538064989605e+00,1.156824281136653099e+01,4.108367631742737558e-01
2.400410000000000000e+05,4.531600202690130308e-01,1.346269409775879833e+00,3.321283395020317997e-01,3.139010966970532390e+00,2.418524902975753399e+00,2.559155557683060689e+00,1.563650303770300454e+00,3.055454859094259845e-01,4.694765984299757555e+00,5.330096210688832770e+00,7.602507544228332748e+00,2.474299433169866447e-01,5.901860735977841443e+00,2.245940353586075577e+00,1.099204275669164232e+01,1.135905019981713515e+01,1.596017166677949461e+01,1.477365633058205141e+01,1.219006148424354841e+01,4.700005569251828774e+00
2.400420000000000000e+05,3.468671789206678735e-01,1.684368775525139084e+00,3.252904531087745799e-01,3.128663063438930969e+00,9.293895087059106386e-01,3.377878059932613475e+00,2.283159387613383773e-01,4.718071780389091252e+00,5.470975286170450147e+00,8.261006775219581044e+00,2.159484055065992614e+00,1.187590114876249103e+01,3.368048433541795728e+00,9.652063130606178376e+00,2.605367447469407516e+00,4.790667141676845375e+00,6.666759756057532016e-01,9.661087263878055609e+00,9.081376613822786936e+00,1.493265482424969548e+01
2.400430000000000000e+05,3.561430049868494763e-01,1.727113517432208090e+00,9.632893051582466226e-01,5.909807256866792535e-01,1.208888357439752870e+00,8.818441377009396120e-01,5.574506409082305325e+00,4.570854100567007805e+00,1.571241199905884400e+00,3.171146376833112512e+00,1.004284279505305477e+01,2.470968079683886653e+00,4.865525803205910549e+00,7.385204768265214881e+00,5.815409770493683794e+00,1.324993759115161751e+01,4.020766707503161008e+00,1.432204689424320598e+01,9.585920258670750371e+00,1.043260780048893466e+01
2.400440000000000000e+05,7.879097060670430253e-01,8.730600609641578913e-01,2.914695323445426478e-02,8.689705346477967218e-01,2.268152477482221485e-01,4.359595846609005676e+00,4.396773406203889678e+00,3.861021134883324102e+00,6.404330825534802152e+00,9.728110862451082141e+00,7.624538618241144761e+00,8.168418403995316268e+00,5.586161231266331129e+00,2.450986469884157248e+00,4.448641355475163373e+00,7.361907653296549725e+00,1.193508914118791964e+01,1.545858144287619851e+01,1.284854405674762390e+01,3.478943992094909454e+00
2.400450000000000000e+05,6.624774481469585252e-01,1.289509287014795058e+00,3.637512236562782109e-01,8.225204114543198664e-01,1.236319740790257526e+00,4.843067369709312509e+00,1.491260011236205330e+00,7.431255401571734254e+00,7.269437349092842560e+00,8.298155249610312367e+00,6.889859063514846227e+00,3.125339853696175396e+00,9.251882746870542462e+00,6.822516470541390987e+00,6.043681774036929966e+00,9.280133058339403718e+00,3.621656887778975653e-01,5.404445321071984942e+00,1.718519607003951322e+01,5.677873395977024451e+00
2.400460000000000000e+05,2.603385641368920478e-01,1.274660082547400375e+00,2.462168173460037579e+00,1.135120828783747537e+00,3.656848431039999348e+00,1.576058818826839403e+00,2.715615556107919382e+00,4.656142376363252566e+00,5.297999111812379702e+00,7.808128095627411724e+00,3.063070318197637087e-01,6.998107029972262971e+00,7.746502267571671041e+00,9.569904378189978189e+00,2.715066916879463221e+00,8.031414556350977563e-01,9.469534521537202210e+00,8.771559086762952262e-01,4.466008436506810675e+00,1.825983349648870657e+01
2.400470000000000000e+05,6.920179209281371868e-01,1.359029998579149634e+00,2.595366548245810812e+00,1.743656081694940685e+00,4.403718723022339354e+00,3.147594545087284423e+00,3.400110026757200643e+00,2.728354661763648714e+00,2.005069032300880405e+00,1.280219686129583367e+00,5.358257349306720485e+00,7.367608774792556048e+00,1.053371702551604372e+01,1.195974325583410192e+01,2.070744104892987547e+00,1.816625057294807277e+00,6.830524608818679511e+00,9.356993357664661559e+00,1.371654491186363423e+01,4.388196651600752674e+00
2.400480000000000000e+05,9.709204357960941056e-01,6.921764297569821256e-01,2.000539660981264234e+00,3.295919172404643049e+00,3.790544715593259895e+00,5.868754411580680674e+00,4.814430234019746457e+00,3.068594963701964495e+00,5.396835179605729671e+00,5.405196442201657625e+00,6.089755873474365977e+00,6.507517118660627986e+00,6.464584536472878007e+00,3.436922298912544527e+00,1.357370158112476943e+01,1.537353430433885926e+01,1.462550644878027839e+01,5.576994774259007137e+00,1.236516835735445952e+01,1.493352301660294579e+01
2.400490000000000000e+05,1.788744132105390960e-03,9.756065040802797128e-01,2.808558674507390052e+00,2.864687528898250513e+00,7.217457090852635870e-01,4.861721153847944343e+00,3.750332742905605254e+00,2.382091356452376907e+00,6.014426843248913634e+00,1.950640390581002137e+00,3.851852912498721082e-02,7.241198161242210496e+00,2.305506594642956930e+00,8.684599582053898814e+00,1.343967558303072707e+01,1.281237687302754225e+00,6.762065600755049033e+00,1.507914255053600883e+01,1.254034685499706470e+01,3.120523966716115538e+00
2.400500000000000000e+05,7.040367954318168531e-01,9.608723623941151093e-01,8.830057912336499726e-01,3.295996245660187007e+00,4.042571387803886473e+00,2.594783883752234566e+00,1.165061474500362237e+00,3.092075605576952491e+00,5.502097573070195757e+00,1.738611757283463621e+00,2.388641394480146118e+00,5.421901707734589237e+00,1.362120972260144169e+00,3.502663167472359618e+00,1.362502745136419513e+01,7.256230211218577253e+00,7.247604922105375991e+00,6.266162321364038945e+00,1.927920017613975689e+00,1.422288680489387325e+01
2.400510000000000000e+05,5.371443295444817689e-01,7.684325020966049635e-01,1.556273472135162317e-01,1.435407478357014099e+00,2.475815092776485482e+00,3.706185500920645914e+00,1.512286393713351718e+00,5.836337695906707701e+00,8.475976137681847433e+00,9.550303042780324603e+00,4.401410440401992474e+00,3.926308528073521931e+00,2.052498315048258970e+00,3.486037120022144720e+00,6.373901877114224179e-01,6.691579413416393507e+00,1.138362825974042636e+01,1.604549883033533320e+01,1.071885235788721147e+01,9.508719166291930591e+00
2.400520000000000000e+05,6.503229684022242552e-01,5.567388169490692373e-01,1.498462066063160680e+00,1.033703942138035625e+00,2.452586172831131783e+00,4.134859966696381228e+00,2.972832117646102112e+00,3.908962643206955079e+00,5.480198071605851595e+00,8.792982726375436542e+00,2.663949010295113773e+00,8.379480679276303690e+00,7.274154079025931807e+00,7.039197676611667731e+00,9.892217863913105091e+00,8.634184862748668365e-01,8.504342418152468497e+00,4.915676576796556674e+00,1.520334511282528034e+01,2.528011871710122982e-01
2.400530000000000000e+05,9.911319272786606183e-01,1.222725230663670670e+00,1.682139563042284625e+00,1.649623990495925341e+00,3.820974198746509121e+00,1.338180941186772888e+00,3.100593860513778388e+00,4.077391202176507079e+00,7.244298148750727862e+00,7.792187030214831722e+00,4.473066087707037397e+00,1.757655060213821230e+00,6.585054641464567204e+00,1.352711332768741670e+01,1.099641188009080750e+01,1.360557972204525434e+01,4.001949429156815841e-01,1.618661635620979311e+01,6.106998378239517855e+00,6.326017773695280511e+00
2.400540000000000000e+05,1.772792149357818037e-01,1.210108467502688967e+00,3.665406165374263114e-02,3.413618631133693793e+00,2.782402791701030775e+00,2.553266312787231485e+00,5.574795570738376504e+00,3.319973568806090292e+00,1.963713499436893217e+00,6.020495682530560444e+00,3.923001137335655031e+00,1.884808963492433875e+00,5.087803385013895507e+00,1.344864854889732442e+01,2.197975074809854323e+00,1.158886054691432221e+01,1.384093271450234042e+01,9.621218034187403845e+00,5.211262364259080293e+00,1.639376291859235124e+01
2.400550000000000000e+05,2.658564150742630527e-01,1.420009922368730138e-01,2.289050020626332227e+00,2.907002199403105003e+00,2.156039621497931158e+00,3.200635454888547393e+00,1.002580018912277549e+00,6.396710509131030342e+00,7.301767257255952437e+00,1.377191134704167652e+00,5.008660760813333113e+00,1.381995462764741500e+00,1.035338112461392335e+01,1.057789524790011804e+01,8.005795117125162008e+00,1.320769632398801718e+01,7.897348365381819058e+00,1.635568473860014649e+01,1.031476286980211476e+01,7.114999590287041542e+00
2.400560000000000000e+05,4.177591629863549594e-01,1.109397978364116799e+00,1.569750214834993329e+00,3.074829409482248366e+00,2.603398226748193878e+00,2.164744551376764470e+00,4.474284883233096366e+00,2.063460316624039947e+00,1.992415689286942682e-01,9.180317624054442405e+00,6.824546775577844393e+00,4.870229683400973286e+00,1.229375494847489669e+01,4.563548647293234950e+00,4.386275424317507721e+00,7.888503745617754248e+00,4.918066284786998255e-01,7.098654852631471002e+00,5.733968032186475661e+00,9.758337404849310559e+00
2.400570000000000000e+05,1.520376340495854794e-01,3.482403246064731395e-01,8.139154984685205152e-01,2.060274365133307750e+00,2.744487967488735691e+00,1.592904104095044904e+00,3.051646324201310101e+00,3.232818500885676904e+00,5.485995880716196815e+00,9.463112661553468641e+00,6.680606440811315272e-01,8.330645873424737502e+00,1.143657962888857682e+01,1.755657628271456883e+00,9.618191483507349204e+00,7.699485062495282861e+00,1.969749432956332313e+00,4.150301320170756370e+00,9.100744981727114435e+00,1.160591341085532235e+01
2.400580000000000000e+05,1.508208198304261671e-02,1.475818108668723649e+00,1.524937616909068927e-01,3.524373757417479602e+00,3.278025089043216767e+00,4.218481305014319283e+00,4.009347178693845493e+00,6.140801483200552191e+00,4.304133096663685265e+00,3.756346709333506784e+00,3.875351057161671608e+00,1.047891023527752985e+01,1.101488321908837165e+01,1.086418375331245834e+01,1.486214282252679375e+01,3.222387206559590211e+00,7.540956222356583361e+00,1.352734658142762569e+01,1.753269152052037327e+01,3.328494668498260811e+00
2.400590000000000000e+05,6.245713244845333412e-01,1.075410071074790253e+00,2.110920353775842973e+00,2.520615805404413656e+00,4.711744203474125037e+00,8.983201110389404942e-01,1.434873447315598405e+00,6.664984291067878708e+00,7.970516875740996099e+00,1.190800374695055730e+00,5.343044820921116766e+00,6.286821385294021347e+00,9.848006970904174651e+00,7.617253711554205609e+00,9.550581064826848987e+00,1.009906881600104533e+01,1.846433908819460346e+00,1.607102206508383802e+01,8.714511910306613984e+00,1.411470791562353178e+01
2.400600000000000000e+05,4.768150561442643376e-01,8.032778136259426383e-01,1.820473871293382562e+00,4.898434139436136370e-01,3.239393803544623474e+00,3.515988686960367371e+00,2.557193713897543574e+00,5.054520165971227996e-01,1.292453197540071486e+00,2.391196488006157583e+00,1.460479825902357920e+00,7.439637986277240600e+00,3.052006713228756940e+00,1.036981219562970935e+01,3.713479225198185185e-01,1.554033559208976101e+01,1.266335552675414000e+01,1.148305851294525226e+01,1.331970635286185001e+01,1.462658971087833848e+01
2.400610000000000000e+05,5.531817457510075364e-01,6.554640140940650728e-01,6.242786170195269158e-02,1.621459379208114449e+00,1.126528815748773393e+00,2.224544925148336905e+00,6.479892747302390177e+00,4.183261539019776265e+00,7.277717545739775140e+00,8.630736287116793193e+00,1.028759902728420439e+00,2.946536602176381692e-01,8.839858026936092017e+00,1.119013011184855522e+00,1.078268563413358727e+01,1.268386512910270270e+01,7.996070685976806480e+00,6.798938544799170813e+00,6.840640007163733216e+00,3.349953585820031332e+00
2.400620000000000000e+05,6.990593733537417975e-01,1.115266730866874001e+00,2.082415799899803410e+00,4.948090001934990489e-01,2.143745665319572336e+00,5.830362408170659094e+00,2.788167092616368414e+00,5.733906010261330621e+00,8.124369920262831002e+00,2.671730372193761305e+00,1.838589537542361541e+00,1.109670744318940194e+01,1.261677046424318327e+01,5.805224165058600505e+00,1.127779327346628557e+00,5.875533857644686719e+00,6.775568166722864660e+00,2.114595224291491604e+00,1.395613348959073541e+01,4.373157756953947484e+00
2.400630000000000000e+05,8.584769248432270183e-01,6.480814833695172084e-01,2.052870466868666366e+00,3.980305612080605737e+00,4.548723778111543048e+00,5.480469252651924528e+00,5.521003173038844025e+00,1.468787427699248305e+00,1.434563051139437828e+00,6.536984166239390603e+00,7.255486496857338707e+00,1.024360404603831398e+01,4.476952713414331875e+00,1.123249794977329685e+01,2.185247355637838229e+00,2.654404295819842829e+00,1.108632785711592206e+01,3.430608735555157551e+00,8.522346591369407420e+00,9.376231417056210660e+00
2.400640000000000000e+05,7.434787056971352559e-01,1.881920227458691919e+00,2.421974514574634085e+00,1.520447999355643898e+00,3.033542657625486250e+00,2.216430313115666628e+00,1.748384045230695349e+00,1.985423623836696905e+00,4.919089447395962544e+00,6.773207661756474707e+00,8.354014662622663012e-01,1.155766607776183896e+01,1.249665909990040724e+01,4.771167466425844772e+00,4.675406598277340287e+00,4.747643360087133502e+00,1.228914856366199970e+01,8.520959434990245995e+00,5.246788248414259392e+00,7.619683487300710212e+00
2.400650000000000000e+05,4.539279176464774412e-01,1.619874942153445296e+00,2.311995744265072705e+00,3.386633732287214649e+00,2.414833712500850549e+00,5.920157612120189317e-01,6.835283101170039899e+00,2.695875461455235822e+00,1.151502684387472053e+00,9.906621969519111559e+00,3.533075064886846306e+00,9.403244357444529022e-01,3.718375887299608662e-01,7.566277677964846404e+00,1.799186158003464042e+00,1.079444697877984183e+01,1.273532346369418278e+01,4.308336412283013672e+00,1.629310816425225994e+01,1.814054333787694162e+01
2.400660000000000000e+05,5.044303789903106239e-01,5.018553918840074068e-01,2.699709850191930993e+00,2.067180833153533737e+00,4.782611051224447074e+00,5.303191573950872595e+00,3.511969406074251676e+00,4.347706494067984373e+00,3.131849389973577313e+00,1.009135332702493226e+00,5.827257479889428993e+00,4.338682005171206058e-01,1.107896264302223166e+01,1.312908325684534283e+01,1.382798762649475854e+01,1.592762075467523886e+01,4.225706297765424502e+00,1.493658480161384139e+00,2.242741643896704939e+00,1.772490364968618692e+01
2.400670000000000000e+05,2.196870641314985217e-01,1.121173760668622510e+00,1.435919543192840209e+00,1.935895963207119763e+00,4.904834382861248621e+00,3.325320419740315003e+00,2.068647886724384932e+00,4.753755706687989857e-02,2.310150714106105507e+00,8.615140368597000275e+00,8.203413659700851568e+00,2.675134438527287717e+00,3.835602036022209838e+00,2.297118816751400061e+00,1.264398827770836142e+01,1.184309204211012378e+01,3.137379181721047683e+00,1.465383204653936033e+01,4.957566539539086214e+00,1.976821408170734706e+00
2.400680000000000000e+05,3.579653518271614931e-01,7.700817731990463599e-01,7.475109908470254361e-01,5.533280177801902511e-01,2.443340411136543100e+00,5.903328044367980532e+00,4.700442934514192039e+00,1.390966279571632214e+00,6.748351778647098342e+00,1.488821512338102115e+00,9.056143649678611851e+00,8.757843539865353577e+00,5.112971266637941881e+00,1.395573743453785198e+01,3.699438087839453715e+00,1.200125401536555003e+00,5.460246447428945160e+00,1.475831348560077316e+01,2.533553513458406847e+00,9.262295046450869762e+00
2.400690000000000000e+05,1.140243684488779774e-01,4.317169347216924802e-01,7.971357101415622592e-01,2.999527656641686857e+00,1.185060640268009724e-01,5.683385692875064343e+00,1.053231796868113079e+00,4.793151201434692865e+00,8.940849262418078425e+00,9.751299470490104593e-01,4.777318167105332192e-01,1.584311903557656276e+00,1.114313805870128604e+01,6.962282496930586539e+00,1.106543243664092735e+00,1.237256724331902547e+01,1.220820060872023483e+01,1.251250442401282292e+01,4.094965809361187148e+00,5.111813744909876611e+00
2.400700000000000000e+05,5.666611116189090858e-02,4.773554065437601857e-02,1.310453966694355987e+00,1.163034334608344267e+00,4.623717364273682850e-01,2.254107368825244873e+00,4.913500777983766277e+00,6.143436458972968417e+00,3.510786811662015783e+00,3.020333865154397834e+00,1.000160507863444970e+01,8.273698504956044530e+00,1.070425722782083611e+01,6.955090743304526590e+00,8.162893730744311682e+00,1.286193098320786632e+01,8.054073040579377007e+00,5.589320260490721282e+00,1.845244095416791552e+01,9.363637521722196766e+00
2.400710000000000000e+05,7.565203112125518103e-02,1.944936160570564176e+00,1.321758260640981897e+00,8.978192833431397624e-01,4.364606937498284545e+00,4.391959093309588447e+00,7.073869112213702071e-01,4.735914176479552040e+00,6.255047200137370034e+00,1.665428717215845511e+00,5.012686646389142631e+00,8.626230552219741554e+00,3.459963863962616681e+00,1.161499976923799871e+01,1.030370278850228516e+01,6.192116345767695762e+00,6.504429898880630390e+00,1.786070648583220688e+01,4.457062882242809998e+00,3.520331704139765261e+00
2.400720000000000000e+05,7.681543099108062433e-01,1.694016717281628726e+00,2.576799709489356438e+00,1.514044585053939684e+00,3.783220134875695084e+00,5.312784516058572493e+00,2.678478237059497058e+00,7.438000332050515695e+00,2.946821148530760937e+00,5.958899645250324006e+00,2.292309272109894103e+00,7.710772472328340399e+00,4.153820128143383528e+00,9.246558088934449415e+00,1.362463712206534261e+01,1.009885611524562599e+01,2.366236316872383671e+00,5.085614905332439761e+00,1.656113408447869517e+01,1.950926987879495478e+00
2.400730000000000000e+05,6.572258719461185894e-01,1.935144113765551621e+00,1.145834535635543272e+00,1.933360789795335322e+00,4.894241201770119787e+00,2.354352092756540227e+00,4.388648561768280665e+00,4.789612481775679775e+00,3.748679947373394938e+00,4.976395368009997711e+00,9.321459893518303730e+00,8.151206946131484443e+00,2.233862394941302121e+00,1.086462110307272333e+01,9.311079679518229568e+00,1.642191100764406997e+00,1.451833578976244610e+01,3.535597548598810924e+00,1.887858987244740661e+01,1.797931713866007808e+00
2.400740000000000000e+05,7.425378866387396526e-01,9.889648263253889571e-01,1.316005062760385202e+00,3.748023415436306127e+00,4.330873903385072055e+00,2.287929022752869912e+00,4.780647604183080546e+00,3.638132138027786233e+00,6.791197197292987653e+00,6.292967510483848947e-01,6.603087126685641906e+00,6.334780809216058017e+00,9.762359487584076234e+00,4.600593430030142983e+00,4.699499156950656342e+00,1.549943536625197460e+01,2.289516645305272213e+00,4.920863020439408153e+00,1.181769778469322318e+01,1.683282353583280511e+01
2.400750000000000000e+05,5.437545272761764581e-01,1.605876441235830399e+00,2.335088353533718131e+00,2.337650262910154542e+00,3.767190996645897183e-01,1.127241055713536610e+00,6.659946457491877858e+00,4.440783103823298994e+00,5.772730278567284934e+00,8.741586269074634430e+00,1.447953574473109128e+00,4.454511382320784918e+00,1.271748925440298628e+01,9.521630751856054786e+00,8.189693965928309893e+00,4.916895826268129710e+00,1.207441372687056891e+01,1.682813935778938941e+01,6.708510833616609048e+00,8.848709113879511534e+00
2.400760000000000000e+05,2.719938683071215779e-01,2.423271692718484971e-01,1.514784799486505573e+00,1.998414430606552550e+00,7.335481206248678498e-01,9.312675941246228994e-02,3.347965736679901383e+00,4.073329246426967032e+00,7.388977029026972509e+00,3.965167297382421463e+00,2.256754546307651044e+00,1.052836135784619209e+00,7.881816562868404930e+00,1.309224443778900948e+01,1.276475648715463818e+00,6.187137444064036984e+00,2.463588006562832389e-01,1.311034651316596467e+01,9.281903972607722153e+00,1.224779430804615643e+01
2.400770000000000000e+05,3.821801301769518489e-01,1.045923032206106607e+00,2.827424440390117422e+00,8.898098643263012697e-01,1.328488598443066770e+00,4.705297698587680877e+00,1.266287151064314331e+00,1.315238660848517149e+00,7.865432919406160295e+00,9.930769062606865205e+00,5.484596801302835445e+00,7.753012250106630532e+00,3.132465238406976216e+00,6.043605193557011646e+00,9.848791501303528761e+00,3.126580338492550126e+00,1.451176953193798447e+01,7.306739094749839403e+00,1.791769142215606792e+01,1.246339612530014129e+00
2.400780000000000000e+05,8.247374220661582989e-01,1.746634161624926573e+00,1.490898571855622246e-01,3.848826444756250797e+00,2.583323836980921939e+00,4.639435315082141464e+00,5.227417060792498127e+00,3.630266968836464159e+00,1.474703613372306155e+00,6.400149032810276140e+00,4.074038358929067627e+00,3.350216882803050300e+00,2.908697202288230699e+00,1.077051703746269595e+01,6.853298812629137871e+00,5.950203288775375299e+00,6.163626220836436076e+00,1.209193495878630031e+01,1.726962590544802723e+01,6.826560892730368479e+00
2.400790000000000000e+05,5.248452291973075834e-01,1.563263555783529934e+00,2.778342314994790563e+00,3.655391993406434725e+00,1.971732982430160597e+00,4.115439618637673824e+00,4.626464769041829683e+00,6.191484008892996549e+00,8.620115797223476539e-01,8.044346562035764592e+00,4.889332958263713280e+00,1.094349868288281868e+01,6.559131007405617275e+00,5.323890961158395108e+00,1.242376016228021385e+01,3.051197247242701138e+00,7.888146974532694422e+00,8.840491889639562118e+00,9.339759441301321630e+00,7.184902470502374072e+00
2.400800000000000000e+05,9.865130505896408941e-01,1.934612109505153832e-01,7.813822026276613375e-01,1.972076063648436239e+00,1.835803840732376901e+00,1.223110509392191680e+00,8.180013556999798929e-02,1.728285172655879443e+00,6.399302472004475106e+00,1.506300120297975331e+00,6.261651234929257015e+00,6.668034032878972894e+00,6.144625878103673333e-01,4.728038287155024832e+00,9.096221578383300255e+00,3.755375716690075194e+00,6.740193291013893528e+00,1.324746142423106754e+01,1.822800568085369477e+01,2.590988202737956048e+00
2.400810000000000000e+05,9.297071866113432170e-01,1.942849902098878312e+00,1.630028548764062002e+00,1.486896072578527406e+00,2.273239672264865341e+00,3.637902491883178158e-01,3.938119738221875554e+00,8.001302495127173842e-01,8.885233928727018338e+00,1.617687040350916927e+00,1.007934631494326894e+01,3.072357941486273614e+00,1.074282340522333712e+01,8.115845030960782580e+00,1.314897922803705832e+01,4.502772383336743900e-01,4.847512513713351012e+00,1.778584167171988639e+00,6.784553407885842269e+00,9.990108270743089491e+00
2.400820000000000000e+05,4.361426187116027586e-01,9.460423595706219935e-01,1.346405362980256148e+00,2.776213313597490018e+00,2.693242077343438901e+00,1.961602043608321688e+00,2.472908646006323430e+00,3.135348387854493879e+00,7.229776207486265704e+00,2.505418376166816952e+00,7.564470613127485699e+00,1.128806158775984159e+01,7.890718136923410064e+00,9.893365362804122043e+00,5.755217258279119008e+00,3.808252940219002625e+00,1.080162126973501380e+01,1.532307909895869891e+01,3.738787265903158907e+00,9.366913441374393301e+00
2.400830000000000000e+05,4.249499415741493369e-01,1.965420409631673637e+00,5.830224755058478481e-01,7.630117749859062215e-01,6.236210091336952255e-01,4.445777650554463278e+00,7.359212460742987627e-01,1.574044857459933056e+00,1.601296994240041016e+00,4.436655136807036826e+00,1.865098546200009144e+00,9.208306000945780667e-01,9.926910286127005989e+00,1.071420332329254421e+01,7.772373351815187181e-01,1.473592003386737126e+01,1.395518224527855011e+01,1.026234994760908137e+01,1.492222714229951919e+01,1.479067953904662325e+01
2.400840000000000000e+05,7.806563274346848269e-01,1.655334624984317271e+00,2.575783578626890336e+00,3.996613741062954972e+00,1.306796681565228102e+00,9.131694738872651040e-01,5.215457379537334681e+00,6.569135204524105376e+00,2.863619875159252537e+00,4.334245787902165858e+00,6.008546019019792794e+00,1.050750345464065383e+01,9.350277590240875014e+00,1.301158696381064495e+01,1.098948769364427491e+01,1.307020350738842218e+01,1.306487850135920148e+01,6.915632507820452801e+00,6.105307649810462145e+00,1.629798345897574308e+01
2.400850000000000000e+05,6.605130101836307333e-01,7.830407977659721297e-01,1.028207151026329091e-01,3.581225007764552881e+00,1.230194607251305916e-01,5.477533124961969868e+00,6.732036486951713528e+00,1.606806199253234091e+00,3.451896546676188393e+00,6.144520306011390431e+00,9.517320741854703448e-01,1.093508790613209136e+01,2.804697138356782027e+00,1.128351028718988935e+01,1.078085349565333084e-01,7.628780909068019866e+00,7.949674291460627984e+00,5.141833756939873545e+00,3.908292673392874672e+00,8.063061608981056949e+00
2.400860000000000000e+05,7.143006095609222283e-01,1.719211990264627010e+00,8.574892211900485561e-01,3.874779307795066075e+00,3.071688060393712449e-01,2.373622640510689941e+00,5.157139369595483913e+00,5.958599950173968374e+00,1.090648256076777844e+00,6.004227451237206026e+00,6.803804995583293547e+00,2.404407904966352483e-01,1.043429414478103112e-03,1.583680006923812833e+00,7.429231722167978225e-01,1.970967635974769649e-01,1.551216342824445249e+01,8.616936215183674364e+00,1.749230038839513668e+00,1.954268766349639819e+01
2.400870000000000000e+05,7.842797757467784292e-01,1.239544811253253220e+00,2.532148741934235225e+00,2.389645086416965380e+00,1.083332530995892995e+00,4.281606668796442250e+00,6.377043077970564688e+00,7.877704736508617245e-01,4.471087145388514372e+00,5.648410948623773464e+00,8.470663306891031752e+00,5.446299150326955107e+00,1.142364728370209725e+01,8.533963776007395197e+00,5.731107457985479492e+00,1.386726114343374761e+01,1.140289326868254527e+01,2.272620047462434290e+00,4.479459061711195567e+00,1.537064770789326573e+01
2.400880000000000000e+05,3.975582504787934512e-01,1.492483026647655864e+00,2.489534439222056417e-01,2.293461464710520037e+00,2.413952986510004006e-01,1.152304799157746196e+00,4.376835323303586378e+00,2.889160814946184708e+00,3.961939521949708887e-02,3.300353911735665946e+00,2.032601607990289772e+00,8.467245844051152659e+00,4.218669658899799835e+00,8.433043624121985715e+00,1.087145212476027245e+00,1.425302793358074105e+01,1.209420219931144302e+01,6.981736609451659525e+00,9.651871150653823506e+00,1.069308840914530201e+01
2.400890000000000000e+05,7.231680494059965492e-01,1.360899092815551992e+00,9.617683993300378820e-01,9.057196171357122516e-01,1.443033528784747332e+00,3.647196653089522567e+00,4.168590645611742751e+00,5.947789542695597120e+00,1.434486148275093242e+00,7.692762000914427745e+00,2.652099087559702806e+00,7.286184635723769176e+00,7.037249736491158814e+00,6.943533833161408708e+00,1.082037685522699633e+01,1.183025538302358548e+01,1.406232727348800360e+01,1.077183931376660908e+01,1.555914879444357801e+01,1.239884887195659324e+01
2.400900000000000000e+05,6.316040648419463110e-01,3.187603737398498893e-01,1.513042098513751377e+00,6.544013736429805661e-01,3.600285725943777049e+00,1.454506467661091706e+00,2.569635168274824633e+00,1.484523079170847915e+00,1.369834590256624018e+00,2.324916106767486390e+00,5.729703947312546397e+00,5.577172589423730287e+00,1.201624941098594590e+01,1.582333412779045378e+00,1.292903753339656525e+01,1.136189934234158017e+01,1.445506143507271268e+01,1.677201108382146089e+01,1.514513718973802714e+00,2.388379214172371423e+00
2.400910000000000000e+05,8.110918277938884424e-01,5.534372681761616786e-01,1.551753995647515705e+00,3.587474313871044984e+00,3.687418623561743658e+00,4.152401966806008815e+00,3.895440291159688595e+00,6.641629572759332412e+00,7.219769417602007522e+00,1.736100623964293987e+00,8.836843225074149544e+00,1.174063753160107026e+01,5.068343156584580456e+00,4.019471868760932765e+00,9.117408104395520851e+00,7.028666900329948675e+00,1.205594140210645726e+01,1.696297526329166416e+01,6.813198135946791467e+00,3.760786724709608286e+00
2.400920000000000000e+05,5.121651009768429796e-01,4.288235573595589045e-03,1.328825853135974455e+00,2.210973693624405989e+00,9.874483936052447230e-01,3.894021333053289347e+00,5.575484211940389123e+00,6.154019633616556462e-01,8.879073469633576465e+00,2.625554608292119951e+00,1.075465877177336083e+01,1.339440012230662447e+00,1.277231184853730461e+01,1.359622095824747134e+01,1.344689515273161184e+01,1.023968913956532312e+01,1.480292837267525208e+01,1.671634278386037398e+00,1.485724449392197144e+01,8.771212266320597806e+00
2.400930000000000000e+05,3.592390088962362782e-01,8.400996320039710863e-01,2.392516168808353605e+00,3.087096551894155105e+00,2.141146275622972439e+00,5.666177655343311415e+00,5.287294329427449924e+00,5.917566803303393463e+00,8.976946094730243075e+00,6.679765158187144891e+00,5.536461111319104234e+00,5.958231690235541222e+00,6.777924281071197932e+00,1.287676137073551352e+01,3.397281293084912335e+00,1.094075018090938656e+01,8.952892536376962695e+00,1.695522278573579555e+01,1.591293825055215549e+01,1.468901649563425060e+01
2.400940000000000000e+05,2.752140577450323811e-01,1.311176987900751323e+00,7.664341437364946552e-01,3.814291657044975192e+00,3.472263256038701673e+00,1.361986704158568040e+00,5.689606928012954867e+00,2.683298145489903419e+00,4.142226888418146125e+00,9.124847168018172638e+00,3.363200440231633337e+00,1.016313946923470013e+01,1.037709885198379745e+01,1.070535126469839682e+01,1.269324409042231672e+01,9.517979675315258348e+00,4.672938491523721538e+00,1.157526269873357805e+01,4.903598887873622303e+00,1.722838815241583532e+01
2.400950000000000000e+05,5.168583554613651598e-01,1.124679397095848854e+00,9.749017644038582286e-01,2.155750499270676634e-01,3.895863175743513374e+00,2.429179533039854899e+00,3.582515751579185892e+00,7.919308160533068630e+00,5.966641753853616947e+00,3.837901219662404273e+00,1.064464650282457647e+01,1.130740979894577691e+01,1.262880992495942767e+00,9.604075301152548150e+00,1.043735372700249364e+01,8.895429349750578751e-01,7.330516468562972676e+00,4.963795451794916325e+00,5.051820351254576735e+00,1.678578458784651772e+01
2.400960000000000000e+05,1.959967908612589849e-01,1.193139821965727876e+00,1.035872864594721721e+00,1.070660317616758395e+00,1.273055585046034555e-02,1.955158215345575989e-01,1.385078537229258000e+00,1.746702299493721355e+00,8.600490673529080254e+00,1.127035063668386794e+00,3.777402536510380493e+00,5.780979872113459095e+00,8.038945559098959137e+00,5.306811968246440969e-01,8.069810950420365003e+00,7.377423708751756237e+00,4.999182526044674724e+00,8.010311421073680549e+00,1.476609512744428265e+01,7.445867554025536350e+00
2.400970000000000000e+05,2.524469850559810657e-01,1.966794515446658842e+00,4.617949366238560671e-01,3.052798658497257733e-02,3.764101377556190453e+00,1.477625932793231955e+00,1.380590799800675894e+00,5.989862775640554915e+00,1.062147858810013723e+00,9.210027178698720007e+00,2.658343857917534692e+00,1.889741032909358687e+00,7.668389344330077684e+00,8.062345308555219248e+00,2.605646817221622946e+00,1.541206081962238805e+01,9.618148830347447387e+00,1.106542241161265139e+01,1.134983565923249893e-01,4.723901576214184495e-01
2.400980000000000000e+05,6.595280590714147628e-02,1.656736139402008368e+00,7.793318525273744690e-01,4.935572497981124407e-01,2.781605882771184035e+00,4.802745414366262011e+00,6.116655216961817132e+00,4.435185972551101585e+00,5.686733425525069663e+00,6.355316390143882721e+00,8.449198418203161864e+00,6.477287103206872843e+00,2.369680762522289097e+00,9.343079535814913683e+00,1.327495749675743930e+01,3.511849822892122219e+00,5.873779569220242358e+00,1.027328433550910347e+01,1.458770220065824574e+00,7.339673095417831306e+00
2.400990000000000000e+05,9.812684065056908045e-01,1.287467313505527455e+00,2.486071395249673355e+00,1.002431300380045798e+00,3.953512099998875318e+00,2.864875608986829025e+00,2.976601027068662475e+00,6.395274670271665407e+00,4.243501715677846065e+00,2.475972882658613372e+00,8.714304149008281541e+00,3.478988050677575661e+00,3.615078236171682668e-01,2.083893759357179132e+00,6.067270773681324947e+00,1.447575955823319660e+01,8.812617818309693263e+00,1.648185492551299980e+00,3.048518904725274759e+00,1.767602566468297454e+01
