1.400000000000000000e+05,1.721993977792124486e-02,1.511285503122088425e+00,1.995458391787254815e+00,3.828923810449540888e+00,2.315131964077807414e+00,4.609474087265570397e-01,6.992308622352022773e+00,4.293111343337860930e+00,5.080216583239111294e+00,7.573325365177160151e+00,6.177884125412527183e+00,5.975754063298243324e+00,1.298820924780578956e+01,3.662277176764839659e+00,4.155543622258572434e+00,1.323950224320877744e+01,2.704746124747374303e+00,5.575429730162214881e+00,1.185283441762515722e+01,1.913805667523587317e+01
1.400010000000000000e+05,8.537131468017722380e-02,7.029988786427132652e-03,2.048646039272519204e-01,2.207618268699392594e+00,2.178760781158145754e+00,3.961706351918221181e+00,3.116047816466098297e+00,1.798636975031967289e+00,8.775129812088517056e+00,5.986569308942794265e+00,6.252319107350124305e+00,4.301162798975884272e+00,1.131764324825906698e+01,7.037715962365445499e+00,1.199625483509148438e+01,6.896782048216515193e+00,7.031847231265538234e+00,1.102214508295825190e+01,1.693267868704846180e+01,1.365160454500127329e+01
1.400020000000000000e+05,1.604640529112638658e-01,1.484946177866715233e+00,1.489220832314074316e+00,4.348537898105342414e-01,1.065760297425176750e+00,2.796585304355098778e+00,5.068353585152729490e-02,4.898385888542059696e+00,3.089424591767186978e+00,5.820749976882376941e+00,2.962995601362825582e+00,1.603175431952345686e+00,1.029911746725050747e+01,5.449869627528904914e+00,3.914011591761164421e+00,3.430184058392402591e-01,1.652710808830151734e+01,1.128475678765619961e+01,1.584185524196616868e+01,4.578030788793860495e+00
1.400030000000000000e+05,7.847532118624234165e-02,1.039230092955789830e+00,2.228278355758755769e+00,2.704161791169439333e-01,2.289552069053071737e+00,4.428413508962847800e+00,3.888670377617486906e-02,5.164225893147605717e+00,7.420136729294465328e-01,8.079546681108883632e+00,4.253635782040471547e+00,1.246795895431518808e+00,5.022598406034685103e-01,1.947224690531900615e+00,1.387959104466332150e+01,8.257641567693303486e+00,1.236079843857272920e+01,1.061828529052736236e+01,1.356602273859303942e+01,1.079885573245438835e+01
1.400040000000000000e+05,6.292384141532544328e-01,1.805250066048730728e+00,2.804721920419529280e+00,1.197913630781106686e+00,1.311472192954520999e+00,4.182083440473829405e-01,6.876710027010926041e+00,6.444845450370391582e+00,2.806686069036099518e+00,6.013853725349985524e+00,9.724163103182158707e+00,1.079433329020494270e+01,9.043665979950961997e+00,7.212112458478094013e+00,4.601003621842075786e-01,3.372868555297172222e+00,2.073176391313301004e+00,7.522280767525936440e+00,6.699382216514312205e+00,5.063875668240256367e+00
1.400050000000000000e+05,9.013287147847530711e-01,7.534321778990158425e-01,1.733928715142813770e+00,2.265279128518961294e+00,4.329145417734858725e-01,3.260516870193403527e+00,4.318455124740681939e+00,4.639011517132250795e+00,3.920303275423813183e+00,3.021579323410825690e+00,8.932166703509230032e+00,1.073180706112336047e+01,1.262016832617576689e+01,7.142087344916965286e+00,3.204659375579510527e-02,6.073414817635626406e+00,1.471173288301623749e+01,1.251273455714678917e+01,1.732149905191633010e+01,1.401044768950791486e+01
1.400060000000000000e+05,5.650436113664553117e-01,1.607583265260148275e+00,2.035512762662242459e+00,1.976498849136383296e+00,2.926837361149407180e+00,2.753725410764720216e-01,3.541539920482965620e+00,3.060876169886051379e+00,7.715759976000089893e+00,8.397868895745471463e+00,7.565129680662757039e+00,5.559348632671187396e+00,9.199011500944523689e+00,9.681051898665726796e+00,1.465475037460589292e+01,2.378464025302806206e+00,4.211436227592529669e+00,1.042523046320836855e+01,9.819175593028926841e+00,1.610210267199975220e+01
1.400070000000000000e+05,8.801149651421323883e-01,1.858083339585236082e+00,1.014595256440831594e+00,1.614545536263262360e+00,2.978853596089440892e+00,2.160282016082937240e+00,4.514203800176314729e+00,7.942472161285116350e+00,5.580608545881732496e+00,3.527885706004570743e+00,1.471202899340652737e+00,1.061515113028124269e+01,8.790293614360432883e+00,3.321502917801256949e+00,9.889069751563561717e-02,3.489786569439440100e+00,9.925381987615493173e+00,6.274394876179547609e+00,3.296682886837668303e+00,1.872882748646297912e+01
1.400080000000000000e+05,6.976499180034525516e-01,1.865727551637841986e+00,7.881919030486014277e-01,1.121876381782249243e+00,1.923396740086334322e+00,5.401609716580352938e+00,5.361626015305422044e+00,4.363648358515295200e-01,1.425545708150852464e+00,3.536258446447027914e+00,1.068700810991622419e+01,7.863593204541611925e+00,1.279272483832157548e+01,8.449686827877474826e+00,5.294988825194447024e+00,6.696057597833998898e+00,8.614233559258103412e+00,6.304245115935720456e+00,1.609898972725777355e+01,8.941355608923242215e+00
1.400090000000000000e+05,1.767336639033554313e-01,1.676503406990725864e+00,2.309407987275796881e+00,3.279009643312242428e+00,3.122852341341932458e+00,2.208002909651796131e-02,6.086158934860207204e+00,6.589747366423487129e+00,7.683662939747124554e+00,6.355494201071872240e+00,5.550439381854464393e+00,1.154851478462699532e+01,1.151136664615603777e+01,1.139580686197142256e+01,1.408801431955735950e+01,3.096523061922379583e+00,1.502655529902650944e+00,5.457837303753519720e+00,1.788848190757898138e+01,1.865931027265404296e+01
1.400100000000000000e+05,6.071772037216851547e-01,5.378723546713717329e-01,6.612103160300013549e-01,2.775552412928796286e+00,1.880909726953113204e+00,3.436497373624751273e+00,2.612477072015062518e-01,1.472657228856385281e+00,6.975603195419560087e+00,5.004226386916144076e-01,7.168488899787845092e+00,9.148848109276325857e+00,5.809280063856677501e+00,8.351002561530549428e+00,9.453050206915921905e+00,1.260044910640661442e+01,9.165653115702511400e+00,4.440778094576790735e+00,6.771160918183694477e+00,3.879170197760344330e+00
1.400110000000000000e+05,4.346423519695638005e-01,7.998996276016951956e-01,1.096714232319937476e+00,3.358290228696251045e+00,5.228040819225171498e-01,5.594530368198766368e+00,6.753154515965131388e+00,7.705110789195704690e+00,4.400342435356055404e+00,8.740294952972057274e+00,2.924689697196907190e+00,4.956166982108378249e+00,4.733190238334023192e+00,9.184738327135928415e+00,6.198400008942957840e+00,1.828537851623686095e-01,3.239862929412089976e+00,7.297911506332466658e+00,5.176048986432148169e+00,6.032647120955267894e+00
1.400120000000000000e+05,3.238120946889261331e-01,3.112835955995383319e-01,2.844220555433853992e+00,2.774161833232759111e+00,2.419113994524432876e+00,4.674195346525727324e+00,5.454047039406591857e+00,5.013617487031840625e+00,2.808021438031242489e+00,1.095850183982254311e+00,1.084731531650972336e+01,9.864293555521555845e+00,1.230021139721714718e+01,7.174713677946868096e+00,4.961633243170594731e+00,4.576771717898189706e+00,2.951142796479697683e+00,1.103701570232210472e+01,8.237827993728448206e+00,1.231855201588288473e+01
1.400130000000000000e+05,4.273264567716935636e-01,1.861939838603916542e-01,7.995516914304282574e-01,1.355552004749406514e+00,1.407296994710233173e-01,5.249180482672681780e-01,6.996027387671935216e+00,7.367634853972040432e+00,1.036904041568124546e+00,5.313615586227427912e+00,3.841799616706360609e+00,9.502383358225120702e+00,5.235981833580762412e+00,9.220211544612514132e+00,3.376703878741400544e+00,1.047196437168531169e+01,2.199009925732663184e+00,1.371296656533856684e+01,8.059059289121123015e+00,1.847159935519099960e+01
1.400140000000000000e+05,9.675517754077078703e-02,1.600358403922089057e+00,1.872874643161759334e+00,2.585187854119087802e+00,4.017705524818715901e+00,3.062612173212015065e+00,5.439701268195205053e+00,3.787978501791535280e+00,3.370892486529234677e+00,2.803174842336464412e+00,4.849800481208164982e+00,2.011720504782239072e+00,3.441142359636236936e+00,1.269800993206648876e+01,6.553142593297897278e+00,1.476517660395278675e+01,1.561675956235913709e+01,7.485898162763028552e+00,1.404663136013489932e+01,1.943168882844551604e+01
1.400150000000000000e+05,4.274327026924140682e-02,1.497189045635014537e-01,2.998476636488061509e+00,3.871116531900531399e-02,6.544405093301675080e-03,2.889123618666268101e+00,2.781866840111155703e+00,2.738270193438768096e+00,2.770668937976212831e+00,3.067663810813663350e+00,5.001785611529665054e+00,3.527210401653670946e+00,1.415495135207430311e+00,8.004242650611040233e+00,3.108184376022300466e+00,3.706214655323467611e-01,6.328274553623899124e+00,1.045253378032011682e+01,2.323456582192723552e+00,9.215949647545240708e-02
1.400160000000000000e+05,1.091786490927020292e-01,1.296529817505655435e+00,1.354406480815094627e+00,8.935634536430869801e-01,1.942994835078716953e+00,4.444320388235541763e+00,6.040127505604623970e+00,5.473280329202547811e+00,8.871315520525163478e+00,4.675385689473961826e+00,5.188117578936869201e+00,4.489469588170754477e+00,2.669601109460774779e+00,3.408134611743274256e-02,3.127609868216165268e+00,1.131985845384600609e+01,7.378712909123116503e+00,1.280940563464319659e+01,1.439295197882783928e+00,1.511009603396045620e+01
1.400170000000000000e+05,9.201244778360152532e-01,1.194313316074727682e+00,9.973208217645829210e-01,1.012050872295898518e+00,1.205145342552182974e+00,3.092204139169252741e+00,3.529304733295929086e+00,2.602506299118960698e+00,8.963060995911948936e+00,3.782958111876938645e+00,7.469975716481887851e+00,4.136822689666793451e+00,8.517218297685717587e+00,9.798136406198816317e+00,4.915829211180628100e+00,1.927818569686579053e+00,8.352556528184157614e+00,1.347137038522305907e+01,3.143679763878500788e-01,7.587024349042204463e+00
1.400180000000000000e+05,4.276174689562094455e-01,1.615178379833195121e+00,5.495986372402710263e-01,2.284492532251428010e+00,3.399860336026354624e+00,1.323795482630568232e+00,5.870799681689226723e+00,7.617425760847776672e+00,3.348273657006141768e+00,8.920112022414253161e+00,8.029703164992625375e+00,5.560119769329361361e-01,4.459397237163382322e+00,2.111949153265467949e+00,1.369262822291705817e-01,1.437498968883144812e+01,1.438211902431052103e+01,8.084007985474851665e+00,1.327895588634546264e+01,5.649986686646157885e+00
1.400190000000000000e+05,6.873094230045168063e-01,5.137547111671780797e-01,2.721212579098300388e+00,2.275724287428197989e-01,1.407614998691816943e+00,5.083661692215176942e+00,1.698381878822167179e+00,5.198852434118146348e+00,1.726604067596512859e+00,2.065515045244245229e+00,3.794922399564338633e+00,9.804549343096670810e+00,1.003564454928053173e+01,1.309773438976004023e+01,9.276723492623901279e+00,5.437272491877065406e+00,1.388056054912945569e+01,8.212133767973011089e+00,8.835082027166455632e+00,1.718136401656417434e+01
1.400200000000000000e+05,9.461181248355734486e-01,1.286188389268278831e+00,2.074935183653460857e+00,3.682303250997777333e+00,3.178820875923913825e+00,5.259956068354067149e+00,5.083091770590839609e+00,5.908493138192572935e+00,5.389632097852068426e+00,3.972345258863073880e+00,1.683951238641354875e+00,4.251484116476083486e+00,9.720228662706784206e+00,6.568058998078398325e+00,7.114977303441699874e+00,1.999081938117630131e+00,1.069597220498724299e+00,7.991300753092176912e+00,1.140113123244178261e+01,1.846821097547923785e+00
1.400210000000000000e+05,7.784738215822019081e-01,1.915036859493550292e+00,3.818907561792227456e-01,3.504718735078807157e+00,4.450581742913724881e+00,3.569563593651006173e+00,7.710037580603232854e-01,6.580599156525098969e+00,6.559825165998359964e+00,8.842940294961662673e+00,8.225792736693383844e+00,4.159771683684061472e+00,3.489737819242059835e+00,3.391414979776465000e+00,6.740348878712932645e+00,4.569305988944167396e+00,1.953877646134348112e+00,6.632874172073353058e+00,1.609250040003389159e+01,1.845078972766797420e+01
1.400220000000000000e+05,5.898088501879833467e-01,9.851858171049348023e-01,2.113173338462801087e+00,1.644844687987265353e+00,3.376474545943142225e-02,3.665648063797300793e+00,1.106634699235700570e+00,4.488248921929484325e+00,8.840860358146095388e-01,8.025238393392939429e+00,1.926341369969547523e-01,1.370922542111323139e+00,3.219556593195875838e-01,1.039140538462878283e+01,1.504955031300626578e+00,1.158307107756161258e+01,3.015095334989379428e+00,1.485475502273858339e+01,1.499772064649009629e+01,1.227741137940316918e+01
1.400230000000000000e+05,1.294557202421332542e-01,1.286025428018011008e+00,2.009915269624442224e+00,1.671162574709494919e+00,2.673674245384822346e+00,5.103619933206200443e-01,2.517285479441443430e-01,1.237996938624346122e+00,7.235004061685106791e+00,5.607111870099148021e+00,4.727580051914229919e+00,9.518831996971048426e+00,1.745998876437210301e-01,1.180865135986527115e+01,1.164805909074075441e+00,1.041997937065294444e+01,1.616657281291889703e+01,1.280231495022391108e+01,1.862704306932682385e+01,1.564113221217222183e+01
1.400240000000000000e+05,2.713977031139445106e-01,1.123304087800731654e-01,9.832086562292090548e-01,7.356036999514037333e-01,1.552647840326853990e+00,6.898004062578872997e-01,4.571091969349846629e+00,5.617001785479518894e+00,5.317597910799261918e+00,7.195772518333651391e+00,8.735661551073119924e+00,1.239148933224098137e+00,7.098227807676785517e+00,2.627954493886855758e+00,1.293259296790379409e+01,2.179147674982992555e+00,1.235015333754989619e+01,3.894344264697795932e+00,5.601550558650131961e+00,1.518740296990353222e+01
1.400250000000000000e+05,2.925330185011850714e-01,1.916773938723716153e+00,8.675315358489332773e-02,1.323827323307328108e+00,4.131356355132061786e+00,5.210847308915379728e+00,4.614631858722804125e+00,4.215376303958358939e+00,3.984484401565129286e+00,9.351464180837199436e+00,9.110741011517500709e+00,5.847675174082734628e+00,5.286599874523888687e+00,5.424569386912105884e+00,7.796983006743596789e+00,1.222715182043972604e+01,1.208671688503550357e+01,1.279722721782018624e+01,6.838059449872244677e+00,3.814830363201153762e+00
1.400260000000000000e+05,1.298220536831736771e-01,1.617624655731167538e+00,1.563767298101203629e+00,3.243666098637393524e+00,4.042692138117229383e+00,1.194750023350697354e+00,4.857093931927801478e+00,7.766758466669478445e+00,1.635068543490619142e+00,7.746523248164431052e+00,5.087888730400267789e+00,1.328658584793511288e+00,6.169097802659842422e+00,1.394573584130927202e+01,8.402285743699369647e+00,9.450988388035931109e+00,1.390268322722220518e+01,8.998019459777843565e+00,3.882673306587045126e+00,1.233883668653904131e+01
1.400270000000000000e+05,7.283320204948927623e-01,8.820245925259142528e-01,2.858604741657654547e+00,3.138446719821463837e-01,1.060297387040038508e+00,1.904983403469055814e+00,5.587584765690629673e+00,5.094159318317319496e+00,8.977602423931617892e+00,1.646556239373977437e+00,5.859619707914528464e-01,3.138276607833774712e+00,3.560192351770421482e+00,2.244153657449796668e-01,4.406214760709829648e+00,1.541555940774957989e+01,1.047142523296484384e+01,7.438949387399290458e+00,6.095892022401511845e+00,1.934514068902632644e+01
1.400280000000000000e+05,1.152830308781152002e-01,1.549263141491065809e+00,3.099505204888991505e-01,3.581382721631888533e+00,2.456067650382052214e+00,2.512258419478514249e+00,2.061954548599908676e+00,1.698722116320916520e+00,4.894264010424840272e+00,6.744119136544938442e+00,1.013514595421371034e+01,9.079272290983400495e+00,1.125889371005091100e+01,1.331902708296406246e+01,6.218371445681965426e+00,6.444574948242925316e+00,1.382185710681900126e+01,5.057498720880438725e+00,1.718319949219052134e+01,1.898154523005017325e+01
1.400290000000000000e+05,8.735040351880685172e-01,1.682559678501762690e+00,2.593819772774262233e+00,2.457777740982362236e+00,7.279709880359447327e-01,5.488105072587559974e+00,7.771804164891814581e-01,2.872818957276061624e+00,3.588190824116234801e+00,5.973325860997857895e+00,2.765364496906864922e+00,5.867003989040549428e+00,5.798234904426560199e+00,2.173629638814420506e+00,3.400110781972375928e+00,1.574516900042795164e+01,1.348543034992511735e+01,1.424538186339225199e+01,1.351037805497740685e+01,9.252046540550102449e+00
1.400300000000000000e+05,8.969674205598354710e-01,8.835241344002364716e-01,2.318939306367065356e+00,1.270019110732510725e+00,1.876833763619201179e+00,1.871586072574759285e+00,5.108244476071137186e+00,7.266772761714488382e-01,2.483849550873256540e+00,9.988097930878339525e+00,7.268558717534363112e+00,3.288677247612440180e+00,5.487569335752433552e+00,1.146407364730577605e+01,5.474782955194893219e+00,2.794322809015868714e+00,1.626047607084534974e+01,3.541217554864386052e+00,4.557398686061254089e+00,1.408653408124745710e+01
1.400310000000000000e+05,9.142668787503492878e-01,4.191341534645376399e-02,3.101567791578475619e-01,1.830727302667858325e+00,2.100864558846593511e+00,3.369975292148626345e+00,5.991788706572097611e-01,2.798592913687371286e+00,6.123493246238431276e+00,1.785656530191639391e+00,3.084907103402982020e+00,5.866670199105544548e+00,4.254570916196598773e+00,3.985753868955502099e+00,7.892746954855812902e+00,3.304648009938636832e+00,1.225419528678241754e+01,1.365055558933299196e+01,1.025598604276448533e+01,7.615248446426101658e+00
1.400320000000000000e+05,6.921245503051347558e-01,5.151791374475245266e-01,2.371752701364145954e-01,2.933781048113823786e-01,1.142305028426756630e+00,5.219481058743312474e+00,3.263005536768127435e+00,6.958353895711839598e-01,1.697365523732512926e+00,4.347692333581868240e+00,3.557480893150109402e+00,4.851389287283630836e+00,6.124308633747499009e+00,1.394564707804484804e+01,2.593695232557369668e+00,1.074946201224458164e+00,9.440871775237740238e+00,7.180199942004644065e+00,1.668424432658305179e+01,7.459719296509101483e+00
1.400330000000000000e+05,2.270149493965808452e-01,4.733051041339624287e-01,1.041836918695690173e+00,1.787954157376340003e+00,2.428293553693717133e+00,4.762875808461166649e+00,5.178843406728430576e-01,1.218685902915924935e+00,1.178459219012514936e+00,2.766389840200480510e+00,2.647539696319305413e+00,1.123256251870716582e+01,5.103463884775957915e+00,3.240665007941515796e+00,7.558143466420095713e+00,8.562608113318395553e+00,4.725064731895065595e-01,1.659060003290249696e+01,1.599280088126436006e+01,1.259075342000269337e+01
1.400340000000000000e+05,4.603517801047301017e-01,1.035108926920274008e-01,1.621959580926592981e+00,8.565762343443918958e-01,4.992922227569222215e+00,4.641681229659674557e+00,3.478171278336106731e+00,4.058550082256028091e+00,1.146144840411344346e+00,9.524920793347741110e+00,5.272533759736340864e-01,6.085839170511002649e-01,9.283107695189920960e+00,1.330125407084997313e+01,1.222999129477010349e+01,1.233320002745668198e+01,7.921194058881458666e+00,1.088931351245113310e+00,2.656216737843970055e+00,1.478144559235945721e+01
1.400350000000000000e+05,6.096789156916920804e-01,9.308970216245651130e-01,2.635156439687781127e+00,1.570209551381759994e+00,3.174970928207238696e+00,1.550388118026932993e-01,1.092077432353584232e+00,7.652160413457862909e+00,1.933036233814169780e+00,7.792371408034320268e+00,1.787315112138220030e+00,8.825786895321231285e+00,1.186525049022683653e+01,5.612504938278727984e+00,4.257618785969008446e-01,2.557635258732233297e+00,1.170446372096893484e+01,1.491685421533611589e+01,6.727384237209003359e+00,1.040993222897657233e+01
1.400360000000000000e+05,8.840550333167072061e-01,1.482703263611192979e+00,1.234447054145809020e+00,2.914199559129231343e+00,1.727274563951278097e+00,1.145459949882887685e-01,4.304163606012951782e+00,3.006661664378186494e+00,1.291687262550594628e+00,2.800105498960704153e+00,5.952983958023794209e+00,3.145342192833587625e+00,4.080186219327163855e+00,1.360694876930648078e+01,8.540574305655383114e+00,1.257488551529304743e+01,1.375052841447906360e+01,8.439859293202353285e+00,2.251050825380633391e+00,7.151381553728306528e+00
1.400370000000000000e+05,6.635387620127419783e-02,7.664429273835176026e-01,2.431314011996358548e+00,3.241632490586999982e+00,4.645775392903895629e+00,5.698167147610384120e+00,1.712815940536579040e+00,1.057155265637456765e+00,2.074322649246088668e-01,7.372612082647497900e+00,8.052433950930137030e+00,6.181412280049782382e+00,6.763241391781960488e+00,6.732091519237362931e+00,1.530021031840647083e+00,1.374274899751727830e+01,1.149979129784970766e+01,1.345203602662933307e+01,1.067372694453255022e+01,1.907894629754779103e+01
1.400380000000000000e+05,6.797401631254899046e-01,1.892554025646979499e+00,1.044734114349515464e+00,3.736839210164459857e-01,3.245313571557259635e+00,1.270626187283441011e+00,4.562030624035013915e+00,2.664083684424157106e+00,7.768392016782099674e+00,5.305842345889095313e+00,8.178044200625466331e+00,8.430576784339177010e+00,6.188371928613056738e+00,1.585603937244193462e+00,1.843714262342075472e+00,1.335284783158416744e+01,4.464230665640296358e+00,1.600926944400092111e+01,8.731558950123035956e+00,3.681505519160976903e-01
1.400390000000000000e+05,2.367666498778195905e-01,1.368759027017428798e+00,2.991394603365595817e+00,1.555152789284492520e+00,3.904174982461112720e+00,3.453513296408601718e+00,5.429379075196246518e+00,1.157928119264343358e+00,3.584805707767923622e+00,6.995897303012553081e+00,2.484889267229991816e+00,9.500993365895066489e+00,4.658620308482810835e+00,1.190882979783675566e+01,5.964811314320348501e+00,8.195961403328173134e+00,1.389218852726810027e+01,1.410695916989539000e+01,7.741945606610948438e+00,8.682157351534694811e+00
1.400400000000000000e+05,1.008541329145732357e-01,1.816753411200655366e+00,1.496325381560396295e+00,2.634725733488993527e+00,6.816306119320014734e-01,1.211915788405730554e+00,1.107849733346585763e+00,3.177592586046145584e+00,1.881249796806963914e+00,1.025499368489471985e+00,9.659641405703395023e+00,1.193810498791113694e+01,1.093814664637841538e+01,1.145235660784288179e+01,3.480070758824267863e+00,4.263977503532530022e+00,1.015703330547455963e+01,1.478241199804575068e+01,4.483501687109179734e+00,6.450224938959658871e-01
1.400410000000000000e+05,1.749560013659234858e-01,1.464378726149667020e+00,6.602215915852682748e-01,1.385438648904864234e+00,3.097497239332406060e+00,2.547129708811470827e+00,2.102989811128950670e+00,2.474972624371775787e+00,5.103818850882525737e+00,4.664946509910150585e-01,6.427621375184479069e-01,9.585545389720309117e+00,6.283229684987854391e+00,2.253151304955724576e+00,1.432841004191579337e+01,1.486703518065550256e+01,1.146175223924400077e+00,7.911304780770419320e+00,1.144533368989472777e+01,2.274559458698899306e-01
1.400420000000000000e+05,5.794829405905993491e-01,1.638402670333398703e-01,6.007561339574654102e-01,1.243443597631847197e+00,4.918199671246578752e+00,3.348142025164846380e+00,4.680850577150609482e+00,6.428170238961608440e+00,1.644987819923505068e+00,8.680330207049873792e+00,8.668031522352919183e+00,8.505316092681068696e+00,8.135522044976174483e-01,1.110559604724148919e+01,1.208764348351351181e+01,1.479770337500879229e+01,1.474197975196878829e+01,6.252726571667327704e+00,9.318918515288165949e+00,1.963198736983246917e+01
1.400430000000000000e+05,4.501600311866552628e-01,2.070106043678006102e-01,2.148164256536304162e+00,1.659927760086527204e+00,5.218658040213208782e-02,4.608993736508032235e+00,5.074793104713778646e+00,7.389264243733379089e+00,6.075127595434214101e+00,9.220143928992818871e+00,9.260809941706209525e-01,8.984827926884459970e+00,1.663554240033782161e+00,8.990998412871535450e+00,1.021859010303994708e+01,1.087663073006166314e+01,1.525776570640123886e+01,1.115782303621236693e+01,1.380143644302921935e+01,1.118035948358302534e+01
1.400440000000000000e+05,9.020876003833739887e-01,1.363318131948293654e+00,1.292292331720933829e+00,8.679743470000111927e-02,5.674874134905194545e-02,1.234431787640046130e+00,1.733866471270255838e+00,7.017402303022278076e+00,8.815469129307077267e+00,4.477391221378538511e+00,7.908180811045464331e+00,1.134962664818014222e+00,7.596183426830760865e+00,1.169184972252559085e+01,3.353618478182876395e+00,4.615000305126438107e+00,6.979855343038696702e+00,4.992694494178297582e+00,1.011369902780858787e+01,1.805327399431761037e+01
1.400450000000000000e+05,1.084051776228280861e-01,6.203022835307550054e-01,1.493044147707652591e+00,2.001245948699811983e+00,4.804249953568148435e+00,7.260723792537944199e-01,6.974209354278444017e+00,2.993663656187531608e+00,1.090497988913666338e+00,4.827932007644175627e-01,1.681511942160364370e+00,5.772567798131914785e+00,2.124404758475084698e-02,2.039496950001310260e+00,3.242922893303939347e+00,6.229655015193760192e-01,2.981877882599278440e+00,7.115450259714213743e+00,1.227413171116933022e+01,1.247174375966644000e+01
1.400460000000000000e+05,5.291482793882840152e-01,1.082706547321256707e+00,2.081727333482684017e+00,1.056010020231477053e+00,4.360940123926462242e+00,4.908683950860877943e+00,6.841324976429266513e+00,2.655213393090720686e+00,1.745944227150104222e+00,6.379552255381199188e+00,5.953465809817412691e+00,2.922635401032884328e+00,1.027981676494698959e+01,6.157517484051192369e+00,5.338096514750974464e+00,9.212196548049341516e+00,1.226388821427498499e+01,4.364917722455665228e+00,5.960220862569213907e+00,1.834417215985324390e+01
1.400470000000000000e+05,1.775445155984027856e-01,1.114042240146127183e+00,1.549145934579335915e+00,3.018952124711281382e+00,1.053672195055137539e+00,1.758556120818108859e+00,3.114733493597985348e+00,6.352875167280584989e-01,9.925583473469602458e-01,6.081206671332678226e+00,9.263361611418163832e-02,5.928780925975287275e+00,5.035115452973301764e+00,1.227785821226631313e+01,9.894217344576439199e-01,6.141640653793229987e+00,4.219775040001185751e+00,5.633080325435483537e+00,7.818966795344614695e+00,2.442258077441894493e-01
1.400480000000000000e+05,9.894138979288460423e-01,2.885463530236409557e-01,2.838257790091568200e+00,2.175217671988623369e+00,8.028822212252267887e-01,4.843969208068474863e-01,8.812142598858988540e-01,5.564219279956677866e+00,6.409409540838663766e+00,9.962214376431193230e+00,2.992738433061258307e-01,3.589778757165158485e+00,9.786048215894784796e-01,6.024867155789783268e+00,2.737928018845464662e-01,1.326444368361977055e+01,1.553414930465659083e+01,1.508824816526603385e+01,1.047079578989350956e+01,1.411708275988302397e+01
1.400490000000000000e+05,1.357406018840807693e-01,2.110604307886616571e-01,2.149366745905183507e+00,3.802403841288430897e+00,1.673359475848872790e+00,3.720796057039611249e+00,3.772695837563552868e+00,7.819987424396352971e+00,4.941336250590524060e+00,9.232920151482288063e+00,7.565259970679770518e+00,7.433579848508758303e+00,8.636800897633587937e+00,5.653720156528390994e+00,1.497485473380896259e+01,6.807234216809460392e+00,1.052133113240456197e+01,6.192872104956296475e+00,1.644665421769378000e+01,1.263348390033337409e+01
1.400500000000000000e+05,4.237349166118147270e-01,3.548296050343673347e-01,1.996906949788519903e+00,1.789252904011853218e+00,1.344402819526206994e+00,4.364727265798569178e+00,6.301680297224861782e+00,2.431738502259794821e+00,7.742683691714320915e+00,7.942029342784393542e+00,7.458452681667484541e+00,1.018471713293726921e+01,1.054575746081886578e+01,1.063796023325744322e+01,7.794418783667186545e+00,1.321500030170427209e+01,6.331956495092704529e+00,1.683825759304120950e+01,1.149849588599423456e+01,1.327594647887877954e+01
1.400510000000000000e+05,9.280543136830807782e-01,1.958428674249070189e+00,1.482304403042413954e+00,3.088851328836941246e+00,1.681338746643575188e+00,1.088728837491760526e+00,2.074083870460040835e+00,4.857575319010907222e-01,6.210347971708936043e+00,7.345579575846659104e+00,5.396803496825047120e+00,2.905457599503256105e+00,1.086946536402355079e+01,7.019223397777206053e+00,1.085885614585855663e+01,1.335799529133710628e+01,1.368524289637624491e+01,9.855439179493549418e+00,6.440808561976873570e+00,8.844404090714805378e+00
1.400520000000000000e+05,3.141483726256331099e-01,2.943100856133167298e-01,1.687102012691193087e+00,1.570570238227265047e+00,1.141871714676956362e+00,3.374850934239059796e-04,3.405063358913955618e+00,7.477682932762104606e+00,8.399454438377903287e+00,6.324021830846826120e+00,2.139560790901291476e-01,7.120891570974819729e+00,1.371009618399360974e+00,7.174748965913411602e+00,1.375091503554877548e+01,1.248375397807383713e+01,8.942686920131343697e+00,1.469402776355729578e+01,4.369592851935053979e+00,1.497071744648975766e+01
1.400530000000000000e+05,7.742377972570502198e-01,1.911467104458769883e+00,8.450500889390100134e-02,2.750264232052230362e+00,9.130656389599706158e-01,1.567792855244026340e+00,5.352720492323812529e+00,5.876932615071073229e+00,5.344113272500534251e+00,1.107625062100936475e-01,3.170591741440082600e+00,9.607667633622895664e+00,2.083055556490256421e+00,5.757287611639578806e+00,6.754697360309019238e+00,5.463946333443958636e+00,1.266321126622941229e+01,8.077942098614231625e+00,7.771012898302251948e+00,5.455465031077388893e-01
1.400540000000000000e+05,3.002161201002128132e-01,2.509137162466128501e-01,1.460934761469895093e+00,9.223303803700639847e-01,1.030658351444535104e+00,4.849449510842481992e+00,5.321720756746567638e+00,1.207003580221484462e+00,1.220974046468428664e+00,9.796201642535919518e+00,8.845703101005636171e+00,3.434961507037317396e+00,2.985248987293338985e+00,1.174748139760618670e+01,2.410743049370902114e+00,5.881563033710396127e+00,4.841667841381489090e+00,1.098633457684481840e+00,1.079453314759710025e+01,1.126796781270913428e+00
1.400550000000000000e+05,9.725876423830566164e-01,1.848020426712817299e+00,1.908555704534231623e-01,3.398020286391195910e+00,4.934288305063596169e+00,5.938323429361417993e+00,1.862403476708618610e+00,4.972333875139431925e-01,3.156612606896413986e+00,8.990685601041008113e+00,6.349252993797341205e+00,7.062491312787536835e+00,7.081745124882717235e+00,1.078510366434277401e+01,1.137074149826201719e+01,1.407185578691722228e+01,3.523033613991346957e+00,6.853472825702859872e+00,1.080906447207739873e+01,6.815338420144774645e+00
1.400560000000000000e+05,4.168125493669730952e-01,5.804383213498087724e-01,1.974809348742688098e+00,2.128453618537698766e+00,3.560408778923857653e+00,5.550193402525020581e+00,6.732664080222467540e+00,2.118978834219982232e-01,8.106738223055238279e+00,6.343303770880104331e-02,7.688279697016182190e+00,3.992531460951122213e+00,1.941666301842506659e+00,4.483717742852969756e+00,9.299469810601330266e+00,9.637974240246530044e+00,9.438728428107774349e+00,2.489259286607873101e+00,1.013010214095912254e+01,1.419644534796134572e+01
1.400570000000000000e+05,2.545510535038165711e-01,1.800793280699860333e+00,2.546381695783621169e+00,3.901899885469639617e+00,1.452487163435121076e+00,2.092555721533666535e-01,1.022430855772254787e+00,2.281153161672063945e+00,8.862266550500470075e+00,1.848958439778258800e-01,9.072006681792288418e+00,6.855184096330023458e+00,1.275092130363225174e+01,5.341218512000942553e+00,3.005318088745931870e+00,8.175513275276877323e+00,1.410943303155169382e+01,4.822455438062155153e+00,9.649344944999616036e-02,4.118695073322564681e+00
1.400580000000000000e+05,4.151373575529354598e-01,1.529431632962672705e+00,5.715684535072779182e-01,1.518566469971679656e+00,2.666048235578855063e-01,4.949681213678744029e+00,1.886400943425006860e+00,4.407420705402360639e-01,6.858520624542201460e-01,9.576113804057349910e+00,8.084672780886171140e+00,2.940069730949161464e+00,1.206803627578696236e+01,5.184083796045472425e+00,1.319245105450967692e+01,2.968209160264477120e+00,6.667635522662754610e+00,4.427532929687371777e+00,1.284685216065849467e+01,1.955318273638191684e+01
1.400590000000000000e+05,4.515523698011983944e-01,1.310109743366718149e+00,5.140665432361992693e-01,8.768651249847629892e-01,2.969415688979516688e+00,5.444976279760245674e+00,6.454507194737679754e+00,3.259092215207518350e+00,4.412784392088839880e+00,5.518034911989172286e+00,1.396046317031947925e+00,7.259952903020057136e-01,4.939804889982633007e-01,4.879908480676425242e+00,9.608500718422076758e+00,7.698830603278043583e+00,1.600453608415974571e+01,1.210565188552436133e+01,1.170377206317001750e+01,1.780546109372661689e+01
1.400600000000000000e+05,8.509793043001212531e-01,1.223127730516384126e+00,2.754348704682491267e+00,3.805335460759997179e+00,4.271942179403033890e+00,3.674465486461677699e-01,5.925403622379615598e+00,3.978969143294250443e+00,4.476414551855957491e+00,9.652273735702520341e+00,3.930696953286641815e+00,9.991462701453539097e+00,1.672202175822824488e+00,3.290237237187116914e-01,6.828601940509249957e+00,1.357340221007335046e+01,7.453151454656245178e+00,7.554660247489438873e+00,1.372244582141049385e+01,5.995593464476716150e+00
1.400610000000000000e+05,8.744046522003163791e-01,1.735786055803506311e+00,2.660190967718166988e+00,1.705258836189007976e+00,2.760084525944149103e+00,1.661071715951544903e+00,5.394803573496616877e+00,1.181502539241109595e+00,7.873809988060887832e+00,8.551565459009578873e+00,7.295045258365865593e+00,4.847849673981869500e+00,8.143111819053352463e+00,1.843004566874274941e+00,1.303948558691552506e+01,1.205591787153380778e+01,1.516409932900993951e+01,2.035275491240682300e+00,2.897992138727060407e+00,1.361810359040634033e+01
1.400620000000000000e+05,4.985194663490870592e-01,1.668970934289460528e+00,4.171417033238575822e-01,1.993119900629061636e+00,4.119431093823790135e+00,5.655626058229794140e+00,9.520040867541459395e-01,5.660441506124930910e+00,8.642579158156021180e+00,5.534482284188771750e+00,6.328068023392020791e+00,3.533243415313077840e+00,6.074326237708906895e+00,8.717844704249235743e-01,1.053172578352490785e+00,1.099019896370295690e+01,1.407558129237349043e+01,6.744700489718009173e+00,3.815681909143342487e-01,1.156165271096211988e+01
1.400630000000000000e+05,1.543783214423398720e-01,1.036734629670920782e+00,5.156765520158601568e-02,3.017174492541068620e+00,9.505799083915095204e-01,4.409015311943923265e+00,1.879460960551309956e+00,7.196333941993438010e+00,7.322576787657675723e+00,7.356757424217899910e+00,9.230617240541500124e+00,9.276107486106592859e-01,7.840107986008935548e+00,4.762854907822315909e+00,4.120889477654924526e+00,1.350524011585226170e+01,1.560495496667225268e+01,6.660214035358502649e-01,7.667017211459985049e+00,1.990966101006206301e+00
1.400640000000000000e+05,2.228786943819858202e-01,5.236202073536562196e-01,3.239462707038091027e-01,5.569933649365390593e-01,1.954793984826453279e+00,4.330578605260378744e+00,4.768109331570543619e-01,5.638976156323599831e+00,8.588429351080462126e+00,5.244467020798586177e+00,6.397513564387689478e+00,8.226344296385896371e+00,1.187902958572508005e+01,9.799649986358277332e+00,1.779180596318550300e+00,1.259359103619429376e+00,4.960203729241267290e+00,3.881693871026967280e+00,5.624318104752789260e+00,1.199366121817682540e+01
1.400650000000000000e+05,7.845013540117488082e-01,3.845183306715078686e-01,2.310726077573049597e+00,2.602476907855491906e+00,3.148397767803770453e+00,2.463611334637251460e+00,1.168110820857251930e+00,6.482767207745515847e+00,3.679476899189563888e+00,5.843834692815828902e+00,9.063865506217320345e+00,2.610548115605019870e+00,7.974573100343235410e+00,1.192290870794585089e+01,4.457069015210876728e+00,3.514315622348657797e+00,7.598399897443320228e+00,1.445078368259970425e+01,1.842818277071038935e+01,3.066538554949058693e+00
1.400660000000000000e+05,5.912943417607841035e-01,8.775399908373682223e-02,2.121716775582856762e+00,2.040099247380405600e+00,1.624746090381910424e+00,5.956983221881949397e+00,1.153587291675266080e+00,2.853103509644877356e+00,3.985863753233599205e+00,5.997167713317736570e+00,5.899007025270177174e+00,2.519366766074380148e+00,7.309970657648058534e+00,5.775270059931341127e-01,9.609007608080128549e+00,4.655897541176354792e+00,1.371269901428107829e+01,1.710597914785546436e+01,9.927288107036874365e+00,1.043884916404443963e+01
1.400670000000000000e+05,2.029869382362966546e-01,1.294828137894056930e+00,1.838429601514665501e+00,3.836975286613562908e+00,2.423249110415095053e+00,4.697113437420874504e+00,4.391729911641623296e+00,2.026263478311331134e+00,3.993152406164474755e+00,4.552514011397221338e+00,9.408515539968611563e+00,4.358581497352631118e+00,2.751087321638989280e+00,9.055137315490421557e+00,5.217609215725238503e-01,9.741343297188683081e+00,1.625214142366973391e+01,8.513883840479898879e+00,1.377566258170399394e+01,2.706962458561639195e+00
1.400680000000000000e+05,4.094682424623580230e-01,1.302066877198503558e+00,2.028056272946426652e+00,5.285691890118848768e-01,2.914375297202160375e+00,3.194777448477306603e+00,6.976265440885420333e+00,2.455567467285852956e-01,4.318833025484352994e+00,3.966587154759508849e+00,3.244880431886724370e+00,4.584047804309981267e+00,2.348974375726677888e+00,1.224041757540839370e+01,1.594964853169982710e+00,3.515968026809161984e-01,7.951976999844809768e+00,9.111216396354553382e+00,1.305889077184364133e+01,5.700359560062371322e+00
1.400690000000000000e+05,8.035592009324237228e-01,1.029336553085644201e+00,1.608342522757020721e+00,1.649448777976717739e+00,2.179315220913607964e-01,4.426841025441377475e+00,4.333867369489944110e+00,5.346176812008742729e+00,2.065549043594950618e+00,7.294000422768817771e+00,7.215932848664744270e+00,2.281457341052745225e+00,9.593868698217702828e+00,1.127830182783461943e+01,1.398916163157788883e+00,8.695729106631182148e+00,1.412539007469109009e+01,6.798627252248181208e+00,5.757716126753978259e+00,1.038495249108528462e+01
1.400700000000000000e+05,4.145648535460270123e-01,1.789318773103688143e+00,1.144629140981902715e+00,4.521494224511317661e-01,3.559205011354313886e+00,2.485443593815795271e+00,4.074714975267838213e+00,4.566649891320397003e+00,5.086358928633604393e+00,8.625264182096270105e+00,2.688804342531806668e+00,1.027689655864397444e+01,8.970678138186462647e+00,9.826140552669011541e+00,1.200927932566942502e+01,1.540005973861530109e+01,3.983436100913000377e+00,4.504141576821796278e+00,6.599789489001708809e+00,3.945775008118546090e-01
1.400710000000000000e+05,6.068745836176545616e-01,1.164446558057693037e+00,1.916628007136937928e+00,2.382226771725433956e+00,5.563435929368909516e-01,1.214730773377762141e+00,5.874977111862358381e-01,6.773297532408515842e+00,5.779531757912010015e+00,7.493935954190156679e+00,6.527008603916559792e+00,8.087304850343299378e+00,9.559978864880555705e+00,5.888061874898371517e-01,3.824029051502292553e+00,1.571368077046436440e+00,1.544810865233474440e+00,3.370305844393806094e+00,1.867970853914286167e+01,4.634909777443246170e+00
1.400720000000000000e+05,3.690827546052070085e-01,5.425674342445665488e-01,8.980701084660396294e-01,2.114458333945119062e+00,2.959661828004234607e+00,2.547759878259302724e+00,2.412897386366847474e+00,3.819852840153584950e+00,3.654309714442905310e+00,9.711567644468305005e+00,3.479279254633397045e+00,2.783196191731041047e+00,6.411287976945536649e+00,7.202504851327826252e+00,1.045036622520166425e+01,7.089915554390980645e+00,1.916603998484326610e+00,1.661385141020991796e+01,1.096810714204044146e+01,1.512790239788771096e+01
1.400730000000000000e+05,1.572623104817461037e-01,6.905359851180365993e-01,2.513032321818307047e+00,3.170687687150625322e+00,4.478326015782864822e+00,3.225763999550183669e+00,5.705758537846765677e+00,2.182245374350548772e-01,9.981607941783344762e-01,7.359213545223923347e+00,8.705993491800194661e+00,1.038642801338620281e+01,6.768193596671941314e+00,1.134785675889151868e+01,1.356439593263324417e+00,5.874784632004628193e+00,1.012679331960024598e+01,1.036632737635713575e+01,1.150070426069208507e+00,1.284896024816797322e+00
1.400740000000000000e+05,5.927804233239275522e-02,3.391294403031184235e-01,7.821494664979805611e-01,3.102108603703520373e+00,1.182310205382658408e-01,1.694830373604759854e+00,6.771071007397056363e+00,2.738649918285185336e+00,4.376288072067699098e+00,6.689654812876373313e+00,6.641350322615457991e+00,7.316558044435260477e+00,1.714312296317644702e+00,8.602185930833877947e+00,9.986863066326247207e+00,9.522984665289511597e+00,1.614047851542073175e+01,9.542285503102647226e+00,1.546144219754467031e+00,1.555762189336548218e+01
1.400750000000000000e+05,6.192595560617428774e-01,6.618415636497936294e-01,7.233568697636585387e-01,2.976725470895625669e+00,2.008663958635872326e+00,2.453742279517093561e+00,3.269596013358849085e+00,7.445424929932061175e+00,6.774494780504091374e+00,1.390958655573838465e+00,6.793302086051366651e+00,3.979630778718307393e+00,1.764115419668546014e+00,1.370072224975546860e+01,1.058761940535426049e+01,5.858270758539754652e+00,3.419560344299962251e-01,6.407747221862997833e+00,3.736297266846422716e+00,6.359840069383462691e+00
1.400760000000000000e+05,1.555901403554239559e-01,1.194749067932286968e+00,9.005563095100987958e-02,2.958594111582486086e+00,4.674585733684684996e+00,5.300387077061880170e+00,4.731778708161159308e+00,5.435092771132321587e+00,7.803750530545152664e+00,3.504052780652654242e+00,7.749103156847081841e+00,2.716398697054659639e+00,6.196541223411557553e+00,3.125765105095757335e+00,1.206141818470343985e+01,1.065644914356187201e+01,1.112110673737302946e+01,2.361532697950919690e+00,3.265226287625297541e+00,7.524440323502168404e+00
1.400770000000000000e+05,2.380021686858979635e-02,2.111682546898512314e-01,2.166004527872449792e+00,3.147696007642242666e+00,3.017893522717058019e+00,5.672036311937901587e+00,1.658004241659358335e+00,6.236067433960196915e+00,4.503430857793334852e+00,7.121332566047005486e+00,4.862466200832811225e+00,2.953770392688914281e+00,1.174651260194461422e+00,7.355406652072842277e+00,1.062441148446007233e+01,1.182906194209376238e+01,1.902287664290813751e+00,5.348208484784080952e+00,4.839093427307686213e+00,8.528487297079703211e+00
1.400780000000000000e+05,6.323212979993939609e-01,1.393358569302717287e+00,2.890053743601255221e+00,4.844794044127187505e-02,4.179067424295229705e-01,3.455355019870795186e+00,5.805331520777196275e+00,7.411316018013645035e+00,8.954101769931268606e+00,4.085664710662333832e+00,3.644475434254832447e+00,9.702672666732681250e+00,9.320425063502771224e+00,7.843203622259796504e+00,1.118672604977401264e+01,1.440740542505500699e+01,6.507912486038527788e+00,1.574730001594565820e+01,1.276069253707584394e+01,8.071124603798718766e+00
1.400790000000000000e+05,8.930295873573309562e-01,7.383908944767216820e-01,2.389499645134995909e-01,3.202923819265686589e+00,3.495014196859802524e-01,2.685028157649189673e+00,4.044179394223384350e+00,5.908743023951687157e+00,8.103845673420877471e-01,5.329438141671843709e+00,7.795571033068385169e+00,3.408751784640147608e+00,6.073196948360758185e+00,1.167363565711058726e+01,1.373864608088665840e+01,1.269645254808890655e+01,4.945280096357945077e+00,1.529764593134344075e+01,1.801423939021162823e+01,1.039553903370457100e+01
1.400800000000000000e+05,1.732077645949767764e-01,3.800076676846411150e-01,1.819123410175839783e+00,1.885838247257939582e+00,4.153978880387659167e+00,3.978645836561920834e+00,4.214280700205163654e+00,7.624222535783073518e+00,4.522416627813178991e+00,3.235411742956828540e-02,5.588136154666658584e+00,1.192252663866835860e+01,5.421967672816714767e+00,1.160316632931065683e+01,1.390461205378114684e+01,2.645108936175045500e+00,2.454147476602596356e+00,4.295667361344870372e+00,2.667307807954076182e+00,1.473570149975440557e+01
1.400810000000000000e+05,8.200550521449212482e-02,7.863650687235879122e-01,9.765912417547043534e-01,3.233972975234127745e+00,4.230374286188190780e+00,2.290630643950733791e+00,4.211491742120910819e-01,5.359288574163447727e+00,5.673781371995550771e+00,7.773958670437477458e+00,6.964378783031319742e+00,8.301349013087162554e-01,2.911822210819339229e+00,8.615359378226809639e+00,1.884182746617421023e+00,6.254838868409651198e+00,7.641492541627534330e+00,4.417766436622017956e+00,1.721983866575701683e+01,1.107139608534538056e+01
1.400820000000000000e+05,2.062729991817013886e-01,9.201635459967891784e-01,1.800903264469751797e+00,1.291219600226402697e+00,1.928093404675738753e+00,2.040059838357544564e+00,1.287770389450416442e+00,2.299871121073209679e+00,8.458370684337653600e+00,4.260637494637320444e-01,1.089975139099486512e+01,1.889537139813999289e+00,1.742888067667898166e-01,5.090872812006353776e+00,6.153026875321780054e+00,3.600092356328532972e+00,7.944129880231394658e+00,1.201054536505438541e+01,1.586858725723668684e+01,1.401274207570888564e+01
1.400830000000000000e+05,9.261532908762815097e-01,5.809890837187994261e-01,1.498175081210076698e+00,2.086900932568515721e+00,3.891938967837555996e+00,2.285002665975052860e+00,1.311651855673560574e+00,1.559018780567589246e-01,9.030785473218652104e-01,5.364226717679837719e+00,4.828817925385758159e+00,7.654138283142136068e+00,5.257681728179227854e+00,1.280892519981671462e+01,1.129377195394337008e+01,8.332806422476265240e+00,3.505187530387926742e+00,1.057516822407937696e+01,1.697745975033397769e+01,1.934388133928008813e+01
1.400840000000000000e+05,6.120012134109746871e-01,1.901404330782897834e+00,1.810380402091035013e+00,1.773259630952899624e+00,1.668052912207167005e+00,1.393302467668039002e+00,3.551102540892769888e+00,2.918816091049581729e+00,6.090571689675140732e+00,4.412222979121149802e-01,2.698746885698276365e+00,9.614592964627183491e+00,1.272016912803786681e+01,1.253517988067009981e-02,5.354283786609739693e+00,1.580384093246095212e+01,9.131233242176371334e+00,8.697922492378181047e+00,6.418157328778117510e+00,2.806161195017955468e+00
1.400850000000000000e+05,9.563140748257425994e-02,4.462761671793500362e-01,2.301210731866719428e+00,2.335669250137928366e+00,2.191856317519669251e+00,1.650998573280530790e+00,3.659088784280342566e+00,2.662830312530995336e+00,2.129969200451404809e+00,8.682860443469079925e+00,7.467039614546736814e+00,4.872505325446505609e+00,4.135523687156189787e+00,5.704455160540185865e+00,1.335250551396779883e+01,7.323307876382582293e+00,6.946622123939325988e+00,3.563063480247277148e+00,1.710466965276828688e+01,1.454827921615410702e+01
1.400860000000000000e+05,6.308905621239857542e-01,1.177428083935082137e+00,2.903450356315664393e+00,1.920138821785633887e+00,1.511314705688733717e+00,5.807009976204991375e+00,4.542429313065702523e+00,1.856539343831910216e+00,8.797389512721453642e+00,9.963682996639066758e+00,8.237951904539764669e+00,2.709063788957665420e+00,4.081613073943647585e+00,1.255565328530177815e+01,1.217563991135240187e+01,7.471521916009317366e+00,8.662006107416042155e+00,2.796275648927831092e+00,7.052423943094066949e+00,1.508186711527888946e+01
1.400870000000000000e+05,8.146593949426214065e-01,1.838271103230635806e+00,3.481473648257761289e-01,1.695918612783124502e+00,2.612341971820896891e+00,3.772062814242851392e+00,4.337631439947284839e+00,1.075403951032926742e+00,3.736765170620842458e+00,9.586858471375593993e+00,1.006528199276928603e+01,1.293741697073063079e+00,1.611944427051749340e+00,1.311604396809471496e+01,1.065801043014813931e+00,1.545201344773851737e+01,9.450519915387964875e-01,4.399419998890188310e-01,1.064504892145508919e+01,3.805715052005553822e+00
1.400880000000000000e+05,2.611503759348207110e-01,1.766140189715130537e+00,2.584718593155435507e+00,1.326228022109139815e+00,2.475094844759749169e+00,3.002817949049378488e+00,6.334298776921388097e+00,3.921686237893461602e+00,6.593631604558850334e+00,1.794366958670285950e+00,4.596214212812025579e+00,9.924226114928259790e+00,8.536501606208876103e-01,1.074047496518322475e+01,7.201068215833161812e-02,3.910483052557307104e+00,9.326382217056350399e+00,7.281170700024217624e+00,1.681168460000572296e+01,7.688812005207969591e+00
1.400890000000000000e+05,2.052485441602055483e-01,9.165176169358506542e-01,2.172407865183398901e+00,3.990839595572383214e+00,1.557310480961564547e+00,2.217791948080012787e+00,4.933363204011396164e+00,5.535946125195174261e+00,8.199122568391995713e+00,3.245181104095742342e+00,2.429315075484566488e+00,2.380104401133374736e+00,6.401808909318519092e+00,1.988230400171858925e+00,1.801456665777209754e+00,1.495618291994606963e+01,1.256675098758452869e+01,1.715063822553236150e+01,1.104265581583278077e+01,1.057859394780720219e+00
1.400900000000000000e+05,4.753068797131989598e-01,6.967659654961513294e-01,7.606726458823368509e-01,1.199329844981005255e+00,3.651712347495750244e+00,1.061009025382184667e-01,5.609719961553661705e+00,3.066695925014943924e-01,4.712532230762476182e+00,2.846270746577694855e-01,9.193046674181401201e+00,1.196926988779862100e+01,4.740849082149772187e+00,1.366027970627618693e+01,1.194440239114316960e+01,3.055746744116000002e+00,1.474711149972285540e+01,3.677698332940837922e+00,4.425350080813638343e+00,7.826188333207239722e+00
1.400910000000000000e+05,3.372905762335440816e-01,1.296681517555244412e+00,2.047623148841399399e+00,4.292194597315379667e-01,1.226470695467800631e+00,9.744734490142246131e-01,5.212176965599613077e+00,5.212817360115307608e+00,3.330631116819545934e+00,5.291351664761752893e+00,8.038797853770322632e+00,2.537361047887606080e+00,9.529494839502525849e+00,1.309349080680091326e+01,4.361805297337561171e+00,7.402019870856781480e+00,8.503014385164185285e+00,1.797313983197064147e+00,1.786231018783661639e+01,3.603114567168652638e+00
1.400920000000000000e+05,2.558735088903698607e-01,1.466676474545260733e+00,1.452225131716181394e+00,7.508509228028246163e-01,1.192310639788526361e+00,1.363386649814648521e-01,4.340046077016607384e+00,1.703543833463495361e+00,4.342568836029556678e+00,6.622966644785596380e+00,1.003876357570853628e+01,7.558418603854677009e+00,3.143263331191537890e+00,6.745380215008910163e+00,1.953955067449466121e+00,3.682884296978519600e+00,1.124598427176211501e+01,1.342685815050185028e+01,6.389533860667637732e+00,1.044503362625358811e+01
1.400930000000000000e+05,3.407938396588205965e-02,1.892140924572649041e+00,5.626380404622588483e-02,1.775247999741077720e+00,4.810817627382283135e+00,3.662658295974855704e+00,1.120171712278301923e+00,7.624881331210762170e+00,8.690761957207685739e+00,8.037344047497375854e+00,3.946711870271463862e+00,4.666680137497987602e+00,9.123493185359137225e-01,9.017799235385753676e+00,9.120830460207624668e+00,3.202665250830248667e+00,4.955501850373130734e-01,1.300231548455187180e+01,1.298494359658936581e+01,2.995100000247807870e-01
1.400940000000000000e+05,1.280678905560607150e-01,1.729073702896493536e+00,4.782199200333104860e-01,2.216687012806003221e+00,3.670679996715591198e+00,9.325976213378146529e-01,1.364851820396755233e-01,6.807786023606074544e+00,1.881643028118081151e+00,4.111032336969777656e-01,8.953316697293299598e+00,7.132870623646640595e+00,2.203494067479618845e+00,1.662201219231672189e+00,6.110408430705731142e+00,4.729260993976753369e+00,1.185516975170296483e+01,1.127509582462144166e+01,1.859636581000042099e+01,6.649363848285916312e+00
1.400950000000000000e+05,6.968564845278280018e-02,1.595931507290046625e+00,8.363193926557633828e-01,1.289080603927307500e+00,2.491036527384321353e+00,2.367154511871645717e+00,2.400258873570353391e+00,7.450781018819362167e+00,1.985292123707102618e+00,8.567907479733710474e+00,5.850315672763826136e-01,5.866229481967309312e+00,5.079280887715857062e+00,3.378801688845520790e-01,7.447647425958506595e+00,1.108741622748303790e+01,8.326521337267129397e+00,1.483970565353721938e+01,1.588260225253148228e+01,1.174042470695761509e+01
1.400960000000000000e+05,2.716605991413749699e-01,7.577550516019253557e-01,1.351404984859660541e+00,2.426055579399658324e+00,1.921612651990021625e+00,3.671076393504152602e+00,2.580443177485302719e+00,1.163352945027419594e+00,4.936321228786582083e+00,4.270223968069020160e+00,1.709930910784998481e+00,1.053855149907507815e+01,7.144178226867859749e+00,1.031372057158237787e+01,8.188105326475179524e+00,6.361453003654409244e+00,1.007036908699406119e+01,4.554239276648778478e+00,1.683562253510022444e+01,4.272909275454153111e+00
1.400970000000000000e+05,7.534672254932619495e-01,1.359620900021339285e+00,3.306585183476861145e-01,3.111102390355434011e+00,4.480607013054070720e+00,2.156932275987706760e+00,1.387628126612175494e+00,2.318281391441560757e+00,4.309964474210178365e-01,4.075522975214598276e+00,4.229844686307540069e-01,1.079057651889309710e+01,4.219351792553819536e+00,1.171543182266615801e+01,1.673809783960684250e+00,2.072903735040046769e+00,5.680536826948743290e+00,4.595026473427027192e+00,1.830476164642553982e+01,8.260293139530258344e+00
1.400980000000000000e+05,8.521073184034700931e-01,2.535508855472488055e-01,3.279506687712545610e-01,3.452781013001599231e+00,3.253137051448064643e+00,3.218252649975722690e+00,6.842149638257874145e+00,4.223603627088857060e+00,6.386941381527361017e+00,8.748582340055010675e+00,6.898519166893046339e+00,2.439183872660034336e+00,1.279825624247528282e+01,3.172096399653280940e+00,9.036424445995722365e+00,7.988615512000949437e+00,7.297900956781612436e+00,7.677235803156442273e+00,2.600060159678265759e+00,1.124455924807090312e+01
1.400990000000000000e+05,1.722151772436841810e-02,3.947758557765408405e-01,2.533845175031153918e+00,3.924011552249810464e+00,2.879471944783442261e+00,1.041099921046231058e+00,2.501561298034296499e+00,3.393408870889769169e+00,4.178677443180328410e+00,7.715855023387662825e+00,1.009422175545224043e+01,7.561416936614305584e+00,3.143887296992981195e+00,1.215562132245788973e+01,2.498823919211894395e+00,1.263218877541989649e+01,1.053375963022709350e+01,1.292200925830794134e+01,1.619243886676044042e+01,7.578036807854355850e+00
