9.400000000000000000e+05,1.219453957784438769e-01,1.991404176997227049e+00,2.336669679277935785e+00,1.917615348705246525e+00,1.992519672016285881e+00,1.708136936295350017e+00,3.599061108718866642e+00,7.948150003216784221e+00,8.894365210016500711e+00,9.410580470119212393e+00,4.845655452516644424e+00,1.086568222340988576e+01,8.612005907717211528e+00,3.660677591846585699e+00,3.642489923347169700e+00,1.431732738902669411e+01,2.887532842446574488e+00,3.014999092107762291e+00,1.636060191185640633e+01,1.398894949030492896e+01
9.400010000000000000e+05,3.137810234311242397e-01,1.557479311813195100e+00,5.956179534300436451e-01,2.827697754345448899e+00,2.248226151621749658e+00,5.491380364664859570e+00,3.454987092457301401e+00,6.610111468573281357e+00,2.163451500651376591e+00,6.062175167882770666e+00,1.029965423323736573e+01,9.952854996741926641e+00,1.832097455231108452e+00,1.115174500653751721e+01,1.258199679206267341e+01,1.264335301196948969e+01,6.042517789541938633e+00,9.803752904426271897e+00,3.838703940189048147e+00,4.383505770608198127e-01
9.400020000000000000e+05,9.911693209697892692e-01,7.084559924660489560e-01,2.634599414264675588e+00,2.134734265196706282e+00,2.756618215883865464e+00,4.866585939369111991e+00,1.930880601445804423e+00,4.539609940626474049e+00,4.495313959743858057e+00,3.715077764316640163e+00,6.745386111519341199e+00,3.551081305983968761e+00,7.749713086834535858e+00,1.009935279640223627e+01,7.493718691025319956e+00,6.285510898131516200e+00,3.289747981692799694e+00,1.431550289245391383e+01,1.860504126401546543e+01,1.508097941501388917e+01
9.400030000000000000e+05,7.405182991755963062e-01,1.451289656998973276e+00,1.553686458610394006e+00,2.675067150705716656e+00,2.452282838219610905e+00,1.699426336236268487e+00,2.551973400597341346e+00,3.995048851017653391e+00,1.654447831561632443e+00,9.824432775245634630e+00,4.232105708715868664e-01,8.945211438691135442e+00,1.077719442079995460e+01,6.082627041456210470e+00,1.420698023471646643e+01,9.071733014458898126e+00,7.006702623587108825e+00,3.594719121422783381e+00,1.556411319475849631e+01,1.812974771839154542e+01
9.400040000000000000e+05,1.261994227887253128e-02,6.100300870943282661e-01,4.284543082629658217e-01,3.945611264224497372e+00,2.313956517715325401e+00,3.499345948367571069e+00,6.823964894457540176e+00,5.139302550388160640e-01,2.085233888008574787e+00,7.182203514434015723e-01,7.019992568483802486e+00,4.079966330452853285e-01,4.710237213773178944e+00,1.308654238174045048e+01,1.182325924419759389e+01,1.446537032520187616e+01,1.633144553630940266e+01,8.607479151300065467e+00,3.526089258009839966e+00,1.834285722237033056e+01
9.400050000000000000e+05,8.649711602689638124e-01,1.135156313244985338e+00,9.442741340091956870e-01,2.059108046203793840e+00,3.670803811369138803e-01,1.632866530556402740e+00,4.350839621094928056e+00,3.911600866581660618e+00,3.708478865680572056e+00,1.040809327148161101e+00,2.950698412100508428e+00,8.189323524231908458e-01,6.673270739848625510e+00,1.362181180011365988e+01,2.800331369416064753e+00,2.439956159191378759e-01,1.652296389696781276e+01,8.840558433643911584e+00,1.703511271666303628e+01,1.889533330314525639e+00
9.400060000000000000e+05,3.947416735633154650e-01,1.251712776846189756e+00,2.076295033622407527e+00,9.607584336023711202e-01,3.672646540754297639e+00,2.578593809691752448e+00,7.610279750796283826e-01,7.584942311554749850e+00,8.683834828480462065e+00,6.607374143876791450e+00,1.002121258013575300e+01,7.340581064080259566e+00,6.192868660727969932e+00,2.540947798392001467e+00,9.817913402966627956e+00,1.041197528514560133e+01,1.116764259437762519e+01,1.007893481383577239e+01,1.052648141494751854e+01,9.792679235949783845e+00
9.400070000000000000e+05,5.887778235516165637e-01,1.019946610089311534e+00,2.468835075614806307e+00,2.212849504873722228e+00,2.534495184744148588e+00,1.391781933979120645e+00,4.798184881283327208e+00,1.974237175795251709e+00,1.181714392530224256e+00,7.600177559226453106e+00,3.257477905322055278e+00,1.020567290591861997e+01,9.078850240883239664e+00,2.119744973468394633e+00,3.643344199280972084e+00,4.559626465868449330e+00,2.330950877679152100e+00,4.940180300169330962e+00,1.736961124834789416e+01,1.941752764493872618e+01
9.400080000000000000e+05,5.469298368847620440e-01,1.271053620905718828e+00,2.698257479899344613e+00,3.092223060729074380e+00,3.490930211025948360e+00,3.769221603943946342e-01,4.713197500526807637e+00,5.299073871462224083e+00,8.710919417825449429e+00,4.766378442210173816e+00,4.336173269337651348e+00,1.188853935060594580e+01,3.865167997579881387e+00,7.530062723535597691e+00,5.774408297780198929e+00,2.490366582684881536e+00,1.443948521408414010e+01,1.586451901364242545e+01,4.142735934083014548e+00,1.825689483615498787e+01
9.400090000000000000e+05,7.754853435402931927e-01,9.904471985697540504e-01,3.421246796409098678e-01,2.856186517634724975e+00,1.953216348861319673e-01,1.999923312397601904e+00,4.059559225507275215e+00,7.389517134152336908e-01,5.163037492828499886e+00,8.533751202814821468e+00,4.624128194892175081e+00,6.721626499435867430e+00,1.914637893748314834e+00,2.079591801436083909e+00,8.297458496169287656e+00,2.070787213986120534e+00,4.079458805496261053e-01,1.320593813031474717e+01,8.992106146734169414e+00,1.362107054192422240e+01
9.400100000000000000e+05,5.305291796034894425e-02,5.378090082373072622e-01,2.262616757577772031e+00,2.166878581678143512e+00,2.815144560679874619e+00,2.593297839820293049e+00,5.355839062561064345e+00,2.506710149674433730e+00,1.133256624818946623e+00,4.984415596302353535e+00,3.685624290049592577e+00,1.045528635755698588e+01,3.307538790644273696e+00,7.944078258133413506e-01,1.085726770225622317e+01,1.592643931253057588e+01,1.441845944893642972e+01,1.445113641005046823e+01,9.610036818062519970e+00,4.055168647757067646e+00
9.400110000000000000e+05,1.980452109630861379e-01,1.088716393116816006e+00,1.708265424195436033e+00,7.462495911510647062e-01,2.662227035631151928e+00,3.696664909862122705e+00,4.845011950059890715e+00,4.810450535800196548e+00,2.229936581920754612e+00,3.168548561721404866e+00,9.048819828120313602e+00,5.731182335931741534e+00,6.881333117928169152e+00,9.202811088351868563e+00,9.382977589381567896e+00,1.278692332059761227e+01,1.106462102180116602e+01,1.777138865854889005e+01,1.547990842649861598e+01,7.784934071277229251e+00
9.400120000000000000e+05,6.511513365298231548e-01,1.059723515690580209e+00,9.249333199376110759e-01,5.120022633976217818e-02,1.907575095952168676e-01,4.616329119872328413e+00,2.150563617763712632e+00,3.039218882275562805e-01,5.642202078318241831e+00,9.132429521489349167e-01,1.052596279988423156e+01,7.433279865734728986e+00,9.692792368365925171e+00,9.168001027590358731e+00,9.194890542228417729e+00,4.636942784792340788e+00,1.357481444269958004e+01,6.822888249026269669e+00,8.991141347339441481e+00,1.978021221039158917e+01
9.400130000000000000e+05,6.286269332213739736e-01,1.597239581865292690e+00,1.320137875384519210e+00,1.998978841443834309e+00,2.300107810495721772e+00,5.851149105785170335e+00,6.922092459699544342e+00,1.823908889969079183e+00,8.266820260585582503e+00,3.857476546937879114e+00,9.971160718447490412e-01,1.698313411960048036e+00,1.047151174079228753e+01,5.152993548889892139e+00,8.186545454491711560e-01,7.402707348117003150e+00,1.689952202777889667e+01,3.931971388250114607e+00,4.710341442727377981e+00,1.660903699046479787e+01
9.400140000000000000e+05,8.834000657126309664e-01,1.988404122168215382e+00,2.366859731074928419e+00,1.991488195911590431e+00,4.325405109650982460e+00,4.965563565835109827e+00,4.540914219894833792e+00,4.319275530650322104e+00,6.516507050422191583e+00,5.075026511679860519e+00,8.445116919567468017e+00,2.439173539145951253e-01,1.253135741940031522e+00,2.144470213058210284e+00,1.486147252987554701e+01,3.054823225196903635e+00,1.448122322644968385e+01,4.054257670924642731e+00,9.714634730571297894e+00,8.399524402442361648e+00
9.400150000000000000e+05,4.584786925026910209e-01,1.192593953323934253e+00,1.694089271899079652e-01,4.000147919419383413e-02,2.067509041142223669e+00,9.003341991595303906e-01,5.722784962849443602e+00,4.644885611498154709e+00,4.655101869981948859e+00,3.340787517613882152e+00,8.920033016364143919e+00,5.476929166584346476e+00,9.217271000157722938e+00,1.231873027431853274e+01,1.213415663708414272e+01,1.185536656482174678e+01,2.625353454930710040e+00,6.708502627987589229e+00,8.301916841803723912e+00,1.942928340418474420e+01
9.400160000000000000e+05,6.345143991085434587e-01,7.364045926046320911e-01,3.077728845325869989e-01,3.392269674597397700e+00,1.985532032343642506e+00,4.883485187809276873e+00,6.726020151798309143e+00,3.866674759469134415e+00,3.367548803394645240e+00,4.080427249138578460e+00,4.280214793494753422e+00,3.398999079311826321e-02,3.329122942942223773e+00,1.063523710109206988e+01,1.095828327079928055e+00,1.500177362583122331e+01,1.006599870305684163e+01,9.879944147103250085e-01,2.736051576555500908e+00,1.568170362729923717e+01
9.400170000000000000e+05,6.870445558297668676e-01,1.406179882702777828e+00,2.314644042084406106e+00,3.354009509104529219e+00,2.093325500690790708e+00,3.780710781208100002e+00,3.048187373586958016e-01,1.557627872181337914e+00,8.940372322479231970e-01,3.270735544419525187e+00,3.842719664824357562e+00,6.116304328856659644e+00,1.261590171736807520e+01,7.312785350599224188e+00,8.326332229627134041e+00,1.387927945082976322e+01,6.925438675543801104e+00,1.409294411749605569e+00,1.845137393818088256e+01,6.462261478850952479e+00
9.400180000000000000e+05,8.036143616079635121e-01,2.545342171705278211e-02,1.117124857800400495e+00,8.681432217609197366e-02,2.180592385038536030e+00,5.955028877172974688e+00,2.432043613892467704e+00,2.063445840566616951e+00,7.619153182210340880e+00,2.137175458625033553e+00,5.840664459163815714e+00,5.908802413033527046e-01,3.790830675992169496e+00,2.655900412385797882e+00,1.476649429386470835e+01,1.584372968266405479e+01,1.444370124042018588e+01,7.438341848001472911e+00,2.542667732904456024e+00,1.204951268758329164e+01
9.400190000000000000e+05,1.492891420766141453e-01,1.569237433184673902e+00,5.427507216782639921e-01,6.131932394502102035e-01,2.724819492310805558e+00,1.564833052275155678e+00,6.885071290138808031e+00,1.132859359695479462e+00,5.016523681519355016e+00,4.289834724413973177e+00,3.084654753726614018e+00,1.090524614591305408e+01,2.651995536274266207e+00,1.427767905438291240e+00,4.624346220128996876e+00,5.038008700744937229e+00,5.176272362378495195e+00,6.554009596747017774e+00,1.645883864366449600e+01,1.533031406168458410e+01
9.400200000000000000e+05,5.753295590365425927e-01,6.031152052037602740e-01,1.283750874723488478e+00,3.482919665231958284e-01,4.886071022051446278e+00,4.023917413912368346e+00,2.793128076672523274e+00,6.424129840655609769e+00,2.894816230205144336e+00,6.145966709002013140e+00,3.680936123428941720e+00,1.067722687196279452e+01,1.033865954820460864e+01,8.685833615152414922e+00,4.272896440147122554e-01,1.446380098449454010e+01,5.146094844637583599e+00,8.517237966234139090e-01,8.708364392483986194e+00,8.802571435309506143e+00
9.400210000000000000e+05,3.747333145341746885e-01,1.266174413540290145e+00,2.563622591901451919e+00,2.883120584413199960e+00,2.754677392671109448e+00,2.336880083740947356e+00,3.793662735272880226e+00,1.629981578757998761e+00,3.207104795927403273e+00,7.967184987092936765e+00,9.890327424527288969e+00,2.613044984697818762e+00,1.268603922200195910e+01,1.706908070978037761e+00,7.733739295103426947e+00,3.720288554632356082e+00,2.294904308029976914e+00,4.443530033053177952e+00,1.181705566806239283e+01,6.925263759619488368e+00
9.400220000000000000e+05,6.733569916811996681e-01,2.260518901956594107e-01,1.240964945863384905e+00,1.779106640948794116e+00,1.554417673966601132e+00,5.058341102979786896e+00,4.753385668192488644e+00,7.073573549876273958e+00,6.965702126075044909e+00,2.783935520725202561e+00,7.648122011811037346e+00,1.069350856295347185e+01,3.157659339308851898e+00,5.061964382165999865e-01,1.352835416681157632e+01,9.966258790289410641e+00,8.554667647966622823e+00,4.203506856911222833e+00,3.457046624088199405e+00,1.142371174474606477e+01
9.400230000000000000e+05,8.974348312806590400e-02,1.475662232060427348e+00,1.794975097920907814e+00,2.812073462933980750e+00,3.012573923307322765e+00,2.959540431946654948e+00,3.919386372193620627e+00,6.294437988313744903e+00,6.961919224889696167e+00,9.834478305006449261e+00,1.197241527145112894e+00,3.422066556799800985e+00,1.290975998451423123e+01,1.132507819296669105e+01,1.206129152947210681e-01,1.951191597273377099e+00,1.049803009096069850e+01,1.047104822145873726e+01,3.486940877739019395e+00,1.780515711775693077e+01
9.400240000000000000e+05,6.486036864800661661e-01,1.500109434410523468e+00,2.559389561841205474e+00,1.440802112273895208e+00,9.383272034364631420e-01,4.337499438242994998e+00,5.749659480834186098e+00,7.776926162795673392e+00,8.521877436557387497e+00,3.856866864894117342e+00,7.347848536494561600e+00,5.034863787339608265e+00,6.509178255113980960e+00,2.372631692668601744e+00,8.516616029502948493e+00,6.272158711543651677e+00,1.445531654762317864e+01,5.538976683726803962e+00,3.394529717723158146e+00,1.023891209214162767e+00
9.400250000000000000e+05,1.492366257823048992e-01,3.907726624156950823e-01,1.845448307184339276e+00,2.287436957522424930e+00,2.447509091248809998e+00,1.093505861980859528e+00,4.649566163913932293e+00,9.503016168418882970e-01,7.288523307879443136e-01,2.277269314672044409e+00,9.176839900772300496e+00,4.029207796097388439e+00,2.423192513330124420e+00,5.037100559027581248e+00,1.249479645033448350e+01,1.370415198393246392e+01,1.606285361739395867e+01,1.430695310136350429e+01,9.811618574219741262e+00,1.442376765264805272e+01
9.400260000000000000e+05,9.003425039556900433e-02,1.743867183355420014e+00,9.916255928264015029e-01,2.463242581763666728e+00,4.363400027867957220e+00,9.405283239552368890e-01,3.637889554933959158e+00,4.215793421870994706e-01,3.041876186355115141e+00,6.521546121593368994e-01,4.093680175441639868e+00,4.747867847326533663e+00,1.624058790240696215e+00,5.928918664816459128e+00,1.388009427406053220e+01,1.436461720558053123e+01,1.066994337369536083e+01,9.912471120190517127e+00,1.853349196926755127e+01,1.554206079608749747e+01
9.400270000000000000e+05,6.420037257217013904e-01,1.411862836274335065e+00,1.874294590725706922e-01,6.715575399952733449e-01,2.944466072442839533e+00,2.802652423313940488e+00,4.178504696289600417e+00,2.055414300220011370e+00,3.352070060639189109e+00,8.597353366618321058e-01,6.834944462819121824e+00,1.168773993370493969e+01,2.352458752283612675e+00,3.140570509126738852e+00,2.712915493445445136e+00,2.149631782318499162e+00,7.521000445956410374e+00,2.661128487738241510e+00,1.407732660744922626e+01,7.367203232435914906e-01
9.400280000000000000e+05,2.578173041147058253e-01,1.094823835863614647e+00,8.453297943703670381e-01,5.725428117086579505e-01,3.065515995026780072e+00,5.467634317626776763e+00,3.529037223248822297e+00,3.240246259361159176e-01,2.195048228092143283e+00,4.805365617499020914e+00,5.121778191831588778e+00,4.550787933496773796e+00,1.051817146548764459e+00,7.896677717903020977e+00,7.026124479895375252e+00,1.363868023753111380e+01,1.935455306132299658e+00,1.547486090375834777e+01,4.881474073245430922e+00,1.800534117786497035e+01
9.400290000000000000e+05,4.835251042896261398e-01,1.657611461555659194e-01,2.404881633062126767e+00,9.245943452079763425e-01,4.938116502963422860e+00,5.567831182756114217e+00,6.103815348625004411e+00,4.184454648950920230e+00,8.999915483353053247e+00,7.261467584858282365e+00,9.999279401248744037e+00,9.581458014348807950e+00,1.192968070765845878e+00,3.679269965617717464e-01,1.316491196534555819e+01,6.926020896631012391e+00,2.569525241376973135e+00,1.726961863388475749e+01,6.906359965858924532e+00,6.357283729259924243e+00
9.400300000000000000e+05,3.317752667968437708e-01,3.468504763199686813e-01,6.198531737709633838e-01,2.571620769885734514e+00,5.139744893158931793e-01,5.763061204573457275e+00,5.302540669916661287e+00,7.584297872733081647e+00,1.514157530882112468e+00,4.196271286836213754e+00,9.180768990657645290e+00,9.985107592817104916e+00,3.553437462967192761e+00,6.763229166870704745e+00,1.159131268543515070e+01,1.049783666462557896e+01,1.074798534265048033e+01,9.819217342643511870e+00,3.576495376402038406e+00,8.061230305075316238e+00
9.400310000000000000e+05,8.409003843818447788e-01,1.718385230279807052e+00,1.419124537913530215e+00,1.071604377949100684e+00,1.548702250577002726e+00,1.367312135496914660e+00,3.663347452437039298e+00,8.544182638612705105e-01,3.455820758739159615e+00,9.528574363143282877e-01,5.837680802379594525e+00,3.233374723272198104e+00,6.406421649222398429e+00,1.227646935385040727e+01,1.381996646605140455e+01,1.539229357038631285e+01,5.926164878772127942e+00,1.625652402631111926e+01,6.173224093443621108e+00,1.319712885525645696e+00
9.400320000000000000e+05,9.322307916417954532e-01,4.401771634462274818e-01,9.869244118019434575e-01,3.999902223934137524e+00,2.950936129268946218e+00,1.808592126534304567e+00,7.168787197342173512e-01,2.496170357028383080e+00,3.499918098844490899e+00,2.945030116845386292e+00,1.038190617021553130e+01,1.282077876416162443e+00,9.324167506444625886e+00,1.125499126133268035e+01,3.892614129279106550e+00,3.872509407689300076e+00,1.491985165396899227e+01,4.106826194770764715e+00,2.396071666462959993e+00,1.557843621821201552e+01
9.400330000000000000e+05,6.159469107911963448e-02,1.505095609436709392e+00,2.621553148334052619e+00,2.738697522196023026e+00,3.244748665893820716e-01,4.048770989209921289e+00,3.195093924601188018e+00,4.693517880296262490e+00,3.108245149813966268e-01,2.080025060572656681e+00,5.468372788584403565e-01,5.320824219688931933e+00,9.695043717277938455e+00,7.760160410232556316e+00,1.475486972803886410e+01,1.554047183895509754e+01,1.384443898265637074e+01,1.091731069207399507e+01,7.262740833556022402e+00,1.355344858083484993e+01
9.400340000000000000e+05,7.408852665712146734e-01,1.900090819320970015e+00,2.694038832675077266e+00,3.659831051602168372e+00,1.596090102463925575e+00,4.954872546044974513e+00,5.782298203630988898e-01,2.258868728075132282e+00,3.923680902479675492e+00,7.981585157519344165e-03,5.509788445676730539e+00,6.179640627678656628e+00,7.186767040386783378e+00,2.709175474591359656e+00,1.196565287361275232e+01,1.053053376922407303e+01,1.306463455053604505e+01,1.274547551210106988e+01,6.815576502929187264e+00,1.115102281388134386e+01
9.400350000000000000e+05,4.796186960646579012e-01,1.536864463053002616e-01,1.742789795472453607e-01,1.900551046560838397e+00,3.448601344660561896e+00,2.639470491392401641e-01,6.909153590091891672e+00,3.992825077259250399e+00,4.018180914003421922e-01,5.178304134958626292e+00,5.164627671918656127e+00,3.496689866297685967e+00,1.277024118768394167e+01,7.126304704011775293e+00,1.449310111043057603e+01,1.860797722580146640e+00,6.661950973707591928e+00,2.657036838501933396e+00,2.889769925328923073e+00,1.094660632072566031e+00
9.400360000000000000e+05,5.470103699098205485e-02,5.897471826706524034e-01,8.685975885978273192e-01,7.759979656953284177e-01,2.053696574228541794e-01,5.442416636865736734e+00,6.292572684859127463e+00,1.673373648258076329e+00,2.485977902980872845e+00,2.617125672769591294e+00,3.739673138214719916e+00,3.050418285241836447e+00,6.791232266867979206e+00,9.827894997278667333e+00,7.280273661486224235e+00,1.384885919094994655e+01,5.519942213828540112e+00,7.124748840314437004e+00,4.672592606740722410e+00,1.883357966639790249e+01
9.400370000000000000e+05,9.368690236890807599e-01,3.476102520298385290e-01,3.277733062461168911e-01,5.846287763258168901e-01,5.346768690804137858e-01,2.249507212849112925e+00,3.417312264112396303e+00,3.492011525618734957e+00,6.413228526310184918e+00,6.170557540699870280e+00,8.745378206944851129e+00,3.509099229219427851e+00,8.794584174825615719e+00,6.077524748859676862e+00,1.109988824912596961e+01,1.348273350369318813e+01,4.910111683236420888e+00,4.803576574359113671e+00,5.619141918046273609e+00,1.257842202126675701e+01
9.400380000000000000e+05,7.749879187472903386e-01,1.792387913142017286e-01,2.429794878371420719e+00,2.524919474072945480e+00,4.684767875342857657e+00,7.428791643597136840e-01,1.014520742622544214e+00,3.089203075746866922e+00,2.398754037630969727e+00,9.670125513739526113e+00,5.550335243082995085e+00,9.021718591383143249e-02,1.951340434014988467e+00,7.605503552540902046e-01,1.989202332798977846e+00,2.441467644100598022e+00,6.155735637679016214e+00,1.440136262633080122e+01,3.192905743276550190e+00,1.493669290016379847e+01
9.400390000000000000e+05,1.715087376044812650e-01,1.343872172500512718e+00,1.867464369636572030e+00,8.290575762037555307e-01,3.103297229610365804e+00,1.252457778790426079e+00,3.495138745994294194e+00,7.964417072616107873e-01,6.928906879857828827e+00,1.060623360940841087e+00,7.988060951345320682e+00,1.079892172230794145e+00,8.363415725314304439e+00,5.761341171049536136e+00,8.854228265005264831e+00,1.554799569846796459e+01,4.216672159552212751e-01,9.454541269851105767e+00,7.818873468410876271e+00,9.638379445905837173e+00
9.400400000000000000e+05,4.484548295562066356e-01,1.409692149149291307e+00,2.942017660682805236e-02,3.198008098326676762e+00,1.958590138724420893e+00,1.796964969179602134e+00,2.192042479436506319e+00,7.900838783683714617e+00,3.067499452118801484e-01,3.497872736007867633e-01,1.451186775505639126e+00,1.212402151907670422e+00,9.796345128022579951e-01,7.044845994252906252e+00,2.040800727409356696e+00,1.556865013488254945e+01,1.731702594448733867e+00,1.241363449239096184e+01,7.181066171554729927e+00,5.029665414968784276e+00
9.400410000000000000e+05,1.034347993212711980e-01,6.983113679079764324e-01,3.873247454637097631e-01,7.227609582634264562e-01,2.326332592279289457e+00,3.977940085878799437e+00,3.483352679301363164e+00,7.381614024718618161e+00,1.021462743195230116e+00,6.297997599219620213e+00,9.684335613660064013e+00,6.041672192734002245e+00,9.640777771571647392e+00,1.198535305053711220e+01,1.369120638532017864e+01,1.429501688564650941e+01,7.584355378700361472e-01,2.180571520667212937e+00,9.612120526047310820e-01,9.832577291472102132e+00
9.400420000000000000e+05,2.881729132148728167e-01,5.041924855092132507e-01,1.657650419650411155e+00,2.293790586589706582e+00,4.901192317162034184e-01,2.141853572377179660e+00,2.459894498283608399e+00,4.618906881464565295e+00,7.234423863035955193e+00,6.708647805791644103e+00,2.828862017899487658e+00,2.473207672111717326e+00,1.192576134360908746e+01,5.815288242570147759e+00,8.588314511354271374e+00,1.183367857022377301e+01,9.552302033598206066e+00,1.326501821054708152e+01,9.521957507953541011e+00,3.794315546360287339e+00
9.400430000000000000e+05,7.337392121057102479e-01,9.778608623140006006e-01,1.132263587276648664e+00,9.732774907048704627e-01,3.792136450588890373e+00,8.276428535283646415e-01,5.490446069808433194e+00,2.060391627538816550e+00,8.997756872135092010e+00,3.423819886899944542e+00,5.655358874437182770e+00,6.515235610386930887e+00,2.679312783561119682e-01,1.228099707602610025e+01,2.343136472296476924e+00,1.102823498115024670e+01,6.174427641410161094e+00,1.494253660442372933e+01,9.874116364723665384e+00,1.642833486383156583e+01
9.400440000000000000e+05,6.635259254837944098e-02,1.306610495000388728e+00,2.874561345753600339e+00,1.984095495971159639e+00,4.560792739954461439e+00,5.243560799555399221e+00,4.022216798653154513e+00,7.226377317342181250e+00,6.786105563097258653e+00,2.440542150854864367e+00,7.603589610042592595e-01,2.990315771897640307e+00,1.083194577343650522e+01,6.319805435420492223e+00,1.369574814548524166e+01,7.479740373500519013e+00,5.747023387552774309e+00,5.983820430437908122e+00,6.503874195924810309e+00,2.081032395888218200e+00
9.400450000000000000e+05,5.780970569402082981e-01,5.337811768414189029e-01,2.030727402938125703e+00,2.374294165374630783e+00,1.265886657520541192e+00,1.736393471213710349e+00,3.345029844596025814e+00,1.641685985118431113e+00,5.341390024293360739e+00,8.465313209113347170e+00,5.023232279045092952e+00,6.633865143616310078e+00,7.175364460096891328e+00,4.422255606172183384e+00,6.474048042245416745e+00,2.305443994551062303e+00,2.392631597900553686e+00,1.476016959520973160e+01,1.871468524813970191e+01,7.049393257752003095e+00
9.400460000000000000e+05,9.130974296513338917e-01,9.346137761911086361e-01,4.011408894103047906e-01,1.750095383653634595e+00,7.221227477080749413e-01,3.853618641938529876e+00,4.052979871205033113e+00,3.279547914122296071e+00,7.318335253262461926e+00,3.563457644667741064e+00,3.929519084004233331e+00,6.312667018485480952e+00,9.825339267430711843e+00,2.505174068640774188e+00,7.180488596632354614e+00,4.879689520024154348e+00,8.471970923997448111e+00,8.570631615124348457e+00,1.644412185495967016e-01,4.447253123731522706e+00
9.400470000000000000e+05,3.322527518639838418e-01,7.557730165548106616e-01,2.087019031926542922e+00,1.964097645479124576e+00,3.136349618158949415e+00,3.996631597581061790e-01,6.104181451245033863e+00,6.529904312760408835e+00,7.125427295781624260e+00,6.846271200893462527e+00,1.102615465396951766e+00,9.752430200601207133e+00,8.991243557452849089e+00,8.733955042867103558e+00,9.436939369746538686e-01,1.079705356474602063e+01,1.668906301964755912e+01,1.619523984579405607e+01,4.800008306945482417e+00,1.624869596506716363e+01
9.400480000000000000e+05,6.943183838236672845e-01,9.201866426840621394e-01,8.962591806859863119e-01,2.385760479033795178e+00,2.762646499445175596e+00,3.351686357109278980e+00,2.158623898740318126e+00,4.054673435227881484e+00,4.934185753144540776e+00,2.576885390500701867e+00,3.148096976374187506e+00,9.266584377292394592e+00,4.059230571093586093e-02,1.161000960257316272e+01,3.996088209400813440e+00,1.204539622888821881e+01,1.556475914779567660e+01,4.560283527508640411e+00,3.173997020236669631e+00,9.545634805849852356e+00
9.400490000000000000e+05,9.040564070435752608e-01,4.006453515515984165e-01,2.288200574180906166e+00,2.526916063962159509e+00,4.263649676407182731e+00,4.757760509688686135e+00,6.582674698220207787e+00,2.307719434136521031e+00,1.145025425701934996e+00,1.150309645591379715e+00,3.415269590577015180e+00,8.487842360660455832e-01,1.218979504121996094e+01,2.711252035921661196e+00,1.330205340573371586e+01,5.851233013502517011e+00,3.078337860568526541e+00,1.707246760390233575e+01,4.897232068762869872e+00,6.429665175871546623e+00
9.400500000000000000e+05,3.425310875669060895e-01,1.291221668344165296e+00,1.339359056593065533e+00,1.775498134269652972e-01,2.737529367791375901e+00,1.430473873747839963e+00,2.110766381360679400e+00,2.833793770601579887e+00,6.291844108825030979e+00,4.512282851996630484e+00,7.423571252952536170e+00,5.476395174665539045e+00,1.619654176900496401e+00,1.289657253205798426e+01,1.295090746320777342e+01,5.390978219537053917e+00,6.125416685696665198e+00,2.225842093082732731e-01,6.512384886001632900e+00,1.766064583944783806e+01
9.400510000000000000e+05,8.494102539953531927e-01,1.393881823985252399e-01,1.604676282192769587e-01,1.822846607055514934e+00,3.822400978812913852e+00,2.248011513684837759e+00,2.329318638415704523e+00,1.069095012317001547e+00,7.603827643847179907e+00,8.384058144259773471e+00,4.825184243804395479e+00,7.298285464610778206e+00,9.438924423092878158e+00,1.827279168132843967e+00,9.796240390595094993e+00,1.139702422826728601e+01,1.276809523902128340e+01,4.364908548464228488e+00,5.792422626081360271e+00,9.600187769730496257e+00
9.400520000000000000e+05,1.208931370083179413e-01,9.296972670512873016e-01,2.662418131273344812e+00,3.038913773427786680e+00,4.246447319347812055e+00,3.306323527845719923e+00,4.770525167525151211e+00,6.258837095018424002e+00,7.303368278880090436e+00,8.843551213121402910e+00,9.882358478940307833e+00,1.024746992006107860e+01,1.228047738708633219e+01,6.465958023189264381e+00,1.430863121887476197e+01,4.351835415466593915e+00,1.290356178104894447e+01,3.605884873213458519e-01,1.750867613477897677e+01,1.103283765901387881e+01
9.400530000000000000e+05,7.006983480685730070e-01,5.775832439201733504e-01,1.884342260609905395e+00,4.177915286569122699e-01,9.086533832699456026e-01,5.523128832653950937e+00,4.989857244519812163e+00,7.261204619061773613e+00,3.602257301710441340e+00,6.406667706102984639e+00,4.078634369355436995e+00,5.112484747339037128e+00,1.670382488822759637e+00,1.035879040450600641e+00,3.371082912700582135e+00,6.868259224323169931e+00,1.118024409779143014e+01,1.617474734910840439e+01,1.592306329938852372e+01,1.373126659367703795e+01
9.400540000000000000e+05,4.192316033052325697e-01,1.559833482885800038e+00,1.179584558999406063e+00,3.042832160154609333e-01,2.654741338986373211e+00,4.234034165062787736e+00,4.177331020106755943e+00,3.948205695880469435e+00,5.465494306204601749e+00,6.496820082177601208e-01,1.635062729551713279e+00,9.729272830039443321e+00,7.070080855708244627e+00,9.085722048946774265e+00,3.909151594320973810e+00,1.412478969139450591e+01,1.291729391316205344e+01,2.446567107387309647e+00,2.720777942654384773e+00,2.201049427287602445e+00
9.400550000000000000e+05,1.555513762997099425e-01,5.978006883156210538e-01,2.516445314905817909e+00,3.269084103172979372e+00,1.339598326422394958e+00,3.436078058755320797e-01,5.518664464090560218e-01,4.428491941023200873e+00,5.985545430297530167e+00,2.642630468381335973e+00,1.452714490495517596e+00,5.326862235818206059e+00,9.365499182252655430e+00,8.333710671163078842e+00,2.161236178585402179e+00,1.335390174243552330e+01,4.667390168283823471e+00,7.817465727271676101e+00,1.806693793264540915e+01,6.855328501661992036e+00
9.400560000000000000e+05,1.600260852923018895e-02,1.173056914872171896e+00,1.109739654997034641e+00,1.672343989265964836e+00,7.495141552784034822e-01,3.696820878585761250e+00,4.347268217938140555e-01,4.876270233982435087e+00,5.794317239847306844e+00,4.928066392653914995e+00,7.407453669904725757e+00,1.120815218263948232e+01,8.613199889478986293e+00,6.900876089182297335e+00,1.064664151590169183e+01,1.497956849966666759e+01,1.431347530669510348e+01,8.554462986245905398e-01,8.576536979493548429e+00,1.227084463448693086e+01
9.400570000000000000e+05,7.794183821898617026e-01,1.487547599944281096e+00,1.107309017565796250e+00,1.244425999013909934e+00,3.583402914321716537e+00,2.695239474519906864e+00,5.334383738450924284e+00,7.738945943342110390e+00,1.405046119041820418e+00,7.874839462079160413e+00,6.428420614407782452e+00,5.668441278468787203e+00,4.426895388117282337e+00,9.370621817022801281e+00,6.558288889823210788e+00,1.129531872423432404e+01,1.688874912566646458e+01,7.156385125809163306e+00,1.412263473755785448e+01,1.590130053482373462e+01
9.400580000000000000e+05,7.146139682060970166e-02,7.424476759917169044e-01,1.240817042334491749e+00,9.770178983422170838e-01,2.075943664007400713e+00,1.374147257170512670e+00,3.236897206575905184e+00,1.730102706421732250e-01,1.122190678484364268e+00,5.055205371228784550e+00,6.374107423479233425e+00,6.606504197939556455e+00,5.085319594016454836e+00,9.730772233341697941e-01,7.242438284755520428e+00,5.535710200592212971e+00,4.257124943265260253e-01,1.132080560892019072e+01,1.273207444650819298e+01,9.680414615009755863e+00
9.400590000000000000e+05,4.932867937316727236e-01,7.790363177232593195e-01,2.539253552486135490e+00,3.435255600783475138e+00,4.450161832876895929e+00,3.853210832088850069e+00,5.742133375517392224e+00,5.392871238226863539e+00,2.735848600254337182e+00,7.864572004115661485e+00,1.047113033898507339e+01,8.845926859228625538e-01,8.880235254344915674e+00,4.342481949530570873e+00,5.278735126281424606e+00,1.467676703801677363e+01,1.451738518914297282e-01,7.053241823572033553e+00,6.442192658227991586e+00,4.328399408879235466e+00
9.400600000000000000e+05,3.385274906759415670e-01,1.898719225522875753e-01,2.094119533557600388e+00,5.296572671226624784e-01,2.965675059270211911e-01,1.362397780041910478e+00,4.939631575165098987e+00,1.483122887289736624e+00,8.612227749646962138e+00,9.836044643695824874e+00,9.342957976875347015e+00,6.391861765531338335e+00,1.182758557079345074e+01,1.925231479356821263e+00,1.509871875911543260e+00,9.070523472227751682e-01,1.024049232130335696e+01,1.640989136931972014e+00,1.507385190120073482e+01,1.905016286034618389e+01
9.400610000000000000e+05,2.038829821806720233e-02,4.835556091603883111e-01,1.253389303257071097e+00,2.232767572498892683e+00,2.239423371163230314e+00,1.311371030630077206e+00,2.034485435636396167e-01,7.068790176492438349e+00,3.239937991073090551e+00,9.593688149773571539e-01,1.200100214653862629e+00,9.042564942035722808e+00,1.291494151742883822e+01,1.584545450882526296e+00,9.681796681861237763e-01,9.008405887446762961e+00,2.556179652289082060e+00,3.314383050034515499e+00,1.593846544592371828e+01,1.678828314880631556e+00
9.400620000000000000e+05,1.911432986561234504e-01,1.332334894158119454e+00,1.972581253353871800e+00,1.690822707811157066e+00,3.038556214714382975e-01,1.815579930585155877e+00,6.942108835224386709e+00,9.891589454447418106e-01,3.802804764573740393e+00,9.346629416963907033e+00,8.342652479160392431e+00,7.848114071711736806e+00,7.821291668523167040e+00,1.235048733886372219e+01,7.200419038610708533e+00,2.530282092103988134e-01,1.259617053934949382e+01,1.685567855832466932e+01,1.887135420458698931e+01,1.050918901417006524e+01
9.400630000000000000e+05,7.212785995796030525e-01,1.070708233025904343e+00,2.866301794170555084e+00,2.438080504807414339e+00,2.137579779183922835e+00,6.278048930172075437e-01,6.433865524241057621e+00,3.674697379598534042e+00,4.031427689721307495e+00,5.037104573914127137e+00,6.748030546641349048e+00,7.267477632390630937e-01,4.895809149723836740e+00,7.388773250564454997e+00,2.138986027020960634e+00,8.528030263161843649e+00,6.132726346423947206e+00,3.944209854132497917e+00,9.823179067337125758e+00,1.704440096685969763e+01
9.400640000000000000e+05,8.805803453570699713e-01,1.258358382054553637e+00,4.638545902753913319e-01,8.432028101602919712e-01,1.747316970181472806e+00,5.986774809576250966e+00,6.838918531934210066e+00,3.571432270439860446e+00,2.696103494205997375e+00,7.794692888297769073e+00,7.733249364349025434e+00,1.194855114127740947e+01,8.929957085622115542e+00,2.405097508049263588e+00,1.654834081211739027e+00,1.089255506004134233e+00,9.940437429490252441e+00,1.329694626729489570e+01,3.171197893257637457e+00,1.227957943953484055e+01
9.400650000000000000e+05,6.500632935092937048e-01,4.800204580347315897e-01,5.687831556550437817e-01,7.559863064488983042e-01,2.628477654397136654e+00,3.910652586382163953e+00,6.907672695264932550e+00,5.683706250434959806e+00,5.200677817676646164e+00,2.597915466929773487e+00,1.295254710440509882e+00,2.473822329074107707e+00,5.130983588227340242e+00,9.431840632551669046e+00,5.599194076313659174e+00,1.574446213075839474e+01,4.781822215290474354e+00,5.718801342126544895e-02,1.348076237772750474e+01,8.299738234700562600e+00
9.400660000000000000e+05,9.243496166263015512e-01,8.682511570839051007e-01,2.127364924436824012e+00,2.604526340771643689e+00,2.702086856795675729e+00,3.452117735965450684e+00,4.160889268393129115e+00,2.129077883002709726e+00,5.117440627971005185e+00,8.222893645847983990e-01,2.524035819586054608e+00,7.564404504593474243e+00,9.842210948036058227e+00,8.487829781764142822e+00,1.390061950714070349e+00,2.021419815478795456e+00,1.147321263177646422e+01,9.739460005457372560e+00,1.646636272105686771e+01,1.961491912024261097e+01
9.400670000000000000e+05,7.907687750971205132e-01,7.429315488606247353e-01,1.875848585100809540e+00,2.412455604790345376e+00,1.171691676333481258e+00,5.553470248715337121e+00,5.839662994961292597e+00,2.610612187570268361e+00,5.801415831488503372e+00,9.656220909273043773e+00,3.703343409323824442e+00,7.603840790669851302e+00,9.332249621625098968e+00,7.135818878751312155e-01,2.595989564840071040e+00,1.263865705133030559e+01,8.592599489093748488e+00,8.307621807894413735e+00,1.767018246187415542e+01,1.802221448913673285e+01
9.400680000000000000e+05,8.231131219118894560e-01,1.860960997736717415e+00,2.249900620401504625e+00,2.733826961993146121e+00,4.069396388769470185e+00,7.641281716857866169e-01,2.538452318334385893e+00,1.274474313324438057e+00,5.957626238633517701e+00,5.980284631435829112e+00,8.611041211763598824e+00,9.469061172548716598e+00,3.554523705388473509e+00,4.541312923744826868e-01,1.411877202723885638e+01,3.528742212790351829e+00,1.225675975998947287e+01,6.766427724537432908e+00,1.579705866914294177e+01,1.804053014971195879e+01
9.400690000000000000e+05,5.516238241855940805e-01,1.272489631850823866e-01,2.215266191130293549e+00,2.399552614716925270e+00,2.261257550866063726e-01,2.825376686945165083e+00,6.024243369392081604e+00,2.594500702800022651e+00,7.027681339596442811e+00,3.252293588526176116e+00,1.131034614881833322e+00,6.241551325344982359e+00,3.575677640537404223e+00,9.895926583975739987e+00,4.136106644095110418e+00,9.623914875786775625e+00,5.308473954957936058e+00,9.268887777553310059e+00,1.252445828638922087e+01,1.771772749472627950e+01
9.400700000000000000e+05,8.968137113486450707e-01,1.300365039590179128e+00,7.099716713712692640e-01,5.591939889490800120e-01,4.893980204620093311e+00,1.186077420243908387e+00,2.301810918918227422e+00,3.736403495404407415e+00,3.125271209666332872e+00,6.402973453804716719e+00,8.221696363993501455e-01,2.302818743247585509e-01,8.745435524749632705e+00,8.431641791603919245e+00,5.022003393902119583e+00,4.929707147945681101e+00,8.634619903776039607e+00,6.783492058246978651e+00,2.755547213201865908e+00,1.567412637695452737e+01
9.400710000000000000e+05,3.541227606031785990e-01,3.397269918801788524e-01,2.420513910754650944e+00,1.618187617848870552e+00,1.783227054596235206e+00,4.759139469589904081e+00,1.667347609585789536e+00,4.700523164957592925e-01,4.666078827265062401e+00,3.161593261174143521e+00,8.316859623477181884e+00,7.808799671880670701e+00,9.651709137258338345e+00,8.578344478070052403e+00,5.006661444483573309e-01,8.391714231120275258e-01,1.362018820420191467e+01,2.969287765959787162e+00,1.054790562701442980e+01,6.350769126507625373e+00
9.400720000000000000e+05,1.310109833513972699e-01,2.047325756839499800e-01,2.225706443554776648e+00,3.896767693800296861e+00,4.008810277578951364e+00,9.240175316393650640e-02,3.625806059731721653e+00,3.276526443378457998e+00,7.949196758421243070e-01,4.334359604903081475e+00,7.603680484809385298e-01,7.008818047370577453e-01,4.737629632365355725e+00,9.247467801246411767e+00,7.907972938471742097e+00,1.494576527490050033e+01,6.644215171127209274e+00,1.150262696521576622e+01,1.414811727608682457e+00,1.124171836809979652e+01
9.400730000000000000e+05,9.668035595227274515e-01,3.967944017743740837e-01,1.195351656610732061e+00,1.711059181900913995e+00,5.264186438866219619e-01,5.194121114451278665e+00,5.598890815066182469e+00,8.210087959462493146e-01,7.523604541184216732e-01,7.615282928934556494e+00,9.172640464739938437e+00,9.975563543730851634e+00,6.470573894224529443e-01,3.341065137952662134e+00,4.050037917355374439e+00,6.534195533837465319e+00,1.282593847344843674e+01,1.285518295075200612e+01,8.321781638526177360e+00,1.708894164981740360e+01
9.400740000000000000e+05,3.026642936851312582e-01,1.998872499888659782e-02,1.533102295579698682e+00,2.904720889095409486e+00,9.119935136289619715e-01,2.186578592602693938e+00,4.845246264219126076e+00,3.375203037552605423e+00,2.085176607659490866e+00,2.558078574603398714e+00,5.469308222970948208e+00,1.009458374106916523e+01,2.633747171708086476e+00,4.676516798556298316e-01,6.123493383652006017e+00,1.147949886172493272e+01,1.139404600747821661e+01,1.162841918694159027e+01,2.321881649806309067e+00,1.350307892799692411e+01
9.400750000000000000e+05,8.050341953842847786e-01,6.045469569002914767e-01,2.732505873856309719e+00,8.497118778720897936e-01,4.611160164646312509e+00,5.426536298554363036e+00,1.896149926462473490e+00,2.772055108003375956e+00,4.504557746397372497e+00,8.904813708441748688e+00,8.122495261821509160e+00,1.116955489545320201e+00,3.507423557701352834e+00,3.097295370372511236e+00,1.177116470981404461e+01,1.269101909068065659e+01,1.139081176815923513e+01,9.809708463988805249e+00,1.288124056971388143e+01,6.544969216559389125e+00
9.400760000000000000e+05,7.891054367629225519e-01,1.161734834248822956e+00,2.214455113234497841e+00,1.605107801865071515e+00,2.707385072147863170e+00,2.543651902111833785e+00,3.058081654127496218e+00,3.918624484159291654e+00,2.138276541784546403e+00,3.548753852553766741e+00,9.537667711929278980e+00,8.402014896683173362e+00,3.763159654344524707e+00,9.628974665335681138e-01,1.291267152652287464e+01,1.263160895069612089e+01,3.449734453540325152e-01,2.852460267940090333e+00,1.732176737173851322e+01,1.630258650903693507e+01
9.400770000000000000e+05,6.487451650251678803e-01,1.268392590949468435e+00,1.527641467234633676e+00,1.541226511979712832e+00,3.542940313282887388e+00,1.171266167443139494e+00,4.755494099586847767e+00,2.613424215674391426e+00,9.660938301681687435e-03,3.076675140238246620e+00,6.716018551838922157e+00,7.826835252784804631e+00,4.957765287514772190e+00,1.129653624252904009e+01,1.047089939143709181e+01,7.558252857635229915e+00,1.089665156025196247e+01,4.407234639631917972e+00,9.527896618971087861e+00,6.392202120171692314e+00
9.400780000000000000e+05,8.501791382340064818e-01,6.811009825777900595e-01,2.948854409896533024e+00,2.576501881063030908e+00,1.790475650278640085e+00,3.744282578109322301e+00,2.428279063790151682e+00,8.774292019826148703e-01,6.885007688400243353e+00,1.222961722552706743e+00,1.012181399902487655e+01,1.015297497526288595e+01,7.521655744793980247e+00,1.240845102925863230e+01,1.018782538652488334e+01,6.122864742288873785e+00,8.705891069826450224e-01,1.266063049467106438e+01,3.455681946694365791e+00,1.609669364829967719e+01
9.400790000000000000e+05,4.222121669466993854e-02,5.353693630934874825e-02,9.352029738748379728e-01,2.359476561778202530e+00,3.907479142717673604e+00,4.931083375876721853e+00,1.170821202923646442e-01,4.379252813532244382e+00,7.383815094789698996e+00,1.682910533301321676e+00,3.614218766559758489e+00,5.873107774993250985e+00,1.132971716052570166e+01,1.316869991614843727e+01,7.817898307336617947e+00,9.968856962089708063e+00,1.229091510429756084e+01,5.962001021250215693e+00,9.315185179957708783e+00,4.084985993551708106e+00
9.400800000000000000e+05,8.971515474734774731e-01,4.015774645462522052e-02,2.727021096971182779e+00,1.521911459111650711e+00,4.274628972041894848e+00,9.061513610438420852e-01,5.730302098384416176e+00,4.973914319677683160e+00,7.457991399649777975e+00,6.220285599210640726e+00,3.477731624672516730e+00,4.133443950941574130e+00,2.068068696107209448e+00,6.878546355538860624e+00,1.985791874645781885e+00,7.042748670480188267e+00,9.781480339700115323e+00,1.134768701276487768e+01,1.187805214257278141e+00,8.416131172582064224e+00
9.400810000000000000e+05,1.987032526337669802e-01,1.090598394421250061e+00,8.013262880526710319e-01,2.237143377037646985e-01,4.498345536506615616e+00,5.728605494582601487e+00,1.608603540140307597e+00,2.567316796451770244e+00,2.237405914950125307e+00,1.986223902195655144e+00,1.003917884467633392e+01,6.490982302989527497e+00,7.352629481224700392e+00,8.529846652363943349e+00,7.369653217383016930e+00,1.423494050540270273e+01,3.989545602270152980e+00,1.456562801044134492e-01,8.716457015899846894e+00,5.925789990514250150e+00
9.400820000000000000e+05,9.854599943882931257e-01,1.738616562182709213e+00,2.139932834946265849e+00,3.548528301227622084e+00,4.966369890282190669e-01,1.530142379614407133e+00,5.737471013271429499e+00,7.953885800952962271e-01,1.563747892840991360e+00,1.149340721923016728e+00,1.167182263369228146e+00,2.487231552035271687e+00,7.146192538295169427e+00,2.065338199713544931e+00,8.421010644788518462e+00,8.593310004393801549e+00,8.779967799270991691e+00,4.307905545494488120e-01,1.242060359124829994e+01,1.353845918193088416e+01
9.400830000000000000e+05,8.904905199691696138e-01,1.913516244855054449e+00,2.326536959820435069e+00,3.308851010903423706e+00,2.139257568849168401e+00,3.290334628177047804e+00,2.396654425518471854e+00,3.264337655130979954e+00,6.787063149070378998e+00,2.843749248240090566e+00,8.781980132145815077e+00,9.641331917008326258e+00,1.290962796419356451e+01,7.885929696537931299e+00,5.570993678773975333e+00,1.437883090652190177e+01,2.892069509708835362e+00,1.034076552512940061e+01,1.475689690163233792e+01,1.289589711029555019e+01
9.400840000000000000e+05,5.391326051483349424e-01,1.686624095079657382e+00,6.996123446480659869e-01,2.752477492247608293e+00,4.820619460880560148e+00,5.024183639413734248e+00,1.292220627850687364e+00,4.751158127282695709e+00,3.133967401341870129e+00,2.072061823158680482e+00,7.988513011504997374e-01,1.212069947825667349e+00,5.644506620099580374e+00,7.364822026169418834e+00,4.341266520745268309e+00,3.829827148450792862e+00,5.528382620692079641e+00,1.080166676620330435e+01,1.438384273694807192e+01,1.993136646093673647e+01
9.400850000000000000e+05,9.542838893653199372e-01,1.879731025659343580e-01,1.957269617368115888e+00,3.550004672670734607e-01,9.556302053562765186e-01,5.155446315430055826e+00,6.554323642781250570e+00,7.838003474600816922e+00,8.087086642045699492e+00,4.455654579587921660e+00,6.179707640643226085e+00,1.277604355554472271e+00,1.197881527692483239e+01,4.787000243933876575e+00,1.441255035118478034e+01,2.885112251995311183e+00,1.113171478225836619e+00,1.134847197513871997e+01,1.788195450612537130e+01,6.283273340028376452e+00
9.400860000000000000e+05,8.234023659465247169e-01,8.349738854926045395e-01,4.189906867626318476e-01,7.037409569304156065e-01,2.907259261961129937e+00,8.104286360022934232e-01,4.901249152691737443e+00,4.784026442736165841e+00,3.456605577437138255e+00,8.067607564169868795e+00,7.205786267339729712e+00,4.926526572581868990e+00,3.372218960323372539e+00,4.024524698195145689e+00,7.673635401578598803e+00,2.670315824183163045e+00,4.313819082134255911e-01,8.135174884108984372e+00,1.833477054450828803e+01,8.866850180162542117e+00
9.400870000000000000e+05,3.894752171801558749e-01,1.697383371001311758e+00,1.676930479987142064e+00,2.111704907646533957e+00,1.504356623405058269e+00,2.922213877257104020e+00,1.633842541465330811e+00,6.253879840413603119e-01,6.488015388411700002e+00,5.157406334240056900e+00,1.504913261450428141e+00,7.580713407188961028e+00,2.630538654736974458e+00,1.307164145826362400e+01,5.466903164299011131e+00,1.569693890217783050e+00,7.122643467205065804e+00,4.329749141516643363e+00,5.012259892208318135e+00,7.654641157598549128e+00
9.400880000000000000e+05,4.097915228439286128e-01,3.267754318104003630e-01,4.724653467776113169e-01,2.668505298237269230e-01,4.452632892459369884e+00,3.563368758535647274e+00,3.930546093084570813e+00,8.217473852722054772e-01,8.762590204623519341e+00,7.208840059385775767e+00,9.116067280562624164e-01,1.019120230046945963e-01,8.232236562869825747e+00,1.018635629844206036e+01,3.189574607499095382e+00,1.386759193247087474e+01,3.038681307569582879e-01,8.270735941912679579e+00,1.357805201407926887e+01,1.261285355480679105e+00
9.400890000000000000e+05,3.173593656900564053e-02,1.703528354564974867e+00,6.339169136023947715e-02,8.588075208265957272e-01,3.533049530937466542e+00,4.668253240730925846e+00,2.288301677974061032e+00,3.664907933833016607e+00,1.382907185870990041e+00,2.170638517903703324e+00,1.068131926705190615e+01,1.054165966697272871e+01,8.442664832315610823e+00,8.430701135163584325e+00,2.956711380767568897e+00,4.996018312603336398e-01,3.124292158988782875e-01,1.521994998847345926e+01,1.550723484044161715e+01,9.335296670443058886e+00
9.400900000000000000e+05,9.018546999101392236e-01,1.361759043281134396e-01,5.107616076362302415e-01,7.098736442195510143e-01,5.521056218562314655e-01,1.786660316948336380e-01,3.892074507662093286e+00,4.160750761915056550e+00,3.770538527547593333e+00,4.379924519066095812e+00,8.539996166219115281e+00,3.789961603809087531e+00,4.807239806793071502e+00,1.027650402765370963e+01,4.880134965555538606e+00,4.446019864983250969e+00,1.214767194880397305e+01,8.449472743211368098e+00,1.328334366493251828e+01,1.205376526007464832e+01
9.400910000000000000e+05,2.332098928086662193e-01,1.608162453420574067e+00,1.431736028969594621e+00,3.544532953438714440e+00,7.996649092521501689e-01,1.682025302363724828e+00,5.545268936451945407e+00,3.156386516941639186e+00,1.113174341597118255e+00,3.718283951364317552e+00,8.793388752727882007e+00,1.012576570149221133e+01,5.032061159078592638e+00,7.491812245091719724e+00,1.096868690541440294e+01,2.550340187362472477e+00,2.094561534987765761e+00,1.553154834346765156e+01,1.584219802345195127e+01,6.087019506205337827e+00
9.400920000000000000e+05,9.243673403152802281e-01,1.318949636418422777e+00,1.048546035902186091e+00,3.106296202930303618e+00,2.518802187780562196e+00,5.988111524306364508e+00,5.697213263222676183e+00,4.142868685414694774e+00,4.234801521582641115e+00,5.511359652030338729e+00,8.874129088761120165e-01,5.587074836155634827e+00,1.143479533097648826e+01,1.020932171903531049e+01,4.644109173176883765e+00,9.039216873366230587e+00,1.652110099468463389e+01,5.164175747557796292e+00,1.740823636964422860e+01,7.342316309840306587e+00
9.400930000000000000e+05,5.366202579497162395e-01,4.897244377054730258e-01,3.701861074854747580e-01,1.773223466084939748e+00,2.704120816703365904e+00,3.763654225071420889e+00,8.876447306622989863e-01,2.921334076249564760e+00,6.607746072160314732e+00,5.459419116865082966e-01,6.959164766369368316e+00,5.595767275069890800e+00,4.836616226772963323e+00,6.869429669452078002e+00,4.426814598761827035e+00,6.615993328971240928e+00,1.031531440983211745e+01,1.357742072368723107e+01,1.448128803896101324e+01,1.995897990020897339e+01
9.400940000000000000e+05,9.983586314282582030e-01,1.988295076493479474e+00,1.388030769721702917e+00,2.183198561033506735e+00,9.772727670254538479e-01,8.098332577263529508e-01,6.780759416141127538e+00,2.582661109179957393e+00,6.727745708417113057e+00,9.358869737576169801e-01,5.293570444297793109e+00,5.322547288925726150e+00,9.054980801904132903e+00,8.023752262894950249e+00,1.106624267710535925e+01,3.461122810250016002e+00,1.184086481288640336e+01,1.178137759390648398e+01,3.154663570545440443e+00,1.451376282353541392e+01
9.400950000000000000e+05,9.388184374690763390e-01,1.059892640595151203e+00,2.064665480821317178e+00,3.736883350234228018e-01,5.030441759719617156e-02,2.710319664251299887e+00,1.363942967746094137e+00,5.995931637679675852e+00,6.272849190795674046e-01,1.365376298451110859e+00,1.634110166835677891e+00,1.015811921011292540e+01,3.194018327976400062e+00,3.206423499180033332e-02,6.402826113850644596e+00,1.401214111968251963e+01,1.165951844399173964e+01,1.596046661334279548e+01,1.652597312466275881e+01,7.777777726866474950e+00
9.400960000000000000e+05,5.290260236481242329e-01,3.385313737009127966e-01,2.255283455147001348e+00,3.582030199854117747e+00,2.222210627358462975e+00,1.186363470504366191e+00,5.890846237058355861e-01,5.132673802649712513e+00,2.834169012447801173e+00,8.803196088634446248e-01,5.704796781640588677e+00,7.736075557272839021e+00,3.277307710987405809e+00,8.563180098045863886e+00,1.426570536800945099e+01,1.255230759822775966e+01,4.451258052598710435e+00,3.976896816053893779e+00,1.428169685171366865e+01,1.789494469027785684e+01
9.400970000000000000e+05,2.028368744830083559e-01,6.221264776184229905e-01,2.436374624693180557e+00,9.140709529285939716e-01,1.884332594462255761e+00,4.450561876376877279e+00,6.349830960662471213e+00,7.584852835783140179e+00,8.746621519334434325e+00,7.601472934764585077e+00,6.113810482034149896e-01,9.943887085220774580e+00,1.067673445604894589e+01,3.727179013637102578e+00,1.285155922405670026e+01,6.716356452537684874e+00,3.003554118139731610e+00,1.680767469137406067e+01,4.910265952026113823e+00,1.204432575472138467e+01
9.400980000000000000e+05,5.223472466146847903e-01,9.636010540696278159e-01,1.184736670306210993e+00,3.046597724229493043e+00,2.352748540676407707e+00,1.357124637892334063e+00,1.612183800034893366e+00,2.236791114891018672e+00,7.854397278815128836e+00,6.327520876936389982e+00,5.587523553402697019e+00,5.663927330516228764e+00,1.244190739147025937e+01,1.376842864268622790e+01,1.248485189706493514e+01,1.260355400885639021e+01,1.626897590814322925e+01,4.210751130537505382e+00,1.140286053205234928e+01,7.682322694439537969e+00
9.400990000000000000e+05,7.617503688906988035e-01,1.214095202289749320e+00,1.477066896759729797e+00,1.206213183946652112e+00,1.819570436307619943e+00,5.597244489211099516e-01,2.616534881654852374e+00,4.716520636551826406e+00,8.723678918857771691e+00,1.943893348997834947e+00,1.371721108454935667e+00,7.673511550920408375e+00,3.965487803706073233e+00,6.134203050403373325e+00,5.768814362762396897e+00,1.412084661270704622e+01,5.211271742861751655e+00,1.584662491908042981e+01,1.146533830655720543e+01,1.320202338357681704e+01
