7.600000000000000000e+05,1.478688723138088523e-02,5.876013993614305209e-01,6.633519899599649161e-01,9.805120098243865767e-01,8.356913544808671768e-01,5.094389512326227276e-01,4.327439082625514910e-01,5.403893277969670228e-01,2.632681510546753811e-01,9.306647949578781276e-01,7.868257033691330449e-01,5.614680351186477347e-01,7.487322602206785138e-01,3.173746464090535513e-01,8.338279509506381082e-01,3.575199538918358844e-01,5.514726490521414393e-01,7.748877739531223607e-01,4.866020957774045419e-01,7.075662654740018098e-01
7.600010000000000000e+05,9.505726983639756211e-01,5.350486401012322091e-03,9.772753434945601336e-01,3.499570048590884275e-01,5.331478302530493485e-01,5.984878590922597663e-01,5.694995065663555067e-01,7.327425046538738052e-01,7.903948164234451124e-01,9.126964459304571786e-01,1.957955582144689233e-01,6.780242163650784804e-02,9.835653740416664403e-01,6.025026970768992962e-01,9.160369719411294298e-01,1.889339374108234271e-02,7.676867853539571795e-01,9.946601484797121806e-01,7.758409043417078266e-01,2.212925536874321697e-02
7.600020000000000000e+05,8.010477899000866264e-01,8.183739692551046385e-01,1.171662080300239772e-02,4.464038108255833359e-01,1.139644888233721787e-01,7.928433742497136283e-01,4.229884688028329176e-01,4.211004361615179326e-01,8.021720905298600490e-01,4.273399949269610643e-01,5.436104460037939345e-01,6.553938452625767130e-01,5.111926970997406894e-01,4.871383494428956906e-01,6.132269100716669641e-01,6.961740352070229232e-01,9.577591309460182778e-01,8.233013297218384485e-01,3.627855920747649066e-01,2.968826534422277508e-01
7.600030000000000000e+05,2.403708289297662448e-01,6.434124321638008404e-01,4.803718904857520178e-01,3.599654926865383242e-01,1.116153671151876026e-01,5.355586149541509133e-01,2.537186753901038427e-01,6.921052778981527931e-01,8.270557796076419832e-01,6.948730605827007079e-01,9.576891708354535737e-01,7.420616673772596483e-01,7.862657158953307857e-01,6.133404675392302163e-01,5.648705775436935195e-01,3.296592921592058634e-01,1.898677309214575892e-01,1.264557712355567354e-01,7.642255964513506861e-01,8.240381011945212553e-01
7.600040000000000000e+05,4.132027474996069483e-02,5.282776926884370505e-01,1.488700052898692672e-01,9.504332943497516561e-01,4.689646151738218194e-01,3.863964457445390188e-01,3.565451316493870593e-01,2.964924547625210627e-01,4.339001790973672223e-01,5.518854909501585970e-01,2.279902448699282491e-01,8.418567452442551335e-01,6.792257717364483804e-01,6.484137845563519020e-01,6.183587230691194314e-01,4.781587769362483087e-01,8.886626138081947790e-01,2.397470039592664026e-02,2.793633370610685285e-01,2.825587360922641178e-01
7.600050000000000000e+05,9.878517064209141330e-01,9.836879501854721708e-01,5.738927876432692310e-01,2.902307172739057028e-01,1.474822303534305545e-01,9.332112490135282545e-01,9.224799974063381258e-01,6.501787985829484695e-01,2.106938653319627708e-01,6.813882747868170719e-01,6.376746867401703600e-01,3.650309935812390272e-01,4.661955938303492530e-01,6.852553799217000474e-01,2.052671666990729671e-01,8.954988791292665118e-01,9.813958227479031571e-01,9.226184785950057865e-01,3.465673695526753084e-01,1.238110966093450838e-01
7.600060000000000000e+05,1.728532092429699851e-01,6.909108879839375161e-01,3.066316348571789252e-01,7.699170372969177389e-02,9.660582654380218681e-01,7.601953100194323021e-01,6.911340010937480072e-01,8.761660997956886021e-01,4.154929015200017339e-01,7.689158277628259652e-01,2.541677046120669470e-01,8.935715020291246091e-01,6.651732403997080434e-01,8.647298457833948460e-01,6.911246642738598789e-01,5.849506414249693309e-01,6.593469694608096177e-01,9.748936237411020000e-01,3.207800243851698374e-01,5.562439843496518321e-01
7.600070000000000000e+05,7.051207274188946439e-01,9.104237226581528564e-01,8.024898523952838092e-01,5.506709590020998357e-01,4.841601772662010861e-01,8.052341047479513181e-01,3.630546946359750615e-01,8.783687129832740137e-01,1.905957035577221514e-01,3.135479954025123250e-01,8.170147046287018489e-01,7.353706160999491370e-01,8.942482758890950567e-01,2.567182235167645432e-01,8.197615421928389212e-01,1.738032760624377282e-01,9.351342163660710805e-01,8.808698916381847432e-01,8.807107002478830049e-01,4.067636066478235168e-01
7.600080000000000000e+05,2.451578226580743980e-01,2.201270201314348141e-01,1.980072937938183175e-01,7.002153392261810660e-01,9.838355577033871535e-01,4.088454389829608848e-01,5.705558998610357202e-01,2.098927049729332195e-01,1.218106232940711076e-01,5.869914408495643388e-01,1.745641226795713319e-01,2.327752308696203754e-01,9.473993506098271622e-01,5.032311836497116442e-02,5.612950613694076551e-01,9.569052668714015386e-01,5.437820388169174457e-01,1.516503902329533471e-01,6.877475919916218317e-01,5.241182438571506674e-01
7.600090000000000000e+05,7.526381453354746842e-01,8.741176974828592794e-01,6.403217562272522922e-01,6.693691763068384537e-01,7.713559732123368429e-01,5.073352539383707560e-01,4.508431605509601869e-01,6.573770855670985069e-01,6.664117730699303799e-02,7.224062569734429617e-01,9.068471522659454775e-01,8.137419119085296249e-01,6.698252285998433919e-01,7.238001362399004712e-01,7.594629102448374747e-01,5.110893883827178907e-01,9.539429164287516194e-03,1.110002208610381125e-01,9.787626738254930903e-01,6.093039983683768979e-01
7.600100000000000000e+05,9.412865158203429505e-01,5.314769513583249561e-01,1.833305524555777222e-01,5.647521236269246181e-01,1.292474043971497677e-01,8.492228594511936901e-01,9.968133857547132326e-01,7.851443735596647100e-01,5.729375989930834967e-01,9.504927225278048120e-01,1.946326787484206067e-01,5.974454346908564251e-01,9.726715066050084513e-02,5.472739067332481611e-01,1.196788139341588009e-01,3.021156241695530653e-01,6.612301748333105911e-01,2.559568965916635408e-01,1.572283367212051752e-01,2.174449761714107865e-01
7.600110000000000000e+05,4.374359333460530186e-01,8.776615133522428502e-01,3.130975332717684800e-01,5.057311344652137830e-01,5.568391496500458837e-01,2.112816802443993058e-01,1.806379578046455325e-01,7.636059233585801298e-01,6.594696330546792051e-01,4.183894084099937238e-02,1.256637695145357281e-02,6.223341795557807421e-01,5.177135835690075405e-01,2.382553326035994345e-01,4.388296980402516256e-01,8.320409793768095419e-01,7.167103221398212209e-01,8.781734911365732810e-01,5.929050349266367093e-01,2.804075658353484268e-01
7.600120000000000000e+05,4.548953011675037628e-01,6.419840921154283953e-01,3.174205071236272380e-01,2.960247142523432240e-01,1.188257548405868835e-01,6.606847526426573580e-02,2.868467485572829823e-01,8.371095527126343194e-01,1.044951074661676360e-01,7.147284415650433376e-01,4.835753785098996227e-01,5.816203315570765975e-01,6.447624171831058959e-01,3.846155540338336287e-01,9.222040456297815325e-01,8.810014425156217355e-01,5.699361288799486003e-01,7.801098189707827979e-01,9.146156343940237132e-02,5.343126894675924721e-01
7.600130000000000000e+05,7.825454726261011906e-01,6.010733059609718598e-02,5.844935900143771734e-01,5.446134124832183732e-01,1.401029116529528551e-01,2.136300359215256295e-01,5.728943700917332738e-01,3.386397654208577190e-01,4.515006144954485379e-01,9.280192068579549147e-01,2.498338221954178318e-01,2.002754229616781068e-01,6.470093850316234185e-01,2.252611112784160818e-01,5.720199420422997783e-01,8.203634785054813028e-01,5.422281206053596314e-01,4.483788088200640898e-01,2.394899443092795011e-01,1.613228103294500615e-01
7.600140000000000000e+05,3.029925175826604367e-01,5.214560535127412688e-01,9.285521917777466161e-01,4.530280423884125440e-01,7.502065092053296080e-01,4.844485244036844662e-02,6.645678306002843483e-01,6.673578785239814293e-01,6.755041219536424002e-01,3.646973372487446463e-01,5.371733113136044624e-01,2.472817744999472600e-01,7.706788248018014986e-01,5.372733737497789042e-01,3.761372700949341397e-01,5.429007571576854874e-01,3.713212544120292335e-01,6.296331871664684332e-01,4.915146563744277053e-01,9.571396709910375833e-01
7.600150000000000000e+05,3.830460881004663642e-01,4.945481878730551006e-01,1.832839145252112001e-01,3.264279823236492240e-01,2.841443776050410763e-01,9.437577038279346686e-01,8.962126993073834536e-01,3.006538802166844881e-01,8.137757937165079891e-02,2.957129100156946633e-01,5.752888088213078399e-01,3.393718182748539647e-01,2.019085128222843917e-01,2.374886331078410739e-01,7.634908848090442568e-01,8.189809507430478863e-02,3.411033965192893369e-01,7.244899462059808393e-01,5.122454992270192298e-01,4.735742183137825467e-02
7.600160000000000000e+05,9.673836794513769322e-01,1.728514139085088885e-01,4.195591484235756674e-01,4.895931612066051208e-01,6.176552388829386064e-01,2.387798994393042218e-01,7.559799512719242998e-01,9.717823660160261889e-01,6.794743515267522849e-01,9.156429550323497146e-01,9.422103476356583629e-01,6.186144083510092262e-02,6.319342547020523337e-02,6.720932967783038725e-01,3.216034135013448036e-01,3.371503934558039983e-02,2.327365143886339638e-02,9.978805888820457826e-01,9.209708773331515275e-02,5.138989488012183360e-01
7.600170000000000000e+05,7.960990003030560258e-01,4.786463451618619969e-01,6.199905925198955225e-01,8.292901891465820352e-02,2.157661340120229365e-01,7.971536074505107816e-01,2.390404675730466444e-01,6.873795245287799283e-01,8.438516810442275862e-01,4.564343938207162665e-01,9.666637677297630349e-01,3.818173304605897433e-01,6.366561700746101726e-01,7.396563587133297979e-01,2.542597153218754125e-01,9.088156633941071316e-01,7.219899281221313636e-01,8.796182189956490705e-01,3.625195694768960086e-01,3.484993433550688247e-01
7.600180000000000000e+05,3.211947686971177163e-01,4.794467946376782530e-01,9.070890318631307236e-01,7.373518547263142597e-01,5.195446769148794885e-01,9.518663367962920674e-02,1.693398233595155844e-01,4.756726103532342709e-01,9.943026351944866947e-01,6.797323836672064523e-01,8.379350354107513166e-01,4.754383027770301418e-01,7.084815521363788671e-01,5.900314113961132589e-01,6.130234490097009603e-01,1.422637645279903884e-01,8.174203053195497892e-01,6.024113282808224445e-01,1.709631572196471661e-01,8.076064742483684000e-01
7.600190000000000000e+05,2.226102096654734019e-01,3.612498442036197188e-01,3.534277990714467244e-01,7.205204392127727564e-01,8.081626268254415990e-02,9.912096999733945868e-01,9.937692753130848988e-01,1.736648139839828131e-01,7.429438757432811347e-01,3.148536564173095575e-01,8.537669976091943891e-02,4.604020023483446078e-02,9.166954693183204661e-02,9.781529497694896325e-01,2.769936313847066733e-01,7.624944148879688743e-01,5.468447260642371743e-01,1.354702851060085589e-01,4.011962326785680766e-01,3.297764698327759758e-01
7.600200000000000000e+05,6.507785697528989388e-01,5.491749288657310490e-01,5.679201187555951158e-01,2.669236584006650093e-01,6.722271935210282212e-01,5.185541960023077879e-01,6.260835748048465543e-01,2.721984963655833534e-01,4.219407639587626768e-01,2.821579960603807224e-01,3.515540331195045054e-01,1.915095856988013878e-02,1.719701863339216930e-01,4.830830868115720822e-02,1.365384211278771742e-01,9.409349308333405659e-01,9.254874328665529948e-02,3.809013378570748065e-01,6.531747423202309832e-01,1.392324038618928395e-01
7.600210000000000000e+05,4.025791366006351568e-01,6.831830960050179202e-01,9.967340187753809255e-01,1.119120773497528365e-02,8.849077883382944210e-01,7.683363451258394816e-01,8.322001779509329289e-01,6.563108401807948855e-02,1.390504520487835238e-01,4.077740249126138306e-01,1.154620145212027493e-01,7.674592658531853573e-01,8.596821297435321974e-01,3.553260640316109331e-01,1.042722211368785068e-01,3.377054866839980241e-01,9.210042504947622000e-01,9.146710936964076444e-01,5.415250808863049103e-01,3.960043274453639572e-01
7.600220000000000000e+05,2.748182546627675471e-02,6.036956078268768122e-01,2.915281876879819434e-01,7.900667053662016048e-01,6.159883576680880157e-01,6.759221308947097606e-01,4.170167457592062199e-01,6.133458644621772038e-01,7.752463008363577046e-01,2.845205173291416312e-01,2.729934536511852139e-01,6.035077096347377656e-01,8.743777561550011290e-01,3.740929345766160763e-01,3.539597774232154936e-01,6.910985581053528115e-01,7.954599487850836370e-01,5.044196512754594020e-01,2.747289279738126533e-01,9.664247089999448148e-01
7.600230000000000000e+05,8.796870278716294456e-01,4.599755911251166562e-01,6.938563525247423147e-01,2.662322755757644543e-01,6.368651732513330721e-02,6.593101896607156398e-02,2.828246533066732793e-01,4.479502884019724851e-01,4.158404244523408178e-01,9.902913602383324188e-01,7.801574203221135484e-01,5.818459036946055374e-01,7.632647215269896535e-01,2.634944645627478321e-01,9.584856995815793645e-03,4.951421950760618307e-01,9.978319057766237288e-01,2.303098699672005978e-01,5.309471579765671079e-01,1.624052145858563279e-01
7.600240000000000000e+05,9.707975321021733439e-01,5.467720999611722643e-01,7.692132821054546987e-01,9.833765884874334784e-01,1.063626603038007046e-01,7.623390049152410919e-01,3.021936982282094064e-01,3.780453496306986905e-01,9.674994346131502443e-01,9.228688979705645945e-01,8.388144584706498375e-01,3.468346453740095425e-01,5.443889818163005767e-02,9.084438581758934594e-01,7.612155355245997512e-02,3.243723706421685060e-01,3.584776440817997178e-01,5.420248761712346264e-01,7.595900007693965339e-01,1.909545138109366436e-01
7.600250000000000000e+05,5.110714008649357432e-01,5.800318413404889073e-01,3.551587229972659188e-01,1.539609525730198936e-01,8.167689183840128875e-01,4.472339414004076197e-01,3.431357108398036537e-01,8.032679786994237903e-01,9.992699536002783711e-01,1.526716757021253645e-01,9.028428490066838785e-01,4.580089023059251696e-01,1.164768350870742930e-01,8.699164361421565239e-01,8.019846307282938458e-01,4.202311698625782466e-02,1.564485392914910511e-01,9.197705743498757469e-01,6.111802499007122913e-01,3.930600749040701336e-01
7.600260000000000000e+05,5.727730460692688208e-01,1.524580287059663641e-01,2.443030645396473410e-01,8.492928311257863516e-02,2.775615252200233085e-01,8.363987156543855050e-01,5.229506196628669334e-01,2.702449912503267493e-01,6.693544592269857763e-01,8.000956127219399638e-01,3.230102507227906594e-01,6.257106716166639382e-01,8.888289669665478954e-01,2.600934318216756580e-01,9.096184256417039204e-02,7.542626560353873355e-01,3.135850871578972354e-01,5.487541554899589835e-01,9.515387709460165766e-01,2.069944636866409837e-01
7.600270000000000000e+05,5.577961411893431753e-01,4.458691429830728969e-01,9.511301146432382669e-01,7.193957886113772071e-01,7.519863605424983444e-01,4.693906627753461347e-01,8.670262702083630924e-02,3.184491390040123937e-01,5.145622146296773280e-01,4.052830434280513261e-01,4.821576475796046646e-01,8.779573810505788556e-01,1.650117201254570620e-01,7.687717214923736053e-01,9.709598663519271033e-01,4.688929908760175458e-02,9.464725265885234329e-01,7.980596854345342051e-01,2.275484662837743421e-01,6.233998793284534212e-01
7.600280000000000000e+05,4.480027045849189760e-01,4.626988187406233521e-02,4.150089652925833539e-01,8.847105038817055789e-01,7.348762563773670875e-01,1.673893207611478751e-01,8.691577272256018061e-01,6.089156465352326686e-01,2.034108498604210169e-01,2.637224540988885035e-01,6.776019739606301551e-01,3.337557705024614130e-01,8.185712984265769432e-02,8.381153595055043093e-01,6.316558137908756532e-01,7.760030235779197261e-01,7.993758758818274579e-01,5.709077743706659769e-01,3.433319486804119469e-01,8.645892780628681162e-01
7.600290000000000000e+05,9.798170280499595153e-01,4.705651946047022527e-01,3.743282583984575140e-01,7.355069479769338336e-01,1.628853214726815324e-01,7.075023263446102995e-01,6.235127977156251777e-02,9.729653664304100946e-01,8.498497538791202066e-01,7.267622706619011330e-01,8.318868392010561053e-01,4.137996570190721757e-01,8.517258257253743636e-01,1.317943722384844474e-01,2.159230295442055025e-01,2.189198249593993229e-02,1.730128216542388131e-01,4.062240603697351293e-01,5.695091625517781919e-01,9.847375754991415375e-01
7.600300000000000000e+05,8.359488747491756744e-01,4.218492859633508063e-01,1.686633090010507541e-01,5.182769488507850131e-01,6.918574266472218293e-01,4.231607850273139126e-01,9.344222997587348090e-01,6.726392642144488621e-01,4.311678181320945935e-01,4.623237836014779667e-01,8.604207844812210570e-01,2.246353576928216134e-01,8.458604747494182785e-01,7.397872592717185114e-01,7.258651695933501236e-01,9.781766597616318171e-01,2.493952026771794062e-01,1.197650790732771586e-01,2.156136427839809855e-01,2.948775946173202156e-01
7.600310000000000000e+05,2.537596594856463827e-01,2.486322424471553161e-01,2.157239404915454184e-01,9.092429447243505214e-01,1.981525375194382876e-01,1.826307774604283285e-01,6.361780838147335082e-02,3.281474129120319772e-01,3.357165349541367805e-01,4.199514335015172017e-01,6.345433835501927966e-01,4.600412558629437543e-01,6.312428216808207981e-01,5.911037605349078738e-01,5.975463618728824589e-01,9.705899961497754802e-02,7.291251829394175266e-01,6.155983068329898833e-01,5.426352670194312111e-03,2.133153185306955191e-01
7.600320000000000000e+05,8.287711691756685095e-01,1.068287852769279622e-01,5.686187672580088615e-01,8.839627502083674537e-01,1.451856632900397903e-01,8.156106592508022279e-01,1.757457100259385285e-02,7.199755741377457108e-01,4.714924243395786085e-01,1.503869266650359471e-02,7.614236200188565507e-01,7.513771684080113866e-01,6.920310935990774404e-01,8.264371657710395391e-01,6.476550359812509594e-01,7.580206526390085298e-01,8.559610650501215945e-01,7.591071258386135057e-01,2.153630190841445691e-01,5.988853976634288534e-01
7.600330000000000000e+05,7.659051460339367789e-01,3.258700515485484228e-01,8.154037166311283169e-01,2.029247122325329444e-01,3.500167523571692252e-01,4.993502716992275214e-01,1.537922370433205677e-01,9.980423111378260437e-01,3.547824191153614581e-02,9.119515269546086822e-01,7.227640844857846636e-01,9.694877674931438039e-01,2.862694680549496828e-01,9.552170947791274180e-01,5.043492539120916218e-01,1.924606476945261990e-01,1.926480656916377265e-01,7.609363656523885355e-01,2.950027081458244105e-01,5.010872057697740578e-01
7.600340000000000000e+05,4.919570931403557390e-01,6.392935768461437407e-01,3.686004590894319533e-01,8.552165746713100702e-01,7.640679595719297446e-01,5.715644929976061439e-01,5.077896384530431462e-01,2.320782989243230787e-02,1.463748723789302097e-01,1.532720310066517655e-01,2.761983188149408353e-01,6.530619813195843726e-01,9.293891986306851427e-01,1.733498640079781383e-01,4.937831662999465632e-01,6.385190174090935589e-01,1.409865327401570445e-01,5.838861399664061480e-01,3.242311742775079164e-01,8.822899443181185797e-01
7.600350000000000000e+05,7.090975720477885602e-01,6.563482776980378297e-01,7.218028498283192151e-01,1.352646097236790412e-01,7.063715715116164473e-01,1.716408281072160369e-01,7.861236134084528260e-01,9.681568494210451847e-01,2.979979244333421651e-01,3.276051466882929919e-01,7.141189054739095488e-01,9.511737296643714146e-01,9.439525082008786150e-01,5.506557839022631073e-01,6.888032541325488367e-01,8.819424752942081058e-01,1.322014533446030926e-01,7.866386781667845662e-01,1.832919604653170387e-01,5.227971851216568488e-01
7.600360000000000000e+05,4.832225868850550388e-01,5.437422039893824444e-02,6.184270424855328185e-01,5.434276093851708733e-01,9.142998301795656202e-01,2.146265294870957074e-01,2.268546377949323123e-01,3.668372881756051251e-01,7.823292371175467608e-01,4.005958232120782059e-01,7.642315528661869362e-01,1.217033300999815770e-01,5.867773035749652699e-01,5.967054763391151928e-01,7.589872279190342796e-01,5.185325131349587391e-01,7.864103205574648481e-01,5.679106563327088741e-01,9.438393142240040223e-01,6.685487931258871086e-01
7.600370000000000000e+05,3.879254332323313070e-01,8.395361578189265428e-01,9.284135374167001853e-01,4.645718020604436838e-01,3.298520497916190841e-02,2.077335939486352201e-01,3.049658899954662550e-01,1.889149083996363165e-01,1.514347899431586209e-01,3.693143421889063527e-01,6.023031588441259965e-01,4.611315761700354177e-01,9.586804397935594357e-01,9.540060366394835789e-01,5.962602314657470259e-01,7.736320637017565227e-01,1.398022240227975166e-01,8.503376070069695869e-01,4.740345467001030322e-01,9.675386762404633023e-01
7.600380000000000000e+05,9.505926797459789412e-01,5.216456666022141198e-01,3.674226009174422769e-01,2.782812399887996113e-01,7.740638537724182644e-01,4.435798697294424109e-02,6.818680593002739432e-01,3.818186777813561417e-01,6.596313496626031725e-01,4.807859151990501179e-01,3.118312558874924978e-02,3.866268497267316695e-01,2.350461054364483271e-01,3.696452037283577408e-01,1.968728992925542487e-01,1.493736398555274292e-01,4.187539311228574146e-01,2.611952037494769119e-01,5.791671138291085708e-01,2.008995969230481515e-01
7.600390000000000000e+05,4.914033885390501899e-01,9.186289411975044894e-01,1.008234823119676937e-01,2.840568144953918850e-01,8.024311354195908796e-01,5.880175614507031634e-01,9.583101091907860747e-01,8.797404092464156111e-01,9.029897192958015184e-01,5.152604359189422167e-01,5.686766936829943386e-01,6.464338627272292470e-02,8.972680577440312888e-01,6.838513902977906289e-01,9.956515994279815374e-01,1.160597778572471928e-01,3.935548883638328999e-02,6.928068832794532783e-01,7.141413895813186752e-02,6.616861559756082034e-02
7.600400000000000000e+05,7.311262306939435573e-01,4.015027238679058641e-02,2.204943695805035020e-01,3.655188046692972037e-01,4.981007591144357427e-01,7.909649262131869252e-01,8.752923030472562482e-01,9.072844050509925040e-01,4.701306483899055921e-01,2.223279439002558977e-01,4.358166128978591125e-02,7.817805135682206474e-01,1.430845214723469594e-01,2.078804053082656811e-01,2.549238370311601720e-02,4.355151928011586904e-01,9.495085040311831426e-01,2.753308280117504614e-01,9.661196196041447193e-01,5.773071359891329690e-01
7.600410000000000000e+05,5.542043598399732929e-01,3.458678623508785188e-01,3.369053297270269143e-01,5.532896075997255636e-01,1.671587866762924701e-02,7.736158784887916529e-01,7.297973662924662763e-01,4.371259784839833795e-01,9.110741241085461573e-01,1.815773883962297219e-01,5.568540152292007495e-01,8.831370261452730075e-01,6.652936313040322958e-01,6.776524969845101332e-01,9.443631849189980665e-01,3.234454739240700816e-01,6.693489884080875418e-01,6.779456663463767629e-02,2.336405320582590761e-01,2.562078654324594362e-01
7.600420000000000000e+05,5.367573191179050296e-01,1.842196431264637724e-01,1.082279208984955332e-01,8.676819159143029925e-01,6.180131901718003418e-01,1.921643216530091181e-01,7.640354742527710741e-02,4.729537419766438600e-01,2.327276125945608731e-01,6.516226614711899678e-01,6.036540839824943161e-01,7.391661193464501567e-01,1.960560426617176111e-01,7.895336705739467442e-01,1.266249251036258849e-01,9.244119023519181688e-02,6.240596600826756601e-01,6.963256543476603611e-02,5.118760108008704179e-01,1.616924868530857928e-01
7.600430000000000000e+05,4.078780366164563853e-01,2.424745555129350638e-01,3.283183225005211758e-01,8.435908800172552402e-01,6.772449090922125770e-01,4.774164938258200763e-01,8.336623209821155678e-01,9.875950433293585462e-01,2.172569667109297553e-01,2.978860722575499276e-01,6.242332300412084534e-01,9.614622982102764004e-01,5.454294359165194894e-01,8.696952597083982273e-01,1.719652397395868837e-01,1.539639238714739511e-01,4.222647005644299956e-01,9.089699833815230168e-01,8.778525438818234328e-01,3.463585079444836401e-01
7.600440000000000000e+05,7.358772933924531134e-01,5.924077977201783751e-01,4.417035457654314712e-01,6.223830807808116150e-01,2.690713175448620209e-01,1.828141041489973473e-01,6.142071579371340961e-01,8.110123745079091950e-01,2.252435311057026102e-01,9.122599365759660461e-01,5.392139395729196316e-01,3.582050910519982700e-01,4.435108704953852898e-01,5.415782082023419264e-01,6.753591777477141456e-02,3.316067919880327786e-01,1.548206952417565674e-01,1.980865383985208616e-02,7.968740689670260613e-01,9.688964453720452230e-01
7.600450000000000000e+05,1.351547350622683830e-01,4.850110715006551443e-01,4.313273812831027731e-01,1.874170878317884537e-01,7.088993624567148100e-01,2.876491333936325168e-01,1.770212260314382169e-01,4.893886076063828083e-01,5.958300512482682665e-01,2.991479958541286566e-01,5.326399247430774198e-01,3.958200721508912112e-01,8.040087887236680997e-01,9.064777050459206231e-01,2.683198388003434909e-01,1.224558742767183350e-01,6.887190768998320278e-01,1.372591665739475442e-01,2.273115885332401831e-01,7.151728248722527548e-01
7.600460000000000000e+05,1.138154188239681730e-01,9.570932854505620480e-02,3.074019450053444569e-01,7.141016959112160833e-01,9.794727880530282871e-01,7.479990880638104356e-01,8.184945981173290530e-01,7.038896884970324841e-01,9.371830914858343409e-01,5.119281426310342553e-01,9.106284338932723044e-01,2.766429089782093120e-01,2.744856425668686928e-01,2.089772899837194498e-02,2.811491849740754834e-01,6.547341158748993806e-01,7.221500264082896248e-01,4.423490635299845986e-01,7.742669676917250943e-01,5.347861118594859908e-01
7.600470000000000000e+05,7.284057402847760043e-01,3.466319670379236495e-01,7.931875289663172790e-01,7.304443657207968510e-01,2.583764301512376793e-01,5.229598701552471418e-01,5.627880790438999359e-01,9.800293202441702212e-01,4.910397084394346745e-02,9.279238344881546308e-01,7.956950114380050287e-01,2.585535111898710214e-01,7.585796600554856051e-01,3.324798261892422113e-01,4.313343455992277864e-01,4.882857186976294894e-01,9.622504285525034229e-01,4.024410475285098432e-01,1.829823421503004033e-01,1.141376586856073239e-01
7.600480000000000000e+05,7.992684455695053813e-01,4.084352800567055963e-01,1.775332177086934582e-01,4.093896110104393582e-01,8.617063996132586778e-01,5.177871039632118144e-01,8.690753475010057905e-01,5.878578415775342902e-01,2.543595804223734991e-01,9.165522650967028451e-01,6.498018436400969655e-01,7.439627811138186386e-01,2.089944220909271122e-01,1.163920823507356150e-01,3.295226343510837541e-01,9.521688435887281088e-01,3.603258457967765116e-01,9.882634852887921539e-01,5.638766247928720388e-01,9.421562554499484099e-01
7.600490000000000000e+05,9.636450097401882964e-01,2.796196132599650941e-01,1.819605424470699395e-01,1.158913849876237467e-01,8.424057112515385137e-01,9.734039670450900239e-01,2.382115111964546728e-01,2.100310764799961927e-01,9.190126309409848426e-01,7.062364384290287234e-01,9.176954506524802602e-01,3.122144364511023618e-01,8.061359436107875531e-01,5.161725381363518883e-01,2.562371153415553549e-01,3.856358826710045706e-01,7.938448179210684241e-01,3.097163731069840775e-01,4.621687554478552951e-01,4.662570939348815724e-01
7.600500000000000000e+05,6.385261383424017945e-01,3.440423606390730082e-01,7.950160988482884994e-01,5.729491587485237014e-01,5.764697753839008731e-01,6.481316300675964426e-01,8.577384476330521812e-01,6.714209699951172450e-01,5.772226648406323379e-01,5.431534745673316511e-02,2.385491885922079724e-01,2.804075551200555516e-01,6.171221342721446845e-01,2.808539744043295761e-01,1.147750469907070636e-01,5.469895367403222464e-01,8.170402896906190371e-01,5.606625240165222790e-01,3.372922672091025476e-01,3.953342417245402363e-01
7.600510000000000000e+05,5.139685126765336509e-01,9.902027336386833856e-01,2.246968721689224235e-02,6.941109992619264313e-01,5.635698149425935055e-01,7.352281108939702214e-01,7.805490841145191760e-01,5.829597954351680711e-01,8.144819294376207663e-01,3.110919275545276363e-01,6.587864922911257359e-01,7.912300337011103357e-01,4.318790747890282056e-01,6.426190870350299011e-01,9.247887230721677509e-01,1.627035281439768166e-01,5.324999802057467368e-01,6.896651375915502369e-01,8.325848700039906181e-01,4.153261510707109139e-01
7.600520000000000000e+05,1.031141741831910208e-01,9.644973687367733861e-01,2.244383325714186528e-01,3.352328448955036455e-01,3.328046170236322876e-01,3.124299196018738289e-01,9.049411836818910260e-02,3.597227113619374528e-01,2.229053472877240427e-01,3.398959934205131317e-01,2.003492872536611902e-01,8.100238463153665025e-01,9.243397295202631092e-01,6.250218972329973921e-01,2.453122557965700112e-01,5.633758393809784604e-01,7.187963287769029153e-01,5.259182710710242903e-01,3.640841328092377926e-01,1.745293488487468236e-01
7.600530000000000000e+05,2.557654038528445195e-01,3.829763612228535008e-01,3.350052407248508279e-01,1.402662485350683053e-01,9.870277035438894675e-01,9.422157594817004433e-02,4.124338615961286036e-01,8.832303874695259793e-01,6.539142023832681394e-01,7.255989083039837695e-01,2.003901302013266772e-01,3.737859395229496950e-01,1.838669987355214808e-01,2.875487293243312870e-01,7.411070279147053963e-01,6.755991729107616584e-01,7.402972420051370239e-01,5.599946130107240627e-01,3.101175236840836291e-02,9.091770250773892892e-01
7.600540000000000000e+05,7.074056430110751137e-01,2.035690473786501142e-01,1.095872499958826518e-01,4.799259731577295574e-01,1.484730614655704883e-01,7.136456599907355924e-01,3.386542052245434808e-01,1.896959591621849572e-01,7.289731903102958377e-02,1.747834475871091753e-01,5.832890189508607159e-01,9.878051178850891789e-01,1.836852630550731558e-01,2.196950561247262845e-01,6.166422594920288880e-01,3.105453071230371842e-01,7.547177108792310074e-01,7.305648713570556119e-02,9.799571446683067455e-01,2.169046854902593191e-01
7.600550000000000000e+05,2.723830601137536833e-01,3.943652687625491815e-01,2.999954529183003205e-01,8.792501578217390978e-01,4.205984777400741947e-01,1.589815390134051709e-01,1.126386949531544834e-01,2.924264706984767148e-01,4.667730893802618519e-01,3.238402951509944394e-01,9.456303572424140658e-01,2.739116462006384589e-01,1.942864418531089488e-01,3.504621767812612365e-01,4.933628441692993194e-01,9.123264306411563718e-01,2.888241985766226705e-01,3.699819671048624192e-01,1.451916822852868938e-01,4.979082895445953172e-01
7.600560000000000000e+05,2.134758500142616144e-01,6.088742240466888944e-01,4.377779339284190163e-01,3.128188616326541549e-01,3.098927840597287542e-01,2.166699579277524546e-01,6.231111561940332333e-01,5.303191062576696480e-01,2.992307152260901271e-01,1.210049102546389976e-01,3.355272272623222030e-01,9.441448892705706086e-02,7.855048912273457917e-01,1.505827871377798388e-01,6.483923903578264758e-01,7.457737341147067101e-01,5.203630822814295787e-01,1.503510187820478183e-01,1.387292333479539508e-01,7.340348195214195792e-01
7.600570000000000000e+05,1.063902423927551855e-01,2.141124783834225109e-02,8.270172427727638942e-01,4.417500543723540396e-01,2.875183713345541570e-01,2.046639211395998581e-01,1.219153183388244077e-01,4.991784781609990285e-01,5.249868813053468752e-01,6.079783741607505121e-01,3.819563424963978715e-01,5.488084395367498480e-02,7.026687622645090281e-01,8.478241467038931667e-01,7.029062073074965333e-01,5.056058792036455252e-02,6.349532701900232334e-01,2.543993214321643714e-01,2.134749069534517263e-01,1.814489857197132405e-01
7.600580000000000000e+05,4.640545117374484940e-01,7.125102847460906830e-02,9.944737829682470664e-01,4.562905920200649446e-01,9.828572922309809501e-01,7.951755345725139978e-01,6.665782129049591109e-01,3.858552741853188417e-01,6.580719979827365229e-02,9.385397214865500715e-01,4.079272887034912642e-03,7.909603619781663264e-01,9.662334844216713403e-01,6.514540024426695997e-02,7.877069996529044715e-01,5.810221554682211131e-01,2.346194567583916868e-01,9.382599425690775208e-01,4.268594942978199969e-01,9.607693298613876332e-01
7.600590000000000000e+05,8.904067732669787016e-01,8.721276935693781374e-01,1.539808491226677400e-01,7.892672584223709986e-01,1.590539102626440382e-01,6.927574130717101264e-01,4.892619783841913872e-01,1.286794039011103230e-01,7.151315589849258636e-01,9.349915041352742096e-01,1.833621815722944470e-01,9.152912378549001859e-01,8.540430550546054267e-01,2.275098885785840075e-01,4.057007202481410779e-01,8.878742593495640989e-01,2.581323735003381303e-01,2.464030582191124585e-01,8.139011965928250047e-01,7.850520078528676615e-01
7.600600000000000000e+05,1.936027800665021115e-01,5.713978707611715446e-01,8.623959086272781072e-02,1.584852138671591915e-01,9.918067018249215883e-01,4.616411250143505063e-01,5.680687763756092634e-01,3.841541089557976019e-01,5.919003056594128731e-01,2.243150537440924408e-01,5.574391519905700365e-01,8.864019834411880350e-01,1.695730815444560502e-01,4.566892741847732307e-01,3.617316537165211621e-01,4.384631505500918847e-01,6.377514427414104903e-01,5.572080112412092223e-02,6.832325300755770492e-01,7.916627519189994855e-01
7.600610000000000000e+05,2.912087817137989365e-01,4.885763477111320086e-01,9.699787372080767023e-01,3.759867624999148061e-01,2.877518688507405553e-01,4.082448775354944326e-01,3.917413954797409614e-01,4.531682738974374125e-02,8.180489555491377018e-01,3.465667429750721729e-01,2.253921297384009481e-02,3.789412167947083798e-01,2.116554143246851538e-01,4.072641117117563603e-01,6.944212697885678853e-01,5.567509035549694785e-01,9.943527349846985608e-01,4.909824043073905964e-01,4.958367194100692377e-01,9.152509709836534890e-01
7.600620000000000000e+05,3.061897783235829618e-01,4.184870800676350200e-01,3.308693523768215794e-01,8.698398188610304560e-01,3.157131469123461986e-01,7.599142976325923282e-01,5.876766172410483602e-01,1.394653640552068197e-01,7.915441681194261836e-01,3.108257038535530148e-01,4.588773976365074780e-01,8.765464195102627976e-01,9.394260708410185901e-01,6.536555869424240939e-01,9.975642318074784409e-02,5.136745935503990168e-01,3.003174553345788755e-01,8.361510655944353054e-01,7.649190454958635366e-01,4.279599541576031285e-01
7.600630000000000000e+05,3.483999767837934192e-01,5.623439495434778834e-01,2.584284017978381032e-01,2.796892711466779646e-01,1.035249786188717769e-01,7.622271632536282704e-01,6.518757550670806200e-02,7.829852999427912019e-01,2.979467364936616569e-01,1.408333792792864081e-01,1.963948131688660892e-01,8.894022752994245051e-01,5.524930222055590701e-02,1.388564251238844083e-01,2.793469565514509201e-01,8.456529202434183157e-01,5.367155432286438987e-01,6.477444454601090085e-01,3.869744121092583145e-01,9.548409743541590444e-01
7.600640000000000000e+05,6.981775733840009934e-01,7.436929725211416375e-01,8.518574024083735985e-01,3.636120215637401731e-01,6.284714882127448998e-01,5.810964147688594261e-01,6.169907897075046499e-01,6.697743914360354545e-01,8.440733360235131988e-01,1.289420077386460584e-02,9.537261203418224698e-01,8.449284549888126383e-01,3.521486083872907846e-01,5.909747549486524809e-01,4.545308937221984591e-01,9.719681575706307086e-01,8.968764546706294860e-01,7.956279138877789814e-01,7.370293123713584915e-01,1.674132384490271130e-01
7.600650000000000000e+05,7.169814161649350481e-01,5.903525447411758220e-01,2.432551753128090466e-01,5.794593363845755851e-01,2.364460838306305934e-01,9.986800287253193575e-01,4.095017345505447270e-01,7.896274662400045719e-01,8.019996058210456802e-01,1.580079710737288812e-01,8.726086124924274934e-01,5.831918337771605509e-01,2.853105822553017035e-01,5.916574265416193468e-01,6.346957856794888109e-02,9.827250396780315977e-01,4.406853718883010362e-01,6.809734432134961768e-02,6.323486946681976528e-01,3.163031414182315704e-02
7.600660000000000000e+05,1.839130954537027129e-01,5.182035878521542571e-01,2.851203694581581072e-01,1.680856538625128405e-01,6.632858492370519166e-01,9.578392083033829829e-01,1.953058992795075888e-01,3.410054991711007899e-01,4.027043658194532361e-01,1.232100870659313951e-02,5.311327176076989787e-01,1.472771646260923051e-01,6.281585050796465453e-01,7.559560118156141151e-01,9.058036893692192892e-01,9.198637905435050888e-01,9.909415555925739083e-01,4.836440229993095308e-01,7.505941767439013868e-01,8.908909024587137182e-01
7.600670000000000000e+05,9.478672728442918416e-01,4.301483452032843768e-01,4.606242746459183746e-01,8.138177365643973760e-01,3.570830840053368371e-01,3.601451577781202840e-01,6.583905299758269214e-01,2.335339229070336753e-01,7.910912829756783227e-01,1.125517059149685473e-01,7.062362228626728466e-02,3.787246575325434739e-01,5.789386891971350924e-01,7.001434733543476785e-02,7.344292384451752698e-01,3.176997097766731670e-01,3.180072668679987391e-01,3.863187452794515364e-01,9.185995554794200713e-01,5.618065586262845912e-01
7.600680000000000000e+05,1.066394895155685640e-01,8.235663322533436359e-01,8.338892930284134142e-01,5.184686717883923990e-02,7.385350126120675540e-01,2.248288161746047065e-01,5.461451016822460591e-01,9.795485625187319023e-01,6.697989559776204027e-01,5.411628732177877765e-01,3.935232691412038353e-02,9.043661637642615991e-01,4.198760459620543006e-01,1.871402268841491079e-01,2.165643570401514229e-01,9.417745825564787232e-01,4.478109555806675246e-01,4.938014492664281052e-01,3.529743599580874580e-01,1.958646381970728934e-01
7.600690000000000000e+05,4.301137990820317336e-01,2.865458357314227822e-01,8.077907114955520385e-01,8.417734745652009076e-01,9.158972752600725853e-01,2.061619020645760747e-01,6.357226245086643468e-01,4.782180129121187395e-01,1.437031925474536731e-01,7.131763949751177556e-01,8.292445206723697559e-01,3.664777921361501711e-01,9.803571675114249873e-01,4.595212057617528156e-01,9.352748580144073509e-01,8.036904440775942682e-01,4.808811624160347353e-02,6.401043197165381393e-01,1.867794295212968914e-01,1.663712869856355248e-01
7.600700000000000000e+05,3.464738841750998333e-01,5.665979885767059576e-01,2.959213559229639801e-01,7.856133172240975515e-01,7.249739759345525947e-01,7.920618765017368723e-01,8.433311357361172877e-01,3.240768440943032624e-01,7.861613181976474518e-01,5.236341040439391747e-01,2.412063312144870908e-01,1.957149438909263628e-01,6.227130089957565451e-01,9.747680721654828906e-01,6.404796310336198228e-01,8.030150143163606868e-01,9.305656893142730812e-01,6.996581305081285285e-01,7.893412413900704472e-01,9.487121362097317157e-02
7.600710000000000000e+05,1.443964133110563486e-01,5.313141525610531879e-02,8.289907295118583708e-01,6.099555548299510077e-01,6.724336842794730318e-01,2.145108365172984088e-01,7.700818153547731582e-01,5.924805437814306686e-02,7.046740865791647490e-01,9.183607743961481606e-01,1.944343402451353953e-02,6.700534997670236637e-01,5.400748957504730718e-02,8.815853180258024224e-01,2.481505579821088325e-01,6.239860164190615954e-01,3.923821538580646306e-01,7.336086447726225535e-01,8.228551197363723757e-01,1.226428099907945768e-01
7.600720000000000000e+05,3.488182662260819189e-01,1.371742781433313851e-01,5.176867666095175124e-02,8.534612610663757648e-01,4.936751951993758603e-01,8.107974242808351217e-01,3.848416076904275229e-01,6.455582308221153864e-01,3.013643601468857236e-01,6.476580865525605191e-01,7.651955816951601097e-01,7.753432929849041200e-01,6.811230587095585820e-01,2.572444675031609895e-01,8.326895594531612543e-01,3.586746766672870290e-01,7.099658221929312507e-01,2.731356356588318102e-01,4.310289348775057094e-01,3.728879509122189351e-01
7.600730000000000000e+05,8.718797704905607571e-01,9.153079348649793001e-01,7.279733395892038494e-01,1.678317320514802757e-01,4.796220287594992193e-01,4.682018278662236632e-02,9.078889251636129698e-01,8.801553124001892936e-01,8.731367591952539087e-01,9.564907325431455387e-01,5.574721972843239559e-01,3.528901762220389982e-01,1.960838926401563542e-01,8.409310564463845505e-01,3.261572243323079823e-01,1.324618769786534145e-02,8.807907130096694903e-01,4.302240560831926963e-01,9.027569923883220770e-01,4.214182432002056000e-02
7.600740000000000000e+05,7.235406000356239264e-01,9.408165933528722658e-02,2.468563454833835324e-01,7.018878084730516553e-01,2.974241304350502269e-01,3.226637539400520893e-01,2.521585275565976225e-01,6.712817968983159078e-01,5.115593851188042773e-01,4.545693209579111382e-01,7.504790062045312293e-01,8.967924816871083449e-01,9.863988075837470948e-01,1.077948338964249686e-01,3.631064293990060587e-01,6.419949634478455680e-01,3.084280406041148836e-01,8.512418669224554035e-01,9.073685003418973105e-01,5.685306853049316711e-01
7.600750000000000000e+05,4.341342907207463853e-01,6.211564656332004830e-01,1.874940065354604446e-01,2.137103853425922351e-01,8.731492642044169639e-02,7.542031695220664522e-01,1.160764358739252433e-02,7.407248639872925366e-01,4.882803865954835620e-01,9.768885627704186891e-01,9.048088650789114507e-01,1.724859654849769663e-01,6.319766488721297870e-01,9.709704189307479805e-01,8.409576464549833874e-01,8.666238855859099699e-01,9.168869836459869749e-02,8.505745198228357173e-01,9.199397729745861785e-01,1.657226619445812954e-01
7.600760000000000000e+05,2.393525837429774095e-01,1.649938177227486813e-01,8.325443583406377801e-01,9.526363465198923741e-01,4.005805998684078828e-01,4.750886871841359937e-01,1.033607000123433206e-01,6.284550751932564960e-01,2.741627151316227140e-01,6.519393536016570012e-01,6.514801681428776803e-01,5.980337721224660008e-01,3.287874783140463109e-01,6.094600862161587695e-01,8.559898432303718607e-01,5.444380507895864030e-01,9.218332014784696993e-01,8.039902147143965783e-01,4.485315871311532643e-01,8.766911037243834137e-01
7.600770000000000000e+05,9.810106824406720216e-01,3.483967722573573234e-01,6.449535535258754670e-01,7.024429084796762757e-01,7.564020031244539366e-01,6.605080018256115348e-02,9.394110099586492346e-01,1.494317317421853808e-01,2.191256050253693743e-01,1.057470870124318507e-01,2.374948678728920903e-01,6.345070820135069178e-01,8.374055156888204898e-02,4.561339230850188775e-01,3.142422701368661198e-01,3.978907153718733714e-01,2.946691511012465847e-01,6.302389663197435210e-01,3.031770824687575194e-01,5.041324746511827160e-01
7.600780000000000000e+05,9.234750370080898607e-01,2.641698220680074316e-01,5.155844548295450691e-01,3.627954694489016196e-01,1.502934062777008251e-01,3.475183988940155899e-01,8.642209259498736529e-01,8.910552604051239500e-01,5.897996233941704691e-02,9.158242034662963382e-01,1.133066064109929938e-01,1.336682778927097415e-01,4.818995700707906504e-02,7.881309881550393470e-01,3.554430509356719670e-01,5.924988539243736252e-02,9.348840297298623980e-01,6.210406293018821966e-02,1.192262761375311175e-01,2.152435508297989575e-01
7.600790000000000000e+05,4.957165909285247141e-01,3.523817373194083613e-01,9.340995187953015089e-01,2.398412940440409757e-01,3.734129237331967888e-01,9.716891416058852649e-01,3.908461900217348184e-01,9.973690423219995216e-01,5.612587865978708734e-01,1.169993408701885951e-02,2.635345567560749558e-01,5.592312950455633480e-01,5.465892577758628690e-01,8.328485542517712892e-01,5.024383636322140578e-01,9.426648677957395472e-01,3.266742573499048508e-01,3.010718109965222489e-01,3.961816596336921181e-01,8.761457054067809391e-01
7.600800000000000000e+05,1.421084856098727700e-01,2.452201005891081476e-01,5.521339063207552078e-01,2.217059899371243148e-02,2.324582166409093764e-01,6.749484689208724575e-01,7.316794989870897270e-01,9.011678050343426838e-01,8.038136810381630859e-01,6.313107688663808226e-01,3.740530772515141544e-01,2.260374264737486927e-01,3.176689549577770277e-01,1.377832597905803702e-02,8.568849931217847882e-01,7.296326247241680107e-01,7.281248734507914655e-01,2.326024097104595345e-01,3.870688143005185378e-01,4.871163138343822530e-01
7.600810000000000000e+05,3.627434534631314156e-01,1.986386649256488557e-02,2.676172187358256682e-01,3.238841282858945236e-01,6.955341042940332841e-01,1.496518949207212845e-01,7.592762726299233655e-01,1.319083253522013166e-01,9.571846351018076238e-01,8.966604864816666298e-01,9.215062905890522016e-01,3.442196073403634982e-01,1.450617737811445984e-01,8.538428921744359856e-01,8.939122015892995154e-01,8.707815516312896742e-01,8.020536641489558471e-01,8.251054165023496978e-01,3.068146105720426231e-01,5.359467376460170795e-01
7.600820000000000000e+05,5.940066057350246176e-02,2.872160825353096136e-01,1.674482206708338694e-01,6.774869755583620146e-01,6.853307571678366461e-01,9.981730558241262985e-01,6.913674133680280942e-02,1.047688569811318082e-01,9.335059562345198181e-01,1.863679104062715419e-01,3.979076375049630521e-01,4.303235569541461469e-01,4.288343829344385405e-01,9.259730963874210907e-01,5.601902524148307805e-01,8.423421769870881315e-01,7.692733518184683428e-01,7.751452145275957717e-01,8.503366669575603831e-01,1.027552190034292101e-01
7.600830000000000000e+05,7.389329289950752333e-01,3.276629377498548878e-01,2.873277805414478081e-01,1.584315672909442085e-01,7.132547236144114455e-01,5.043963462097867945e-01,1.181481492010261203e-01,5.130641546504954853e-02,7.455019426493463275e-01,8.863444057806045828e-01,8.726182047419429599e-01,8.942622054030683332e-01,3.182131139737435221e-01,2.058621620514786699e-01,5.427990998828255975e-01,1.040184665528738339e-01,9.101668042779385015e-01,7.945986624970868828e-01,3.300767679788293441e-01,8.389141664683643640e-01
7.600840000000000000e+05,9.374513526521515150e-01,1.826010600188409105e-01,4.934325043526840426e-01,3.381076740801022273e-01,9.312975372981964206e-01,7.156304465414604632e-01,6.391190862046493004e-01,7.216707157561824681e-01,9.570304190221600171e-01,6.873672416022130749e-01,9.814457458476592011e-01,6.113009355046663540e-01,2.465955733627993585e-01,7.656864343583206223e-01,7.670629621330694592e-01,3.029633601049190883e-01,7.390567763428680381e-01,7.027004538825942781e-02,1.203770787997967551e-01,6.729907827078979166e-01
7.600850000000000000e+05,3.789751264995823155e-01,7.937412780343843233e-01,5.618285799779075829e-01,2.111497762727430061e-01,3.150920123735241329e-01,6.329205171931818752e-01,3.435140746863648564e-01,5.400974358725160185e-01,5.765450702346482936e-01,4.152900977393004789e-01,5.348051860744150732e-01,6.876035925125043580e-01,2.602973635009833142e-01,2.129244279413285978e-01,2.558869106974170915e-01,3.075891958110756885e-01,1.411122734795724476e-01,4.974579383790527221e-01,7.814612320447752447e-01,8.018289718355249285e-01
7.600860000000000000e+05,3.019682365018047099e-01,2.056079804645889464e-01,5.153915421302676103e-01,4.618507607595935260e-01,2.197662682096277464e-01,3.272949527537719616e-01,9.561682657236229010e-01,8.628208596860109658e-01,4.027060913644101570e-01,2.738773137153902582e-01,9.800206472198271790e-01,1.586885869760257251e-02,6.463290994561109448e-01,9.246033288375252734e-01,9.635876840488728501e-01,7.837804204996845492e-01,2.105203687933343559e-01,8.359386427902307792e-01,9.168018354265041747e-01,3.690157466235326478e-01
7.600870000000000000e+05,1.129513969728055400e-01,3.845328344754731509e-01,7.955853234862824142e-01,2.669294452887921443e-01,2.017166825691714127e-01,1.816858163412222726e-01,6.837820022391147834e-01,7.235453931538756711e-01,3.095045016266062543e-02,1.244107210606938407e-01,3.874580522528978666e-01,2.673605368091820367e-01,4.349217837164489620e-01,7.608791862696734354e-01,1.036245419186506700e-01,6.626095077876609230e-01,4.797385590236125097e-01,5.080698603737344721e-01,5.591238506059348357e-02,2.199498002339609348e-01
7.600880000000000000e+05,3.034391550962002304e-01,2.057151226965261426e-01,7.574018836378689778e-01,6.834953092333500013e-01,7.935097213673096839e-01,5.450778393461087612e-01,1.851026533479853686e-01,6.281972749501549824e-01,5.020835789072208843e-01,7.609613969572301961e-01,3.204365365186568892e-01,8.459323503347010442e-01,7.274694532274361691e-04,5.968875461967189100e-01,7.385915716077648963e-01,1.255950620463996970e-01,8.368342963192626494e-01,8.561520796272542588e-01,2.674484878730059023e-01,4.081284449734932096e-01
7.600890000000000000e+05,9.533659863063467244e-01,3.623063618357020843e-01,4.717716598902663705e-01,4.834217189038215734e-01,2.525297945780653475e-01,8.781949881260749935e-01,8.677177602816684709e-01,1.390866858245973781e-01,5.599511847808157361e-01,3.783132031594060862e-01,7.317527327682082916e-01,5.908588016345172056e-01,6.641406648760006526e-03,1.380691678095818942e-01,2.323454786650127613e-01,7.681346729916066485e-01,4.225699226432179101e-01,7.982188484813870222e-01,7.238051473198350294e-01,8.170361714439331458e-01
7.600900000000000000e+05,5.267049057431327785e-02,4.758887806850089497e-01,9.047008045106951224e-01,1.086541895153458892e-01,6.124477032034858492e-01,7.065450986441443870e-01,8.436055688261256957e-01,1.563510905966408737e-01,3.662368277261348615e-01,9.936844531572130990e-01,6.471138955372305324e-01,3.759547752606096083e-01,6.732620530466086883e-01,5.190887619444927159e-01,1.544035730008230800e-02,5.488877676526334737e-01,4.836545494807261703e-01,7.421478894581395869e-01,4.109397297881042244e-01,6.310646828543560183e-01
7.600910000000000000e+05,9.636194311739698648e-01,3.634011192159727344e-01,9.699697281460861742e-01,2.312474473269688913e-01,5.245644656957342278e-01,7.380248430478693056e-01,8.605075501988946884e-01,3.456636789976978985e-01,8.035537935602360404e-01,1.958922704873389264e-02,6.033083545766911859e-01,3.977836089146711274e-01,3.136444650044500904e-01,9.580197147453429762e-01,9.139732154480990634e-01,3.752137745044121786e-01,1.373891709938752648e-01,9.220158226607855223e-02,6.316538323546686540e-01,4.529472633143121207e-01
7.600920000000000000e+05,3.568445991165791753e-01,4.884784977276070972e-01,5.339926768084243269e-01,8.338153611477592264e-01,5.963847044164319877e-01,1.671487952577971337e-01,9.808391043400290776e-01,6.461059447975163739e-01,6.868333343930479451e-01,5.003966544285604057e-01,7.154713817886352301e-01,4.752539055272088087e-01,7.483183688038571590e-01,6.456927551410724941e-01,7.535323754604236202e-01,7.513406727685770781e-01,3.194499226164143613e-01,4.124100196808920815e-01,2.418516199672126055e-01,1.403332457109908171e-01
7.600930000000000000e+05,6.673540401097743935e-02,2.442729668765790674e-01,3.215648922631495488e-01,5.285588308897183341e-01,5.589968386776237308e-01,2.237502211749703429e-01,7.102422429527109893e-01,9.360419601947482793e-01,6.060267414095019678e-01,7.469070086238317474e-01,6.240240476508687184e-01,3.956114620121603531e-01,2.017544074349382210e-01,1.750883388087445258e-01,9.840136749807010252e-01,7.646850552160983083e-01,4.511630588608539494e-01,1.217474697335307887e-02,2.242842198849070989e-02,6.038654385488774201e-01
7.600940000000000000e+05,8.197137172835013974e-01,4.178241058633365146e-01,6.947837577661083452e-01,5.634064001449986536e-01,5.479679194566694500e-01,4.515775948309153076e-01,5.367121072465059761e-01,2.732220575153085917e-01,4.876710613200352373e-02,8.211979447923645203e-02,3.709084907768362971e-01,3.049669984289875568e-01,4.829472842420143852e-01,5.115956169585148539e-01,3.199011315816266965e-01,2.969618232943134206e-01,3.340510067477453493e-02,6.507811912373909768e-01,7.724581851003634592e-01,3.475327991990814214e-01
7.600950000000000000e+05,6.276504571148011635e-02,6.715100616822835544e-01,3.411269482542335085e-01,3.360089807559644148e-01,3.769480997748888562e-01,4.187650050734170737e-02,1.799285223708524395e-01,1.023711273343246297e-01,9.992204118008182201e-01,6.652489482234192897e-01,9.539057370297547855e-01,6.776815694023714531e-01,1.985156467157449534e-01,4.703745970475761151e-01,5.386899067204452551e-01,8.427407703843426967e-01,7.671104506580306293e-02,1.469786159969788120e-02,8.416023437429310805e-01,8.015152806318589507e-01
7.600960000000000000e+05,2.082532077435131912e-01,8.057804806348967119e-02,1.364537841536302976e-01,3.976328295774527177e-01,8.427801048907900272e-01,9.395217126486428150e-01,5.659344807712914927e-01,5.319955802555942359e-02,5.615394163571798547e-01,2.487918102329697012e-01,1.194861906102486770e-01,2.694668346504047740e-01,7.378651481957803071e-01,5.163427093320538397e-01,4.824982167664021437e-01,3.729874770386377714e-01,5.098121725833246742e-01,5.201374662830378082e-01,3.742160115486593552e-01,7.584841304813966234e-01
7.600970000000000000e+05,9.655579209683565756e-01,4.812090521405085752e-01,8.099611957980287213e-01,4.830381960925489437e-01,5.463547436956940340e-01,4.248602371324096127e-01,9.069718717550941944e-01,1.866720048046298652e-01,2.765917821740176974e-01,4.010701234480821276e-01,2.511378439451305011e-01,9.140951611481374917e-01,5.366706708816291194e-01,4.260427343326964600e-01,5.717352817797360931e-02,8.133679976936415423e-01,1.582730185751412000e-01,4.185018288859171376e-01,9.888483713347429038e-02,5.147591509923153952e-01
7.600980000000000000e+05,7.191723779139512773e-01,1.663686069513540255e-01,7.063502487996762280e-01,8.924653187286544220e-01,5.748340848827518945e-01,1.399455938635640884e-01,7.976945388121783331e-01,6.480838225219248683e-01,5.926348868324894381e-01,8.380077475684257760e-01,3.873753183956696322e-02,8.544470136691431073e-01,3.918463341979335768e-01,7.000867206037583168e-01,3.160359444610909563e-01,2.858402427216084618e-01,2.057581061995616967e-02,2.141037371117080479e-01,2.761372298050511764e-01,1.103528443313019913e-01
7.600990000000000000e+05,5.231258338055950752e-01,1.705640236507222074e-01,3.561514843719404411e-02,5.150762200803313817e-01,8.931491332202396993e-01,9.078128380883361270e-01,4.336847353581285702e-01,8.446428917853159302e-01,8.318096908069991802e-01,8.758223452134690223e-01,9.375391818086584728e-01,6.750890693446069957e-01,7.159201941902810784e-01,5.359136053613114958e-01,4.044266659227488958e-01,8.372634918126262704e-01,3.967664696174932892e-01,2.192215978984091151e-01,7.696311841266513243e-01,1.419208168814899418e-01
