6.000000000000000000e+05,4.744160202286189509e-01,1.362133009861377086e-02,1.027317758068495568e-01,6.406355942517594215e-01,7.191241076988706959e-01,8.244377295955920282e-01,8.429574261941449320e-01,8.605315428036973691e-01,4.847895275985211194e-01,6.300528070111929280e-01,9.688799358616260182e-01,3.948937950538645714e-01,5.749874744081634459e-01,4.879444589390108389e-01,5.226980513090688785e-01,3.809321149140135754e-01,2.545597598630322533e-02,2.294137651008685275e-01,9.353658176738287588e-01,6.201817167778471696e-01
6.000010000000000000e+05,1.453796641524374156e-01,8.028711034242415057e-01,1.167931229590343234e-01,3.848202017876495296e-01,2.476755258521022851e-01,4.936935853285584486e-03,1.279546296982575493e-01,5.167774590074646346e-01,3.743027397162479453e-01,7.535108062522205552e-01,1.207725775456238715e-01,5.252470332571806955e-01,7.346371241447401390e-01,5.794183304117972444e-02,9.551523170174761601e-01,4.739561983416133994e-01,9.873202913264201852e-01,3.021357552455795625e-01,7.087314848304644421e-01,5.528645119952487752e-01
6.000020000000000000e+05,1.922577130384124366e-01,1.184399706637596639e-01,2.527622651499045192e-01,5.904066880672115269e-01,8.090167505088786681e-01,1.807685643060099601e-01,8.697427361988319117e-01,2.340760168174109701e-01,1.158376422604536771e-01,7.107340269577496761e-01,7.813619257007187180e-03,1.625385824018420466e-01,2.596004169924454041e-01,2.002959513325384133e-01,8.745344989230088295e-01,5.173623766160965198e-01,3.098028819516329690e-01,8.777440187285592277e-01,8.814940978292354901e-01,1.261635172754513867e-01
6.000030000000000000e+05,9.322375532740245774e-02,3.241644887734590474e-01,8.322272547872726633e-01,2.980687992789138319e-01,7.678103947668722951e-01,1.111407262782504457e-02,8.032525176904630193e-01,1.362218918781694654e-01,6.725576946376201626e-01,7.856003989997599746e-01,2.418072549550668304e-01,8.149388899569660616e-01,7.187284598516882062e-01,6.031180390396706503e-02,9.314816648838750712e-01,3.268739218910835520e-01,7.750133154178043826e-01,2.024132210347926453e-01,9.946656927787724811e-01,7.681182864249451736e-01
6.000040000000000000e+05,5.743341057832656027e-01,2.405191658746652639e-02,2.126683078146969219e-01,2.539080615045024025e-01,3.073374766905156985e-01,7.902287788534618773e-01,4.657127557568484510e-01,3.883376119705395091e-02,6.199170134325647785e-01,8.357866160504452413e-01,5.660238639863038879e-01,4.546143906212939401e-01,6.429651413821276806e-01,8.859242737853317839e-01,6.371843518484601177e-01,8.358777604668438110e-01,7.106631717808794546e-01,3.013133284124804856e-01,1.669303102639347891e-01,4.426461544064136389e-01
6.000050000000000000e+05,2.115276449370426803e-01,6.567446892836641403e-01,4.398381855944645258e-01,1.502529534010537127e-01,4.719506494423243437e-01,9.640196628260719880e-01,2.030034172963621764e-01,9.674319864342055819e-01,3.666341064523914728e-02,3.401762390356856125e-01,7.657941055828489940e-01,2.269151588753833826e-01,6.944401716235470978e-02,1.716634659017473030e-01,9.207105001476734163e-01,6.298955928124614356e-01,4.281418287101300679e-01,3.287810134603927903e-01,9.132378161924658011e-01,2.698307318663497600e-01
6.000060000000000000e+05,6.201274894458471687e-01,1.910993461316956576e-02,7.344430816196877432e-01,8.611183233071749710e-01,8.609388340981293242e-01,2.754783889026581889e-01,4.431264678697243165e-01,9.246288900603389926e-01,9.702681327042302906e-01,3.351077452378533605e-01,3.701013164154905999e-01,9.104514392739709860e-01,6.670135942543305996e-01,3.457041575769620456e-01,4.908562000342658882e-01,7.022108844267983541e-01,6.324726128541637848e-01,6.088416834874547101e-01,3.783718240237358144e-01,6.808881491490823556e-01
6.000070000000000000e+05,4.879896000117327493e-01,9.671235277599815605e-01,5.361454769391149622e-02,8.841348316906730842e-01,2.124267699260395936e-02,6.284317787407099898e-01,2.949991888224429148e-01,8.110626728151090203e-01,2.331354369033670215e-01,1.678120576828148192e-01,6.290146764900794718e-02,1.143674117139537039e-02,9.973041847521152414e-01,8.294154528873102228e-01,9.798364120667778510e-01,1.219482610108458820e-01,1.437294738230032731e-01,4.006333354353183163e-01,1.052929263689983408e-01,6.690022613610097091e-01
6.000080000000000000e+05,9.599428605154255445e-01,7.566742023470788281e-01,7.751129884851359897e-02,8.021179578540149624e-01,9.522006690869107004e-01,3.821506675532739816e-01,2.098262742822908367e-01,8.067583403336794357e-01,6.532856938155603421e-01,4.033017848429387708e-01,2.989831889722492919e-01,1.780587603526920804e-01,8.448557099895066536e-01,3.407873061666607528e-01,2.588929983602002993e-01,7.505248097759187331e-02,7.112698689550687181e-01,7.024285499579496772e-02,2.443535222662001072e-01,1.819353214344794356e-01
6.000090000000000000e+05,3.733402332944720792e-01,5.062024761920114191e-01,1.692342470641556851e-01,9.338109760086916733e-01,1.045032977706739086e-01,9.401413387625312534e-01,3.936389816300268629e-01,2.252884823656867708e-01,1.893964939134502590e-01,5.531669273279937737e-01,8.811023314830727093e-01,3.344948467412679483e-01,3.226461618616460747e-02,5.670851763441369098e-01,9.186993204706503935e-01,7.678193583815390300e-01,9.310443742607953377e-01,4.907773021797778856e-01,5.282010354262079987e-01,1.748736350255778449e-01
6.000100000000000000e+05,2.088936745610436851e-01,6.047748536630108696e-01,7.089912436864235223e-01,9.475238405911001749e-02,4.152311749076228464e-01,9.327140497128139085e-02,9.749026261463966669e-02,3.814024107737301605e-02,9.773511658325995111e-01,2.850675617770832559e-01,4.135443091317948516e-01,8.054418778949080648e-01,8.600239598211117942e-01,1.506102893019736211e-01,5.462640503421356541e-02,6.034321630162284844e-01,7.949291996492371393e-01,4.403906387953923085e-01,7.541342638236466778e-01,4.607404440388851441e-02
6.000110000000000000e+05,6.456305149826383483e-01,5.632942940328957704e-01,2.730529704247827150e-01,1.822204821239440387e-01,7.137312312891348487e-01,8.485212223737030879e-01,9.453499998959913331e-02,9.970012316762613125e-01,9.790258154597508700e-01,6.224661231897229419e-01,5.105399623630129113e-01,7.078874984344236676e-01,4.172128315186585112e-01,9.852471815516882225e-01,1.154425220088222126e-01,4.678979129902762768e-01,2.861880961583436189e-01,5.885245080679679663e-01,1.703035948369278074e-01,5.989467976781571723e-01
6.000120000000000000e+05,4.546611639876653177e-01,7.032110927337978934e-01,3.502859921484837713e-01,3.116041118512795638e-01,6.510907647363760598e-01,1.237205137656162135e-01,2.209658569116568216e-02,7.176523577713755930e-01,6.709503287954874384e-01,8.579522392508641682e-01,2.253269519443532598e-01,1.791260567925834213e-02,6.000141094562067012e-01,9.542180687435788400e-01,8.691089894277991279e-01,4.985983623409743215e-01,1.293827324956003944e-01,8.056372944547818271e-01,5.067499473253800346e-01,5.252807551440379363e-01
6.000130000000000000e+05,6.007779057256612543e-01,6.891240918913352775e-01,3.472584286120897756e-01,3.218688213504770079e-01,3.671687152492278949e-01,2.601201036843141523e-01,5.493509954932283001e-01,3.881214884581164482e-01,9.825372636554791095e-01,8.720113147604345860e-01,8.158260473890298625e-01,8.110412540506273249e-02,5.267561663094109115e-01,2.861182324700337620e-01,7.592486560156137543e-01,5.746600729187643086e-01,3.819420067737225866e-01,4.959836270176254391e-02,9.524431464712276307e-01,2.570227397565384431e-01
6.000140000000000000e+05,3.562363687083911490e-01,5.623069465807560841e-01,2.394593746003452761e-01,5.047144042085484061e-01,8.329960540854314255e-01,8.902811678254103356e-01,4.887931016451697586e-01,6.380697889153420510e-01,7.030900564355548887e-01,4.171805379421927862e-01,7.458962916048138547e-01,1.600224520462515398e-01,2.813381566287638247e-01,3.805343542531635093e-01,6.149928445678187749e-02,6.721844372704368631e-01,1.099883241185628524e-01,4.364494475234504955e-01,9.627725494490803060e-01,3.279311070251267335e-01
6.000150000000000000e+05,1.581551578521257495e-01,8.564039680310175928e-02,6.013485475237010380e-01,8.151985854660384057e-01,5.862961435203448701e-01,4.873138054501470195e-01,7.969941866314306234e-01,1.193337919766195299e-01,9.668578571070968186e-01,9.359479466572162565e-02,2.834073902559279823e-01,4.631226330512467904e-01,7.170018234431793092e-01,6.813579594542462647e-02,5.769889553571150298e-01,3.199280043505866589e-01,1.229718929109608894e-01,4.648840317927970256e-01,9.859887698462617145e-01,2.529152845498048308e-01
6.000160000000000000e+05,7.591086133204990594e-01,8.727647961700888413e-01,3.135056926255511689e-01,2.386133758360313717e-01,6.782237565070509122e-01,2.662593419895168401e-01,6.953370991405163348e-01,1.284428457803044044e-01,6.066717201340585675e-01,7.337408078858684846e-01,5.301130472178600117e-01,6.907203680291025272e-01,2.640073967745337757e-02,4.530666254314367203e-01,2.799604176885028828e-01,2.410384742121168822e-01,8.295072952821624934e-01,6.684470613621488200e-01,6.917426211615178566e-01,8.690005571236958382e-02
6.000170000000000000e+05,3.306936818509376153e-02,8.873537171978492788e-01,7.055693584262309193e-01,5.677455440618303095e-01,8.766904438931404364e-01,2.436189944338783553e-01,3.886344479406784735e-01,3.736658629046160085e-01,1.858768880647485577e-01,9.178933327138638631e-02,9.094118426091657437e-02,2.078115271078555537e-01,9.310365671940350474e-01,2.530188255233211114e-01,1.875708342376933846e-01,3.856634814004579193e-01,5.337275848508790110e-01,6.963256924022125371e-01,4.980240751397714272e-01,9.926354211089678525e-01
6.000180000000000000e+05,3.862264871621924334e-01,5.803238775325674226e-01,4.523723524066800561e-01,8.537260980830501111e-01,5.947039268551314040e-01,2.642770673240729673e-01,3.717124173986601221e-01,4.666766797814836387e-02,8.581640000372450228e-01,2.250104290146852648e-01,8.691644278579298000e-01,2.683846839628359904e-01,9.083613060254249749e-01,1.061414026086097140e-01,8.835476326239832812e-02,1.380593248829873332e-01,6.458558210543203781e-01,8.224754348549655480e-01,6.739435748333479914e-01,9.067886540887082347e-01
6.000190000000000000e+05,3.269629776376618002e-01,3.730464701226258173e-01,3.618983782009453920e-01,8.633107107833440930e-01,9.147143703048843388e-01,5.357772292664637614e-01,2.598902649521612762e-01,6.489028383044670445e-02,2.098887904961900253e-01,2.844028707886452345e-01,7.333960958101874983e-01,9.176530345655539156e-01,3.357814392324456332e-01,2.953918611897224933e-01,3.843887847290353710e-01,4.616318635014449168e-02,5.659766655508601252e-01,6.042811716325269256e-02,4.195616306196473522e-01,6.751846294012033844e-01
6.000200000000000000e+05,6.266134807339976964e-01,4.277778816599392409e-01,9.937937494239186265e-01,5.442927903396171940e-01,3.104886556861371494e-01,4.662274880604723171e-01,9.275225178622268363e-01,9.841522118010610498e-01,7.757063092866096632e-01,1.210122422476331838e-01,5.394908423408577569e-01,7.531404454283705530e-01,4.887711074964521396e-01,6.057538376884495923e-01,1.952518326495322754e-01,7.462653790238105156e-02,1.791694123570247710e-01,5.958423892768117680e-01,4.054502786840565864e-01,8.452618308476111952e-02
6.000210000000000000e+05,6.237039091802077939e-01,8.708569280431927018e-01,1.495268538632341659e-01,4.367132906479426202e-01,6.467212660208921937e-01,5.477781030242101501e-01,9.199094705665269434e-01,6.769056140237128538e-01,9.020089588163509031e-01,5.623674357194042850e-01,2.451065172770342526e-01,9.840684846432800059e-01,4.679027518055451917e-01,9.149463806430039314e-01,4.497176273520802070e-01,8.012563942929307181e-02,5.630617280468116492e-01,8.202458234470115794e-01,2.640839374734382794e-01,7.827981114492286174e-01
6.000220000000000000e+05,2.626062671449690411e-01,7.164191719313262041e-02,2.955444539293557993e-01,5.196261783439306559e-01,5.865455859372213920e-01,6.948180603686288093e-01,2.425489617142195797e-02,1.135671116428227378e-02,5.456121795245636452e-01,9.864838696632796111e-01,3.621629447588788908e-01,7.549459901277287832e-01,7.069927906517835536e-01,7.062196390215818020e-01,1.325029243655347910e-01,9.087165811060140541e-01,7.058614242332591493e-01,6.204292148720599309e-01,8.605877883864300193e-01,7.715556324091552565e-01
6.000230000000000000e+05,3.707768857363120674e-01,7.555124899243148562e-01,8.272600894129668037e-01,6.876734015360186358e-01,1.728401817769309456e-02,8.276717239763357048e-01,7.389968438834950692e-01,7.658355417219238070e-01,8.970761921061842781e-01,7.440089366588176212e-02,5.009518419045961846e-01,9.250778525781243600e-01,5.069132427733403778e-01,5.277952571221657951e-01,7.185151140510636081e-01,7.258267957486520539e-01,3.515323231713446406e-01,5.905347795701954006e-02,6.905325230260316305e-01,1.709312491305255977e-01
6.000240000000000000e+05,7.256530715634884610e-01,7.386512303226728804e-01,2.804383666853216273e-01,8.413519769677701987e-01,7.110957787745982861e-01,9.449661037359280424e-01,3.794093971648494490e-01,5.893559751633673516e-01,9.348885840407372694e-02,4.247260979736457998e-01,7.002125833911491126e-01,3.921872008557752975e-01,8.356579342961385493e-01,9.747401201857649466e-01,2.743794075193695114e-02,1.991085532099940991e-01,6.102126890735363185e-01,9.788906218965122141e-01,2.430949567994005189e-01,7.035324246431631234e-01
6.000250000000000000e+05,7.005023581233901231e-01,5.680796080256359515e-01,2.099560600378146402e-01,4.031310740202153076e-01,7.394000363857780034e-01,9.530570139553210529e-01,4.831556935166576583e-01,8.747338566635618484e-01,1.171448246272699389e-01,3.747324686427322415e-01,6.704094545501140257e-01,4.987733896539192635e-01,3.330160856629275079e-01,2.047667617349735458e-01,9.584075985348635696e-01,6.124393404881217640e-01,8.869157114540737741e-02,5.729752143246942264e-01,5.053067187261337523e-01,2.999622696865511529e-01
6.000260000000000000e+05,5.273397068437858382e-01,8.584494992522846424e-01,9.568936584069486218e-01,6.815926599018695686e-02,5.229724507636821507e-01,8.009874819041781224e-01,6.520849213825619106e-02,3.050360505096062491e-01,2.279699676956714605e-02,1.642064380273855484e-02,2.755342163317180404e-01,1.993267293398663931e-01,3.035751674225410923e-01,9.912133905111317755e-01,9.564878795228620723e-01,7.668871669336380092e-01,3.766821467658171274e-01,4.376402125691027933e-01,8.944887568416340917e-01,2.216415470152492961e-01
6.000270000000000000e+05,5.050626665088875367e-01,2.227924138075174643e-01,3.070437527316177695e-01,2.330771610721529274e-01,9.532786575921057270e-01,2.335009574268928079e-01,8.804185925105999511e-01,5.413179166328098146e-01,4.671422362042917387e-01,2.324178630144896340e-01,5.823580344966226008e-01,9.958445463654242991e-01,4.747119571135557381e-01,3.401897706217520412e-01,5.247430849517120688e-02,4.799123592243437209e-03,2.138291157809327769e-01,5.944669949217484817e-01,6.770632781503186370e-01,1.650506488565924856e-01
6.000280000000000000e+05,4.216527113008623484e-01,2.624197562127928984e-01,4.703516200196383723e-01,4.423696431708263876e-01,9.855247068142165556e-01,8.614700839455500248e-01,9.699742037651675197e-01,4.223758400338476493e-01,9.545254416744223258e-01,1.442732203199502683e-01,5.618852279680017769e-01,4.109879938710502278e-01,2.904522540493298388e-01,3.051958389970631513e-01,7.755379993060776966e-01,4.525576935052177951e-01,5.182401265506122456e-01,3.086448942515775951e-01,4.206379601488621223e-01,5.174053271563291423e-01
6.000290000000000000e+05,3.613459320761720495e-01,8.833810937238784078e-01,8.057680143081463742e-01,7.179864941609011009e-01,2.113456044331163408e-01,1.950563762173832538e-01,5.059158817479915138e-01,6.302039951254064798e-01,6.259073476199846775e-01,8.924315909903496324e-01,5.527538057790275516e-01,4.818871096225116890e-01,2.100974207293425655e-01,5.784228269234018560e-01,3.724737134116222759e-01,4.861490243295722991e-01,4.108723198566495149e-01,8.868728051001050217e-01,7.918367317365501146e-01,2.605701559722384264e-02
6.000300000000000000e+05,5.075457062450533519e-01,5.295947599963816144e-01,4.972165746918248974e-01,1.787933647373824986e-01,9.495706735151767663e-01,8.692890070986708517e-01,7.183783607380648251e-01,1.774313905207670627e-01,4.401827388676544661e-01,3.654662326015124529e-01,3.710209158950057429e-01,3.699783433669133759e-01,2.405403949169382383e-01,4.433629031557033695e-01,5.464196665723187740e-01,7.036490475576663295e-01,2.597492896752526814e-01,3.100554406940739804e-01,1.741310902477616329e-01,2.456213228977768281e-01
6.000310000000000000e+05,6.487596977240741580e-01,6.943747080903611701e-01,3.532713509432956478e-01,8.404632026296262604e-01,7.931378504720620892e-02,8.122863686067758326e-01,6.760438938663894115e-01,8.765623885633569978e-01,2.259661380400235231e-03,7.613973625914830512e-01,2.591041798879467617e-01,6.698617869269953840e-01,4.696779997930397021e-01,6.127086974011389797e-01,8.903867508227302219e-01,8.856518255793044414e-02,7.138948202192598735e-01,5.867340521714541346e-01,7.783540244697616517e-01,9.065840555558695169e-01
6.000320000000000000e+05,4.367693499072404784e-01,9.157817806430248453e-01,4.431807821188883389e-01,2.218713877581912630e-01,1.607460501088220362e-02,6.500432562387760127e-01,4.961179382364232504e-01,4.310958533409980920e-02,5.754429544730625956e-01,8.926098014025191096e-01,2.652680914097256260e-01,9.138680672968425567e-01,8.051929963943105228e-02,1.796037929299749702e-01,7.416046572239340939e-01,4.905264595930063365e-01,4.276086019575043862e-01,1.900960124253060490e-01,5.165472049486899975e-01,2.457590680516301695e-01
6.000330000000000000e+05,2.875583302112514339e-01,2.663230920563781634e-01,8.424869367719939328e-01,4.887256485416021645e-01,7.669273629784778556e-01,9.779397628148005506e-01,3.433862276160188909e-01,8.733777300730256599e-01,7.206129690990976666e-01,9.570371769546794916e-01,3.858940846800072988e-01,9.612605528683657585e-01,4.902864946208385089e-01,2.551130841533622018e-01,3.326924114741774963e-01,3.727444275009594854e-03,2.153659690884386357e-01,1.406007984026331759e-01,5.755102708496362407e-02,1.554580404096169710e-01
6.000340000000000000e+05,5.441541331299482032e-02,6.689539911585915544e-01,2.240846327169793151e-01,3.179141733851986729e-02,5.439205017469062042e-01,2.582001488897186503e-01,7.601241358768089373e-01,3.779825661614236720e-01,3.056285583368423264e-02,2.651529828575163172e-01,4.179835260390518670e-01,1.925885580586266244e-01,9.259146195735971085e-01,9.782677494295025644e-01,7.882539345759239646e-01,2.561890063722778166e-01,4.810824454608781942e-01,8.930021091158417690e-01,3.863614124467896760e-01,1.243360358081558870e-01
6.000350000000000000e+05,5.282708314489253931e-01,1.474527749806878729e-01,7.798378450833376441e-02,3.811832978847717879e-02,2.100626183721409079e-01,1.524541104487396881e-01,7.859533141714193372e-01,6.683801149647512485e-01,6.793547476378167804e-01,9.791754546967831319e-01,4.013931993051044200e-01,7.391503010041354793e-01,6.726396655733186680e-01,1.971601779234567475e-01,7.021942946642322214e-01,6.956667251705617172e-02,2.031065944865813044e-01,4.474304155993902299e-02,6.690016954652159287e-01,9.344669921749223507e-01
6.000360000000000000e+05,7.210520945082518063e-01,9.387093583331128643e-01,9.768712539854659260e-01,5.861333981175969043e-01,3.240713968587133342e-01,7.500334194033719815e-01,6.144024552471196721e-01,1.767589994503043771e-01,2.434321496643415683e-01,9.649361707420049949e-01,4.931682110625729143e-01,2.619538891974650952e-01,9.908114597700501402e-02,7.778785460303133670e-01,7.036942382184105949e-01,3.641342859635280371e-01,1.923189863599735761e-01,5.198049192319680323e-01,8.295586195956037301e-01,9.051311420590869572e-01
6.000370000000000000e+05,8.361371270303472603e-01,9.712101571099783781e-01,4.696692513993724338e-01,7.847157386782224187e-01,2.469543850178315125e-01,1.499077805189510393e-01,3.909547347948076901e-01,1.885180240800392593e-01,2.538898920120790104e-01,4.156657040676572379e-01,4.033387835246150521e-01,4.403461509018194997e-01,1.619844580678073687e-01,8.848301839960500681e-01,8.335747942629909701e-01,9.395902688628731125e-01,4.266506068521813688e-01,9.227094415122115700e-01,3.322141660706515731e-01,6.364245424167551679e-01
6.000380000000000000e+05,6.028932715915638063e-01,2.618787276721834534e-01,9.768705131067411118e-01,2.316143319986954108e-01,1.195582382631998897e-01,2.991670386704972096e-01,4.676002921679962565e-01,7.048524062486036801e-01,5.909300626948368329e-01,6.800253133532537797e-01,2.588764545717237020e-02,2.491319571756140938e-01,2.279151275660022957e-01,1.427994140424062586e-01,8.944392407017472957e-01,2.941330594069064830e-01,5.893920572362862931e-01,8.844176004616645104e-01,7.938642322826544584e-01,8.234161708654851308e-01
6.000390000000000000e+05,4.557811550536529088e-01,5.053499208166895018e-01,4.770067641476670728e-01,7.743376234428309690e-01,5.795866412440882076e-01,7.402745405260557909e-01,1.352953296280579032e-02,6.623299613682349651e-01,1.093664320149789759e-03,2.021931581552951496e-01,9.774679358400616414e-01,3.716464586060563846e-02,3.727154970712760473e-01,9.036853129726285516e-02,8.593294223443228574e-01,9.295459927292163416e-01,1.497705566527460785e-01,6.981592427241495313e-01,3.450384030837261307e-02,4.488401492319695762e-01
6.000400000000000000e+05,1.313597335355703999e-01,6.703234021781940832e-01,3.784327628421655376e-01,3.214763971347265326e-01,8.622464059748292664e-01,8.952366904146349391e-01,6.810737248691578483e-01,3.673434075834810519e-01,9.792882658128589934e-01,1.937450701935247155e-01,3.893242772044244182e-01,9.345931984905373469e-01,5.365934758087850254e-01,3.031886074890066674e-01,3.853932770040762179e-01,2.792408493053859520e-01,6.163914946055495392e-01,1.289672622195520146e-01,1.609147098828113132e-01,7.348949753471963886e-01
6.000410000000000000e+05,9.064538562740710459e-01,3.131729666772591347e-01,4.658210491489466198e-01,9.865173565994576066e-01,7.753310850150515465e-01,2.678812417540729074e-01,1.751310276067119531e-01,3.276218779299289174e-01,7.211041706972396437e-01,7.958170691606233360e-01,1.148413792609292994e-01,1.369819556007827455e-01,2.292349671226386887e-01,3.227735827890835241e-01,5.518575984008973201e-01,7.633620192495189638e-01,1.218923034134392624e-01,3.335202032571575881e-01,5.901119385174382614e-01,6.635389271622438301e-01
6.000420000000000000e+05,7.476616231195841733e-01,3.393392483742995180e-01,7.891758915652390405e-01,2.289671212803123801e-02,3.916450403523691337e-01,1.436901428011408965e-01,6.451719232668013948e-01,1.439590978996826420e-01,2.739317531307112752e-01,8.224454113359391805e-02,3.675366055336034554e-01,6.791798446345022056e-01,2.483894995528648231e-01,1.410648683884245802e-01,7.119467281377025447e-01,6.991527295149679855e-01,1.845287999389155775e-01,3.494555442426884317e-01,9.864065989761084952e-01,4.566796176035368138e-01
6.000430000000000000e+05,6.204280540169329061e-01,9.062717544764903321e-01,3.057118253316707390e-01,1.422251006719421618e-02,7.426188936650511829e-01,8.289145884584779855e-01,9.240283277598291267e-01,6.413678993652908167e-01,2.685960750026347155e-01,2.640625817078573467e-01,7.120205779602608587e-01,7.188709292096752135e-01,3.826845916911679746e-01,9.597447855834079222e-01,1.585565489504185965e-01,7.056268561981599019e-01,9.037534291103084261e-01,2.655138657732679652e-01,7.033582104625285547e-01,5.722781536525646251e-01
6.000440000000000000e+05,6.461386342921204839e-02,9.600457737375830414e-01,8.962515966378870047e-02,4.242735480621323552e-01,2.289136144754359004e-01,6.350137322564526343e-01,3.022444137728128588e-01,4.110272496395642738e-01,2.755506685437670855e-01,9.625121322601439822e-01,1.021314098419067173e-01,3.466957952695375322e-01,7.567230830189977109e-01,8.716662080002968160e-02,4.460563179544219103e-01,5.767008108388756993e-01,4.730620519347010777e-01,1.132237078523475882e-01,1.789525652250321119e-01,3.911076982370987887e-01
6.000450000000000000e+05,7.098093406834389274e-01,1.319060301907204469e-01,8.325657537987743995e-01,7.228286061023241338e-01,7.936181512478512889e-01,2.593459661540764571e-02,2.096397733040112898e-01,9.927383821174696754e-01,4.673555431926622594e-01,6.870358891238962373e-01,4.173519365305373707e-01,8.907285747719673186e-01,7.630114013298564535e-01,7.257823883773726337e-01,3.120543019325496825e-01,8.005560851811530654e-01,3.226826371700275420e-02,2.230996640670629416e-01,6.235870071644609158e-01,9.589807376404315686e-01
6.000460000000000000e+05,8.648588839932147554e-02,9.661094181493944388e-01,5.414759694220305786e-01,5.220841817976020760e-01,1.923643861623361984e-01,4.032453969173179775e-01,3.539829630902254776e-01,2.574949705857538795e-01,8.159904208578127038e-01,7.386338890423151948e-01,3.489387623008073369e-01,8.355573230079285096e-01,8.328842284203457069e-01,2.836190095347439488e-01,4.114646857743085029e-01,1.118040997495594047e-01,8.074442990930672526e-01,6.980754836682984132e-01,7.324464473468077497e-01,8.159771632755702386e-01
6.000470000000000000e+05,5.684418429188405897e-01,8.036693666791272506e-02,7.780932250044098053e-01,1.076384169030119020e-01,1.018474048299294887e-01,6.053470800312111821e-01,9.416093873587411123e-01,9.466813481442019063e-01,2.249944163753581083e-01,6.307272936089596271e-01,7.059329437219524772e-01,7.435072307585777196e-02,4.469003303284407869e-01,7.623067198327579952e-01,4.016757279234820510e-01,4.717221609847729313e-01,1.288527156731020806e-01,1.711856017692836573e-02,1.535197267347100381e-01,2.745674857153417303e-01
6.000480000000000000e+05,8.770852415700276516e-01,7.510598907755938747e-01,5.580316827405444879e-01,8.135433263028651885e-01,3.840445793127209573e-01,3.093482061365472324e-01,1.817275275771397247e-01,9.822119939609498251e-01,3.027572261384350316e-01,6.151401567999208453e-01,6.021309999398396506e-01,6.408114821872284983e-01,8.850585522098392000e-01,1.413985910828986503e-01,8.160755985014669367e-01,9.053362251129513094e-01,4.553005084523795709e-01,8.541673795737466657e-01,4.463279643820918796e-01,3.891036722832758032e-01
6.000490000000000000e+05,6.998651206827576354e-01,6.698641610335079877e-01,2.829374617384669000e-01,9.879787773189243616e-01,3.836094885657086451e-01,2.872037318579966358e-01,4.112624578834985778e-01,4.288430622203267539e-01,3.050372733745632114e-02,2.866314679185550940e-01,1.031490547482759590e-01,7.211220699609288687e-02,4.395491230616411782e-01,9.927344915261353542e-01,9.578096922841808913e-01,2.737176570311659063e-01,5.367716664623045641e-02,3.577218823040417828e-02,4.297536970989960237e-01,1.243387202995052121e-01
6.000500000000000000e+05,5.384459347329899614e-01,7.353231413810196182e-01,2.725114743156579200e-01,2.280397208917871454e-01,2.301783330778017778e-02,5.089356790669263830e-02,7.527488643102441257e-01,4.884391880130209973e-01,5.198495141305965461e-01,1.627361986046856890e-01,6.299204786920667987e-01,2.414544719419641217e-01,5.668877402353921235e-01,7.237102937641866074e-01,7.139753090892551057e-01,9.066119074532614786e-01,9.445722275923069677e-01,5.055192173289069224e-01,7.020096126611452547e-02,9.354079966227859533e-01
6.000510000000000000e+05,7.517864062990664564e-01,2.865479493890449314e-01,2.451484243478204705e-01,7.644735652694886197e-01,2.751121416403045083e-01,1.798106388762484853e-01,7.166799937275377674e-01,1.372071436619555218e-01,6.626175318497463662e-01,7.087889090905120648e-01,8.989883317036712063e-01,2.853837710838024178e-01,8.256553860946578283e-01,5.939027755217659577e-01,9.102144196275253618e-01,2.183479303435877927e-01,8.321411132930899290e-01,1.621933263597271635e-01,7.175026728026916434e-01,1.485265030020216370e-01
6.000520000000000000e+05,7.309240682581187309e-01,6.742541595114583952e-01,8.401588297711922726e-01,2.575624087011700869e-01,8.396134999964799395e-01,8.994301206573338536e-01,3.813685183898115616e-01,7.557777818895304867e-01,6.076860009433188159e-01,7.712212685454199468e-01,4.632745543445883074e-01,8.667240179874042827e-01,3.538810725519880851e-02,7.123451967293795706e-01,5.218777542087752463e-01,7.339329405102651416e-01,6.831767396489462074e-01,8.815662136235795643e-01,7.556650423723929588e-01,6.187237976162311970e-01
6.000530000000000000e+05,1.527032702817616716e-01,3.736470694443231322e-01,7.918824746464991904e-02,4.635433456187774137e-01,6.326494022413335916e-01,8.039028942205622696e-01,7.399021323499160863e-01,4.923753710731880728e-01,8.963357687569709631e-01,2.774383766809691565e-01,6.797315234306307019e-01,5.567990243801835826e-01,4.886803614687048603e-01,5.713778531933506599e-01,9.696745842340054322e-01,3.528180301661587581e-02,5.767979639148450577e-01,7.498791690748302097e-01,3.436971623238834761e-01,7.730527757289161750e-01
6.000540000000000000e+05,2.110362618518547562e-01,1.064764347626256935e-03,4.212252972202652490e-01,5.524616547883643980e-01,8.785612055018854338e-01,5.201753448981653039e-01,7.871774474821882084e-01,9.242240271796084983e-01,6.540622499964757752e-01,1.639999257464792581e-01,9.557321526466441286e-01,6.130138305617360839e-01,3.324394985377520095e-01,9.372565298217848673e-01,1.728673651065448791e-01,3.994374591904255034e-01,9.263361069715849716e-01,2.309532406249579228e-01,3.289503613906626933e-01,6.594199745005669966e-01
6.000550000000000000e+05,3.883646795819478692e-01,9.621737191591163141e-01,4.197658812317448529e-01,9.955156976521095658e-01,2.296583566974423896e-01,6.838967957683412813e-01,7.076993815626535511e-01,1.284309857666516841e-01,1.624939261925214540e-01,8.176855584616926631e-01,4.506578342096607681e-01,4.155587724053633192e-02,7.152474706354401413e-01,7.761243717199830527e-01,6.129995831270228512e-01,6.143769127296361265e-01,2.006906271879397297e-01,5.219179066064701944e-01,1.305014670865926041e-01,6.811595802200852701e-01
6.000560000000000000e+05,3.486185037279900811e-01,6.496833981205721864e-01,8.152384933685556945e-01,5.172487599869045605e-01,8.226811782086134173e-01,8.303888126328129449e-01,9.033171231444580007e-01,6.708201579718341412e-01,1.944114518541489867e-01,8.194991757979258606e-01,7.367743759607701115e-01,3.733031215058564278e-01,1.240313280002384166e-01,1.541961388668171562e-01,4.576132591659126669e-01,6.100681476110181300e-02,4.843883195118210416e-01,8.883533403230673420e-01,3.888969852727817145e-01,6.106803753709303395e-01
6.000570000000000000e+05,9.928620633745116608e-01,2.988514059164576464e-01,3.315244653584712431e-01,6.710772455806167658e-01,5.033685485477953359e-01,6.406410135487208279e-01,5.151633631430081461e-01,1.436944661034008641e-01,7.684771935879599614e-01,3.244476083099121499e-01,9.042987722735550404e-01,4.570448114854178678e-01,8.963585470140946754e-01,3.133334780524329455e-01,3.302011210770495753e-01,9.625725239321998306e-01,2.093363575118198927e-01,4.660172821928687537e-01,5.728736147222757147e-02,5.593105477876684217e-01
6.000580000000000000e+05,9.398190139810026489e-01,2.825125906904719653e-01,7.733613117115267777e-02,9.674798007881253437e-01,4.059904628936009674e-01,6.867807339863226668e-01,1.828045364279332619e-01,7.287843477980412432e-01,1.501937515569857773e-01,6.297865525310630819e-02,8.744876678536833703e-01,6.229280084926702710e-02,8.771611308844605714e-01,9.486097891345001143e-01,8.230506740302969693e-01,1.285656336533341770e-01,8.312210944954415703e-01,4.567154700646236520e-02,3.244597692051673921e-01,7.961875098692832164e-01
6.000590000000000000e+05,9.144966054132034339e-01,8.003578496637872020e-01,2.081085196318643860e-02,3.332633709767180985e-01,4.152248592601549548e-01,9.632130172635716692e-01,4.709971701023487611e-01,2.139133879366483804e-01,5.560028392478604253e-01,4.401051204111158244e-01,2.510317605816920761e-01,5.134799722254086429e-01,4.202000164719610353e-02,2.189247674186892700e-01,1.285889399648428855e-01,6.474434040952377067e-01,2.641149693929446540e-01,5.454512613196759174e-01,4.010609683959168725e-01,8.924358160771572734e-01
6.000600000000000000e+05,5.754066353091735753e-02,5.955064308908875059e-01,7.650467323257588159e-01,9.190332657426811824e-01,9.184301026718808547e-01,3.817585385015895838e-01,9.405403144755453138e-01,4.043499404087262938e-01,6.369945932441101188e-02,8.138119681252382609e-01,1.279886381479536928e-01,2.301967338931105722e-01,1.125120186090143859e-01,1.632240029632348044e-01,6.416521211499313093e-01,4.387490824497427555e-01,1.343885403685231017e-01,9.850290923986250169e-01,5.576860018215767933e-02,2.699763307239596566e-01
6.000610000000000000e+05,2.695651121057924815e-01,5.577738692840032986e-01,3.612029684526624207e-01,6.445739416126717858e-01,3.848080470072057224e-02,5.700806388670587310e-02,5.326831098806077414e-01,9.525586177426249579e-01,6.125045918680871448e-02,2.989677051167805022e-02,4.412140389461676193e-01,9.892847935060294917e-01,4.928537780029095261e-01,5.167657833165046899e-01,8.934248179432214831e-01,4.040670868442538533e-01,7.048427095364807604e-01,9.328132475721973016e-02,9.200189443620798713e-02,8.860940725217916203e-01
6.000620000000000000e+05,4.803459038743292941e-01,9.269658619624520091e-01,7.357094004996227454e-01,4.686879721399630494e-01,1.289134563034407543e-01,4.780368076025676149e-01,9.251468088715536497e-01,7.441698777043139756e-01,8.359957281629558645e-01,3.515403985962698430e-01,3.050047539503364380e-01,7.884966850194237153e-01,2.697901141996683627e-02,4.915226815609827771e-01,5.914264028274555107e-01,1.289764137986246784e-01,5.183532311496873435e-01,2.111129724940715713e-01,3.756026597704608117e-01,1.930616378470786376e-01
6.000630000000000000e+05,2.292396662387428119e-01,5.849261734449368033e-01,7.373440722858315421e-02,3.288388008565973353e-01,6.223149348101476575e-01,3.210369169568998426e-01,8.410222137497884720e-01,6.050849272229875675e-01,1.719228896428048881e-01,1.849637830283369366e-01,2.279549777289273660e-01,2.830507202515893939e-01,7.307312323388995834e-01,8.436915831241185160e-01,1.904545949482571165e-01,3.087098403451128403e-01,8.074949755201188406e-01,1.623474566158070731e-01,3.378440761646056556e-01,9.860880239650706702e-01
6.000640000000000000e+05,1.984891240651853739e-02,7.678446682278916580e-02,7.795640632731536401e-01,3.217627134593272764e-01,8.973141881551131016e-01,2.128316337163056460e-01,4.247015666273107337e-01,6.574525164835699487e-01,2.243682306471106447e-02,2.452610872745915049e-01,2.135126158397968599e-01,1.540079086545422804e-01,3.376640258717328313e-01,2.833121732847646568e-01,8.512383722230119076e-01,6.968862697051416699e-01,9.284174739501804829e-02,3.647358708299488494e-01,8.223245249775754662e-01,6.611866733051133815e-01
6.000650000000000000e+05,2.768156893049507072e-01,4.351108769274240062e-01,9.279691752666640037e-01,3.147589990082455547e-02,6.177666394649834469e-01,1.076025718824769051e-01,4.826148132429106674e-01,7.250045989188991236e-01,1.933751478072317509e-01,4.386086717225414766e-01,8.617085730359108631e-01,9.803028929302969319e-01,1.082878998638920898e-01,7.754345989752619017e-01,4.300811523980363482e-02,9.463851079946737910e-01,3.539696506781094820e-01,8.347741465547517947e-01,7.584135244425316280e-01,5.127726810298003368e-01
6.000660000000000000e+05,1.316100929548923437e-01,1.466072751845470812e-02,6.780360815159967025e-01,6.809543852013917320e-01,7.404958037656095282e-02,9.202147354318046535e-01,5.686721741431813859e-01,9.684358277128064518e-01,1.779069115798701528e-01,2.887696929636102139e-01,7.944431504233441244e-01,7.498131944924308900e-01,4.814284803289257120e-01,3.247357100570438249e-01,3.085840732739209002e-02,6.251071785656954205e-01,5.011397800915875500e-01,8.637746644883477209e-01,1.310366117021152244e-01,3.816952429182681739e-01
6.000670000000000000e+05,3.333551656134524643e-01,3.356677594924073471e-01,7.780081266641492022e-02,1.931235841739369352e-01,7.501776265820242484e-01,4.669349348563102131e-01,7.758251266655483702e-01,5.079218418753983499e-01,8.124766972713363122e-01,6.115671953168919650e-01,1.194761755715780804e-01,8.583815888756228807e-01,2.139537606542966097e-01,2.470091253613455606e-01,5.128758052833273240e-01,6.703235944910634903e-01,5.938339687719059734e-01,4.537949744943006181e-01,4.063369275019872440e-01,2.030491064725213901e-01
6.000680000000000000e+05,8.850229256003675493e-01,4.571664873257652584e-02,6.652985464026514029e-01,7.698125796673022103e-01,1.744235399903270034e-01,9.814134340414089053e-01,6.262566391453645576e-01,3.456718454454489331e-01,5.372711285901818901e-01,5.332466687046631959e-01,4.571444730874553164e-01,5.592116342411291852e-01,2.476709693937317880e-03,1.633090150214131508e-01,3.659576754847968516e-01,9.948940790816926949e-01,4.842843501075189128e-01,1.219955822224456643e-01,2.552987303947774622e-01,9.874232288623834286e-01
6.000690000000000000e+05,5.482367467084859891e-01,2.090460769297407539e-01,3.330569528262727896e-02,1.348963863624645931e-01,1.362379067204885219e-01,2.368717407799090235e-01,8.730484783641510038e-01,6.126980534459613992e-02,7.451798248772313338e-01,8.806520637082160263e-01,7.012240090661567837e-01,4.345626535318628525e-01,9.295244740929786698e-02,4.579656539041798702e-03,2.812840360282569119e-01,9.121231842464997408e-01,6.995293208179338418e-01,6.543898035103907773e-01,5.071534437669159567e-01,4.796572461407633270e-01
6.000700000000000000e+05,8.828306799212088940e-01,2.035630596172209872e-01,2.734280335524055250e-01,7.275351869295094698e-01,1.634532233908365662e-01,5.267467664770894009e-01,7.035424856392368254e-01,5.689724291729312267e-01,7.408468678484897429e-01,9.828839687005511694e-01,6.054193344096173712e-01,1.490990382040358053e-01,4.571397568112717247e-01,8.916438901333360034e-01,5.410157883556111491e-01,7.083346064010395127e-01,7.761637966460347426e-01,5.627550249776838154e-01,4.557799760435737868e-01,9.214529705053497999e-01
6.000710000000000000e+05,1.825084511401624532e-01,6.087383605932727981e-02,3.065436796631648697e-02,6.393924969115116763e-01,2.354418204578624385e-01,4.617168605694990102e-01,7.776662700014769225e-02,8.465644878269482643e-01,7.817105657332411583e-01,2.855201684729217204e-01,7.463828514651004165e-01,5.684960944708272734e-02,6.008062985166464642e-01,9.767235938400550266e-01,8.445458125785231251e-01,2.321558673490820013e-02,3.360104247952179213e-01,6.031650140340334421e-01,7.537505391034675650e-01,3.075582660688702674e-02
6.000720000000000000e+05,4.234380884712122262e-01,2.695235169691846400e-01,2.014628751655922478e-03,6.661590634847223136e-01,5.074768660742090542e-02,6.460336150225944873e-01,7.865022294047427920e-01,6.580258612321744360e-01,5.331160377943371387e-01,7.246190936980279051e-02,1.272497915251139533e-01,3.474682832628395168e-01,8.536496981277806873e-01,7.197842015014050965e-01,4.287505014659186431e-01,3.886982175088840030e-01,7.891090805247524820e-03,3.540032284752201441e-01,3.541576653958217191e-01,8.248836783557030872e-01
6.000730000000000000e+05,4.356702679210399110e-01,5.204277667906709315e-02,4.058814390528447946e-01,1.525640658791334037e-01,8.897792147425895859e-01,7.952527614662519007e-02,2.025549846965173373e-01,7.998413297136226507e-01,9.995995429915434105e-01,6.582925090619617947e-01,1.479647737995914980e-02,4.065832950265357848e-02,2.363482456728993597e-02,7.909613574145551995e-01,1.390910462887730015e-01,1.094938609926577877e-01,6.969195929404484735e-01,5.715289352940237100e-01,5.764570668073850657e-01,1.882940425986544541e-01
6.000740000000000000e+05,1.070031335642169790e-01,5.338577837821628647e-01,5.388580941672946878e-01,6.017404903080642020e-01,2.170068956847882591e-01,1.624557452532759960e-02,1.345384094332927605e-01,8.586656599403170720e-01,7.280791374999805443e-01,6.377847287236925178e-01,3.501425831331037575e-01,5.052819430764837749e-01,1.275656913178100371e-01,5.536958314853520635e-01,4.610099204632762682e-01,2.465669778634113074e-01,3.196304487998848920e-01,2.294122207605019392e-01,1.788296644664627566e-01,8.522070426983143765e-01
6.000750000000000000e+05,2.007909240827682185e-01,9.281953860799558864e-01,8.813680771712383288e-01,3.353334804021318449e-01,6.561346523520060758e-01,6.010384612940123938e-01,2.530037861517614450e-01,4.065071580457713107e-02,7.144051813710274867e-01,4.494451325065387248e-01,2.190492871213410853e-01,4.584555452022275324e-01,5.504844393021954829e-01,4.843121310308995398e-02,1.985168965700099264e-01,2.160425654264666040e-01,2.641325454053149446e-01,8.021819567759214120e-01,8.003600134516311027e-01,5.038511164231771478e-01
6.000760000000000000e+05,8.875183293651921490e-01,7.103878798972896869e-01,3.633395188064033610e-01,4.747843320953465396e-01,2.465723822706615831e-01,9.800711289177466146e-02,6.193932466102892720e-01,2.688649915904669507e-01,8.809712317708076057e-01,9.613967545344941357e-01,4.241450288680248537e-01,7.174167356758344161e-01,8.584245977273622374e-01,2.563245480484265260e-01,7.372564525963128945e-01,5.481849336603512590e-01,2.821711847787884420e-01,2.140664259048994378e-01,8.441225873367329546e-01,3.774725491654259413e-01
6.000770000000000000e+05,8.251051131523099436e-01,5.870304218623099146e-01,4.715235360429059774e-02,4.926711219318262724e-01,3.213867469935888233e-01,4.216659988151989502e-01,9.675604836511474405e-01,8.283538484280767999e-01,7.701537573271911574e-01,2.009239720771497373e-01,7.939317191648144201e-01,6.299475551412891949e-02,8.277783576565419521e-01,3.178686733062874303e-02,1.782818136611903359e-01,4.523283544778450294e-01,8.522989281848595278e-01,9.016569917372466714e-01,2.418643833617173389e-02,5.561640162143590693e-01
6.000780000000000000e+05,8.355942342676694334e-01,3.092960249944964879e-02,4.341009959182260403e-01,4.568613907350014269e-01,4.355115132641164122e-01,4.676950369867732826e-01,8.488936020041767394e-01,2.435502844223624841e-01,3.828971187044991620e-01,3.311925652667419007e-01,3.903780773611844612e-01,8.543087678398031404e-02,5.931426359178211261e-01,3.686877953469980262e-02,9.787114540546429931e-01,8.574320287125170026e-02,9.225546175408328997e-01,3.980296130017169087e-01,2.330229140044803859e-01,1.190668430882344531e-01
6.000790000000000000e+05,3.741797484725634115e-01,2.286959970233944928e-01,5.221202096818934324e-01,1.133851282274471739e-01,8.242287858896774067e-01,9.762354343093908593e-01,6.352646084311996955e-02,6.014478459961062340e-01,5.931710491048355349e-01,2.335825761214381791e-01,3.940913749585077674e-01,8.732377846908141450e-01,7.456201149291831198e-01,4.665600897685424631e-01,2.468175367284168864e-01,9.334651783732026420e-01,5.038903051905482267e-01,1.188214770490124694e-01,7.660804947557109390e-01,6.389078074086969039e-01
6.000800000000000000e+05,1.406841760343501280e-01,5.794304665071425831e-02,6.842385360344961365e-01,4.640829339614236382e-01,4.933847069617932624e-01,9.104571908543309666e-01,5.635179882459308010e-01,9.196296922132513041e-01,1.769539491342739801e-01,6.249490422392309785e-01,9.786670033839061089e-01,6.506119232194637059e-01,5.625861107339369394e-02,7.895151095197152635e-01,6.394049335231951625e-01,3.914203108221114835e-02,9.946015089856889979e-01,7.343714808712106246e-01,1.168934927791765999e-01,1.846047478987478119e-01
6.000810000000000000e+05,6.826472080140133514e-02,5.886977822698372664e-01,2.889342020145285739e-01,7.800283867626293111e-01,4.753589438086464058e-01,5.840838488736946887e-01,2.812667511192704639e-01,9.102593618130535580e-01,8.614597206159091414e-04,2.303459079137089027e-01,2.003326846132998940e-01,6.513408372803812796e-01,5.657587144710174432e-01,6.279047628171496864e-02,9.753003008537637353e-01,1.893948154063128664e-01,4.636003767053120672e-01,3.422936412386353711e-01,9.799668632896075815e-01,5.971541389508724373e-01
6.000820000000000000e+05,5.958270888542502863e-01,9.651483400476628116e-01,4.060880598026295196e-02,4.202116377322728802e-02,4.892110482527871618e-01,2.939460249012514348e-01,7.968427593007033627e-01,6.737712288034181096e-01,4.736773185981272283e-01,5.292760488745225089e-01,7.059877445759051851e-01,9.369887091033130000e-01,6.340316422526220963e-01,8.437089359606757544e-01,6.521487400505946441e-01,7.251405884423218762e-01,3.712461415925715214e-01,6.719561144293236810e-01,7.074080146243278966e-01,3.258128920957089614e-01
6.000830000000000000e+05,4.212077903989025485e-01,2.613378973234594671e-01,4.948276171311232208e-01,8.507666982352247720e-01,9.691300571545174991e-01,7.973554577732389070e-02,8.031187049366141917e-01,9.123208399912974276e-02,4.148770406886829187e-01,8.769319141434055442e-01,6.740166552350077556e-01,2.985059777550068683e-01,1.031670686653841651e-01,7.947842606579125224e-02,1.888587504198007139e-01,5.288363746835713641e-01,7.360025494535541446e-01,6.382876913027856203e-01,9.078119283520058591e-02,4.128313437656073726e-01
6.000840000000000000e+05,9.380800347769452374e-01,5.085689825784197593e-01,1.971003527323378357e-03,6.096098494334848406e-01,3.804372483849028930e-01,4.893275075967644661e-01,1.339374959876651339e-01,6.805964789706875351e-01,9.925115026062528711e-01,7.194939186021601651e-01,1.237031449839454122e-01,2.013225784430772158e-01,9.049823241680594599e-01,3.538509252393772231e-01,5.486694386841457494e-01,4.365989610527150067e-01,9.551186622918705904e-01,4.657803648145832920e-01,7.826079503187580722e-01,2.959405327674053954e-01
6.000850000000000000e+05,5.093050752402025205e-01,1.488192506383418934e-01,7.680236994872695622e-01,7.454180552272338112e-02,8.786502444442702009e-01,2.873200161918043616e-01,7.590693151432129637e-01,4.052281705915553589e-01,1.773492358852472028e-01,4.493083324182726157e-01,4.535022180025259919e-01,5.491822370370011974e-01,8.935015249818882843e-01,3.709429408165041409e-01,7.029275302613051668e-01,4.497898416234195063e-01,9.276089255235387965e-01,8.405552280312539315e-01,5.197894521093308073e-01,9.924786151398496958e-01
6.000860000000000000e+05,6.668754598640034281e-01,1.229075199696750831e-01,5.244881692894268754e-01,6.806586053676416670e-01,6.215685125302415903e-01,5.918967853035543847e-01,1.650073996468678361e-01,7.259224387056554262e-01,7.855837606735108780e-01,6.676844608008754012e-01,1.390484367354005713e-01,9.539399665680972085e-01,7.979291092683306053e-01,2.036660320303701477e-01,9.827719976280724357e-02,6.429706622334158128e-01,3.568111356090544195e-01,6.702977925868824904e-02,2.487882483338823558e-01,8.863526015572262828e-01
6.000870000000000000e+05,2.965934698146543980e-01,3.787394058738448033e-01,8.261406085689408929e-01,9.040153326246153087e-01,1.131268335539996617e-01,8.321958242011306961e-02,2.769586247455306793e-01,6.698821222281663434e-01,3.617732061805452037e-01,6.944573031798557672e-01,7.741957452002323770e-02,9.366670589474477282e-01,4.726278175408987758e-01,2.580182301375566478e-01,6.104574505202107204e-01,3.396951010964166517e-02,1.825894925902469268e-01,3.408544713342765986e-01,8.862954010903403290e-01,2.646609082403834634e-01
6.000880000000000000e+05,7.585592820047762919e-01,3.063292197288496332e-01,4.648340345507808724e-01,2.768440664025639819e-02,8.297945209678427858e-01,4.119548278666007590e-01,8.693020265008386538e-01,8.506673000449295197e-01,8.892660855490241989e-02,4.517863131158861290e-01,3.520303067806932473e-01,8.910385832915633797e-01,2.995379530000276125e-01,7.378829462972189557e-01,8.546928653498505613e-01,5.881721007524443046e-01,9.137436225768135190e-01,2.537906153300933942e-01,2.318733867144175953e-01,6.984091175017689279e-01
6.000890000000000000e+05,8.919058713568462915e-01,8.003732248310603259e-01,1.689784569593546504e-01,4.610791855528146854e-01,6.775657472063959519e-01,2.667203963121470567e-01,5.945018232488356036e-01,7.538549981839159919e-01,2.234558444273042621e-01,5.569892833636774787e-01,3.924144338519797159e-01,4.172388348499097566e-01,9.688389631602847274e-01,9.393629029453064438e-01,9.430391522386372127e-02,8.157820356050392574e-01,6.486835155689376631e-01,4.535900816467197671e-02,3.090921322787387737e-01,9.188069090493937718e-01
6.000900000000000000e+05,1.273360433899118904e-01,4.060107074329375454e-01,7.019474300157219071e-01,1.646510765719343405e-01,1.254933146993654214e-01,5.748367180772050444e-01,8.088395782823585289e-01,8.567718712778950030e-01,2.630554566521667859e-01,3.207744862598295166e-01,5.046737138909850318e-01,7.302777297297644576e-01,7.837732641947382506e-01,1.836368277782089997e-01,3.134328469068348166e-01,6.813477390362856490e-01,2.991955203515938022e-01,7.658671799022086502e-01,5.302791731316418566e-01,8.777399357925823598e-01
6.000910000000000000e+05,2.302799892206784937e-01,8.707975101671946438e-01,5.093397931842817972e-01,8.929771827034790332e-01,1.012268233728170763e-01,6.554629969788017263e-01,4.897443033945141355e-01,1.721679477236995881e-01,8.968603973616002811e-01,3.062626667084841214e-01,3.626518266029159498e-01,9.223345988076357971e-01,2.182918189054290359e-01,9.606078273621770913e-01,6.844024747318303570e-01,8.124532809819130508e-01,7.580083528871992549e-01,1.393114882754511452e-01,8.513114608460722321e-01,7.853742910017305068e-01
6.000920000000000000e+05,1.921565822018546088e-01,7.665744088808712497e-03,7.111237693924228331e-01,2.905820087428543363e-01,4.301572861979386930e-01,7.888616859914004964e-01,4.630702985904722180e-02,1.839833539321200639e-02,4.750168910112317899e-02,1.064510414618766720e-01,4.339511948844448908e-01,3.319579643433654415e-01,6.904210278667398670e-01,3.598998564065540862e-01,2.790698108999192240e-01,7.531444639855802148e-01,7.340034488610645003e-01,1.112423362699955787e-01,2.667417910827518668e-01,3.092823256454220182e-01
6.000930000000000000e+05,7.858610436788352471e-01,8.387816660797063895e-01,4.512829719268625084e-01,1.654589800910676312e-01,4.061436712516408587e-01,2.495936148332766891e-02,8.513870408173437321e-01,4.191341785841319334e-01,9.783211803534230810e-01,8.805074296794350719e-01,3.263584636652294702e-01,9.636376313923048498e-01,2.816425049978659167e-01,4.664713560690380012e-01,3.756293268241793770e-01,9.182013349485992348e-01,2.800319543269425004e-02,2.277837920474171662e-01,3.458735616972505866e-01,6.869861443724756267e-01
6.000940000000000000e+05,9.954483577753916457e-01,9.586479881748249943e-01,3.604029275303233248e-01,2.165412820082064371e-01,4.126396148652032858e-01,4.040327723409072869e-01,6.860066741041465077e-01,4.220053834882623311e-01,5.369855330800226145e-01,7.578807387623236469e-01,2.731947786227661989e-02,2.109952141496115319e-01,7.465104075057413802e-01,3.822924251047641331e-01,5.784914842669082180e-01,2.869153554235182035e-01,4.559515891767107476e-01,7.042470016247034392e-01,9.143451971507599030e-01,8.715014159380407577e-02
6.000950000000000000e+05,9.976659963046083934e-01,4.626879264811540882e-01,1.776819035580901041e-02,3.888310273330801703e-01,9.857831152834202193e-01,9.849852661450788638e-01,9.306524484350233717e-01,3.831830844736735520e-01,4.548437440468109383e-01,2.952649185363258599e-01,8.530354387791720949e-01,1.480481220791025621e-01,7.389626987987181206e-01,3.753527031234037414e-01,5.985947330804317623e-01,1.930467867616079136e-01,7.968841795749981305e-01,2.266561183129696122e-01,7.817981975849053189e-02,5.788152880231167696e-01
6.000960000000000000e+05,4.178205851583871588e-02,1.418728102260082835e-01,5.384414523365490535e-01,3.004315657265099748e-02,2.417875099873944000e-01,2.124591658336829614e-01,1.646303713810243208e-01,3.662190680408466958e-01,4.473441260930017815e-01,4.559424587893541325e-01,1.278666564622400470e-01,6.937361151879373189e-02,2.640074959491964801e-01,2.656762875797307188e-01,1.140621424652517035e-01,8.830307881832016870e-01,4.097257163789186363e-01,6.878751669752025677e-01,8.438467330569832114e-01,9.485452553275937060e-01
6.000970000000000000e+05,9.882011838454797248e-01,1.653558505339414175e-02,7.031396554046448477e-01,6.005622872616601660e-01,9.634143684300071619e-01,3.137775005535362594e-01,7.413938995929157949e-01,8.000312007262834202e-01,3.596586445884523142e-01,7.909497305944775958e-01,6.917308125308000433e-01,3.479610354850366516e-01,5.138833916443977801e-01,5.340700171668231189e-01,4.826014345350582158e-02,1.579084426018836362e-01,6.118313184631962720e-02,4.943444299332656611e-01,6.383650832309102352e-01,9.469477795570180323e-01
6.000980000000000000e+05,4.566253504762501914e-01,3.893112626319756853e-01,7.564398858682348514e-01,8.858274627921873812e-01,8.191821987793737048e-01,8.751033616669964266e-01,3.412399417983094096e-01,1.404634469450827261e-03,6.388836629927840960e-01,5.733260546627294563e-01,6.149263293098080618e-01,5.377642290937901803e-01,5.521684397052190052e-01,1.259834452237490465e-01,6.796085573536083668e-01,3.500039786899037386e-01,5.876876646726344466e-01,8.434901557167814312e-01,1.447080682474712887e-01,9.867625428779491781e-02
6.000990000000000000e+05,6.438605342514125418e-02,2.652200347231570277e-01,5.482706648493557156e-01,8.052012386740997618e-01,5.954655028441998565e-01,6.799692351118843403e-01,5.500521089921101003e-01,2.337567579673704987e-01,1.180031181909952931e-01,2.247769114823181535e-01,2.111574689209223532e-01,1.007698297672993126e-01,5.847190447953619641e-01,5.898325586862428471e-01,7.825309696335007725e-01,4.440298704131998564e-01,4.879670429043292401e-01,6.083798523142130987e-01,6.503144903535494903e-01,1.914984236629391212e-01
