4.900000000000000000e+05,3.193820793073132158e-01,6.906863601299425559e-01,3.634632828855222098e-01,1.637267273953576519e-01,5.078957218282837971e-01,8.567921131123912293e-02,7.592068616538117931e-01,3.009596975263897356e-01,8.230146438140076848e-01,8.477352869787474487e-01,9.913084497937779682e-01,2.672571033610403601e-01,6.819392737681033712e-01,8.293037251924307851e-01,8.464982583001774419e-01,7.242754625802748647e-01,5.272150185296605729e-01,4.736821414350376180e-01,8.003390621465112931e-01,3.074200809622118502e-01
4.900010000000000000e+05,8.115798487899509306e-01,6.837538400600352562e-01,4.905854228394400662e-01,9.843032485491628458e-01,4.566563585942838843e-01,4.563375619603728950e-01,1.434895937239463182e-01,8.761638425977160693e-01,6.751423289294047336e-01,3.379573970259971416e-01,9.734456699273621449e-01,7.756136929617147846e-01,2.142898823456539370e-01,9.065006587839485874e-02,2.156965335934712957e-02,5.300294101053368845e-01,3.570769729198749465e-01,1.867178425414228737e-02,3.469464646587828716e-01,2.600665493838687503e-01
4.900020000000000000e+05,7.873315146079973292e-01,3.230470800959476252e-01,8.139599001482370477e-01,8.416583635134715635e-01,2.216716804819754971e-01,2.941961616368290455e-01,4.916735583428341050e-01,2.224045794279271293e-01,5.022177185914914466e-01,3.513266365467500041e-01,1.011239798727784356e-01,6.109552423251852771e-01,8.688891227542587803e-01,9.912401289434695784e-01,6.449692963119429967e-01,1.136044038111050369e-01,2.840373376703664299e-02,5.817109531206079431e-01,2.022480958305605814e-01,1.998037609316200003e-01
4.900030000000000000e+05,8.734292986030787187e-01,1.111239768014770091e-01,7.990364568712715609e-02,1.057330492042588554e-01,2.493027855294094319e-02,9.218474461951845500e-01,8.222624171077224098e-01,3.302273922973725240e-01,6.141678063709200552e-01,7.766549252473124998e-01,1.729967839096141491e-01,3.801077338918096293e-01,5.368103112283535427e-01,3.484807377834069353e-01,9.958998682040939299e-01,3.570293126660644134e-01,6.781257360813774948e-02,8.070399528019944757e-01,6.325773627489431616e-01,6.411196337479538876e-01
4.900040000000000000e+05,8.979007616751621956e-02,3.021072029824239946e-01,1.149624922442195052e-01,3.501480180240076345e-01,7.133279729488598564e-01,6.181841974012907137e-01,2.011742268837324321e-02,3.199388888275571663e-01,6.943800466301387475e-01,6.104159282406768083e-01,3.820740900632257908e-01,3.334769727217046231e-01,8.764363054496084882e-01,6.809843407332796250e-01,8.171033883005931475e-01,2.328996066092966499e-01,8.508461518629437670e-01,5.381594748959228625e-02,7.283042029215587299e-01,4.849748585364024311e-01
4.900050000000000000e+05,7.072176924874512549e-01,1.459721797289845746e-01,4.470665161375575458e-01,3.683495050116826208e-01,6.105465411357794414e-01,1.830893953347286773e-01,7.979755499817262621e-01,7.710586597489266225e-01,6.996158438816394431e-01,7.469575637047244365e-01,8.984559103417461001e-01,7.526701843246633716e-01,6.406466034382976016e-01,2.267815284353348337e-01,8.668358013250233585e-01,3.845308859837185400e-01,4.161145332563090937e-01,9.497415111824217826e-01,8.754185048954613579e-01,8.933335233821781962e-02
4.900060000000000000e+05,5.935921171566693744e-01,1.635934048585512279e-01,6.413892453861249621e-01,1.826739267783111798e-01,4.998654178560898442e-01,9.694161710232235274e-01,4.328497363607141102e-01,3.477698723279644133e-01,8.648230580429036030e-01,2.991520176463087211e-01,6.102704173584391212e-01,5.359379787446350019e-02,3.017675745172484492e-01,7.590244536323834668e-01,3.457723991820139675e-01,9.068922279180346990e-02,9.348123356977177112e-01,8.467733867023404803e-01,7.932602360924015938e-01,2.100218386999695985e-01
4.900070000000000000e+05,1.903485757371438103e-01,1.518512727926711880e-01,7.464144912452121972e-01,8.663492760359681188e-02,9.902474104814456002e-01,4.295932947229701426e-01,1.879203565040638013e-01,3.948191316420407437e-01,6.289977537640800698e-01,1.088416094308432003e-01,6.726500380675169977e-01,9.635980730321258569e-02,2.860897206796114700e-01,4.815948138944632362e-01,4.229450432327971354e-01,2.071052333251830468e-01,5.818272973927808289e-01,4.737675682364219654e-01,2.566877853444836655e-01,1.409814066024004386e-01
4.900080000000000000e+05,1.033006691786095832e-01,6.723587688250148853e-01,9.244774993971415222e-01,9.544151574909441882e-01,2.567703345756041644e-01,6.901790946662565984e-01,5.589781648380052204e-01,9.284411840345250244e-01,9.966533350054090912e-01,1.599398358272497989e-01,9.377308992719430858e-01,3.546075178235901237e-01,8.148096081920443989e-01,3.275668662667197140e-01,9.254726785070465089e-01,8.033966748769014732e-01,2.087623392654462950e-01,5.850406594842144647e-01,8.455881421473652182e-01,5.783016355169390277e-02
4.900090000000000000e+05,1.481312170508281012e-01,5.431355116994490695e-01,8.662777888474489929e-01,3.662057975738738369e-01,4.554978768530701938e-01,4.463239892798956943e-01,7.402491498750469745e-01,9.258693462535710905e-01,6.523831209447132906e-01,2.176973685078590348e-01,4.911226348332240477e-01,3.769037614659688229e-01,4.674432713442298049e-01,4.544717958630001275e-01,7.624083297415689131e-01,1.899653050236574936e-01,9.810976805703042203e-01,8.968433963799489206e-01,3.772061153891008711e-01,3.174557877981836196e-01
4.900100000000000000e+05,8.806083839932223878e-01,6.524145453104663872e-01,6.639951404971181637e-01,4.832791697004134024e-01,5.402642509948428762e-01,6.015156550435464267e-01,7.142917132496570121e-01,5.039177505072280905e-01,2.587833613688477197e-01,7.620531141461417413e-02,6.975129299413462824e-01,9.673484261569629261e-01,9.155094434971513540e-01,6.351224344705933555e-01,8.135474127641966202e-01,2.834939518389282265e-01,6.952591840667188272e-02,3.237292739251064200e-01,4.369555982444883746e-01,1.088573367969691841e-01
4.900110000000000000e+05,6.874535225092309743e-01,9.578060799360378352e-01,2.054039667568559047e-01,2.805586731078766327e-01,7.630782644241208557e-01,3.209172278092177200e-01,9.058629486440896716e-01,6.030778943245638235e-01,2.862286107182062667e-01,2.652132953050698738e-01,6.820875599919058452e-01,3.401226298242479018e-01,2.137786298044249689e-01,7.438367636591113330e-01,5.843070779340212573e-01,4.986975272229478007e-01,8.508071927893186004e-01,6.165137338422990165e-01,1.811035190872865019e-01,6.369858052258835501e-01
4.900120000000000000e+05,1.357784834855366718e-01,3.896126689583057079e-03,9.964587095309130893e-01,6.604466046955232983e-01,3.351969879000593622e-02,7.180633458511505030e-01,9.721924697993566955e-01,7.161453592314969141e-01,5.933749326506045918e-01,3.641972466605429837e-01,2.923088508602209590e-01,9.493039922067968428e-01,5.141017225477759744e-01,6.875707647173356918e-02,9.290851340359943533e-01,3.015116470547788419e-01,7.867747136034406452e-01,3.421278741105941990e-01,7.921794886627718801e-01,3.784388384325192423e-01
4.900130000000000000e+05,4.787664781517686485e-02,9.911174429771199001e-01,1.888631216053913153e-01,7.919658187762276258e-01,7.634395676490395299e-01,1.009421537104961963e-01,5.280593212551739635e-01,3.007705789918606598e-01,4.369124510597948152e-01,3.275396945421481520e-01,5.886631598642881880e-01,6.025934821025542565e-01,8.089617997575924147e-01,1.803522810344109217e-01,9.004340227598828239e-01,3.599074530966461793e-01,6.240643237462428772e-01,2.286830032992808182e-01,7.185608313149449700e-01,6.424996558690443393e-03
4.900140000000000000e+05,4.619255128631887253e-01,5.057388287172711605e-01,3.919513413463970863e-04,5.011835823151815639e-01,3.111307269003451559e-01,7.708374624128738750e-01,5.769573802229128745e-01,9.514359692830540727e-01,6.188353449779930848e-01,8.701170340273298720e-01,6.253439196073217188e-01,2.727785750437947687e-01,8.970493718045099429e-01,4.728818194151265253e-01,6.029010886347159204e-01,5.699433581848711849e-01,2.451298218147166530e-01,4.468811087272295257e-02,6.005286673152854249e-01,4.971361917369591099e-01
4.900150000000000000e+05,1.314970726908354370e-01,8.287912803110993876e-01,3.070169203047322659e-01,3.659600749692843991e-01,2.282107794787201493e-01,7.480787507543928960e-02,2.996847876462955806e-01,7.907049195234407968e-01,5.949566673609331113e-01,1.456696968373307755e-01,1.147733388109168917e-01,7.204014727208718494e-01,3.477259832095656034e-01,7.556874270148482564e-01,4.050064351973425847e-02,2.180477275493436506e-01,1.773325393792467564e-01,4.762655360220174883e-01,2.808364582203297655e-01,4.917008047889893652e-01
4.900160000000000000e+05,4.454389978558408458e-01,5.220900115787761031e-01,9.827074603772126826e-01,1.392276771613119024e-01,1.588594887598723249e-01,7.854500857310882100e-01,5.357641355083341272e-01,7.488881237200983865e-02,1.782664962487829907e-01,6.076729441591238734e-01,1.825029152938694166e-01,3.575449141309580137e-01,3.431576996601850560e-01,8.134547275796732979e-02,6.136304306954665222e-03,3.252261280368974328e-01,8.538797662189187010e-01,8.456302058414545408e-01,3.066006198591370024e-01,5.723380898310204135e-01
4.900170000000000000e+05,7.956500635879244498e-01,6.453771882965473328e-01,6.743885154886458677e-01,1.368238451859719040e-01,1.716936793650493120e-01,6.067128908648712349e-01,3.253016305910620964e-01,2.154072594156182241e-01,6.160244289983218824e-02,7.712858784131314538e-01,8.315741651789725353e-01,8.342184018098064424e-01,2.673274656361314117e-01,8.388516148976505882e-01,1.275514763173447585e-01,3.791572067562004600e-01,8.012813657170337889e-01,8.622887668619365620e-01,2.382260994774977325e-01,2.491659693751746563e-02
4.900180000000000000e+05,4.850962034659704880e-01,2.203680031585095733e-01,6.422568556191040612e-01,7.394533304167499876e-01,8.296820195190970360e-01,9.247513808290953596e-01,1.672469455705252184e-01,8.681002514769085021e-01,9.527153317621612771e-01,7.957320114639889752e-01,6.338770658767062249e-01,5.027782627577249697e-01,2.428996713868328827e-01,2.447121198055207669e-01,5.024370247515800303e-01,3.099334225874716964e-02,9.296657204159545218e-01,2.987982852163547642e-01,6.629439616863571638e-01,5.667364559913077304e-01
4.900190000000000000e+05,3.357928083940565633e-01,2.088142567833105590e-01,1.589652392516166524e-01,7.999952170427404585e-02,9.090307125471092098e-01,1.262603267700717069e-01,3.265305861526479614e-01,6.984991579025153774e-01,1.823720464327148738e-01,5.165970539405008166e-01,8.680600628848779143e-01,3.712434778946316349e-02,7.235895386642066107e-02,2.163348296624316713e-01,2.074407205733806991e-01,4.142446596388873470e-01,9.569735881024165058e-01,4.969603345043915876e-01,1.582802105518628100e-01,4.784913008390092592e-01
4.900200000000000000e+05,8.683090710070703322e-01,5.004830726769967653e-01,8.860286480968204703e-01,7.310314029018012416e-01,4.192304894394827119e-02,6.427437645401269384e-01,4.049597353190126370e-02,9.266652186426744819e-01,3.259304899501791475e-01,7.965688396947734340e-02,7.067354233310562117e-01,4.373377312302293429e-01,2.170294643326479145e-01,8.387453657996659651e-01,8.355338680758096492e-01,4.078248086635705150e-03,2.391440684600451005e-01,7.140115802438175008e-01,3.873657306375000164e-02,2.811578742307362377e-01
4.900210000000000000e+05,9.370099730592913456e-01,6.288933245181128617e-01,3.477171555342795095e-02,6.663590545546826949e-02,9.896655623216223940e-01,9.381804865330978238e-01,3.807726796811500281e-01,7.934785811920880283e-01,6.428979312973446270e-01,9.759982222316998524e-02,2.374445103857727446e-01,1.060662500426776678e-01,8.950612748151252074e-01,3.268966761464631166e-02,4.872861600235585122e-01,9.602961578352477989e-01,1.472354424315625021e-01,2.037994326966963143e-02,1.450068151308525621e-01,3.883279426861013794e-01
4.900220000000000000e+05,1.920362455161583881e-03,2.596422803558804393e-01,1.283751377625519385e-01,8.255612316264071548e-01,4.043000820733466671e-02,2.385910871384639975e-01,4.613933739542153134e-01,7.337088406060777723e-01,8.823416624248459073e-03,3.194003601596064890e-01,4.654294318299334599e-02,9.827377658878422295e-01,1.056390146741200686e-01,2.176854278081659100e-01,7.673470947058425029e-02,9.398470249508181773e-01,3.249740504353181292e-01,4.194882168024682834e-01,4.147443296001234181e-01,4.978510281465546861e-01
4.900230000000000000e+05,6.501198615589621754e-01,9.857598798254406658e-01,9.900374152581291609e-01,9.969580112204661226e-01,9.528280482025592857e-01,4.287730670190579296e-01,9.594526143102811711e-01,2.627574598569606401e-01,7.540660023779840460e-01,1.932767187803227094e-01,3.141428093369040830e-01,6.291337753762223928e-01,6.586908754697438084e-01,1.015280420450941357e-01,3.081076526537370741e-01,9.395130227401961021e-01,2.789417415474974016e-01,7.860068703058373796e-01,6.192254959816924087e-01,3.818440919177947812e-01
4.900240000000000000e+05,5.828559775210782057e-01,4.379670255874417162e-01,1.615623835363921845e-02,4.521303872074998731e-01,8.308044780471826041e-01,6.383238686365273473e-01,6.241240411373766284e-01,1.814053546896219338e-01,6.032112512562686213e-01,5.046858593940301008e-01,1.353543924910727281e-02,1.720034715765883515e-01,5.067286353058251258e-01,8.440482476267781031e-01,8.438489746468094133e-01,3.489589905847761964e-01,5.596007042380851670e-01,8.933205012169878056e-01,4.245444145292543991e-01,3.830768341404238164e-01
4.900250000000000000e+05,5.876757816146080948e-01,8.079883343008668062e-01,2.349795830850638367e-01,6.597334030823840401e-01,3.045433172932789923e-01,6.190388898224360448e-01,4.513366494488745273e-01,6.690302928256075532e-02,8.895440533107263903e-01,2.960541662173218347e-01,8.891109726470001196e-01,5.928240362121119933e-01,5.992301962656765291e-01,9.293348418750765338e-01,3.546629708872239828e-02,9.383423363574159293e-01,8.097818253748415573e-01,5.065902600894837127e-01,8.178977256021620068e-01,4.856712760953484365e-01
4.900260000000000000e+05,9.869562233831271625e-01,9.637491664022153071e-01,1.038828159437246157e-01,6.100974940117598333e-01,9.384242859800007164e-01,8.412316748203853001e-01,6.697073484832513079e-01,3.009337477374132153e-01,2.932733113543598558e-01,4.435373778922130361e-01,2.320307564505404985e-01,5.733334841618783484e-01,1.318483121670560587e-01,3.963323018664868247e-01,8.317650249620385239e-01,4.886065799358324524e-01,7.233228268784959170e-01,7.080891566602509624e-02,4.652025194395293939e-01,6.198571962357505294e-01
4.900270000000000000e+05,1.940027009187442752e-01,8.639799047029212975e-01,6.505410768826153101e-01,1.498670065021241449e-01,4.028279142337596319e-01,1.220603017239429988e-02,6.281851911366596042e-01,7.615894061833704543e-01,7.399037847201974660e-01,4.420010649489740651e-01,4.090772886068090308e-01,8.529419260144807113e-01,9.093239309909777468e-01,5.528746879765400468e-01,5.514226647594634434e-01,4.716325101514853291e-01,1.505449656905433198e-01,5.901831925141016733e-01,2.546811835476517905e-01,4.615883758780612300e-01
4.900280000000000000e+05,2.001841691876726781e-01,3.185566950886624671e-01,3.064976946689842441e-01,2.652096007361944840e-01,7.083003112627523912e-01,6.895852981671483084e-01,6.289237906917374277e-01,1.267254758645199875e-01,9.464119258849458260e-01,8.012015417233463443e-01,2.370619633609682975e-01,6.296680120466231489e-01,2.386117135575086534e-01,6.044780347487366257e-01,6.937492473049238217e-01,6.363960542281024146e-01,2.888244340599019910e-01,9.957660924278194381e-01,6.715960574067546540e-01,1.239045890371742731e-01
4.900290000000000000e+05,1.656773821396440027e-02,2.067840745673481528e-01,7.741346571757289352e-01,4.733140679264324913e-01,1.827758895835367436e-01,2.512400463435044973e-01,3.997065495273904867e-01,4.700544549944339900e-01,4.013245087219057261e-01,2.980086497486258423e-01,7.371830054800021514e-02,4.798382179124627278e-01,7.717591473098321941e-01,2.394122708650199272e-01,8.559558046462384384e-01,5.734662540766922723e-01,8.881954987465635609e-01,3.692785683522802342e-01,5.866672218338343514e-01,6.462302005776688896e-01
4.900300000000000000e+05,9.084842754438435808e-01,4.860540714580299237e-01,1.408621532948850508e-02,8.486314872112648011e-01,5.139890897606261833e-01,9.366423583097495120e-01,9.679836744121669279e-01,8.310186207347491916e-02,5.134223628777191406e-01,7.870979080563779151e-01,7.134114822947502654e-01,5.750651532869637261e-01,7.216656205816990299e-01,5.646045103977885837e-01,6.875919246853074984e-01,2.417371644631645111e-01,3.497955125785364716e-01,1.823204206032608132e-01,8.565390762526801094e-01,6.130622855111927949e-01
4.900310000000000000e+05,2.583722169698445814e-01,8.160302007292346005e-01,8.335557237479195303e-01,4.933628987366261986e-01,7.460320570980375487e-01,7.264955233246428445e-02,5.781092015933058104e-01,5.657539296680587082e-01,6.502885678655245805e-02,8.051565418439055044e-01,8.152103552010906418e-01,5.546697717377646608e-01,5.086040295438662984e-01,6.321991928663124316e-01,3.119844359687808932e-01,5.210448878429436714e-01,9.642412626419512023e-01,8.115221956611673448e-01,4.991774512933782049e-01,9.059091889673583919e-01
4.900320000000000000e+05,4.156674853283104376e-02,5.124139918496443125e-01,4.065887074997747153e-01,6.238512973243848236e-03,9.560003228547009346e-02,2.035665593200254309e-01,6.998713638728979447e-01,2.852966811274399994e-01,8.496784486235142708e-01,3.838320133750710017e-01,5.753836522423361188e-01,2.985819318222860952e-01,3.592479323139103897e-01,7.687108167315457319e-01,2.311431288298366749e-01,7.748638749234268985e-01,4.305748757690658346e-01,5.819652776443359210e-01,3.666089894537443161e-01,8.089275847420777099e-01
4.900330000000000000e+05,6.660108307397716310e-03,1.214710126296509873e-01,2.126401730374620769e-01,4.100787633738711691e-01,2.208965465310824827e-01,7.704610315425614031e-01,6.179481329245888332e-01,5.706564314262584370e-01,5.504908941297169678e-01,4.490897725408855568e-01,1.782609110849793232e-01,6.875188432295477048e-01,1.300636722255349431e-01,5.934708397028107818e-01,7.414188606757227129e-01,4.620278574259812920e-01,6.008745828535296818e-01,8.859963845950478145e-01,6.173987261887555755e-01,8.608409935952482384e-01
4.900340000000000000e+05,7.760811756304296649e-01,5.089173758012091042e-01,7.587820210188689352e-02,1.438727749151332835e-01,7.702248706254400945e-01,3.397112824065271486e-01,2.215441268815393494e-01,3.543759438657981820e-01,5.850376498618254928e-01,6.003187651427732696e-02,8.466507447577805712e-01,4.658364299017592192e-01,8.904274154246502038e-01,8.566592152624810108e-01,3.643546382524517346e-01,1.456137059517050858e-01,2.740505678232674214e-02,6.380483930837527184e-01,5.692295383588409363e-01,1.900855530841050189e-01
4.900350000000000000e+05,5.167482313244365910e-01,1.675683034641414215e-01,3.037915320716307876e-01,2.267067582454973529e-02,5.389119586162238740e-02,9.202460729208702395e-01,5.456708348030258060e-01,2.691068157673026651e-02,8.020879891863589295e-01,4.706407871083451155e-02,5.970785146074333305e-01,1.799083005131629776e-01,3.999438712939176188e-01,6.751660821082834385e-01,8.268243336038159086e-01,7.354321793603501023e-01,7.476337625884644789e-01,4.647461113397506338e-01,9.279057558457096677e-01,3.842371906443953211e-02
4.900360000000000000e+05,2.950634582135093220e-01,1.559611209017899291e-01,7.571018468840595705e-01,2.039393420504752585e-01,2.674020675672950098e-02,1.690407514180172210e-01,1.642469195391891290e-01,7.207424521354598435e-01,2.413911335279095294e-01,2.410561014971993599e-01,3.421634835882262360e-01,6.476149988465584872e-01,8.454395013142009807e-01,1.838798608441823967e-01,2.006536093190897097e-01,3.496289212496089815e-01,3.426568434088931303e-01,7.849408581359975656e-01,2.400985655346032921e-01,6.497755420824021799e-01
4.900370000000000000e+05,4.336639180189086895e-01,7.388320552623788284e-01,7.518880149483586628e-01,5.308426049034364880e-01,7.516838199077451321e-01,7.238121417102234556e-01,9.691264403198894817e-01,1.488488374904313183e-01,1.919526442352186280e-01,9.834616485873369784e-01,1.033907300218062097e-02,6.621842498575172264e-01,1.210294079374709675e-01,8.564316257262724053e-01,9.006007114282561510e-01,1.421915973879052109e-01,2.797809803375765902e-01,9.345722028341141296e-02,9.582798650871137136e-01,8.231776294822831241e-01
4.900380000000000000e+05,1.686306617623783977e-01,1.596351598812930650e-01,4.213502742347858820e-01,2.612862796505821539e-01,7.748232180973502192e-02,7.870575454550066130e-02,5.464368387184845854e-01,7.196321364770075224e-01,8.361193687761515614e-01,2.665026222883446483e-01,7.388567736338532699e-01,5.648008749353383706e-02,4.618953325648664787e-01,5.968999391332150406e-01,2.366629285744091815e-01,2.544513148188928264e-01,9.936206586637819083e-01,6.159346809605497075e-01,6.962658760723200446e-01,5.316621663316973834e-01
4.900390000000000000e+05,5.240259397637410110e-01,6.187989296591800414e-01,3.047336838282083127e-01,4.687649060924360400e-01,9.998879450000585090e-01,2.618765521093284754e-01,7.917475364762154300e-01,6.339807761051318158e-01,9.754913507889899638e-01,2.008370384453944668e-01,8.392878448247184098e-01,7.034926610541814007e-01,6.799871527413612338e-01,8.315228253512371159e-01,7.834607695076916123e-01,1.922144987735452393e-01,4.892133586421687497e-02,4.601366029199867036e-01,2.029986631737102920e-01,2.842955150538023501e-01
4.900400000000000000e+05,8.738168167038425915e-01,2.362775087902310167e-01,7.431734909453177051e-01,6.909437799571066519e-01,8.708366783945645784e-01,1.567336772677579981e-01,3.593635653819626796e-02,7.465173908657087853e-01,9.420359711799961566e-01,3.172180881924604456e-01,6.884837318090849534e-01,6.842423763355254263e-02,9.780752731463677740e-01,8.387370342584581362e-01,8.441477805442332283e-02,5.490283387534298232e-01,1.432428129363344516e-01,2.315059726692965114e-01,3.952596460258426259e-01,8.733643050104008543e-01
4.900410000000000000e+05,9.682698191993489578e-01,8.263416862977704946e-01,9.595180236280035357e-01,6.436820856377636346e-01,7.377411994843863230e-01,5.546490766124182459e-01,9.321938771557823911e-01,4.898448407013059613e-01,3.366075129807872823e-01,5.167055397952166063e-01,8.446423514326383275e-01,6.919416102092585952e-01,5.253508707086169682e-01,4.449756329500940133e-01,3.298107451003183810e-01,9.575843565662021106e-01,3.056574863007900378e-01,7.445684160708949673e-01,7.337331422104459433e-01,6.770926040954986513e-01
4.900420000000000000e+05,4.080312421691886238e-01,9.587038618550612901e-01,9.640022492293665035e-02,9.217587465343076714e-01,2.083664708523004228e-01,2.520813597493519742e-01,9.003864243186093796e-01,1.764845726958573779e-01,4.071443439475985748e-02,5.902227130632553553e-02,6.270706893879057775e-01,2.283964435241148117e-02,7.233802140689062909e-01,7.762966711709506917e-02,7.471526366868829205e-01,2.049708948443568213e-01,3.260416022220561372e-01,4.529089642440357055e-01,8.889542538738818278e-01,8.062793571514009772e-01
4.900430000000000000e+05,4.459911864556318495e-01,1.806577254424094336e-01,4.636463793516903964e-01,5.994888449132828034e-01,8.008880006999072876e-01,3.309889229130946742e-02,9.044923312536298221e-01,8.760787295258798402e-02,8.102749722323830950e-01,5.051333966819391286e-01,5.442528311891069448e-01,2.112570467574985678e-01,4.313210905806464934e-01,3.354786708108564719e-01,3.262582225764900645e-01,1.702110317198659573e-01,2.805560665172561752e-01,9.699937496902369949e-01,4.011874718068255685e-01,6.634909673149570475e-01
4.900440000000000000e+05,1.053235014776136014e-01,2.123236066225476781e-01,5.056235722062096816e-02,6.112162114628449938e-01,9.284841136231830605e-01,9.124295007294772608e-01,6.661948281213283529e-01,4.820336279950188096e-02,1.233467969637889183e-01,3.852566127634655668e-01,1.778036906278273044e-01,5.675675717838400969e-01,8.349158698433433168e-01,8.420055414000708893e-01,4.771520910452068387e-01,4.279245977435055526e-01,4.387730513766624485e-01,9.002588332113600211e-01,4.364530721587822626e-01,5.321982603683594881e-02
4.900450000000000000e+05,8.047401958029711810e-01,9.478473233130453313e-01,7.190288288665374061e-01,7.658526434476036204e-01,6.489017815110454945e-01,3.671696444229007872e-01,1.265035838970153259e-01,3.726130606286611746e-01,2.528696860168507810e-01,2.266061005991674149e-01,1.759987786243611962e-01,9.651113996577508347e-01,4.457349685681170071e-01,2.602042595038900341e-02,3.249806929708770609e-01,7.797295799503436431e-01,5.332818097651227385e-01,8.539689290499189456e-01,6.579874489200331356e-01,7.399081710549119117e-01
4.900460000000000000e+05,4.218365059812293483e-01,3.023978729726199965e-01,6.867992377310194740e-02,3.298849022883886262e-01,3.958100387145145893e-01,4.598851867563068518e-01,9.925192064740923081e-01,5.967533762634755767e-01,6.302165242012706114e-01,6.563511901214852395e-01,9.080225198069111769e-01,6.605746966302773471e-01,1.127131722347828324e-01,6.674162461728722073e-01,5.353959013532630928e-01,6.905511247618237869e-01,1.054089083810910710e-01,5.716434033043668039e-01,3.061034928412023071e-01,5.357472401141567531e-01
4.900470000000000000e+05,7.168029235357492590e-01,2.170582373554871269e-01,8.442617049857650269e-01,7.579226950578541455e-01,8.337629815709723946e-02,3.431651811603596558e-01,5.749996202248608412e-01,3.805820114684694833e-01,8.650471507586752207e-01,9.265445069170673564e-01,3.455744924119487083e-01,8.677456736726159026e-01,1.682461210523228390e-01,7.981384412895542457e-01,1.233448423695786555e-01,1.766215511581562536e-01,6.712809910819967918e-01,6.932034461322600372e-02,5.383004354251615942e-01,1.218546136382203660e-01
4.900480000000000000e+05,5.978285129745248838e-01,6.331044467328820202e-01,1.302233753406428773e-01,1.666963615082331929e-01,1.892669643822681991e-01,1.124927213376192281e-01,9.273546223187280058e-01,2.056795226701590984e-02,8.408558925686918650e-01,6.021717883963395579e-02,7.919166430645042665e-01,3.440056745482263922e-01,5.522736845799135486e-01,6.549918865596604522e-01,5.038069215369590514e-01,9.870141919684988219e-01,7.672690104161805635e-02,7.512131104621628808e-01,5.318125897022418780e-01,9.281279619757617505e-01
4.900490000000000000e+05,4.061068576934531160e-01,2.279436179970175669e-01,1.682613719937597896e-01,6.007671710945410304e-01,6.910191968726950851e-01,8.826237216847614420e-01,1.803290548388014614e-01,8.149082114378484176e-01,4.075838589573632653e-02,6.316288929482061221e-01,3.077312798321533149e-01,9.411215029900159568e-01,6.969160318920940567e-01,8.567013505773813931e-01,7.600191546091286110e-01,8.472830228976283573e-01,7.421148254188244531e-01,2.859951083892915413e-01,2.069602398590657533e-01,9.125606585424483885e-01
4.900500000000000000e+05,1.051380556467572669e-01,5.168579446184878856e-01,8.175739586539998438e-01,6.720171579552360885e-01,3.138001826786052106e-01,7.910373466888247496e-01,9.123332489590721961e-01,9.042175649019635886e-01,5.737797915046041197e-01,2.575176051548777600e-03,3.430427344075457352e-01,9.187060529895516581e-01,3.502928974684700325e-01,2.940079515948277322e-01,2.878694010159280614e-01,2.474298836245625299e-02,5.359478032304153539e-01,7.038874635386888068e-01,6.427203651919510818e-03,9.348499662466993598e-01
4.900510000000000000e+05,8.106170685339574300e-01,9.853060583508106429e-01,7.965589266716716077e-01,4.338118824956178621e-01,3.128433258489844437e-01,3.727279149126422331e-01,3.057236975482372499e-01,8.463722524870607167e-01,1.563200630559736792e-01,2.909892574824732847e-01,7.305462340688662071e-02,1.866418170042016822e-02,5.215047531422797311e-01,2.328942261702483529e-01,1.943008664101497640e-01,6.250833748626443143e-01,5.645395446624233982e-01,2.160238945009188560e-01,5.925731379863362625e-01,2.227038918652538557e-01
4.900520000000000000e+05,4.621358276528568787e-01,6.610142620608304709e-01,2.009531282599336111e-01,8.391592481815357552e-02,7.586307413327898486e-01,9.971717979797201092e-01,3.867501749513310161e-01,1.424196437214765298e-01,9.006095338794032346e-01,9.023460205078563945e-01,9.817197890860751563e-01,8.090908768639838433e-01,3.188117890145869548e-02,3.520918198121050224e-01,4.045339689754396950e-01,1.739068909447440969e-01,2.910951193896872402e-01,6.735146263437149505e-01,8.715109529562291568e-01,2.733849724034620454e-02
4.900530000000000000e+05,1.239985948309474395e-01,7.107083346809595081e-02,1.320402193781158307e-01,8.798984489680933274e-01,4.768790303749452786e-01,4.519639599960153520e-01,1.524101810219963271e-01,9.639564855555415868e-02,5.324462419183917383e-01,2.705769844112260181e-01,9.261465652365861168e-01,7.614936489771862993e-01,4.980467513468870289e-01,3.510192692947251558e-01,7.607605261179611889e-01,5.902167248785381570e-01,7.333859797909013656e-01,2.863105572176893876e-01,5.858269862361242808e-02,2.224874032878652041e-01
4.900540000000000000e+05,2.299207486781913445e-01,9.577390647250529909e-01,5.907470958895784108e-01,8.930732969737134042e-01,9.523145303337333667e-01,5.317276726793074282e-01,9.775886251814805972e-01,8.560709507497010762e-01,6.818249842947523565e-01,2.772501059431163872e-01,8.847259124573098044e-01,8.917871959818135519e-01,6.200748493113144022e-01,1.909785327976500913e-01,1.132620155114222316e-01,3.448665803306751876e-01,7.795743980199595358e-01,9.793881759854468072e-01,4.851267301056683134e-02,4.154638029512843778e-01
4.900550000000000000e+05,5.620450966145430494e-01,9.227163092272180345e-01,8.235574803897192098e-01,8.921863397074983881e-01,4.439425347871716054e-01,5.413818684879266874e-01,5.923555318383783019e-01,2.736474985949586269e-01,5.895909840870283691e-02,1.152920503382274253e-01,3.386447603260669403e-01,4.166964607484331395e-01,7.523441290403262149e-01,9.944638611056935140e-01,4.815918025509302591e-02,5.235971702333652722e-02,8.712416612512805525e-01,4.265239464597599950e-01,7.523407763880810561e-01,9.874309489144112995e-01
4.900560000000000000e+05,6.575258245315782624e-01,5.547425271086166010e-01,4.681008734508418367e-01,3.822177679175663423e-01,5.276170162595259505e-01,1.743812235902586494e-04,2.868688173889090143e-01,8.964907861469968431e-01,9.673936402814090618e-01,7.385359260785708813e-01,1.256940466552849411e-01,2.508564236279253734e-01,9.336069338195144285e-01,3.320675256158108768e-01,7.752212774389137806e-01,4.610011842868612097e-01,1.543560691451228983e-03,8.864329346744155291e-01,1.277213142315211103e-01,8.095385473965326373e-01
4.900570000000000000e+05,8.329668537228694936e-01,7.158540547123991571e-01,5.921073396892488905e-01,9.751911710410706702e-01,1.300752819883944644e-01,8.862838731310010987e-01,3.447799362172552229e-01,3.850766898165559615e-01,2.744367559521401212e-01,7.115864326792886718e-02,9.019820496106024654e-01,5.269964173033430122e-01,6.812220896721161711e-01,7.020121604817065597e-01,3.669166059133416313e-01,6.097625587082596832e-01,2.090745365170674219e-01,3.728574826513252338e-01,6.014541192570901362e-01,9.887465439516267551e-01
4.900580000000000000e+05,6.397921137662909707e-01,9.138124546849144547e-01,6.535879516690489277e-01,3.049307217483706589e-01,5.713276460315546146e-01,5.458675857191508385e-01,1.320524148091574146e-01,1.785575665972527482e-02,3.578661354267693717e-01,2.970245887465702284e-01,5.396836618242905059e-01,4.968280018987111246e-01,9.777827905180279666e-01,4.935429378127113020e-01,3.718902479757015822e-01,4.133373326476313947e-01,2.410983336877291494e-01,7.534517641421201173e-02,3.816498100419809525e-01,7.306831661421303581e-01
4.900590000000000000e+05,3.343136169989844309e-01,2.765075863859689509e-02,7.205293932710165050e-01,8.185301323126046302e-01,3.327947124739150109e-01,5.644985754557089175e-01,2.114170208407233353e-01,4.653605180911282169e-01,7.554678183429928140e-01,8.830042581569726989e-01,2.286884234901648272e-01,6.676107499750810748e-01,9.182723723182242281e-01,5.206781783887132198e-01,1.143506491794654689e-01,7.889148422725845711e-01,8.182760974844275337e-01,4.132731734116655842e-01,8.108512024411097530e-01,7.170075014431835925e-01
4.900600000000000000e+05,3.335010681369454666e-02,3.900289646345217465e-01,7.668593566539025908e-01,9.853956129143967013e-01,4.274069582920142496e-01,9.092061958446827630e-01,6.527348395244081392e-01,7.978283869043867327e-02,3.990482026271460203e-01,8.567900578813729684e-01,6.118552930708427429e-01,4.656313582270290574e-01,3.981947126097250544e-01,4.986514492560490952e-01,8.542970738169913814e-01,8.684393515736917868e-01,6.703284579393595788e-01,7.664975776475860814e-01,7.168390164140994170e-01,9.275192368124792752e-01
4.900610000000000000e+05,7.860539235105031830e-01,6.308043920395878246e-01,3.557634446440200993e-01,7.844473870928515558e-01,8.559637007034348599e-02,5.721052004436363303e-01,4.337268040886661513e-01,3.930819312118365438e-01,9.543129328967758784e-02,7.320895168751944126e-01,4.652986777973470156e-01,9.243032500055758938e-03,4.262194451552868690e-01,4.831403054653582441e-02,9.086161434990551733e-01,6.851738771473168121e-01,4.579589270517125943e-01,7.313216998555353010e-01,1.540639292870222832e-01,1.885299904390971282e-01
4.900620000000000000e+05,9.935889003646364293e-01,2.833045094242432338e-01,4.169822006065303510e-01,7.158423341983115584e-01,8.587662745031251488e-01,6.345241539020762822e-01,5.934555890018943236e-01,1.410341413906406327e-01,2.688422947812524333e-01,8.868410346815389644e-01,1.117965166739588456e-01,7.605745897435598479e-01,6.239419998705538761e-01,1.302180313863388061e-01,4.867662000116813603e-01,8.042953082760828654e-02,5.611761331985031243e-01,6.273237433074476677e-01,1.213370601798012816e-01,8.321577401489197445e-01
4.900630000000000000e+05,4.161232716346977556e-01,9.345947268552774467e-01,4.953751390908981422e-01,9.706669594583868799e-01,2.646263064340403925e-01,3.179206810380789117e-01,6.363507969762887129e-01,4.470876921132242998e-01,3.613451663164636285e-01,1.967417546666769823e-01,1.868092073928654395e-01,3.052156031571729988e-01,9.582028951823117202e-01,2.431831848436278865e-01,2.644292088642261618e-01,4.374816856299814649e-01,7.904341863350725639e-01,5.318804726851866782e-02,4.561526913507670811e-01,3.644279049018577243e-01
4.900640000000000000e+05,8.679361545580284165e-01,2.150358315448297475e-02,3.072587184277741912e-01,2.729729822907874803e-01,4.605817817328827779e-01,8.922400836760790988e-01,9.422668980473603018e-01,5.243823294005600655e-01,2.867405198646794107e-01,9.414142311358065784e-01,1.654702344218159649e-01,2.071625164053868540e-01,5.438563455579583650e-01,6.962585752956055307e-01,3.501626414668351783e-01,3.109769191738231964e-01,3.160264097281699769e-01,7.546470062297575554e-01,8.551860450988254536e-01,8.228023970117687158e-01
4.900650000000000000e+05,7.594770911486975473e-01,3.007470238935492368e-01,3.545233222383503691e-01,7.396069866491942202e-01,7.802174242517805336e-01,8.011142954724579379e-01,4.884203251364216403e-01,5.847570577903793421e-01,5.429446082739023405e-01,8.606929238404907867e-01,1.874832412220451827e-01,6.712547639335681993e-01,4.734531243336226325e-03,8.516691745427895643e-01,6.011904543951949176e-01,6.035590514213278190e-01,8.046037122319328327e-01,5.922575798205341746e-01,5.395278512271677318e-01,1.051978907106535521e-01
4.900660000000000000e+05,5.754293619946193594e-02,9.711492336145355342e-02,6.802991787409324864e-01,2.541942381638779835e-01,6.197077683353233724e-01,8.224871237680372316e-01,3.273808195083249828e-02,6.131856846447664156e-01,9.260523744195785500e-01,4.868135635333163957e-01,7.121131173330200737e-01,4.684104765279478721e-01,5.280195250649639682e-01,5.474932322786375538e-01,4.657095158701817228e-01,4.210196369820101703e-01,8.132394215083194045e-02,4.688261911447256791e-01,5.395451880077305473e-01,8.383951363629398301e-01
4.900670000000000000e+05,5.878206302553631302e-01,8.306765355018661534e-01,4.538535295079888510e-01,1.549559707255152574e-01,3.068104963794422435e-01,6.309881790984959160e-01,6.760855448124077904e-01,8.298421108795697165e-01,5.161672467633751094e-01,7.528331408230082289e-02,5.807343651106704474e-01,8.869550365242617751e-03,9.692463295915955124e-01,2.023575951858852529e-01,2.465474371954821109e-01,9.148378005314060646e-01,7.287185123674190246e-01,9.281498991767459517e-01,7.122964466064921618e-01,1.053153451028460141e-01
4.900680000000000000e+05,9.624750485500781494e-01,8.428504402719886324e-01,1.291613046466217885e-01,5.459612612516250296e-01,1.098637844994003743e-01,1.118588713911871091e-01,1.478640645414827093e-01,5.618888921144993276e-01,9.240237721031308027e-01,5.899645469028180766e-01,3.543304027768442444e-01,1.763086365954913415e-01,6.792351492544381752e-01,8.755527340604196684e-01,9.110195391593064462e-01,1.107929062070074355e-01,5.122359630448969359e-01,9.727166340730096783e-01,9.076631569120945375e-01,3.226580261461862165e-01
4.900690000000000000e+05,2.050428059010339643e-01,5.466170475943372686e-01,6.051299337186565319e-01,9.534405575650055642e-01,6.903468217555069897e-01,7.204401330589808028e-01,8.388590476319076616e-01,9.089050203536966910e-01,2.989087477718379571e-01,9.956726329641019113e-01,4.961280467254297610e-01,7.550453777149845891e-02,4.009680370352145529e-01,8.842592328964424819e-01,2.084039234929043749e-01,2.776760673887203046e-01,6.010832462394619657e-01,2.511810430858298915e-01,7.026404025407966270e-01,7.526453381773645646e-01
4.900700000000000000e+05,1.304850001441483220e-01,9.826429480895702007e-01,1.016127088876574991e-01,7.322550962790339568e-01,8.177730304679969864e-01,5.511589784142616466e-01,7.449740668637471197e-01,9.032755132269596476e-01,8.211265701616294876e-01,9.021848731591735060e-01,6.674546315649985129e-01,9.997062406137123824e-01,2.998807537177017313e-01,4.054815662287480915e-02,5.060668629475848501e-01,7.502537289850730318e-04,5.874145020250484128e-01,7.278784008435430497e-01,6.594875213996977958e-01,8.242174193632968437e-01
4.900710000000000000e+05,9.875959957148435775e-01,5.115637065084961410e-01,3.219715601236420310e-01,3.288940612275973452e-01,5.209559566241804829e-01,3.647840573711338408e-01,4.696500506757811388e-01,4.446547106153759810e-01,4.147664060128309904e-01,2.354804197890469908e-05,4.768007161068633648e-01,2.503986964020572525e-01,3.162143939281920613e-01,9.716746310930443054e-01,7.353851352147917630e-01,3.103700831866618159e-02,2.837871752433177575e-01,5.408643087062717791e-01,8.914346029511502900e-01,3.818666182392023156e-01
4.900720000000000000e+05,3.259274805736601666e-01,4.261007126333395956e-01,9.875228459762641631e-02,1.173266250818068013e-01,4.606848489301758054e-01,2.447053275658318539e-01,8.111955872021483493e-01,9.624956781313097620e-01,8.238012334427521344e-01,6.817360056828395409e-01,2.068538762922009777e-01,6.272934567320957999e-01,3.982230459212876550e-01,2.625736450668624267e-01,4.205527976310083904e-01,1.366119957750656644e-01,2.957367671440644941e-01,1.694275651383934100e-01,5.464344414349051604e-01,8.950434823820893060e-01
4.900730000000000000e+05,5.822359694652549100e-01,3.080570741062192974e-01,7.805875140386483446e-01,5.090328324669731730e-01,9.975486362973406962e-03,4.827865691071073773e-01,8.176666806773430496e-01,7.804320204390158278e-01,7.062147995926445487e-01,3.308117092832696393e-01,7.970824405247978195e-01,7.996915714352010873e-01,3.113833758237004590e-01,7.414451469900065206e-01,1.582584311858958870e-01,3.203845955126487510e-01,4.848068100199796060e-01,6.132361357437839944e-01,2.916505958907675833e-01,9.003522136966275458e-01
4.900740000000000000e+05,5.840885382420645255e-01,2.615942309083051365e-01,5.737119475957586090e-02,3.642439735519176214e-01,6.197117915191963089e-01,2.696360779493662818e-01,6.967412229435121507e-01,3.160431672472684417e-01,2.348942352404881362e-01,4.347938002828710680e-02,9.818996644771658122e-01,3.200459932367981652e-01,8.193691484291776295e-02,8.942976133507253289e-01,5.871495833604217784e-01,6.120013368852891267e-01,9.694522325532632934e-01,9.501146430031794932e-01,7.100693047975992211e-01,9.070342656937364634e-01
4.900750000000000000e+05,1.678462824072267656e-01,7.713644501886671723e-01,1.693977877950986199e-01,5.128451539378945379e-01,5.755248320777995863e-01,1.172773893374664533e-01,1.908245091613260946e-01,2.357266412715685044e-01,2.309520183252375958e-01,8.538725276138212639e-01,7.317142898940031115e-01,4.201428971381883093e-01,4.165979041361256296e-02,9.529775617959491685e-01,1.708890657202587482e-01,3.996277969557452403e-01,6.079386192420954682e-01,7.242062752410769466e-01,3.210348797081932215e-01,4.114223417022397911e-01
4.900760000000000000e+05,8.668093509239596095e-01,4.790883782199573115e-01,7.410231833665426038e-01,5.602524120426121135e-01,5.850882883259544975e-02,3.440684325602149096e-01,3.245845408645675612e-02,5.220911801754524184e-02,1.914779221599366421e-01,9.868419416929024024e-01,3.650172949621350860e-01,8.849880694674904236e-01,8.831099103397929140e-01,9.472023695684249622e-01,2.787059157529950815e-01,5.477359473383629496e-01,6.602976374195411724e-01,7.243318324442371559e-02,4.191367166939014011e-01,3.722602835956141387e-01
4.900770000000000000e+05,9.520085639755654361e-01,5.457770723661250489e-01,7.110714253375585159e-01,1.435645574470062469e-01,3.429093437613442985e-01,8.424368119959797507e-01,8.672932667298399734e-01,3.564822777264494702e-01,3.228746214054278862e-01,4.987239907206437728e-01,2.470374470985302606e-01,3.067773599220604552e-01,4.155213652606118968e-01,7.204626475435149668e-02,3.249782041969810908e-01,5.489227740284648993e-01,8.325215836960665472e-01,5.159915169447756300e-01,4.280901183945988731e-01,2.251532680566414868e-02
4.900780000000000000e+05,3.733762049865997357e-01,1.419095013177968934e-01,9.967836742315128173e-02,4.505966141735465724e-01,6.775093741688676952e-01,9.481904947997086275e-01,2.045930463642241515e-01,8.402800829347637501e-01,5.637589851707526245e-01,6.571995408518388482e-01,8.874101411689903074e-01,2.404286474034466048e-01,5.754074098533072945e-01,3.425241928008045944e-01,1.259581194770578172e-01,9.364218737831203621e-01,7.977289790355097665e-01,5.643433315567321085e-01,3.330323607377664308e-01,5.688061478164488927e-01
4.900790000000000000e+05,1.562098437259256123e-01,8.618009410469572584e-01,2.515404042113800198e-01,1.603772725822901757e-01,2.590406069499573416e-01,9.691700012261357244e-01,3.876285183370917764e-01,7.350787828029821114e-01,9.656523777724923541e-01,4.504044850821768975e-01,8.104650371985668844e-01,8.036268976343449166e-01,8.991410116570190958e-01,7.291390055814094273e-01,7.260691425848975200e-01,1.099188878621872867e-01,3.148526828511550857e-01,7.924922507471481303e-01,5.797323898618392812e-01,8.612733294006736928e-01
4.900800000000000000e+05,9.936867139888192479e-01,1.345041662295176632e-01,9.467634562846652946e-01,6.520255235129535087e-02,3.890521792517609434e-01,4.432622699889291473e-01,4.535339519296898159e-01,2.866864765449095298e-01,2.224887233268407760e-01,7.748790051638844156e-01,5.887088192061874503e-01,2.415679178644091207e-01,9.932004909578501239e-01,1.572920378942599395e-01,6.910489776235623216e-01,1.335243521555210533e-01,5.330905944981709776e-01,9.749668080127735781e-01,3.198843998467090222e-01,5.205051438295908994e-01
4.900810000000000000e+05,9.490108316869659832e-01,7.124257727243902272e-01,5.350674346061763398e-01,7.159382464488464048e-01,5.257173621182644752e-01,2.282558921371355964e-01,6.956570173155792736e-01,3.612513484345790671e-01,5.305066556405831912e-01,7.432069061599702042e-01,7.267815611343545479e-01,9.148040925088998243e-01,4.987475805336017975e-01,3.830075751311322607e-01,4.868058980883717135e-01,6.318675323555172918e-01,6.675781561086250315e-01,7.899490152770956009e-01,4.740963479687793081e-01,5.739218821955094363e-02
4.900820000000000000e+05,3.596544798319359915e-01,1.269175874525394487e-01,4.426679089202834039e-02,8.886162002127852011e-01,4.405352450597302960e-01,9.674599986960444875e-01,8.411525446367036363e-01,1.356024889241522757e-01,8.647777052773423234e-01,4.245331121326344492e-01,2.414139018979744034e-01,4.224217752709285012e-01,4.734152007287211195e-01,6.123649483658764048e-01,7.792700493616069313e-01,6.484494899666672918e-01,3.812030814195204176e-01,1.450265318281168669e-01,7.731432610951610718e-01,1.791864961026873315e-01
4.900830000000000000e+05,6.074414442385656088e-03,8.484605217740881500e-01,8.435377240792462095e-01,3.690590792323358293e-01,9.953830010219431035e-01,7.375794069110721551e-01,2.920003401281557887e-01,5.409693570562212894e-02,6.157131162093515409e-01,8.482064115374368107e-01,6.386110488146223840e-02,4.406961876264779976e-01,9.470125709476445719e-01,3.217742942153410945e-01,7.960736751806831712e-01,8.557245169373870475e-01,8.558573207584672105e-01,5.485209388098726269e-01,1.833028186915712787e-01,5.084296027754932057e-01
4.900840000000000000e+05,2.988322771359929186e-01,1.579800357822142010e-01,5.059572676473179653e-01,3.581108787362050627e-01,8.007501690930873828e-01,6.730612959553033958e-01,5.856441735774544632e-01,6.977974960994999254e-01,7.048223709645287105e-01,7.151680565822652325e-01,3.310961124943897493e-01,5.826327314133217250e-02,1.240160059510702073e-01,8.815125608478179275e-01,8.841756814967045575e-01,5.568128373918596052e-01,4.479563611335056761e-01,4.966123366291356200e-01,9.170924470867183320e-01,2.457941351787188422e-01
4.900850000000000000e+05,7.895586399473976114e-01,9.735275425936362748e-02,4.074269839398858561e-01,4.415416403168342940e-01,2.272385576497437665e-01,9.604338749013310306e-01,7.592635359653727711e-01,3.197112553719244632e-01,7.337637763845994421e-03,8.635867044393154002e-01,4.806017226097601958e-01,7.793265284393597891e-01,1.866262117694736933e-01,2.894435423729138090e-01,2.510406553628961035e-01,7.635342202497675812e-01,5.311688030865886478e-01,7.615174260857848765e-02,8.526394406979874718e-01,8.398720380073502190e-01
4.900860000000000000e+05,4.321341805717526796e-02,5.387192825972341170e-01,5.920168462851533864e-01,4.824418918543516011e-02,7.576755890062464305e-01,6.062292801399414843e-01,9.782806598153761524e-01,6.516923144779924737e-01,2.630305170737041731e-01,5.455270872029750473e-01,7.352736974312524820e-01,5.955667585142326859e-01,4.549159451941969801e-01,6.918663973273895262e-01,2.653634956677857204e-01,1.356458605535760809e-01,1.888022612137618683e-01,9.264910052587417288e-01,6.259515202002448042e-01,8.601023444013692343e-01
4.900870000000000000e+05,8.940268024272135516e-02,7.206528655621324830e-03,8.967870720537607365e-02,7.451111673906486432e-01,6.066800155029125063e-01,9.555872752116149060e-01,2.056933242693792518e-01,2.139686091775092613e-01,4.930978732036870316e-01,1.086815155935272337e-01,1.886611330089262850e-01,1.305984869219029010e-01,3.927884174311809806e-01,4.324063452921389494e-01,8.537500834563360730e-01,2.373030153532457165e-01,6.584692041861438527e-01,9.998439000687624478e-01,9.122141134027340614e-01,1.433523970588148622e-01
4.900880000000000000e+05,8.430106290331750296e-01,3.885079031439414576e-01,4.732590020400478936e-01,3.922780187081547076e-01,5.848904129137292296e-01,9.973367066979283990e-01,1.171218315053595971e-01,5.446372978625202421e-02,5.179984573487104171e-01,6.786923103001958335e-01,9.858966114942057102e-01,3.784478422366540640e-01,4.719043059499415937e-01,6.655563790080278874e-01,5.791858443695493408e-01,3.655505164706367438e-01,4.093105396799900930e-02,8.638441996596345485e-01,3.625472645510974257e-02,9.205406501001919262e-01
4.900890000000000000e+05,5.818820547748890792e-01,2.719710305218925317e-01,9.273088657523133049e-01,9.729169858507192847e-01,9.964047972102592077e-01,1.505404323550992851e-01,9.791786126579782312e-01,3.283272170827998826e-01,1.140955104809572296e-01,8.155910666045709245e-01,7.910370087994247346e-01,4.263422751757918183e-01,9.993840174867102411e-01,7.399298119239263727e-01,8.436072477992042629e-01,1.633526653703387677e-02,7.459786329883927314e-01,6.948125235930001642e-01,5.230492814033941285e-01,1.638420380887406491e-01
4.900900000000000000e+05,3.096560509406721673e-01,8.440033564275041256e-01,7.939351483917795882e-01,4.610476170698513121e-01,6.314645776199186988e-01,8.217930725584065010e-01,4.813025087613904685e-01,5.244380240690069694e-01,7.303094544747458228e-01,5.060277142728457633e-01,6.409914030422361186e-01,7.955878443612902640e-01,4.427607083215834294e-01,1.776961175063267451e-01,4.631698454149693056e-01,2.717944588298072395e-01,5.387653524690013684e-01,3.802907601961891260e-01,9.264747613386300484e-01,5.893113806076619721e-01
4.900910000000000000e+05,3.009656547644032898e-01,6.265565927912677413e-01,2.158851289721931410e-01,8.605880055312302712e-01,9.861940897736576339e-02,5.818259248430626140e-01,1.087583478131366466e-01,8.816386690097743895e-02,2.840503624058711152e-01,2.183132452164162629e-01,5.044968523300532581e-01,9.223136970448201355e-01,3.979789494854986120e-01,8.572020578642643995e-01,3.495964875115541437e-01,1.954276260172260749e-02,1.019830586189174326e-01,7.405734939343787682e-01,7.023742996888157064e-01,6.011156235060262087e-01
4.900920000000000000e+05,1.729276370113382866e-01,2.788075046192143303e-01,6.913996557332688919e-01,1.326372069561024825e-01,6.488571527989406285e-01,4.358718665625846977e-01,8.412299960620487349e-01,2.343963457004922812e-01,7.108588362799515004e-01,6.726872735739752862e-02,6.948945519621071432e-01,9.688273500705342212e-01,2.384020006840011918e-01,8.066575184609319216e-01,8.739141995327112111e-01,2.915669281999481166e-01,9.854047327852906157e-01,1.603768439676322988e-01,9.725754181284361755e-01,7.967219170100692249e-02
4.900930000000000000e+05,3.244269069672192085e-01,7.421533444075980590e-01,5.889775362952699433e-01,6.201259411660466903e-01,5.183758885335862931e-01,3.266581435929648558e-01,9.264184068592674626e-01,7.947146439261403295e-01,5.894009493837415459e-01,7.749121089109392013e-01,1.870221254712194359e-01,8.964219945507841958e-01,3.836849816509925182e-01,8.286122986187881567e-01,8.554431634199674006e-01,9.168292520868490669e-01,1.594893302278899139e-01,6.182784710808382211e-01,7.102445173032204684e-01,1.034323005264039530e-01
4.900940000000000000e+05,7.152221467840250702e-01,9.363926766501423637e-01,6.787037506584033819e-01,7.960297130874518512e-01,8.937670008939914146e-01,1.612829457713756964e-01,7.087852464246903184e-01,5.956355579943104495e-01,4.270720101787446321e-01,6.791427159467983143e-01,5.761594692412006502e-01,2.739662809891106887e-01,5.875410644431214857e-01,5.578115148676102697e-01,4.187451899486385187e-01,7.529419103513433909e-01,8.073295909449801355e-01,1.043160418832567160e-03,4.302605178430973787e-02,4.512250915564000042e-01
4.900950000000000000e+05,2.872318655987033953e-01,7.407863001262404712e-02,2.716337991577408850e-01,2.279746994207834110e-01,3.023750157767214342e-01,9.232346149745062069e-01,2.661304855725188379e-02,9.423702628039636320e-01,9.465110125894373727e-01,6.923856624624370459e-01,1.279787948509915063e-01,3.636410522373101362e-02,7.619344336889127822e-01,7.913752578903064938e-01,8.463181100931240763e-01,9.262475482293036633e-01,4.399136149527417272e-01,8.227486578184238786e-01,5.965831336541466134e-01,5.941833620808587568e-01
4.900960000000000000e+05,8.274131789087014743e-01,8.830191070311799173e-02,6.788880385977489329e-01,2.921589761890629466e-01,7.466163784579841201e-01,9.682487896025541163e-01,5.767152618373670991e-01,9.865056378746235310e-01,9.411168345704268301e-02,6.192880849428277212e-01,5.125632875235063279e-01,4.603731716376767702e-01,2.470405770577469573e-01,7.188328660532775638e-01,5.735574515515903249e-01,3.596281882614998926e-01,8.403650818623814578e-01,8.958282522500485845e-01,9.884708324904653010e-01,7.394904688083181465e-02
4.900970000000000000e+05,5.298918669420926708e-02,8.753861052249194419e-01,6.161906918029326219e-01,1.270519013629679561e-01,9.857492048619097558e-01,3.378135987748486224e-01,3.768992750379657197e-01,9.863963484057269859e-02,8.360000234199392866e-01,2.399211218097209164e-01,4.777773163660634648e-01,5.688305166697080750e-01,5.803001196712164189e-01,4.157824847724473916e-01,1.452097888958231442e-01,7.017229171914316499e-01,3.340336436453374969e-01,2.249173768242455074e-01,8.494878872749928034e-01,5.308893990099372573e-02
4.900980000000000000e+05,7.396820710244298436e-01,8.607236952987371570e-01,8.646675092930162787e-01,7.895614537005343214e-01,3.944532833617072631e-01,3.389142170886495498e-01,7.618275592920098482e-01,5.336232529452044071e-01,1.441699995279945856e-01,5.305458894801396985e-01,7.481755298604850779e-01,4.154998649290385648e-01,1.179273337936209698e-01,1.491793856805769813e-01,5.620513643790503444e-01,1.027172428887987987e-01,6.199969778674965237e-01,3.483727501831610507e-01,8.250213725590034297e-01,3.220510176640427602e-01
4.900990000000000000e+05,6.327744211319652479e-01,2.853063905210718731e-01,2.840405844662370338e-01,7.334391590149929030e-01,4.905758247806455419e-01,9.218586495618293908e-01,9.258237956378402300e-01,6.421851195090160225e-01,7.451386151824710424e-01,9.951687570660184834e-01,7.803151765463909317e-01,9.558364983042899610e-02,4.936121969457445413e-01,7.626406788562971606e-01,3.423838018701397257e-01,4.113272374357668237e-01,2.867200118773262085e-01,3.155554804756104392e-01,6.623356890321573376e-01,3.070029339525676138e-01
