9.000000000000000000e+04,1.969558045695710691e-01,7.139286087283662763e-01,5.370565747605162699e-01,1.629229799532809775e-01,4.460662303133196005e-01,5.678467589377267366e-02,2.024026198793701381e-01,7.942832787579319209e-01,7.458544993325599837e-02,1.530927277983599177e-01,4.975074413645642624e-01,5.094486787141390138e-01,5.008840434830146293e-01,7.024694681491996384e-01,8.621614423152837992e-01,7.898851407584435158e-01,6.966993036102071546e-01,7.503891097124488763e-01,6.045688561575046638e-01,9.785269223411119377e-01
9.000100000000000000e+04,9.431894442004042922e-01,8.369515483663295674e-01,3.513999457960350625e-01,3.724423032301562575e-01,5.235741682156788146e-01,3.514832087286982043e-01,1.530316140449203832e-01,5.073583950611457727e-01,1.993265021351431354e-02,9.368690781001902668e-01,3.700886047736895446e-01,1.263592469730172585e-01,7.663551482559556316e-01,4.532542280077076491e-01,5.368299897431138001e-01,9.469507173568183500e-01,7.351086722888177105e-01,8.372826569110630723e-01,9.891880192071160760e-01,9.848766065048675244e-02
9.000200000000000000e+04,9.898370125004918307e-01,1.046418339238015527e-01,6.663682760833556928e-01,4.287783729732393967e-01,2.693900216393901870e-01,6.032613067111883831e-01,3.675655365954713094e-01,4.566341239083339110e-01,2.842649905189178483e-01,1.482013964270012529e-01,9.186912426408211374e-02,9.576068021983311640e-01,8.979692729216266489e-01,3.359192930460053184e-03,7.939447415803502217e-02,5.719002232968506405e-02,6.660413557446404065e-01,7.549281767333682058e-02,5.255468454193880090e-01,2.403319905490323150e-01
9.000300000000000000e+04,3.650392589119588749e-01,5.393181931116068917e-01,6.620552669184354144e-02,1.354971491954881646e-01,9.899395927399365913e-01,7.285794894117934017e-01,7.718292558570227779e-02,5.975496766474497345e-02,2.268676997925356265e-02,7.488435629848435582e-01,6.247884201793141301e-01,7.180207434483626416e-01,3.418047703357145473e-01,1.773229235189116570e-01,7.418656064647346504e-01,6.299087535197341881e-01,2.669454263929486038e-01,6.163483211200559975e-01,8.710368768098614156e-01,5.643987293633638824e-01
9.000400000000000000e+04,6.655281222789759532e-01,9.610367036211974190e-01,6.491493997988989628e-01,2.902013357647985625e-01,4.958151495257899777e-01,1.963423321394750509e-01,5.613845484252454332e-01,7.993928495286708458e-01,7.326447266243896195e-02,6.424822599537655110e-01,8.072181417319668206e-01,7.734169982781226027e-01,8.169197765529964128e-01,7.662490876782604987e-01,3.963801230088849215e-01,4.131890895197378732e-01,8.167733669560273135e-01,5.636187482296670659e-01,9.432323567490821237e-01,8.354295985136424019e-01
9.000500000000000000e+04,6.671631330583969177e-01,3.078615600950110887e-01,1.426884395261321936e-01,4.601250393762710278e-01,5.269721568392733424e-01,9.305157508347073891e-01,7.965982377803048076e-01,6.386007843692087516e-02,8.873986346607809494e-02,1.343775951442262029e-01,3.737367631296082404e-01,8.710185294340083706e-01,1.081231208521394871e-01,3.025474288281979618e-01,8.491748743857313597e-01,8.460891482617203252e-01,4.650944925948589104e-01,6.378928506031291690e-01,4.081685871247131558e-03,5.797492349595624317e-01
9.000600000000000000e+04,9.197644076108933975e-01,8.170230636136754931e-02,5.939660220035096749e-01,1.052453698265285453e-01,4.701837721004439308e-01,1.832082923426099352e-01,9.522054917871439761e-01,2.373880622955651942e-01,9.438864802469100201e-01,2.565047735641829973e-01,9.049959219831271717e-02,2.774515574135905105e-02,8.981721442061947336e-01,1.541392330565460878e-01,3.154032040234311385e-02,4.570400722014674733e-01,9.097881699098238073e-01,8.328822602401809716e-01,8.981280112394041115e-02,2.820183405690865897e-01
9.000700000000000000e+04,6.465332720517212861e-01,6.741264803060754707e-01,5.243969873614430233e-01,1.662114755186868686e-01,4.507414880173732374e-01,1.318850549659643656e-01,1.471281018334403834e-01,4.073749010872396159e-01,4.649473886705698389e-01,5.991895703222616110e-02,4.694965510221535965e-01,3.909593350546450852e-01,5.021116655837026821e-01,2.245448141759509575e-02,8.041918547958245567e-01,3.132635898870662627e-01,5.199909203092217824e-01,3.148298569476930542e-01,1.449105628442076688e-01,3.601614580079268713e-01
9.000800000000000000e+04,4.012971875666517807e-01,5.924239695663060523e-01,7.484210802251978212e-02,8.441664162667927851e-01,1.519578171686647439e-01,6.624536082357783684e-01,6.641269192948862088e-02,9.100295583619986139e-01,9.623873199815842217e-01,1.045084220826194565e-01,1.189175750880591131e-01,8.477782955774303408e-01,5.979293953659440275e-01,6.750868404796241951e-01,8.360886048045274022e-01,4.100063395659746535e-01,5.900531697306643508e-02,2.006334448980316987e-01,7.144193077467851927e-01,3.078098585859361247e-01
9.000900000000000000e+04,1.354677749840327294e-03,7.594060587832949238e-01,5.240821792563332693e-02,5.764059030542614259e-01,5.781329611206855734e-01,4.031637304943197497e-01,9.315378503466770210e-01,6.816142342050109937e-01,1.217943132935191963e-01,2.778416010601794106e-01,7.715134502150262641e-01,2.941518442442263570e-01,2.564131394316896406e-01,6.453010330397523919e-01,1.322700404296393017e-01,1.612331061447837000e-01,2.161455528449942598e-01,5.091876510481226914e-01,1.824932103988250454e-01,1.412810904256668332e-01
9.001000000000000000e+04,2.652110765102780876e-01,6.218486934033993219e-01,9.731034535546559949e-01,9.993512176028216398e-01,1.763189770662976219e-01,8.151637758769025854e-01,2.754772146451767156e-01,2.352882140692020840e-01,1.892327359638389384e-01,2.538389260817528470e-01,6.817641057119451231e-01,8.531283456223549555e-01,6.803352715579306098e-01,7.464106561285683838e-01,9.699076323990162285e-01,1.311551306881731938e-01,8.029693870522048860e-01,1.314071620803899387e-01,2.854203704066283764e-01,7.117007256686280758e-02
9.001100000000000000e+04,1.623397322937263354e-01,9.993529271485224186e-01,7.211122043242826907e-01,1.534270625120023324e-01,6.551027843682682983e-01,7.614314918241184005e-01,1.004143077469987766e-01,2.132507871288653600e-01,2.194050669277569643e-02,2.498636737266403118e-01,7.403294754247125020e-01,9.294910626793297936e-01,8.406059923409663348e-01,1.867001121166073085e-01,6.712777403157810241e-02,4.799308240495758771e-01,6.795428289945244504e-01,8.365942621689603786e-02,1.615812595163806931e-01,3.226434186028727114e-01
9.001200000000000000e+04,3.761309926278824101e-01,4.667364231926073304e-01,2.955287629941204530e-01,9.835256307362003625e-01,4.653613774729215002e-02,1.640249874301756838e-01,8.992519114846980743e-01,8.012984103626101806e-01,7.896794118681189634e-01,2.565283220963713307e-01,2.505015038458159315e-01,4.506259532954178804e-01,3.394879887744385316e-01,5.937597497867349583e-01,8.234887035980547054e-01,4.951501882304515378e-01,1.600936740688851945e-02,9.966343856526254097e-01,9.887421331226037280e-01,3.486291907330858475e-01
9.001300000000000000e+04,3.050867679307843749e-01,1.566707648535875519e-01,9.271640405055111556e-01,1.167105121973034398e-01,3.312741145293028877e-01,1.467949607299094961e-01,3.931378017562692229e-02,5.842525195421736095e-01,9.226392532556230153e-01,7.896595667344529224e-01,2.342534311850077433e-01,1.986200248831854198e-01,1.247647450178756001e-01,9.315024403873004566e-01,1.586506390421369428e-01,7.298168607773096728e-01,1.971135906075860422e-02,9.331727798033514487e-01,5.683179677632710369e-02,2.879313110982704149e-01
9.001400000000000000e+04,7.702124847971971722e-01,7.211388698788703255e-01,4.680336815528418626e-01,8.948650582325400338e-01,2.662534752328310494e-01,9.722517966897248343e-01,6.627683304753281268e-01,8.789194750435560533e-01,8.974731242958083888e-01,9.745160677105290103e-01,3.920495804220026637e-01,2.905733354352098008e-01,8.514522185117866515e-01,3.956593976170722504e-01,7.087602350523658501e-01,9.412393018232805275e-01,9.874879974160852836e-01,4.653058983412795557e-01,2.887010011281149202e-01,4.176359061626087055e-01
9.001500000000000000e+04,1.902232665409413492e-01,9.395974777229100239e-01,1.286482575618435042e-01,9.265282103249679047e-01,8.566889061113622805e-01,4.793488734422735043e-01,4.719251865222219289e-01,4.931114561013828501e-01,2.637346196876827475e-01,6.461031057995767490e-01,8.143426076978991235e-01,6.376320830882981072e-01,6.500048144164295438e-01,3.299854288340794417e-01,7.812831408049272230e-01,3.652134057989731009e-02,5.943539829476403025e-01,8.092993742180273342e-01,6.837673612905719178e-01,9.301994649625444644e-03
9.001600000000000000e+04,6.388723520664306710e-01,8.157088469901794259e-01,1.674004175485346302e-01,7.240935714110067201e-01,4.208302419098104430e-01,8.111385493809238900e-01,4.065177635636445519e-01,9.758715188857316480e-01,8.763268586572012797e-01,6.920169060547136652e-01,5.418740859480882799e-01,3.661122212032086320e-01,5.000870454381194374e-01,7.126142574223218729e-01,6.633817228695405577e-01,9.404336244642552689e-02,9.333820283793088368e-01,6.372146953509627565e-02,6.028614380357022462e-02,9.428823190484604266e-01
9.001700000000000000e+04,4.180579046657020292e-01,8.408109974503917838e-01,9.276091366799067428e-01,8.945837098614350946e-02,1.749937458399000167e-01,6.811460716719005548e-01,5.023829650410127634e-02,6.575483473805469048e-01,2.971481467162214729e-01,1.132048426181404555e-01,8.647772871684167306e-01,7.572107650377460919e-01,9.728907577814660534e-02,1.821641012867245557e-01,1.240938434776589494e-01,1.424725287796002604e-01,1.854350767827330770e-01,2.807967838754128476e-01,9.836091169239151721e-01,2.517583941644507828e-01
9.001800000000000000e+04,9.544097820162570356e-01,6.788126313433858749e-01,5.708598761114410669e-01,6.415164816754900245e-01,2.315051874502332963e-01,8.753066317457302015e-01,9.927166954534202281e-01,7.755503838327605370e-01,6.538348680374217459e-01,7.999305648885047804e-01,8.453674285256675969e-01,4.817725395846294001e-01,3.280661355739072915e-01,9.596508228144015051e-01,8.553092530757415712e-01,4.573287999353257138e-01,1.860811472644425812e-01,8.191773619445952281e-02,7.636127144281287249e-01,8.732502989769217461e-01
9.001900000000000000e+04,4.674579339237517894e-01,7.657532849041399636e-01,5.207253058429094361e-01,1.028260048826660222e-01,4.256268601042211275e-01,9.560957108000956994e-01,5.888567183169707286e-01,7.195185117935369856e-01,6.981435666559608899e-01,4.398159028475223664e-01,1.832856216071065969e-01,8.040726091496657180e-01,5.128463172952010263e-01,4.770286150731838370e-01,1.268504422155891653e-02,8.365057442985668335e-02,5.097770991554124720e-01,3.613297459298032699e-01,3.866234564889113878e-01,3.827911502442276070e-01
9.002000000000000000e+04,7.783402544153332769e-01,2.549173178781636295e-01,3.527242333974256461e-02,5.425849255144900019e-01,7.288362682555019623e-01,5.904611662936503080e-01,4.323224280690837196e-01,6.347745202844512491e-01,8.561894820184086097e-01,5.325806976594329445e-01,8.599314235994692801e-03,8.160656290789043421e-01,8.653850574619670333e-01,9.453933997983945403e-01,4.708875002729463466e-01,9.324010432454374886e-01,1.372121262841355938e-01,6.190757840023096703e-01,2.127105971969250886e-01,4.239904470924151791e-01
9.002100000000000000e+04,4.133462297088167370e-01,2.600748559178012176e-01,6.710288561554267339e-02,8.821664102461757029e-02,4.615918141154385923e-01,3.084296292501789161e-01,2.535350310206879731e-01,8.635345690473378300e-01,5.198700234334854287e-01,6.742617074534438260e-01,3.758082668900686318e-02,7.761682400220598632e-01,6.330466246701950128e-01,9.787191153099772389e-01,5.923111961193930908e-01,4.454121605668955874e-01,3.581126448155791397e-02,9.149118971559015989e-01,8.570048664890238532e-01,6.456737625675262882e-01
9.002200000000000000e+04,4.039405927057559964e-01,2.987661374963243022e-01,8.586929040974503602e-01,6.710173374776551292e-01,8.251402378538954530e-01,4.810986495962874532e-01,4.366012809752355395e-01,7.204472969347920364e-01,8.470611625585949822e-01,1.582513789298569673e-01,2.917723013281957600e-01,8.458897904962917602e-01,9.141225628903817402e-01,2.640827223775010779e-03,7.716610138888532200e-01,8.913057481783326352e-01,9.656419800668716302e-01,5.479392942900848107e-01,4.558238183625601403e-01,3.100422514103012839e-01
9.002300000000000000e+04,6.656042826783720168e-01,1.581037378220925271e-01,8.497250525718451630e-01,3.827328371852332101e-01,1.838695012054256672e-01,7.083412518586428286e-01,5.119724588187100078e-01,4.364853211589673210e-01,8.271824587009795060e-01,6.120651200002060754e-01,9.646638376193256148e-01,6.472253920950878925e-01,2.688368353820443923e-01,3.274635545362707401e-01,2.392827795145279213e-01,2.727894312308654090e-02,7.709606070071557404e-01,4.085587355534363585e-01,6.047650303427007934e-01,7.356670192707439604e-01
9.002400000000000000e+04,3.021611166651005931e-02,5.110755964293247633e-01,1.593770855408342957e-01,7.824072800854177112e-01,4.516940154601435387e-01,3.516966388196008930e-01,9.597679151839091372e-01,8.723917171306232454e-01,9.111772536056466087e-01,7.205075085929238954e-01,4.313519766654824172e-01,5.721405455411376906e-01,5.418865095096940809e-01,3.941049265618065123e-01,1.468947393129771406e-01,4.199291316288528142e-01,1.827612774962473763e-01,2.755851398424483678e-01,3.900904105405819111e-01,6.827059172500618001e-01
9.002500000000000000e+04,9.089410407328446517e-02,4.658655735303146583e-01,3.396286923886747688e-01,4.426736974243483669e-02,6.756393135768438141e-01,3.090048829073365200e-01,1.402654604920443582e-01,5.975681708712974327e-01,8.933382131996417952e-01,3.811620607729767629e-01,6.928781034749621481e-01,2.203098370956703134e-01,9.474184213905952889e-01,2.510458870673049070e-02,1.966895050008961032e-01,3.161632201538606690e-01,6.722961141308704258e-01,1.153531266952915191e-01,5.712101340712827380e-02,7.418577876711834884e-01
9.002600000000000000e+04,7.567665948719524138e-01,2.252775208518995598e-01,8.440902727288146501e-03,7.416481194230833962e-01,5.754212687244760760e-01,6.294408954166217374e-01,3.564477188375323458e-01,8.995236839475745372e-01,7.302372600618434184e-01,5.019438411185382920e-01,9.714873172792360956e-01,9.683041992461873804e-01,5.824200347501925501e-01,2.522888260928134452e-01,9.012165537719456498e-01,3.675164641201357218e-01,3.510454593472371876e-01,7.296399306498162485e-01,7.488952930017357401e-01,6.098337737643492185e-01
9.002700000000000000e+04,7.824206573702406908e-01,7.073771078648084520e-01,9.146043752867438759e-02,5.096425757447650140e-01,4.983003137372865599e-01,3.023412708348417466e-01,2.811999028850687976e-01,3.310790358485369289e-01,7.129101085165467921e-02,2.264997916834999847e-01,5.608399963132925103e-01,1.188977343810561083e-01,4.610889695818048972e-01,9.479934979197941480e-01,3.780122815767812394e-01,7.414154032544132411e-01,2.150717291794257413e-01,7.005510640333740824e-01,7.879738669390023986e-01,2.411298217535046140e-01
9.002800000000000000e+04,7.756451750247947974e-01,7.128653982008276158e-01,9.572329388399043459e-01,9.127306091129141485e-01,6.012205342446845791e-01,7.530305228668221496e-01,4.568271177877637479e-01,7.662572602249987375e-01,5.264966349360030717e-01,6.985384348566658907e-02,4.933376510580846919e-01,5.294628662592215651e-02,4.266672135285028977e-01,6.689155968499316263e-01,1.521487633569762465e-01,5.018289339485972889e-01,6.467324187278304937e-01,5.144892273963798113e-01,5.215101235901952181e-01,9.561592788142851962e-01
9.002900000000000000e+04,9.005520171662846352e-01,6.774511757663506106e-01,8.101556264945514174e-01,4.488142571278025406e-01,3.891744239164877106e-01,7.650384214773648939e-01,4.045802098897333110e-02,4.760045901290566039e-01,9.238955317962761482e-01,5.198172199744696131e-01,6.899144479645415995e-01,9.684196205089655729e-01,7.276545571406419777e-01,3.478101571886186294e-01,5.956994932252281938e-01,5.619936066645684347e-01,3.582898622187903337e-01,8.308241467426640270e-01,7.496274582585756852e-01,9.160285217574347660e-01
9.003000000000000000e+04,2.319572901871305159e-01,1.056555006208523828e-01,8.602334810860368108e-01,7.837039341657544567e-01,3.168708826205921536e-01,7.317712027147267317e-01,1.405769210857764628e-01,2.565213218835837861e-01,2.774546086040563520e-01,3.069085560137158053e-01,6.369761686593138350e-01,3.031463404736821632e-01,5.560669732371060769e-01,1.013946921040440596e-01,1.234275809930789336e-01,2.566907527150006363e-01,1.958941602916284275e-01,7.305413142649676006e-01,5.204498884338922826e-01,7.252233697950759561e-01
9.003100000000000000e+04,4.251076439720720135e-01,1.953542171318471965e-01,6.103991930576880831e-01,3.831142356997385701e-02,6.743861883610025032e-01,5.293666560201744087e-01,7.629740736499001086e-01,5.242221683759815676e-01,3.554644070149658441e-01,2.896584660724240701e-01,5.271549719600023831e-01,1.878402340392044678e-01,8.884857504551523233e-01,7.437089803204023353e-01,6.055190865131940825e-01,7.148936082390164870e-01,6.176323397368983503e-01,8.648839763759724741e-01,4.375839234074672124e-01,7.451209334072425028e-01
9.003200000000000000e+04,1.560897924643104284e-01,3.512451971134671336e-01,4.922089119602260920e-01,4.545773178369860723e-01,8.867666151709598932e-01,9.258028993725114786e-01,7.519873166476821469e-01,9.505982316894140416e-01,7.980644105853895720e-01,2.833839438681992062e-01,5.734281881063587605e-01,9.505452211040569255e-01,8.996968364227979631e-01,6.039727796359833922e-01,8.442772079648543926e-01,4.685438586524282023e-02,1.874262330582292524e-01,7.868073550481218259e-01,4.590993522085460299e-01,4.437410372514055679e-01
9.003300000000000000e+04,4.025016030220225360e-01,6.633177150142739453e-01,2.910277454231148253e-01,6.689788936245774087e-01,2.142797160493853381e-01,3.513146017223450768e-01,3.006851787349620331e-01,7.834120261830803678e-01,2.959446329656443275e-01,3.302451210156804873e-01,3.215731251295314008e-01,5.376641152341188334e-02,9.962608569023487792e-01,7.173019250858974072e-01,8.266602692089837223e-01,1.977316473821036924e-01,1.469460327900700136e-01,4.694549844637947444e-01,7.576051221150296167e-01,7.377010252837824522e-01
9.003400000000000000e+04,3.025177510579876161e-01,7.271400587495633339e-01,3.426614137931650594e-01,6.393416627198389435e-03,9.226894831113328088e-01,8.207004031491583751e-01,6.761041107464116351e-02,6.275889257064977134e-01,3.501605613963326702e-01,8.696580210029954960e-01,8.093127226973447774e-01,3.764642209297840436e-01,7.171048501993825264e-01,2.552899614478038037e-01,1.845879730800211727e-01,1.076112590763920185e-01,5.219733790796141637e-01,4.898262687954123562e-01,4.008475489950914517e-01,2.575093482600004924e-01
9.003500000000000000e+04,2.683224198833370489e-01,1.719597015624776404e-01,2.563402557470412235e-01,2.574569444905272508e-02,2.350521839240987676e-01,3.731602455617958336e-01,4.547398920731455796e-01,5.930671541794506618e-01,3.568552216108924480e-01,5.190579517269612309e-01,4.201129650935587767e-01,1.136317093477010598e-01,2.827843679364482332e-01,4.228033854040373907e-01,2.367798185169409653e-01,2.245335226040746646e-01,1.433201929168337330e-02,9.691937361023594821e-02,1.478327030636039652e-01,5.915126393319382059e-01
9.003600000000000000e+04,5.132070583604108061e-01,5.968835613702002663e-01,1.437854191817722338e-01,2.819391009300842299e-02,8.849809981103105017e-01,6.653632403805288531e-01,9.792200677076144943e-01,1.241276573534680905e-01,5.536790227971858380e-01,5.557197199174924718e-01,8.715454045163610886e-01,2.552006611981999518e-01,7.207041399240025070e-01,4.360709244273774932e-01,5.278920718701418657e-01,2.871908024882420252e-01,1.515172568879405990e-01,8.240010984480379275e-01,5.284029701938440793e-01,5.467282672318415360e-01
9.003700000000000000e+04,7.427182265349130397e-02,6.440315176675662778e-01,9.092052730991535547e-01,1.991358815404756788e-01,8.746519440774328524e-01,6.173152285560374875e-01,7.390124439391171363e-01,5.418324921790089732e-01,7.580739723392458940e-01,4.421973025400227630e-02,3.360931227337793370e-02,2.011486724128949133e-01,3.772259578898666810e-01,8.185313030168384074e-02,9.387690585533917664e-01,3.468124130157195228e-01,4.484470005224295841e-01,8.875708025922190991e-03,4.894603826773291644e-01,9.222916381900175820e-01
9.003800000000000000e+04,6.977738486106246363e-01,9.945325081172791126e-01,3.995682660439973111e-01,2.629979017555490461e-01,2.790330955414508374e-01,9.903670100456156700e-01,5.479960583290931497e-01,9.107561085552017266e-01,1.195028296414194502e-01,2.361485796568347784e-01,1.293681474003434140e-01,2.775980448463704064e-01,7.346740765458202871e-01,8.277276700100228979e-01,4.962108532517880422e-01,1.524790660390294983e-01,8.535007247631827276e-01,7.390532578261828078e-01,3.761865431177722208e-01,6.113923534896935630e-01
9.003900000000000000e+04,3.753008356155115299e-01,7.968701629650574159e-01,9.130101761868736343e-01,5.992476424703685467e-03,4.071737733148119709e-01,7.045759343673465569e-01,1.481245559631985120e-01,8.395216029461757268e-01,3.986902626696553487e-01,2.517450647134261699e-01,2.800068635264145733e-01,3.122485375277340713e-01,4.471498023461599747e-01,7.531673022741469659e-01,9.031909224600606079e-01,2.362894611950466794e-01,5.948653677009065888e-01,6.626188819098642879e-01,2.753637104151125392e-01,1.684118725023275864e-01
9.004000000000000000e+04,4.040696457731315361e-01,1.250354803758244593e-01,3.389439759838118738e-01,9.739312032292808397e-01,3.804718254189123350e-01,7.011522287857346880e-01,1.653746751572735540e-01,8.598235214920774139e-01,4.395348560792962100e-01,7.385807538684996398e-01,4.363950839357986222e-01,8.977641814986808688e-01,6.685162146244605363e-02,5.044545418466923614e-01,7.193331689764463910e-01,2.931439506476831713e-01,4.680219329716822640e-01,8.384840401442452684e-01,6.780538833723832592e-01,8.824438159900027667e-02
9.004100000000000000e+04,3.971239771404737606e-01,1.630683841741144002e-01,1.281947652390058590e-01,1.523850413355058997e-01,8.462569917369324735e-01,8.735391889649749553e-01,6.104463454771185127e-01,6.818635334063118947e-01,9.837470566324595378e-01,6.464987515864494272e-01,9.032705730929364574e-01,2.887889200572451021e-01,7.317331445560153469e-01,1.112236438163333174e-01,5.923049723994197047e-01,7.218849665364801549e-01,5.125701437632990132e-01,5.643757768202195546e-01,2.781854568323930410e-01,6.126844634681094526e-02
9.004200000000000000e+04,3.433096041764314155e-01,2.162769472188745823e-01,5.426101371348046598e-01,5.600255357543502122e-01,4.297527364922143489e-01,2.265308875905168717e-01,1.910853171833600816e-01,2.527696286849496765e-01,1.455482016416503876e-01,4.310690330578312857e-01,4.970168480550419821e-01,8.299715445174004058e-01,5.989866085886165203e-01,2.198943995526860817e-01,3.581916013092133477e-01,1.445954014705062018e-01,8.589563621984488417e-01,7.197954941301321075e-01,2.919410555839786481e-01,8.051183051086530096e-01
9.004300000000000000e+04,4.725067814683658884e-02,1.133913611991674841e-01,9.163890960713803047e-01,7.629872398870151118e-01,2.806419326746588672e-01,1.941995521837688310e-01,3.836017727323426385e-02,6.021237028484085485e-01,9.349892030979980451e-01,7.296536223872553961e-01,9.864332173718249885e-01,6.630933377847747501e-01,4.116478120528566098e-01,7.137507504175342188e-01,6.725091070224877843e-01,7.363602325246411118e-01,7.081414225225679537e-02,5.848742562748896479e-01,5.853145956364685931e-01,8.423798510489138858e-01
9.004400000000000000e+04,6.814356355703810042e-01,4.897348274632140619e-02,5.683520950448468501e-01,1.812659625976692501e-01,7.471873860861499850e-02,6.740584262823722250e-01,5.863920609679805773e-01,8.677669593950382287e-01,5.966431955309262625e-01,5.711349499763306303e-01,7.881911624391303439e-01,8.988511266158594193e-02,4.849409113916969272e-02,5.679832358085948885e-01,2.697822190849344937e-01,1.860221305263661806e-01,1.487927009893944552e-01,9.130901650694079885e-01,9.280292006863157805e-01,2.975456120369901480e-01
9.004500000000000000e+04,9.881767244926207283e-01,7.444105368582532023e-01,6.773113133150110432e-02,6.534658651321223477e-01,2.644524297919781386e-01,6.840993382959914548e-02,9.495755084926207346e-01,6.545689048650661368e-01,3.983343502595382279e-02,4.163735817996477850e-01,7.721667974724764072e-01,2.457018255538002682e-01,7.924010602407123294e-01,1.326435639655659804e-01,2.283323874658583774e-01,8.274353435726138351e-01,1.032139059413981208e-01,8.054658627254063230e-01,9.183596049686537643e-02,2.156427838479414438e-01
9.004600000000000000e+04,4.854200609235069797e-01,4.550408258826609265e-01,8.756646335699899142e-01,5.848192614950187274e-02,6.599680398886748067e-01,6.586269509002024014e-01,5.109388608581498792e-01,8.842023372897280797e-01,7.802929541631838939e-01,5.697920473065639646e-01,9.610777195874490308e-01,8.433703893671533613e-01,1.427095813148532288e-01,4.379792208806925213e-01,4.351472007683576670e-02,2.795454158152554935e-01,3.927916888549232155e-01,5.444216465177598163e-02,2.504512790987784010e-01,1.774675232078684051e-01
9.004700000000000000e+04,8.647163281862561002e-01,3.909721911917268811e-01,6.480557696369011467e-01,5.213542496417655769e-02,9.165250138035119232e-02,3.660997195076065580e-01,2.811208500729536208e-01,1.879739421661957843e-01,1.557024596555329765e-01,2.854986032258195472e-01,4.356446464412130348e-01,5.860832334809467081e-01,2.973388839657760130e-01,1.203569824994031867e-01,7.431348693495858360e-01,9.554741866446436749e-02,8.067761084794291548e-01,6.541584629468508716e-01,6.283190257836501758e-02,6.608992091203280683e-02
9.004800000000000000e+04,4.598104677146814812e-01,6.282919668917850142e-01,6.045269123698617797e-01,7.953196915115956500e-02,3.952844348448648626e-01,2.045569897886242439e-01,4.835907140402496696e-01,2.116391502263670343e-01,6.712951503123685271e-01,6.174706201642392589e-01,2.540270082536459917e-01,7.371161118618487773e-01,3.834040905186153481e-01,1.431002560237973897e-01,5.458538846356483232e-01,7.982202550993823253e-01,6.377860151424161739e-01,6.174392401526423990e-01,2.638440704948082915e-01,1.798996533614096727e-01
9.004900000000000000e+04,5.555967844332510008e-01,1.831913555495200407e-01,6.373541646971466745e-01,2.454897456317196580e-01,9.177559242169336384e-01,5.350982992891366585e-01,9.091774026361744143e-01,9.318810063630184048e-01,5.200328472370560062e-01,7.492573942043538882e-01,9.279135102534136204e-01,6.658279283064236775e-01,7.429545982767659096e-01,7.883379349560027949e-01,5.508910700201822275e-01,1.917520689080950413e-01,4.692921922714670124e-01,1.005545353133513453e-01,5.532419047733283524e-02,1.610590521329340330e-01
9.005000000000000000e+04,5.262462994113641379e-01,3.557288768339398333e-01,1.412261362442948087e-01,3.097559102119185059e-02,8.347938954736513484e-01,7.511968807479180166e-01,6.642815585186956362e-02,7.124537853411949673e-01,7.168677518123223180e-01,7.535103414663213428e-01,5.071958341991128494e-01,1.366915812983786616e-01,5.172612567271855921e-01,6.532420330832175992e-01,7.888866712620886679e-01,9.014499140951237610e-02,8.952830857689275668e-02,6.832940988514675240e-01,3.859697727075886986e-01,7.990515516128171569e-01
9.005100000000000000e+04,7.509608089168789968e-01,9.505891183719394899e-01,2.175584995120039000e-01,5.061695237456037555e-01,5.393858540909154398e-01,8.746269144825608022e-01,5.467622021394902276e-01,2.305270150971738818e-01,9.420388713606606679e-01,9.973485246120392667e-01,1.449302632697517801e-01,6.070950931061668276e-01,3.903206600382815861e-01,1.406989962953619777e-01,9.108142933682938924e-01,4.361253666965545506e-01,3.647527018894699546e-01,1.172290098284763937e-01,4.739094758509413419e-01,2.180683239685222707e-01
9.005200000000000000e+04,5.942642385066642108e-01,8.411975371391280376e-01,4.686902091536778725e-01,7.969377850712773270e-01,5.094782595862750174e-01,2.545801214874766627e-01,1.210809089511887260e-01,8.243935710318658350e-01,7.380245618412939468e-01,9.925661394450546737e-02,7.090564622227594205e-01,2.072980511853167451e-01,4.347355148574338912e-02,3.508844351509663451e-01,6.069996421830025080e-01,7.543485923294334095e-01,8.606424764610932643e-01,3.916395358801753046e-01,5.227706930993408774e-01,5.699330147308586669e-01
9.005300000000000000e+04,7.616453825679414535e-02,7.930307787726100788e-01,5.563529244181228961e-01,9.069622609255874046e-01,2.795891857432186711e-02,9.555321168505023222e-01,5.833585965811878271e-01,7.681688607195872320e-01,2.724099953499815596e-01,1.539831192456859732e-01,8.768344043099363105e-02,8.269250761173155828e-01,1.941133621472024284e-02,7.463910847063892628e-01,5.497265109510786063e-01,1.748906552494223776e-01,1.927317878094194636e-01,4.489456676964254100e-01,5.326998961461948401e-02,5.029546517392722293e-01
9.005400000000000000e+04,2.165767106434823841e-01,9.815277112870246512e-02,8.889778584303820175e-02,4.865839330657641959e-01,3.978736535035054533e-02,2.286959866678051068e-02,3.506984536657062890e-01,9.882472063721059463e-01,3.730552639981655760e-01,8.914141722135850987e-01,8.595802871126050348e-01,1.019408651750230987e-01,3.909426206377480950e-01,4.500286308959952075e-01,5.340353316339689904e-01,1.588050569116807864e-01,3.375131269496125519e-01,6.513648331516324053e-01,9.611939397394121398e-01,3.535308885403802837e-01
9.005500000000000000e+04,3.039191444821683907e-01,4.190804037457789288e-01,7.899284627199210096e-01,6.273804960061551972e-01,6.288901160634550180e-01,4.832357200075972914e-01,1.438595101410418131e-01,7.549495510529649067e-01,7.564392741273251453e-02,6.546306662764915796e-01,9.074025988410284738e-01,1.652785619967235275e-01,9.365396540950438053e-01,4.607900390379245925e-01,6.026440515597557557e-01,7.011080475831036329e-01,6.300408020616612426e-01,4.496621866694683334e-02,6.279948834381482436e-01,9.234307782790613928e-01
9.005600000000000000e+04,1.956605554617079079e-01,6.620757253266396081e-02,9.253740597783839394e-01,9.035151057247692297e-02,5.746699304315437962e-01,6.138257717439383754e-01,7.531375559514733586e-01,2.630593410542081401e-02,6.219520693020501589e-01,2.988314128574476314e-03,4.440484708666178060e-01,8.200346423166902099e-01,6.172605367103406460e-01,9.989869667018629329e-01,9.898475136334375923e-01,4.607242783021306964e-01,9.925334028843677547e-01,9.998797527712152133e-01,8.857451579736276281e-01,8.475506356585286172e-01
9.005700000000000000e+04,8.680351223629730884e-01,9.087736576082701134e-01,8.832677105787858363e-01,8.488701475101153582e-01,4.280352346212901171e-02,9.456287249520046734e-01,2.768632590072237498e-01,5.871600860922758791e-01,5.908252397785849208e-01,5.216468288493028016e-01,5.215656003141795338e-01,7.352732251595057722e-01,3.013236114978468105e-02,2.409976269202940280e-01,5.711759385867332117e-02,4.985825648169406321e-03,5.699720281311939640e-01,6.983597294797601052e-01,8.316116585256549953e-03,1.101464425662993518e-01
9.005800000000000000e+04,6.539492294858617605e-02,2.252671830946868514e-01,4.009776564874045768e-02,7.023600032371073443e-01,3.811347816055630222e-01,9.225628655303577119e-01,5.494253154686714602e-01,4.333547344343041674e-01,8.178332918033323073e-01,3.105592165996724496e-01,7.978159576724330737e-02,5.816676723868648979e-01,7.861991359911667532e-01,8.208751522076829232e-02,2.702181085149095718e-01,8.246598131227254047e-01,9.887788223419213818e-01,4.868930413687596603e-01,8.323850299956782051e-01,7.628281829285784577e-01
9.005900000000000000e+04,6.248015210235411399e-01,8.393701847355842238e-01,4.703739229529400045e-01,8.894557304792066743e-01,9.663579516560782956e-02,7.973648748668877850e-01,7.918272168675880573e-01,4.257684717200465041e-01,7.372153021790217586e-02,1.184252490524002610e-01,8.530271012236112504e-02,9.038936145807093814e-01,8.419460769471933670e-01,8.470796395901600828e-01,6.792655949522961034e-01,3.385110274068532377e-01,8.030748470873816380e-02,9.443739134473266850e-01,2.844470102997288530e-01,2.153743206041978109e-01
9.006000000000000000e+04,3.670558904306195913e-01,9.170130885807095122e-01,6.799073225590266389e-01,8.440520556824447906e-01,6.662373073955153435e-01,1.756845070816712706e-01,5.634429579688616796e-01,1.851929646365358950e-01,5.059747138411722078e-01,2.987022246012197568e-01,5.609213773065924169e-02,4.347310891241802366e-01,7.542622519919006674e-02,7.580818455361510999e-01,6.619639313733539643e-01,1.334862759295463164e-02,2.596503600681254742e-02,1.347357085631242235e-01,1.505552337697056986e-01,3.188899048735861497e-01
9.006100000000000000e+04,6.867352945101190542e-01,3.939773989583429392e-01,7.622841854862693056e-01,6.767152479959678280e-01,1.683196065670117259e-01,5.254185780484714741e-01,4.924018043169811065e-01,4.025153129785407069e-01,3.076965092000102375e-01,7.444551257765895658e-01,2.372997298948686939e-03,3.760595801162929241e-01,3.623746500355951028e-02,5.999674834787523947e-01,1.457834374612447803e-01,7.869859041003468558e-01,1.085025991366197484e-01,9.449077072485119189e-01,1.661808754577426273e-01,7.562778225416088018e-01
9.006200000000000000e+04,5.084941500545488990e-01,3.128033629694018103e-01,3.965868160943389897e-01,3.031945828582196523e-01,1.649535463634850263e-01,4.883359098804962439e-02,9.910283254472913583e-01,8.925969853402957455e-01,5.773895403119589931e-01,5.822120094242089205e-02,4.354526944125420851e-01,9.606808222446213685e-01,8.115553587914817735e-01,4.062109058926026695e-01,9.824776041907592461e-01,5.695795626212226681e-01,1.528233461958572459e-01,7.262624327981271888e-01,3.709681949881461493e-01,9.152543485584807570e-02
9.006300000000000000e+04,3.966867299273535430e-02,3.510549777232866431e-01,4.213733398890336934e-01,1.479504043255980283e-01,9.556649976993607520e-01,5.450984288145337420e-01,2.357908294141187744e-01,3.441631873931395580e-01,6.032189710123403437e-01,9.336371917727211978e-01,5.069898514652936283e-01,1.144611504464073670e-01,8.308836532695919042e-01,6.080875650319246262e-01,8.221286181199527476e-01,2.907016933341094456e-01,6.723238071574539898e-01,8.770301122558067375e-01,3.910098847153430368e-01,5.074997970102268496e-01
9.006400000000000000e+04,1.329556319073578186e-01,1.049278857126453302e-01,8.573537867442067029e-01,4.459662805697964805e-01,1.963746895080258348e-01,6.661510802353651783e-01,9.506075273613011634e-01,1.819177658784084661e-01,6.373265964367735847e-02,5.000295216352235173e-01,5.149483273141691742e-01,4.395641186610300677e-01,4.439817565335077987e-01,7.007299813165124291e-02,6.526952927668041582e-01,7.739619643536970184e-01,9.660727716917282271e-01,3.810816628275000006e-01,3.022414830779399653e-01,5.497977695892233285e-01
9.006500000000000000e+04,9.237484875717790755e-01,1.434952016408284070e-01,8.235245785508804595e-01,6.843521585828404863e-01,4.681709250691135082e-01,8.578266049287320838e-01,1.235188589545234139e-01,1.501769950036849766e-01,8.382878102760293881e-01,1.967818799934684115e-01,5.530652253338088631e-01,2.884749435097871961e-01,7.688781504751908136e-01,9.087002991616066616e-02,6.807148145498210789e-01,8.417229215749962856e-01,7.656162152589185421e-01,1.219386057881410856e-03,2.998401194935916836e-01,6.485185817171292832e-01
9.006600000000000000e+04,1.184365381008837259e-01,6.813776641112154753e-01,5.035832480265618472e-01,2.366811983918291062e-01,6.866334064423663675e-01,3.246615927066055507e-01,4.538924621335447274e-01,3.289715272447145678e-01,5.561969402264119733e-01,4.623852465866029604e-02,4.070802064156950895e-01,6.254284323341579022e-01,8.309738289066131989e-01,1.305113332796715708e-01,7.696569371158292761e-01,2.285274826711021223e-01,9.731355348164555386e-01,8.920676572434538265e-01,1.435066640240899583e-01,4.495936986774987654e-01
9.006700000000000000e+04,1.571760064604944551e-01,8.000602294726835151e-01,7.321989253937777331e-02,3.695687042419064650e-01,2.969226646802805014e-01,1.660406922304429322e-01,5.841665478327807692e-01,9.176208037548753138e-01,2.670204830371999405e-01,2.810441173182336438e-01,5.175398774552014691e-01,7.200863327960913551e-01,5.346180957028364711e-01,2.860180774133614934e-01,2.575639021082838376e-01,8.883441647873784319e-01,1.988881152584331957e-03,5.503990117365635815e-01,4.257878325070065806e-01,7.298247809703528599e-01
9.006800000000000000e+04,4.114477685734462264e-01,7.619727107447920034e-01,1.141026058271563670e-01,2.309463864596920102e-01,2.149683303646889865e-01,1.046910497919594230e-01,6.946652394709579292e-01,4.397664420277527242e-01,2.326089961123888328e-01,4.633397479568857058e-01,8.130065494049973918e-01,3.355096974334346172e-01,9.681592752932832724e-02,4.045963318224244931e-01,4.277028969431162508e-02,4.521477444909927090e-02,9.566178504685073358e-01,6.373828362515362445e-01,2.762711580120928989e-01,1.449770963882361929e-01
9.006900000000000000e+04,5.364790652454902720e-01,3.128682111856726511e-01,5.795283162606015281e-01,7.125745464524616546e-01,2.791284794857018525e-02,4.975560883632383913e-01,8.493229530592741883e-01,5.475040609679895365e-01,3.778361371615315267e-01,8.384338981292338566e-01,8.143875305932196662e-01,4.029981039427300571e-01,5.410302185807993602e-01,8.203522987486857598e-01,9.911657955117081364e-02,1.997715507224937515e-01,5.371759306702597048e-01,3.514032054283411366e-01,8.869648422546964062e-01,7.487173033553260471e-01
9.007000000000000000e+04,5.437896830741414389e-01,1.696816324793530839e-01,9.682960897835222180e-01,7.376025521372601146e-01,4.400737900961863014e-01,7.989026443575530934e-02,8.937674824257063610e-01,3.945589288655843019e-01,1.813295729775489251e-01,6.240311092134034343e-01,2.085880610992761897e-01,7.691497260656013912e-01,6.070061490911433655e-01,9.994315507675191057e-01,2.038910082351389486e-01,4.000192924261724015e-01,6.833192772505840562e-01,1.436848111099302550e-01,2.403850931047016859e-01,6.379381131122046078e-01
9.007100000000000000e+04,1.248391269442211682e-01,8.645250020052477335e-01,9.020779262786929875e-01,4.268530769331768671e-01,6.176594965430937112e-01,7.219028952392694265e-01,5.120384339483780023e-01,5.043801434021151220e-01,4.424240291329980534e-01,2.129252405685897465e-01,5.718138236850466294e-01,7.551080993463380464e-01,4.963336452778807084e-01,6.013122564186246244e-01,7.814664773157035116e-01,3.812853171031516109e-02,7.902287954305600159e-01,4.870648467519471669e-01,5.062548739515104756e-01,4.756884070726103975e-01
9.007200000000000000e+04,8.161890994670524258e-01,9.152547417691764275e-01,4.670848307698501900e-01,5.826124658184747007e-01,1.060967325227557545e-01,3.049429929699609687e-02,3.131356479418302419e-01,7.079650328023295858e-01,7.336558709821558999e-01,3.743885211147314207e-01,9.557349304944516843e-01,5.875711664756549935e-01,4.751271040435085524e-01,3.423905262005751959e-01,5.641623125734841482e-01,2.593572986569169236e-01,4.531832593927045405e-01,4.797443738391355961e-01,8.141332058173578190e-02,2.937602856381573702e-01
9.007300000000000000e+04,4.926991195858179129e-01,5.269482124130112632e-01,8.336394750205001758e-01,1.435723175511709471e-01,4.804980738955297870e-01,1.844104295509442215e-01,6.912235307630787418e-01,1.054656029220979452e-02,6.077855584916858067e-02,8.169767942458132648e-01,1.652817488153168757e-02,9.923226140702979814e-01,7.238538024728489173e-01,7.657903006379366273e-01,6.739209709706808216e-01,2.595259283390004557e-01,8.914206913595288384e-01,9.960957146944469098e-01,6.124965195331482093e-01,6.277308819022291431e-01
9.007400000000000000e+04,7.297900735766846836e-01,3.466334098242549455e-01,4.773224045491094580e-01,9.238097987277953393e-01,2.345589637450629095e-02,5.390072529988974015e-01,4.811676526823106537e-01,2.215905789658879632e-01,1.698778381950838412e-02,8.153915545315514324e-01,5.664249774725942377e-01,5.374480827313296016e-01,2.479309487733617479e-01,9.832602064158590949e-02,5.108847915746825841e-01,3.104500361295099431e-01,8.782601554832286661e-01,6.436958995064994138e-01,8.091538877702501020e-01,5.180697315023421456e-01
9.007500000000000000e+04,4.913820867429228301e-01,5.515316216764113433e-01,8.449248124151527151e-01,3.173349894898598311e-01,1.501524710608137525e-01,7.130098776071436273e-01,4.064753046608501341e-01,1.219083851202302782e-01,4.870562795096693431e-01,4.986536743693581464e-01,6.134241410722135468e-01,5.756451097594050825e-02,7.867828977227764309e-01,7.345155701472684262e-01,7.825536832602725257e-01,3.492319019209616515e-01,6.505020739123331674e-01,4.417916384790162576e-01,3.386955310408970021e-01,2.191800684130458254e-01
9.007600000000000000e+04,4.204534369644573610e-01,6.135468582606717902e-01,3.917509787448535397e-01,4.246019158459937159e-01,8.335269336408421825e-01,6.649782577192127064e-01,7.226976684522004035e-01,7.677258234866610742e-01,7.521206069159284135e-01,5.052071333859985414e-01,3.100012890936408860e-01,6.184817164236863229e-01,6.174285447627072543e-01,5.406435927376956885e-01,7.462985463530324992e-01,7.670282532091532435e-02,1.925526880994747891e-01,7.195016888747995942e-02,2.738257326452985252e-01,3.400928121467307053e-01
9.007700000000000000e+04,4.435221776605445809e-01,7.097140200768281559e-01,9.573397488547590317e-01,5.131116293201665179e-02,8.101204947933892120e-01,3.785964889067664485e-01,3.160020213942844602e-01,2.705542443344149950e-01,4.706418017423377176e-01,7.538854675818232876e-01,4.654161477129393765e-01,7.164838990198156843e-01,5.498598128175503641e-01,5.779553700571175012e-01,1.192228899189583524e-01,7.609211539167970439e-01,3.999594669310604367e-01,6.289411843973961025e-01,6.095751250231022933e-01,5.741844737225756390e-01
9.007800000000000000e+04,6.119428787608874876e-01,5.544664339895366556e-01,4.049644156206633205e-02,7.624672768358463637e-01,8.855091499515298503e-01,6.554272615589149531e-01,6.876483699573547881e-01,3.730125383308054987e-01,1.996766357518654500e-01,3.100116315778009835e-01,3.077459674191140859e-01,2.732802874059593323e-01,9.929990333399830726e-01,8.961614851190624620e-04,1.687876942733661512e-01,5.187742634623453419e-01,3.432477180760099555e-01,1.693163322079588307e-01,6.739675626274680420e-01,5.727025298700298972e-01
9.007900000000000000e+04,7.039454944687112414e-01,2.165180639153654329e-01,4.982590995366098507e-02,6.932664430634601915e-01,4.854351957299658515e-01,5.766903236058552595e-01,8.962847901446177046e-01,3.714102865665042108e-01,1.466738573336013873e-01,5.954782367527573506e-01,7.710277896523700658e-01,3.239647644516105984e-01,8.610097021385855198e-01,4.159549368405113245e-02,9.775874151905941112e-01,4.246959856291077084e-02,2.434292889478296695e-01,7.018977484810554612e-01,9.142669313544993237e-02,7.000789896235231069e-01
9.008000000000000000e+04,9.585531670439814134e-01,7.135338074418242638e-01,4.866455265508087269e-01,6.286543822514792934e-01,8.894926235153804983e-01,2.709479085191146552e-03,9.715590154276965151e-01,3.204946295277640855e-01,9.682959307986110931e-01,6.381119471222014283e-01,6.391812224017016097e-01,5.871029931078184383e-01,2.654788895941646576e-01,7.846356152182489829e-01,4.741961731202773978e-01,6.576833250788290952e-01,1.443279995839455987e-01,2.437421673797799393e-01,8.487355832637930586e-01,9.729610204544633101e-01
9.008100000000000000e+04,6.561930378664103669e-01,8.380568566617764281e-01,5.886112972410832977e-01,1.012376851665290900e-01,7.154079903123372608e-01,5.052877045463934902e-01,3.883578991174450046e-01,7.641944611150990330e-01,6.961851536852949884e-01,6.395440207420745038e-01,4.511738063843260260e-01,5.727090327648050039e-01,4.364350343435197122e-01,4.540898139355543650e-01,9.102034172914459376e-01,2.616210662383406937e-01,9.937355541312697937e-01,7.783380890922049211e-01,2.293656899319244102e-01,4.226300450864414193e-01
9.008200000000000000e+04,8.720200025673692235e-01,2.540303871232687527e-01,2.252867148584363211e-01,6.741989799747974965e-01,6.386013111532199416e-01,6.764371558591932843e-01,9.588887235019261102e-01,7.944222478711392421e-01,7.008625367854982580e-01,1.382972311741673677e-01,1.167873340788794234e-02,8.748283110849404132e-01,7.316185837006179415e-01,5.120448873938071577e-01,8.378717870204832607e-03,3.597847126654030170e-01,1.703901385929040835e-01,9.715596782802727871e-01,1.685145002682227888e-01,6.902957908378476448e-01
9.008300000000000000e+04,1.384919009599789863e-01,6.863900097062363148e-01,4.225003725462397330e-01,3.325849546842805093e-01,6.330251871645100614e-01,3.365148779810249735e-01,4.161149605009550889e-02,7.277169171350502674e-01,5.879905800886991996e-01,4.223639467152676685e-01,8.143238817696939469e-01,6.355114898531092349e-01,9.279492214883222623e-03,6.089495168293449501e-01,4.772870972711770188e-01,8.941410426173987958e-01,4.173144679181906014e-01,1.556370171095452504e-01,9.373668846825945478e-01,5.936405824334313186e-01
9.008400000000000000e+04,2.865424685741350119e-01,9.459910400140257858e-01,7.705820627892379093e-04,6.158184545648279773e-01,9.121627691176902308e-01,7.120159705490624047e-01,6.751177437994264618e-01,3.122060197397912296e-01,6.026191463752670341e-01,7.177149959927523470e-01,4.133720868504143775e-01,5.031518333633274720e-01,6.459305128194472445e-01,4.803768151118278373e-01,8.473875506817742931e-01,9.799292260214265138e-01,7.158830499416779514e-01,6.966010355856778746e-01,9.058251466809814634e-01,8.092427628494742731e-01
9.008500000000000000e+04,7.591146179648078363e-01,6.284581690469227544e-01,8.702447405735056485e-01,3.544740034584491495e-01,6.290643051332694968e-01,6.797344656429971099e-01,9.601263593646658379e-03,8.331461293215181030e-01,6.979426562697637060e-01,9.413841849798375572e-01,7.567887339955361448e-01,8.896766611652022760e-01,4.040133367805697207e-01,9.380855785395767477e-01,3.133886494381493693e-01,1.289289555796908626e-01,7.300253466028722160e-01,2.799083368444817976e-01,9.395183984917038211e-01,3.048888142081174202e-02
9.008600000000000000e+04,2.015219903473208785e-01,4.581263782365366799e-01,4.258106385212523382e-01,6.598205699354944276e-01,2.175961840727148600e-01,6.844624164856927262e-02,3.072949220771989953e-01,8.919156036785208519e-01,2.752274849895530728e-02,9.334222451586138281e-02,7.226124034822750675e-01,5.754807471677717556e-01,8.356297302424476880e-01,6.638651323911696212e-01,5.787953928525864100e-01,8.862553345014202444e-01,5.271288942580679704e-01,1.898638337132102505e-01,4.792214056804955380e-01,9.043004595139924051e-01
9.008700000000000000e+04,6.781006822880336626e-01,1.443444245093152833e-01,1.406356145405879277e-01,3.531928246336004662e-01,2.977378291711180180e-01,4.294849241713706300e-01,3.810431165846823731e-01,9.963400864610502117e-01,7.685301550467998899e-01,3.911156726756004343e-02,4.199135558646168720e-01,5.677525253436864761e-01,7.002389633320840190e-01,5.701829303001485494e-01,9.257585699235467702e-01,4.394845554656812148e-01,1.300208895446473001e-01,8.753499984404081724e-01,9.161605504243172104e-01,7.475918736911403295e-01
9.008800000000000000e+04,5.363955297987227366e-01,7.893504312838042214e-01,4.124930949859950680e-01,8.697607599045815707e-01,1.415990598334938566e-01,9.164410239055241769e-01,9.992363062462901180e-01,5.702426730120079279e-01,8.630132239431023145e-01,5.955911144957887204e-01,9.757826081696963083e-02,9.952242265297719381e-01,2.082151840202590698e-01,3.951477866851806908e-01,6.428634105364259277e-01,7.802889226869351713e-01,4.966258464696148289e-01,2.193838512107325611e-01,1.583811136880963755e-02,9.460000577918467046e-01
9.008900000000000000e+04,7.951751457562901138e-01,2.281241148577483058e-01,7.806408226119145866e-01,2.120639933780726905e-01,8.568035747860736073e-01,6.797710344535679017e-01,1.630231824685424158e-01,9.311913951134759282e-01,9.024853899296216841e-01,7.526217825457446331e-01,6.289983357623278870e-01,4.030460942389763046e-01,3.560021490111811016e-01,2.196021411284141411e-01,3.877508242033755881e-02,1.468344905754953578e-01,1.342225563158621071e-01,4.380881478590133993e-01,7.142571272381058600e-01,3.437257527635018128e-03
9.009000000000000000e+04,3.122357600871424888e-01,2.482053902292463698e-01,2.646573966952091572e-01,3.539871891616359623e-01,2.896112732518281163e-01,4.079790257830879785e-01,8.120459556364461040e-01,6.290911356304528246e-01,6.180265256226920023e-01,8.993574025257464744e-01,3.407943084872783190e-01,2.678466919928548240e-01,4.686802798884860399e-01,7.963804977353863279e-01,3.919431032454642194e-01,7.723652775248674995e-01,2.900760277601822645e-01,8.490968123096346298e-01,4.586650664162834623e-01,7.483459095831486163e-01
9.009100000000000000e+04,8.231963337218084487e-01,7.660314916432777732e-01,1.375828029716272827e-01,7.739872310841119374e-01,1.595742068809143932e-01,1.102505563243560971e-02,4.368266676199643594e-01,8.524962667912840963e-01,6.094816749785023635e-01,5.520441189953763095e-01,9.694849671579541805e-02,3.347313530587021635e-01,6.570229599033734491e-01,7.767964834864833357e-01,7.200952286154131965e-01,6.981983367982361743e-01,1.604928712704332128e-01,1.785523097668635373e-01,9.134760412545593899e-01,5.965268943773416321e-02
9.009200000000000000e+04,3.074099922665146645e-01,1.703429611139801736e-01,6.244961602217887764e-01,9.196181372589085079e-01,2.346873708069843190e-01,1.958185642720926545e-01,3.528969384236194662e-01,6.312519676320652584e-01,5.461568454206726653e-01,1.340244972480832963e-01,6.907077184888092969e-01,8.779649520635390836e-02,1.674591017942171911e-01,9.847460882107746949e-01,9.729195481036007065e-01,1.220708484311022746e-01,1.789084815160305597e-01,5.609438289233348307e-01,3.032598909573505086e-01,9.998347914850749252e-01
9.009300000000000000e+04,6.401597524346438473e-01,9.514473088442454429e-02,3.918365887863995978e-01,9.418031142529198485e-01,3.794892288799937008e-01,5.422971494258350678e-01,4.895676138514946096e-01,2.944139945848424089e-01,7.666777878222233999e-01,2.184285916171387898e-01,8.223470292644141644e-01,7.114517372960768027e-01,5.890768395972802995e-01,2.634387321740930821e-01,4.632769006527653888e-01,7.587879203569022346e-01,1.501310522730235908e-01,8.261920135942423249e-01,7.765571089907690183e-01,5.391274835349729733e-01
9.009400000000000000e+04,8.772818987869417384e-01,4.775179074339844787e-01,3.214841304001848643e-01,6.277060199295465548e-01,8.780846690622716721e-01,9.792947098921618299e-01,1.469545853587680417e-01,6.562448282189987658e-01,7.171445031679816173e-01,3.190400949869645064e-01,6.050258568740217724e-01,8.944054515148287532e-01,5.731813526741774689e-01,5.689981310480441978e-01,7.918375432684892079e-01,9.699761001670245131e-01,2.596380433803202603e-02,3.276670577225065939e-01,1.182882385580146245e-01,9.370548889596200803e-01
9.009500000000000000e+04,3.439059192890818739e-01,3.487521306690980483e-01,1.485157129663694509e-01,6.805852655448605404e-01,8.769656043652956923e-01,5.967721962168509586e-01,2.596620103385942624e-01,5.756179738246919309e-01,9.137426150434784233e-01,4.430806112560748966e-01,1.191850468419816123e-01,6.749802200856105383e-01,6.967742715788312058e-01,7.418330052950775633e-01,4.157816972810652878e-01,7.308999794316548559e-01,4.528154700482278638e-01,5.316143606840006974e-01,6.477071962189457910e-01,2.960881628237110874e-01
9.009600000000000000e+04,5.544228344482532433e-01,5.425093113945927970e-01,7.775348973230445937e-01,3.958131136102505110e-01,8.630615134673591538e-02,7.853926630843289791e-01,3.204296864654210264e-01,1.590132283189154005e-01,6.423359880210192108e-01,4.409845560172832579e-01,3.882161110883851629e-01,9.068757677053259636e-01,6.171498960803277756e-01,1.088351728615593039e-01,6.058383224293932834e-01,4.676801712232961927e-01,3.426604188819811769e-01,6.740173111860592314e-02,4.133121357639438775e-01,9.612162819086609300e-01
9.009700000000000000e+04,8.865770932421298545e-01,2.546650504734644382e-01,1.479458950059719946e-02,9.387603667857371548e-01,7.380586729988288797e-01,3.811758813947335733e-01,6.705309249997186694e-01,3.194904559527351751e-01,3.523184402194641240e-01,4.993760644974750695e-01,4.128139943305220161e-02,6.989567259310626168e-01,9.426755020762140891e-01,9.162057348377006250e-02,3.422360335979512946e-01,9.007466384362413647e-01,1.869727528222154822e-01,3.961317959415799894e-01,4.218475565454972154e-01,3.394548649125890272e-01
9.009800000000000000e+04,2.791050962173990957e-01,9.196657717248839514e-01,1.159789633453089941e-01,3.263686141978000554e-01,3.524584862407220687e-01,2.477786936834139864e-01,4.612967192386122628e-01,8.923997997666945903e-01,7.002635016850302652e-01,6.486133938158865631e-01,5.390463712745188207e-01,3.719792087375684009e-02,2.570258388124909699e-01,4.732852399900860929e-01,9.471145567725408609e-01,4.501243437576042394e-01,2.483881724459204854e-01,7.746640995605637015e-01,9.010232953727248528e-02,5.769191857139451818e-01
9.009900000000000000e+04,4.954612840800234341e-01,2.381369022432779925e-01,2.901685344195917837e-01,2.799717258266412045e-01,1.606661109241998009e-01,2.620599471134624769e-01,3.938767417042536856e-01,3.756440892896369954e-01,7.764940198650973624e-01,2.017039477238476985e-01,8.563031152016463698e-01,4.222701746653236832e-01,6.503153089165422118e-01,2.585238712138769879e-01,8.681946713879925559e-01,1.366790338636524327e-01,2.715438509023683222e-01,9.665668598924143096e-01,1.205443065696967242e-01,5.687047203978612409e-01
