2.800000000000000000e+05,8.485136404797311016e-03,7.105386463841839584e-01,7.424345691607732167e-01,6.554775629934040948e-01,6.089065980188568261e-02,2.412690197289070193e-01,2.373001888458217135e-01,6.682218612197475816e-01,7.199604554003974366e-01,3.521106070582741276e-01,5.074995137694041647e-01,6.755510944185922906e-01,5.306215458251978268e-01,9.083282028906242145e-01,5.921746874953822681e-01,1.244723250063262121e-02,9.412323321599447290e-02,2.756704867096707590e-01,7.829668285751962831e-01,4.635641767424175663e-01
2.800010000000000000e+05,9.050854855915402286e-02,5.038817498757004465e-01,4.824641108926657207e-01,1.387516050171102577e-01,6.759219491547494574e-01,1.432604071622334274e-01,8.604531723241855001e-01,2.347601915661756689e-01,5.544051880682918654e-01,7.802060014300485902e-01,7.815326465730474403e-01,1.188427137848270254e-01,7.000217946706913663e-01,5.349736781106452232e-01,2.414277222966687564e-01,2.899892103391680243e-01,6.657833678630522556e-01,8.628237729543831724e-01,3.224105985256090490e-01,3.734976396485135686e-01
2.800020000000000000e+05,3.794253013222319559e-01,7.512857093836033950e-01,1.731634988236837591e-01,5.341294922337591622e-02,6.353609983112162851e-01,9.208242954463101704e-01,6.869071379410522926e-01,6.779961830079916929e-01,3.362865081379640131e-02,8.002469476305680285e-01,6.099193911741445095e-01,1.980523305051545835e-01,4.362777117556515538e-02,4.585824018762831855e-01,5.301553038661659389e-01,2.361874701356085904e-01,7.141787762297073794e-01,8.435789571553484745e-01,8.990081955002655612e-01,5.095858756127230604e-01
2.800030000000000000e+05,6.766947822324202999e-01,7.653745897262616005e-01,5.076344818753067978e-01,3.279491156284978226e-01,4.062935663565745426e-01,7.476035866814045860e-01,1.477000304873682390e-01,7.150106346692829407e-01,4.798644952534159014e-01,3.867353430346953669e-02,9.274261654173084901e-01,5.945574022052846352e-01,7.792666539520615165e-01,3.057023577085793420e-02,6.510184552136573100e-01,3.202765654341664936e-01,4.854273374509966432e-01,3.842322880915164385e-01,9.611925260558686901e-01,2.469018488875618367e-01
2.800040000000000000e+05,2.900720539281852473e-01,7.927058880826957088e-01,7.584638275475197311e-01,7.988737964533687563e-02,8.573267240063798811e-01,6.780296308447293363e-01,1.957208695722079117e-01,9.837761448869539738e-01,1.298540504049957578e-01,6.746755416812216799e-01,2.358069564045998101e-01,5.871049011281707086e-01,2.169491465370477767e-01,5.399053632319087415e-01,2.789034913660052295e-01,7.417113646375098623e-01,6.180699043956483507e-02,8.168365574986503619e-01,4.878323710428933424e-01,9.403500132813403800e-01
2.800050000000000000e+05,5.687192922056271138e-01,4.287158321742764455e-01,5.640198213074978373e-01,6.743004692027410041e-01,7.703032366035471590e-01,8.904821154602893252e-03,3.267379285979328252e-01,8.479956434716591218e-01,6.564636872268273526e-01,2.191328430339163358e-01,1.720875397821768349e-01,3.054133578688852380e-01,2.380787592805767572e-01,7.462399091090077263e-02,7.236864782415164399e-01,7.294847571197548008e-01,4.328851902365118409e-01,2.518101572547758460e-01,7.460664326711980987e-01,8.929665442527906505e-01
2.800060000000000000e+05,7.441720693348806703e-01,8.770126831142177615e-02,2.739658544972106702e-01,2.545438591204879364e-01,7.273924012667799532e-01,6.577290064485803445e-01,4.079597451199731273e-01,2.112094711051110130e-01,8.613232888752988536e-01,7.663362650431415624e-01,2.584993054105334531e-01,2.915009265404157057e-01,2.652872543495635727e-01,6.384572948984686969e-01,9.709411170777114686e-01,3.015800363650656957e-01,5.578058659583464696e-01,5.410411178068561533e-01,3.903943267951526241e-02,4.025831547054372628e-01
2.800070000000000000e+05,2.526943014038812718e-01,9.656455261001293255e-01,8.225650679226073070e-01,8.733496320589722028e-01,3.810819036553810824e-01,3.126496267861598177e-01,1.409908491481668413e-01,2.935240746432365988e-02,3.836066637378698907e-01,5.749376578342680899e-01,6.560004809557860028e-01,7.670027725927474060e-01,3.687807238593938663e-01,4.999944586072389008e-01,4.436863750479528301e-01,6.959890097571418410e-01,7.750760487662274878e-01,7.217755195851793815e-02,5.368927539956800388e-01,3.427940461473035771e-01
2.800080000000000000e+05,3.108529928762733263e-01,6.297193280552854100e-01,1.076552393681996511e-01,7.045499452107406579e-01,2.997668885933103544e-01,3.510396704458103034e-01,6.395332144958025822e-01,3.186086693133749481e-02,5.923215827572894110e-01,3.444628680146211153e-02,8.618817084520795646e-01,1.917428873879969409e-01,6.413811060153007393e-02,1.690478373548167657e-01,1.974882091328606926e-01,8.873814608740850929e-01,2.094099292819491254e-01,2.507607021455972030e-01,8.972584435268289305e-01,1.021624578644118042e-01
2.800090000000000000e+05,8.078333849751434537e-01,8.351793627466653769e-01,8.502491231850692888e-01,3.624316334616669577e-01,4.842655859624773740e-01,1.518520862182493047e-02,4.223601283036044762e-01,7.895602927871612220e-01,1.740285714980416287e-01,4.899160358860510378e-02,5.427357849252943955e-01,6.019295039645867762e-01,5.789573308728823697e-01,7.949532296055850100e-02,8.172058606713772377e-02,8.468086595240378323e-01,8.834468525911367554e-01,2.168897072855613395e-03,6.081768617361725804e-01,4.960727411280452248e-02
2.800100000000000000e+05,9.779066702758182350e-01,8.135101189647168107e-01,3.114604655961551449e-01,8.809960145275685939e-02,5.083526145121044504e-01,3.057325215321982093e-03,1.820826808001839714e-01,6.437781819247742066e-01,4.904663961578569209e-01,4.817419519666261696e-01,7.239979963307922040e-01,7.186535194248783176e-01,3.122059570842660170e-01,1.543435233779222315e-01,1.466777475146670007e-01,2.689738894744746478e-01,4.050658190383561452e-01,7.495070032253156045e-01,7.897237461634283306e-01,5.548494634865155373e-01
2.800110000000000000e+05,7.230849291498104847e-01,6.933692217932451163e-01,8.371494015383759146e-01,9.067388122651975912e-01,1.541712670400081642e-01,7.337732525853422061e-01,4.979614377752829002e-01,7.215335429232007103e-01,2.436577478721261292e-01,8.284105553510782149e-01,9.488369100664174605e-01,7.382579656046682759e-01,1.769935873419985484e-01,2.910223412563460732e-01,3.612089820556435571e-01,5.754094933260512912e-01,7.214065527447043324e-01,5.912402388481662330e-01,6.910063534172194988e-01,8.788522691975181322e-01
2.800120000000000000e+05,9.386925501416329976e-01,1.778560240694115890e-03,4.984325162184888303e-01,6.258422853000958908e-01,3.379184878233759681e-01,4.520592149207314225e-02,4.696998788460523544e-01,1.234250989759622108e-01,7.790811757529442216e-01,3.811373491106312406e-01,9.211095045538867376e-01,1.706196311810496136e-01,4.254083812671471954e-01,4.097562793623653610e-01,9.395692953184819896e-01,8.357846980448961904e-01,6.208568881816640683e-01,6.753732302425863310e-01,2.405651787210366654e-01,6.496593141273477867e-01
2.800130000000000000e+05,6.432439098166015112e-01,4.814711393142762086e-01,9.005453990001037745e-01,6.873835680224626987e-01,1.904027461067533400e-01,7.714409060256049999e-01,8.220243288754571775e-01,7.284770707816179414e-02,1.625517668454096176e-01,5.276772720249762738e-01,8.528868719001103660e-01,6.256604754253829448e-01,5.882334459901763513e-01,6.431825344096382402e-01,5.744373617366095308e-01,2.257239557582726430e-01,6.486239714426759173e-01,8.733838488171513648e-01,9.905800206294218535e-01,6.879954511620871571e-01
2.800140000000000000e+05,2.500941145143568134e-01,8.216528640258448091e-01,7.591951207395233325e-01,1.304657029499578513e-02,8.562448225466164908e-01,1.918015664567006562e-01,6.228202542147820431e-01,1.884926945111783381e-01,9.529584593545245008e-01,9.597347538776833664e-01,7.673027739268726277e-01,5.085905940682525772e-01,8.065108643666230037e-01,3.274502505146807962e-01,5.408911862566972983e-01,6.886555862067408329e-01,9.293541169104675426e-01,4.217629753414622318e-01,4.491466319610927238e-01,4.845925678071307807e-01
2.800150000000000000e+05,6.412591287066584655e-01,5.981403515725276510e-01,4.346081462840433174e-01,3.880948871207059447e-01,1.684597333767967609e-01,9.310238415476959073e-01,1.979490409059634359e-01,4.874713669293664342e-01,8.579893773180594652e-01,4.927990981541470195e-01,7.019748931955774873e-01,7.520229558516807744e-01,5.425209080902263503e-01,5.404672894506156178e-01,6.118798765917394800e-01,1.671798534189178342e-01,6.341588111188820598e-01,9.088582025945416420e-01,3.587065449896305047e-01,3.418941900097970388e-01
2.800160000000000000e+05,3.025479091224169137e-01,4.532746395765142600e-01,3.084866678468169976e-01,7.673837880676510625e-01,8.140267315353713062e-01,2.071217852286267869e-01,9.335703204717462622e-01,2.009981185635252299e-01,4.168472250518329147e-01,6.899236335842504619e-01,2.953873769390751303e-01,3.100022863399110040e-02,1.328678410721253478e-01,8.363536169616202498e-01,3.347119514145684427e-01,1.816348882648675112e-01,6.600490271815835364e-01,8.099546210692257775e-01,1.462258865349921333e-01,5.359357164130887918e-01
2.800170000000000000e+05,3.444081642242105001e-01,4.782948985382600160e-01,5.510544276552750143e-01,5.884256951614781350e-01,8.849387789641233182e-01,3.181700856911977571e-01,5.945694334318891716e-01,2.396069146434642860e-01,4.922906508175239892e-02,9.697387459511358498e-01,1.664479845164678062e-01,3.658011178967405241e-01,7.156113142796097781e-01,7.507011061990123135e-01,2.791624486852617437e-01,4.263597492400366118e-01,9.963446571678336028e-01,2.576299014478922178e-02,5.290643322200528909e-01,3.080574744625258488e-01
2.800180000000000000e+05,8.096164759326198723e-01,5.090866156689383137e-01,7.152630751663907605e-01,3.298666303214470297e-01,2.891803605162175383e-01,9.046663676281844202e-01,2.566270448445506780e-02,4.101721859029262562e-01,8.767876681170005959e-01,5.495111111930239822e-02,5.472086238498476973e-01,6.266584262843782893e-01,9.774690716291221104e-01,7.302296978005085037e-01,3.799893193509673583e-02,1.650460354791756235e-01,2.125898008185205246e-01,8.849305031223400064e-01,6.801291905418572759e-01,9.893090975375428142e-01
2.800190000000000000e+05,1.301716781374285814e-01,5.920677164446394025e-01,8.549552381645323385e-01,2.858792540794160564e-01,8.795756675514532219e-02,2.094498785777053618e-01,5.423195302817215291e-01,6.166318621798430044e-01,8.736299357988788206e-01,5.408471908451780719e-01,5.067172960622408073e-01,5.796673703073554895e-01,5.674960052895627882e-01,9.593914524323856607e-01,5.208740370706703704e-01,6.866702491849174805e-02,6.941126737819541814e-01,7.473588951384549928e-01,1.770263719207009201e-01,3.552571167858414869e-01
2.800200000000000000e+05,3.112538529508943608e-01,4.006628228871533803e-01,2.467993141574580385e-01,5.339045794261306765e-01,3.924646482075073717e-01,3.019219517538977993e-01,7.628899268288186208e-01,4.947040883046733839e-01,4.458407815512634986e-01,2.810339145681053363e-01,2.870315809480074032e-01,7.398186232308014976e-01,2.399905030154466656e-01,7.366892687334991585e-01,5.277378138608072033e-01,2.450383147057736410e-01,3.099922314194338835e-01,1.836417138273243044e-01,8.327741756646143134e-01,6.936071283008263810e-01
2.800210000000000000e+05,8.306376153894956538e-01,9.265811387743784211e-01,4.861150542262656638e-01,6.053889901899007775e-01,3.160447372122898724e-02,4.473794197583775833e-01,8.025663307299724103e-02,7.319261796324272318e-01,4.045631670859873852e-01,6.318663190315036982e-01,1.958310818822562860e-01,7.741381223493450925e-01,5.693304859323408129e-01,9.612033637611104853e-01,7.029398798349807409e-01,8.424273742268345577e-01,5.287046555081680310e-01,7.990591334638664778e-01,4.673214396728639919e-01,1.891629134243840715e-01
2.800220000000000000e+05,6.272337056665315824e-01,2.073121200218985827e-02,3.367715274120681723e-01,7.236279971801017341e-01,1.956461264458677629e-01,9.624190683949213065e-01,3.531273495590422362e-01,4.288025429794274368e-01,8.253438514532972503e-01,8.478294618021016138e-01,2.126710615957190242e-01,9.749403085248310452e-01,9.837981953987872119e-01,7.172362439787495214e-01,2.232991688800340935e-01,8.495204021306773656e-01,6.772044148794710283e-01,8.939503045735006648e-01,8.247408808774587818e-01,6.253031765024704702e-01
2.800230000000000000e+05,7.351259769897733332e-01,5.275937730163142714e-01,8.954674909019956219e-01,5.631396807898058077e-01,6.676950472527516389e-01,2.768267111277452619e-01,4.667170284870396646e-01,5.745503733065383534e-01,9.680419661483474769e-03,6.062088495908981578e-01,2.813408732716322636e-01,5.255953761071817665e-01,8.593913792937697416e-01,5.877303055899120166e-01,5.252719441927382604e-01,5.027589388113696822e-01,5.696570255489452617e-02,9.603258476376302921e-01,3.956200030014916935e-01,4.400572984216064576e-01
2.800240000000000000e+05,1.525534117130600276e-02,4.583738567145840825e-01,3.472197219606629748e-01,6.763313930413399344e-01,1.570082152202626480e-01,4.228362400668593812e-01,1.305471323745995837e-01,2.870950736305331041e-01,9.894804420115643762e-01,5.805052630660822999e-01,2.339397212957653460e-01,1.155749801861706283e-01,5.222264933735063508e-01,8.771430454982528380e-01,1.507367194364217511e-01,5.788661737067407609e-01,7.557706201037158733e-01,8.006283044031686780e-01,7.995436706088391299e-01,4.449324145966158106e-01
2.800250000000000000e+05,3.813414802573736884e-01,6.866346562677608789e-01,4.509351618784711579e-01,2.325725592514418238e-01,3.128759740821493995e-01,5.277759177978634808e-01,9.764344992107749643e-01,5.626987637266549491e-01,9.493630873486057498e-01,8.288817438310076557e-01,6.172853880929132231e-01,5.255989258051850799e-01,8.882160059382641082e-01,5.364502527913092012e-01,1.106715809775821180e-01,6.250879586231059548e-01,1.342660105124392489e-01,5.869287043094784107e-01,5.550165976907067700e-01,7.416545057806760433e-01
2.800260000000000000e+05,4.126926296092403579e-01,4.840388421903846217e-01,1.210158068892863703e-01,3.996562139515167367e-01,2.713667128921315452e-01,1.891590497895223599e-02,1.411855165209101592e-01,4.069762903203707483e-01,9.401068556514499130e-01,5.698273271223521785e-01,4.024333309276820758e-01,8.592535319505562041e-01,3.446720354416458187e-01,1.729516276852256507e-01,3.512482329119910318e-01,9.906715774752680170e-01,7.513217068038878788e-01,1.038281507249736446e-01,5.686332846491647386e-01,2.980411271442873211e-02
2.800270000000000000e+05,8.555605180307036539e-01,3.728312048591686523e-01,3.343067769118150956e-01,3.217538215123206813e-01,4.205201974207383175e-01,6.072333309438245896e-01,4.942923793128257692e-01,2.578900151237556448e-01,9.287909194970183080e-01,8.706804820562841218e-02,9.707501532166863401e-01,3.535589154246090438e-01,2.057559142958966802e-01,8.089198988115126054e-01,9.378645776859453331e-01,9.246719535287759584e-01,8.343827168370545611e-01,5.483630938948607092e-01,4.414977401982895788e-01,3.142955198362820113e-01
2.800280000000000000e+05,9.738936638781854338e-01,7.765003148371174557e-01,8.293564055590549877e-01,4.550527285059582372e-01,8.589036194906666255e-01,3.915068650080548718e-01,6.569428254215459173e-02,6.291882491500770946e-01,1.864289515685940701e-01,1.076431471705625587e-01,6.844407418300099133e-01,2.882881499185141472e-01,1.326620750460149045e-01,7.292181129573283016e-02,4.183230281859945388e-01,5.775519504364665657e-01,3.097457241023331420e-01,4.758227475977327980e-02,6.485015795217837775e-01,9.576096495817085774e-01
2.800290000000000000e+05,9.952191710196800489e-01,7.613761791925800493e-01,9.238128930371242165e-01,6.887387332774478343e-01,6.227331315027178071e-01,4.707623484210339271e-01,7.759677142728079735e-01,4.450700267249501074e-01,4.135636814963615793e-01,8.074040391523137350e-01,6.604496920851410380e-03,4.700113191748382935e-01,7.552476268044217012e-02,3.361869906884863424e-01,1.462128647177367569e-01,2.709961041857649189e-01,7.934250425392048722e-01,6.389933874033597583e-01,7.478735605492646821e-01,1.312730270956113943e-01
2.800300000000000000e+05,6.670761686265523904e-01,1.625209329260629554e-01,3.800800249150586563e-01,9.225437541435886901e-01,1.546229370024594374e-01,3.548354722632203195e-01,9.644578504059817536e-01,5.564158274575899954e-01,6.686886264794063006e-01,7.240958408446279693e-01,9.994194307252329823e-01,8.626089898068312056e-02,1.310934830709582499e-01,4.185230722903211520e-01,8.078119276368781465e-01,2.743740223914747922e-02,6.299599193674585429e-01,7.233483845059914819e-01,1.218155387644640486e-01,6.307077726130387862e-01
2.800310000000000000e+05,9.269130446380404731e-01,9.130834525904959476e-01,8.130660160729729080e-01,4.531305752713631341e-01,5.850051473473193431e-01,5.135355211403679343e-01,3.896913632886582768e-01,1.241528041888784184e-01,8.381241374465765448e-01,6.181509314092823448e-01,4.949548560200049963e-01,1.124498814371225341e-01,3.270606548912040612e-01,4.882145865713326538e-01,4.946355300365958829e-01,7.157335417994635796e-01,8.366853450500487677e-01,1.780693939590802799e-01,4.996382737546447572e-01,3.315705248634066571e-01
2.800320000000000000e+05,7.073473498117511804e-01,2.783387974941003984e-01,5.315735772146127358e-01,6.683006977812221416e-01,7.009242331076487309e-01,1.465315562800635352e-01,4.863460516721371807e-01,6.437831940093541316e-02,2.682123108613575502e-01,1.303308905580573551e-01,3.367099978474745736e-01,4.627833653016133475e-01,8.208158741275470849e-01,3.681861361533442789e-01,8.662563671628716877e-01,6.380298543825033697e-01,2.068250692521720335e-01,5.400884017190020758e-01,1.493225402022366755e-01,7.847158046914508578e-01
2.800330000000000000e+05,9.184037349937209660e-01,2.688483480893338884e-01,6.018665720604028380e-01,9.853983630874419974e-01,8.584022340414578789e-01,5.593048139078544700e-01,7.336981321110164211e-01,1.904079948199178807e-01,5.108476712487490801e-01,6.664587907447152570e-01,5.770509888803635468e-01,6.547145740933874025e-01,6.866111266507607391e-01,6.813062943516167147e-01,2.474516302022168324e-01,7.105775134915595093e-01,2.125143052846598657e-01,2.320972668462798483e-01,7.326248145201229578e-01,3.262891569993139340e-01
2.800340000000000000e+05,3.643680126239645656e-01,1.952973171135184982e-01,4.391103440044807904e-01,5.435904418818496842e-01,2.085638683473045596e-02,3.606983704410615665e-02,3.958503636682907389e-01,8.783134233899372312e-01,6.369492755650423277e-01,1.231355383003545079e-01,7.610559714802390685e-01,2.090852698383593999e-02,6.506606990256802447e-02,7.697140215205522384e-02,9.545194387908065847e-01,6.131060855966904422e-01,2.314384921870549228e-01,1.817943841806873850e-01,3.441114165943733871e-01,3.399504489508697880e-01
2.800350000000000000e+05,5.960739585026157972e-01,7.621917550191870117e-01,4.149638004326741125e-01,1.126237895722888016e-01,6.472719141601906978e-01,3.212220077734790902e-01,3.789673432189677449e-01,7.051735803860459395e-01,4.013860923329707342e-01,9.214186185892753178e-01,5.654163081548544412e-01,1.850870042167354068e-01,5.465699974372646430e-01,3.278855899920385397e-01,1.359483780384773688e-02,3.523677218770638886e-01,3.153531183214933753e-01,2.671997663703932213e-01,8.712553241003423432e-01,8.450516359392389321e-01
2.800360000000000000e+05,4.401835730962094795e-01,3.443263072566992156e-01,4.147058832345884571e-01,5.528892110461436360e-02,6.908314964461907959e-01,5.515043905573424610e-01,7.474616654874755017e-01,4.495829620685921624e-01,7.854000757791739229e-01,8.106007820989099555e-01,5.040841996512563927e-01,2.575098094189597342e-01,6.671765110728271608e-01,1.391174799894560055e-01,7.304348000524749640e-01,4.792483414598267544e-01,6.317856902126584018e-01,3.136640301858232283e-01,3.081693947324470884e-02,8.554711087529860425e-01
2.800370000000000000e+05,9.660014936757529425e-01,9.015548574503605694e-01,3.248794698548614912e-01,2.544780422594081770e-01,2.111933693909533449e-01,8.073957463994215766e-01,6.448955296756538891e-01,3.657331221199736637e-01,6.718983024262714654e-01,5.455653463662402114e-01,4.450105916093833880e-01,8.013543441347149576e-01,5.219734576081859201e-01,7.058359816819741450e-01,3.877975578746907237e-01,6.820702084074038440e-01,9.763258016078444346e-01,6.204018828322149792e-01,5.045041614837457722e-01,4.286214199756065435e-01
2.800380000000000000e+05,1.581001981363004960e-01,9.023115274268516117e-01,8.842978005023477417e-01,2.201568385811254469e-01,5.018981800449752173e-01,3.643321881538291729e-01,2.692162058180798123e-01,6.532175015795623763e-01,7.029982326697985506e-01,2.522635681430879240e-01,8.318867539195657912e-01,1.736191203152640528e-01,9.520104340695100253e-01,1.646647987972109650e-01,3.863720793158975653e-02,5.470162587524274311e-02,9.264763548755927669e-01,9.753481668534907945e-01,9.339813474906943913e-02,7.095185036495437192e-01
2.800390000000000000e+05,9.521847423025505686e-01,5.013669783019160109e-01,1.724956050599879553e-01,5.797754036292553925e-01,3.577479314949665312e-01,7.525032377861646804e-01,4.116326429920571517e-01,4.455857484835953342e-01,4.700484056795165566e-01,1.640869843517376303e-01,4.500063204556157270e-01,4.529014912160006512e-01,2.717771309528157486e-01,8.942388737144422173e-01,6.087420844666834308e-01,7.473936979725237517e-01,8.499057621252371630e-01,4.213813949293101491e-01,6.686802709633298258e-01,5.126851746848966052e-01
2.800400000000000000e+05,7.636661813194958182e-01,1.026982371511522274e-01,4.238431396977365706e-01,5.523589440045892918e-01,3.954207585240180345e-01,1.417706912503990946e-02,4.154034506055637177e-01,8.777244162657934501e-01,3.263874736717492508e-01,1.794830556307164260e-01,5.797827244266339219e-01,7.225654698649904839e-01,6.942531524931874198e-01,2.039861505624590565e-01,1.150866045351255362e-01,6.290743918997460105e-01,7.247696195782085127e-01,8.748045381728178915e-01,7.880313099286564427e-01,5.969993050397952583e-01
2.800410000000000000e+05,6.696514658792289687e-01,8.732782710862727615e-01,9.849694460651801098e-01,4.774972755562464366e-01,1.117993000880298515e-01,1.437312173682703254e-01,7.250027334687183522e-01,6.975337515667883181e-01,3.462642808679174955e-01,8.184527953265096079e-01,9.663572884903525173e-01,6.928709163787240000e-01,7.225642488756156556e-02,4.332375474829061046e-01,2.335855816596343892e-01,3.755337992372193012e-01,5.914382758657038552e-01,5.874089036592977653e-02,6.862864058359008368e-04,2.054864297662846173e-01
2.800420000000000000e+05,6.870953264919876791e-02,9.190456309826300352e-02,9.660210861042328734e-01,3.310001026932001267e-01,2.580382301450688809e-01,3.123518265858699072e-01,9.625800714038148520e-01,9.901794319708997483e-01,6.335138653312699653e-02,7.547149326214560583e-01,5.298470080407940985e-01,7.192801053730567551e-01,5.606494304302439557e-01,1.858302215189279183e-01,6.213105052273973916e-01,6.102744090261890131e-01,8.987598588092999830e-01,7.333561710319675964e-01,5.498959199716393353e-01,2.877303158939292782e-02
2.800430000000000000e+05,1.081223504131664237e-01,6.403881823613363222e-01,5.255254911800096851e-01,1.565910089712321263e-01,7.995437411226070656e-01,8.169489043043002274e-01,9.503470941841194453e-01,7.087662202980471449e-01,7.642528694161782044e-01,8.446609430897844550e-02,2.517108938171750410e-01,8.698305475843365331e-01,1.481638103772541237e-01,3.386270722463247118e-01,8.091801100908082578e-01,6.717523497497039919e-01,8.919428328120642124e-01,5.054435106575496661e-01,9.879453362745538314e-03,2.707595878459015948e-01
2.800440000000000000e+05,1.336004144470697153e-01,4.124434403077411604e-01,7.831688459139596326e-02,1.551226666905707319e-01,1.882460492248014816e-01,9.483701393424338599e-01,6.951512049676680238e-01,8.993217498877835725e-01,3.691899921206887036e-03,3.617562896357867652e-01,5.471936095783562770e-01,3.090054986965475869e-01,6.218524255781664456e-01,5.068919654226815563e-01,1.041371151513262872e-01,8.928014739091587604e-01,4.998925746522191460e-01,7.379817741923722085e-02,4.138734413584185257e-01,9.646248194534365883e-01
2.800450000000000000e+05,1.971462748317848179e-01,2.029580261418979514e-01,8.648327485349645016e-01,9.174267440372316784e-01,5.018284203161985646e-01,8.632682426587585667e-01,6.607259859719752937e-01,8.843217943184389362e-02,3.714927321295656837e-01,1.570710577033268551e-01,3.990115622346609436e-01,3.927766676220346698e-01,6.912281536926186964e-01,3.190342246698260054e-01,8.536717445086798861e-01,7.163530745326509575e-01,5.051750515302395605e-01,2.546486060635315685e-01,3.713766715691095843e-01,7.553896414769136758e-01
2.800460000000000000e+05,3.927985583196118569e-01,8.932295808991154162e-01,8.143143950743925163e-02,3.940226108469135902e-01,4.235451883546837992e-01,8.576190074505851690e-01,3.780863501264527526e-01,3.556300260095778265e-01,3.498783905688618301e-01,9.553954400921027545e-01,8.942628212805912025e-01,2.872842082544598830e-01,8.246204007720362439e-01,8.551015467941178727e-01,9.556040657702544738e-01,8.852837948861181916e-01,4.939717927575643097e-01,6.866060133106753893e-01,3.616962922902844380e-02,5.554057446478648519e-01
2.800470000000000000e+05,8.976544496202705226e-01,1.672839038261949574e-01,6.777253134218095276e-01,2.260917517817693234e-01,2.282940539213459408e-01,1.035674532328462183e-01,6.805612631768769294e-01,3.691074738528609123e-01,5.013402047049658750e-01,4.288245448176192243e-01,7.311364053355865478e-01,1.306736482526653642e-01,2.453918317552121753e-01,7.660356318507195450e-01,5.600629873550708737e-01,5.794831767736254857e-01,5.377993346877244507e-01,5.771284279600101819e-01,5.248385478996526743e-01,3.863001576085035582e-01
2.800480000000000000e+05,8.171073178310520602e-01,7.686458740681511026e-01,8.723830416040697644e-01,4.059043426465780424e-01,9.071890379822142858e-01,2.576413988259455001e-01,3.660887524559618411e-01,9.338868164772563540e-01,2.832758434971950345e-01,5.020096595728320565e-01,1.025426851612231127e-01,5.154645925515118909e-01,6.778206980746138699e-01,2.079783316975875040e-01,7.163428039610291176e-01,6.081193028378688581e-01,6.684326161589977389e-01,4.644647671504253950e-02,4.054219469004003429e-01,6.007054168307945918e-02
2.800490000000000000e+05,4.334400250982152203e-01,4.440246982973723444e-01,6.849571241578638059e-01,6.993070767876514715e-01,6.114440760234191030e-01,2.119166762896362854e-01,9.137815683972307923e-01,9.922684967241898191e-01,1.159496344560722036e-01,9.180986854747938963e-01,9.369807263482603510e-01,9.842872241503985986e-02,7.959210597644402752e-01,6.740174043983487850e-01,7.051524092844000391e-01,5.200199502173373789e-01,1.594638597754797216e-01,8.988244361345967270e-01,8.097810712000316213e-01,5.412415406986348376e-01
2.800500000000000000e+05,7.339153499208336262e-01,7.192598170686576031e-01,5.950449257753277488e-01,9.681155674788971544e-01,4.433134498765765041e-01,6.295548407970582572e-01,7.160352538368762731e-01,4.589250197421377298e-01,8.975330271429629025e-01,2.407046818797660137e-01,3.836240682393787793e-01,4.770053255027184580e-02,5.509856471077769768e-01,2.144569199900788758e-01,6.032492640054158972e-01,2.638208371147992004e-01,9.367626325606123183e-01,6.869454800602438072e-01,9.710472739718822854e-01,2.468286213463278811e-01
2.800510000000000000e+05,5.265089967164314766e-01,4.525140416561994616e-01,9.615196493278340695e-01,6.379413802535771616e-02,3.220670169451532727e-01,5.548855740908622547e-01,1.003589124037448377e-01,9.898776664457427099e-01,2.797281491764406214e-01,3.739680028304984694e-01,4.613326838871261160e-01,9.589874984507373856e-01,6.548737020789591190e-01,9.782430099629436659e-01,7.171584440752314382e-01,9.633597651590430910e-02,1.080621581730545344e-01,7.840331774649373919e-01,1.471138648594383369e-03,9.571284290175574583e-02
2.800520000000000000e+05,2.112428072022757286e-01,3.544381297359044947e-01,2.425815085490702350e-01,9.196183780757610782e-01,4.006597453354965310e-01,3.941558375492935085e-01,4.988227106431311064e-01,9.893091454368495574e-01,5.407402044817704034e-01,8.890411330017565783e-01,8.539155226536760956e-01,8.950070196358713703e-01,5.604480306318315730e-02,8.989813940216188071e-01,5.059575565064088343e-01,5.636576624437351635e-01,8.842761032192246740e-01,4.404402471321271495e-01,7.736392995556139462e-01,2.514197286186696800e-01
2.800530000000000000e+05,4.327997224055819547e-01,8.812807427201840849e-01,3.258390590169890633e-01,3.262261548043030590e-01,1.439960010527295831e-01,1.926648178116745491e-01,6.910723102867825096e-01,7.758892429831210080e-01,9.201955753474676536e-01,7.212475570759974142e-01,7.960815637985375615e-01,1.460738369166999506e-01,9.944903252385942638e-01,6.218798081176554193e-01,5.690068513962130980e-01,2.239749506171664351e-01,4.107052663221536504e-01,7.620282177587289762e-02,1.130246767934071084e-01,5.979223274688083567e-02
2.800540000000000000e+05,3.129963226741417914e-01,6.891033670183343007e-01,6.343031361362386766e-01,7.048269365634346473e-01,8.029835458770200329e-01,7.524362063589901117e-01,1.032588676892317592e-01,6.193597027997682636e-01,7.134116598589327340e-01,4.986375948775972899e-01,2.604420896322285905e-01,9.906246822014984632e-01,8.881445233765733471e-01,6.356554628097694781e-01,6.802393729246294374e-01,7.595922278144616735e-01,4.311285588439934813e-01,9.783242019793922939e-01,8.198121219775700297e-02,1.426959198533317430e-02
2.800550000000000000e+05,6.160258105150708818e-01,1.980455051306526659e-01,6.989301274838739531e-01,4.789925126779013276e-01,1.265669081978429977e-01,6.796506472810507349e-01,1.894131496108358848e-01,3.324858920157575115e-01,9.595172233406832341e-01,7.809295436338701268e-01,5.499063645973383263e-01,2.506497917432131128e-01,7.893456531439962953e-01,8.794054349248248137e-02,9.733775711332807168e-01,7.131000624942263055e-01,5.545022448857050978e-01,6.179099935547640587e-01,5.024443034863476099e-01,2.033949221336601720e-01
2.800560000000000000e+05,7.086874578538601144e-01,5.978404342454406439e-01,2.080635576065915648e-01,3.303121179816691511e-01,4.968993125053163817e-01,9.527066874570673249e-01,7.932129117407801244e-01,4.771771560559274761e-01,2.757467870714471747e-01,8.315508128070210336e-01,4.700329500301476671e-01,8.198784505399739908e-01,8.257805771067335820e-01,4.214578578826284616e-01,6.656256005156190314e-01,9.112815784043780676e-01,9.809266040164347222e-01,3.110837714028771295e-01,1.203141717719855563e-01,6.738921209449554306e-01
2.800570000000000000e+05,7.650494800896358027e-01,4.816307743251919682e-01,6.491302398839343679e-01,2.943169050581314616e-01,8.100361873203542062e-01,7.574044555045222893e-01,3.863235535799665055e-01,2.367291292063192776e-01,6.089455759248501021e-01,8.762908430010856176e-01,9.010510980358577005e-01,6.840737694731252594e-01,7.948517791981408731e-01,5.039066791739537088e-01,4.021372479521608811e-01,4.873781398057390746e-01,8.265805561453765105e-02,9.118505328127856080e-01,9.769125882039513264e-01,8.081278462696650511e-01
2.800580000000000000e+05,2.452173214695769765e-01,5.703318894067047617e-01,5.956555370617491185e-01,7.032930166784581161e-01,4.162856095302577275e-01,6.951575441311974579e-01,2.819805585274013371e-01,4.667563008431953042e-01,1.552283382369422648e-01,6.615843921898886260e-01,2.560795757330307509e-01,6.961374862142266640e-01,4.490766501132322785e-01,8.425630893199093085e-01,9.380180019309997119e-01,9.058544301704879453e-01,8.082526276998208692e-01,9.638380684594566317e-01,4.983973943818581498e-01,9.391526261365209516e-01
2.800590000000000000e+05,5.452648194390867786e-01,4.400339791421929991e-01,7.376578862675788884e-01,6.024715361769636957e-01,7.311394408736138217e-01,1.385791361303860825e-01,2.929765091245798425e-01,3.008838882416799976e-01,9.351681794911560486e-01,3.621571194763073542e-01,7.323182658962991143e-01,3.851271193398649872e-01,5.930853987620013923e-01,1.688191012303384975e-01,5.129605731944260061e-01,5.459603560148627022e-01,7.683748002608826733e-01,2.351655714594577118e-01,7.388289305734652146e-02,3.204411484945292043e-01
2.800600000000000000e+05,3.182698168143470729e-01,6.244066915393569062e-01,1.304152122855133378e-01,5.403400968829379369e-01,9.701779703640881491e-01,4.446013759498796958e-01,9.617002293983872852e-01,3.952806096230048194e-01,9.646031503877138258e-01,3.557308991364961370e-01,5.309226121909480511e-01,2.095548092703614085e-01,3.298748111094709223e-01,9.024466732083358256e-01,6.705743752803913216e-01,6.555046466847871400e-01,9.270302599237790764e-01,8.577521165571708739e-01,1.107521323690908721e-01,1.988399475166809927e-01
2.800610000000000000e+05,3.887808298314522348e-01,1.779302095506927195e-01,8.718905749554266560e-01,2.837504742482839237e-01,3.132621184281758620e-01,9.601312261374320700e-01,8.791150912684253527e-01,1.996713017191331652e-01,2.733208244183603641e-01,8.376533581864823441e-01,7.382500042459229084e-01,3.016876093796727609e-01,6.236722968098369346e-01,5.224525743741295081e-01,8.522233918174726419e-02,3.896854705458741019e-02,6.319503435968643057e-02,2.811070456481598034e-01,7.231392620281313910e-01,3.771994792148183340e-01
2.800620000000000000e+05,4.482598836825879562e-02,9.713768275259685447e-01,9.107053990967259871e-01,5.969123056651450820e-01,6.537125143697641860e-02,2.963971278601289505e-01,4.711360926143081107e-01,4.001389494341031083e-01,6.688358219692598361e-01,3.257989819840199086e-01,5.221162424604119945e-02,3.202931386425833526e-02,2.310615722702810126e-01,6.083490291289026519e-01,3.483741635298815975e-01,7.054226929640240451e-01,2.266867078879155617e-01,3.538857274536668651e-01,9.517572300959190601e-01,2.827935311081783976e-01
2.800630000000000000e+05,9.172536784017973899e-01,7.418998032980751445e-01,6.929718698966097490e-01,5.890334037573954351e-01,5.582567163572937918e-02,2.587623131488857586e-01,4.291992119075493939e-02,5.265789046753864833e-01,5.892072684861027199e-02,4.375925717084948596e-01,4.663698207888175018e-01,7.354385788109325528e-01,8.046145039555255840e-01,5.341464667476748529e-01,7.057651236773228032e-01,6.851188218132754360e-01,8.150993302936150320e-01,8.265886741361749834e-03,1.364128576698738771e-01,1.407299532713213175e-02
2.800640000000000000e+05,1.201559742846292078e-02,2.339971482683196324e-01,2.289812384777800691e-01,2.617107733377286305e-01,5.707277014078770971e-02,3.823870929534077812e-01,7.430658393783762250e-03,6.239672381936203216e-01,7.784959332988570235e-01,4.101790969859551161e-01,6.941642447960461038e-02,7.427573163640883713e-01,1.441544796518482441e-01,6.516773290016358855e-01,1.062332676784916163e-02,1.492621535128458854e-01,9.840096397833428821e-01,6.333568351794793827e-02,4.317234551447878266e-01,3.591833459120201688e-01
2.800650000000000000e+05,8.313502005582893428e-01,1.744264749791123448e-01,6.059630828838068473e-01,2.872510959763944216e-01,1.928193265629707387e-01,3.737456769051528127e-01,8.713092093292079676e-01,8.058633823585678035e-01,6.166247453044093607e-02,4.425577479974208694e-01,5.021462898231219274e-01,6.884728407815852158e-01,3.974096510465890963e-01,5.055818043395173822e-01,8.044293762536826042e-01,1.075030909876178997e-01,7.899605418558215408e-01,2.528137205767565510e-01,3.779603728733208490e-01,2.035807559254176891e-01
2.800660000000000000e+05,4.496976100589354930e-01,3.069084552007192990e-01,3.871058063234523727e-01,9.983610268284468514e-01,2.920090280130402949e-01,7.559963704154341047e-01,7.988823891698657587e-01,1.485958086784644472e-02,3.454987370222238896e-01,5.451742103278401919e-01,2.664473482921715375e-01,1.823683916310795405e-01,3.027913289579853284e-03,7.059907961616858074e-01,3.317252060811189951e-01,2.991176433129625334e-01,8.979806634139985144e-01,4.616734176749255347e-01,9.742703879125705901e-01,2.005587264732239250e-01
2.800670000000000000e+05,3.831453993826543503e-01,5.019396327611023167e-01,8.703852269749537962e-01,1.287297334755904687e-01,2.738165358847857167e-01,4.938047233345279619e-01,5.745534245720028688e-01,7.642951228026784172e-02,7.053440996105730942e-02,7.147542000171769327e-02,7.053009457401731019e-01,3.023538025943243168e-01,9.104561045883807768e-01,5.385063269336427538e-01,4.504688716220929257e-01,4.215190771642153278e-01,6.282927786222965993e-01,9.324637320681508079e-01,6.920132627077668630e-01,7.660172295919409624e-01
2.800680000000000000e+05,9.836030903822412519e-01,4.253517428873463402e-01,1.197338956222160355e-01,6.879942773433335157e-01,8.918512865585571658e-01,6.397616614172398908e-01,3.739108802798685183e-02,6.826168690175431486e-01,9.388267042648454908e-01,9.600639821909070504e-01,5.842644368562834867e-01,4.760668711156035293e-02,8.363725461357705004e-01,6.653051894628976282e-01,4.855159971455963452e-01,5.509608796642795348e-02,3.022588473010827670e-01,9.637671273352018675e-01,6.795722012840998971e-02,3.833077525499233307e-01
2.800690000000000000e+05,3.823687579084629196e-01,1.863885605147822533e-01,8.458836276358355777e-01,2.028950788154731955e-01,8.515240952698515109e-01,2.956232108586045459e-01,5.911702925812126752e-01,8.507989461843616930e-01,6.539500188480712461e-01,2.528285423748725114e-01,6.950053280422316959e-01,9.639242553281593962e-01,8.981736303554442857e-01,1.091952726911036287e-01,9.322390328788080494e-01,5.911209380199566876e-01,9.263191308946236990e-01,6.390190235891050063e-01,9.379641707425102615e-01,4.020824222180414687e-01
2.800700000000000000e+05,8.747575639513718304e-01,8.111113035392176762e-01,7.541727423941568809e-01,9.526154594396656350e-01,8.495913401317430891e-01,3.803641208567286602e-01,5.691601698210054794e-01,5.083093268186046343e-01,9.094127011593472476e-01,3.156935351905477694e-01,9.278181487538362804e-01,2.283214093707122139e-01,7.521335778777854530e-01,1.123731506355274412e-02,3.652659062860695860e-01,1.242093684862755065e-02,2.457705105177676597e-02,3.973155068398123158e-01,2.084629266223276822e-01,8.562339192593172443e-01
2.800710000000000000e+05,3.151536830083974117e-01,3.299015684247129654e-01,5.289204333137063063e-01,8.865296758299232582e-01,6.550334336320661199e-01,3.501376800698897673e-01,8.277274665511206164e-01,3.408144712520271291e-01,2.902336419175555182e-02,7.980429754897255812e-02,9.180635247755564166e-01,9.221060287309507109e-01,6.731603707612354714e-01,5.473570569036383393e-01,5.877206581864489188e-01,5.369850210929891787e-01,6.157684245847391269e-01,2.621739615850948724e-01,7.254406420844825565e-01,5.208325404292746263e-01
2.800720000000000000e+05,4.687184641180841549e-01,1.891978899225105204e-01,6.245772357399247410e-01,1.890657626269292013e-01,2.815467941724506540e-01,5.923445337892782048e-01,3.970694752727116361e-01,3.359314827732566844e-01,9.160595722057703894e-01,5.642653258165355457e-01,5.769511874425766740e-01,6.547140679231245874e-01,4.150782314314945820e-01,1.891233288075429009e-01,1.460946026001435083e-01,9.512190217149857352e-01,2.190711821478382726e-01,9.696295774106281629e-01,4.254137456429774033e-04,7.459236080933031587e-01
2.800730000000000000e+05,8.295250042932662549e-01,5.429059306654626660e-01,7.127398597011869175e-01,7.442483943683575465e-01,5.603040000132550880e-01,7.906688546695139763e-01,6.035496172943977111e-02,7.110472288192326573e-02,8.938337281409911572e-01,9.497532674810785780e-01,3.396103550263429582e-01,3.953403455348809548e-01,4.305351779527810674e-02,5.337024072031770761e-02,1.072557267781135693e-01,6.724205212462758263e-01,8.158159173057815128e-01,2.317296480906578804e-01,8.939243658000493031e-01,2.161123853532711525e-01
2.800740000000000000e+05,9.499584089042347745e-01,6.914490084353046573e-01,6.046828275302619238e-01,9.026323435846878018e-01,8.732798925366547227e-02,5.154451803983687297e-01,5.824633520818719434e-01,2.328245164820871294e-01,2.997058436135695558e-01,6.732120553963112375e-01,6.969661589445889094e-01,7.819622933000323073e-01,5.063811324499538635e-01,5.578729544268636875e-01,6.083516498079226675e-01,7.429231184415917566e-01,5.019562077975162628e-01,3.521121933533455373e-02,5.469195701942036747e-01,4.493561975415610865e-01
2.800750000000000000e+05,9.413261356542406144e-01,4.775861952657223242e-03,9.316435722508752404e-01,4.164755847196984773e-01,8.823933085135815535e-01,2.880158602819393732e-02,9.935039852400473492e-01,2.575882874970366609e-01,4.199992266681209507e-01,7.931077595941042890e-01,2.578073150566425609e-01,3.487787045010563025e-01,2.606689940743527334e-01,2.980058244367720377e-01,9.244980003603635588e-01,8.815622849145754447e-01,9.631666757529601108e-01,4.345898678643619339e-01,6.013580786284676849e-01,3.698190478872048770e-01
2.800760000000000000e+05,1.600080455553759551e-01,7.527794618418099937e-01,5.937486682712654895e-01,4.302641423734543391e-01,4.393902347810962894e-01,3.228318080276167956e-01,7.811173446493114847e-01,9.094400355828261562e-01,9.312878950612014650e-01,8.717808543937793919e-01,1.586047263180112576e-02,5.549003875989783063e-01,8.832734656376522997e-01,2.452666406148013012e-01,8.633814412405116379e-01,8.112564517021562116e-01,3.134835192567289042e-01,4.062341150619097618e-01,3.530550833968379987e-01,6.025665897952320327e-01
2.800770000000000000e+05,6.983137006772350830e-01,1.590731685802511119e-01,8.382470580514379543e-01,7.403659920801407557e-01,8.967362982751523326e-01,9.031569886975943096e-01,3.075139326543879781e-01,9.413504142037516509e-01,7.486972125174821135e-01,6.628421114756527510e-01,8.930531499020303299e-01,5.827419277549390486e-01,2.999337475741885584e-01,1.512658668866242451e-01,5.535420729306128607e-03,1.512125161632603687e-01,9.237890786507995111e-01,9.480504741695675586e-01,2.416891376247287671e-01,6.996084344436864777e-01
2.800780000000000000e+05,2.973280510030823498e-01,7.171304390535999662e-01,7.973068520923066727e-01,5.517544256806514724e-01,6.333539527959886062e-02,3.755444240360757968e-01,8.127093890966317069e-01,4.916070585175302821e-01,1.483110042802038286e-02,2.693598192167794281e-01,6.764416243373907456e-01,4.618855202362533996e-01,2.235698519928231986e-01,5.160558781426342057e-01,1.430623067217261513e-01,3.361068960960226226e-01,1.660199867435648846e-01,8.808815499709520269e-01,8.466820921258818577e-01,6.175681248980635640e-02
2.800790000000000000e+05,2.217623130354673400e-03,8.183572665468473728e-01,4.407677970300236669e-01,4.463342000625504236e-01,3.101418769368882167e-01,9.337265219499212288e-01,3.730789128350560091e-01,7.168519548029308464e-01,5.601163001556354049e-01,4.600768433381718925e-01,6.107558292063959282e-01,5.679535986601053077e-01,3.931683840654551787e-01,5.053293819090360905e-01,3.618671636441803674e-01,6.328564642201388590e-01,8.356364833246734403e-01,5.472533507792987084e-01,3.748325403903784991e-01,4.126498612961274626e-01
2.800800000000000000e+05,4.735119455792703436e-01,8.081199270151184777e-01,5.448285900961491457e-02,7.455474303057030294e-01,5.023350351739988007e-01,1.858087933273033787e-02,3.527644169789433404e-01,3.978516734941435207e-01,6.137825748638048307e-02,3.682823900093356029e-01,6.728487668567240121e-02,3.132800346939921265e-01,9.337654463297949681e-01,1.172081757302457783e-01,9.991499690997069916e-01,5.649650646337219806e-01,9.074067009243858006e-01,9.584759992770254255e-01,6.343390346099575527e-02,7.684154830081735277e-01
2.800810000000000000e+05,3.053360589070724940e-01,2.549596040307617884e-01,6.942733718078800687e-01,7.360506090543075253e-01,9.617092212531909157e-01,8.827797176828261483e-01,2.410259348145564751e-01,9.340079053009057164e-01,1.929172220679479244e-01,4.043139261616430780e-01,9.906924358001880648e-01,5.366968998691489245e-01,9.284980014686157190e-01,1.222366158321540608e-01,9.299169325181846357e-01,6.243274823600679646e-01,8.779367029354141483e-01,5.131951031851457179e-01,6.735799253952577947e-01,4.943191477551339696e-01
2.800820000000000000e+05,6.702410869913816294e-01,4.066285841132138978e-01,6.224697985575160519e-01,1.718969204491652691e-01,4.045869544002187457e-01,1.061707140247187819e-01,4.750620768789306503e-01,2.556274818576640406e-01,6.733171889209035310e-01,9.272394895208470045e-01,3.883614211156538598e-01,1.452090147419351496e-01,2.339383014305785879e-01,8.402312015821977731e-01,6.629210218084233830e-01,2.049896555224800521e-01,4.894052477100164777e-01,8.757172549725522614e-01,3.861950716700166542e-01,5.720773336288348387e-01
2.800830000000000000e+05,8.002335267708644562e-01,3.532218065491756764e-01,6.093869292418813144e-01,5.173204527326114022e-01,4.585146272603893847e-01,7.651725373746030012e-01,9.389028403943018297e-01,9.223294133110245818e-01,7.529062803488846267e-01,2.958593387915351425e-01,6.397969196693591432e-01,1.499352631146201320e-01,8.416342835786483345e-01,3.588588922768395362e-01,3.514510445351350931e-01,9.781096546335255049e-01,7.497158796026842653e-01,5.236736281361404899e-01,6.558859645052690368e-01,1.795705294001708197e-01
2.800840000000000000e+05,3.091186282271307650e-02,3.163574961225534832e-01,4.348115637839006231e-01,7.311194139839238826e-02,7.194706575761222744e-02,3.557499590379106236e-01,7.274116062092066404e-01,1.654869270294326844e-01,5.281839802398162753e-01,7.820574003478454328e-01,6.141141573097546047e-01,6.953371327124350243e-01,8.990511556980851360e-01,9.616849458171704557e-01,8.581565803778901103e-01,4.476343499451994612e-01,3.064663435414577419e-01,3.917597229374587542e-01,6.736586682343992383e-01,1.841756711585633699e-01
2.800850000000000000e+05,4.054812490933972224e-01,8.247565922252722004e-01,9.467524821049978501e-01,3.376034126866563900e-01,6.448421911925031891e-01,8.814968864126930814e-01,8.425610715304887588e-01,9.369432486480586686e-01,6.893505361285995336e-01,9.055495125889678754e-01,1.717756916931039157e-01,5.877038681053972091e-01,1.750062926078241876e-01,5.622034881795522354e-01,1.808498023659625975e-01,2.259030853728722921e-01,8.911830472662504166e-01,9.082969294558416173e-01,2.296190378309389546e-01,1.079442708235743842e-01
2.800860000000000000e+05,2.691239589811086352e-01,8.749448695054879988e-01,8.878366103486409200e-01,7.941248535217951821e-01,4.862187999484105516e-01,9.472811131740319635e-01,4.517262763998387554e-01,9.719659345439450870e-01,8.453614921871740462e-01,6.377446245031112015e-01,9.585070492645482165e-01,6.793262601701747228e-01,7.710308108307718511e-01,1.656659700388074530e-02,6.753449797010955269e-01,3.143349787889244684e-01,6.919352163335888983e-01,7.011787374350827440e-01,2.848438171265643692e-02,4.731959697377430274e-02
2.800870000000000000e+05,5.037409905106527974e-01,7.184034145992331810e-01,8.588209193718828738e-01,3.957185887015218784e-01,6.892567931537300074e-01,1.316107712422615039e-01,7.957225075468582487e-01,2.416512624007650656e-01,9.537673385601000975e-01,3.724438415722008955e-01,5.141671317436168342e-01,4.765993545141882226e-01,2.839850847669126432e-01,9.160558841022261589e-01,8.027090013563940030e-01,3.415556672723478737e-01,1.773012352465151986e-01,1.614355402137657158e-02,1.023591651298398908e-01,7.494233951969547780e-01
2.800880000000000000e+05,9.071747888938829218e-01,9.183693558635136478e-01,9.910567800827216889e-01,6.380337630821835138e-01,4.258344164546812305e-01,6.381670403172137185e-01,6.989102786879531903e-01,9.066444965150273205e-01,4.598111220148091149e-01,3.668968068006550620e-02,1.703712406678031810e-01,2.775359171554231397e-01,3.892046213274995559e-01,9.862110473450561576e-01,7.204866311411113333e-01,8.397508614355294609e-01,4.764779275102745126e-01,6.028468352622774473e-01,6.096798607353101085e-01,9.959893243496195092e-01
2.800890000000000000e+05,7.606846482216460537e-01,9.575132943745212621e-01,3.956881550025046490e-01,4.084995693503470360e-01,9.248893869310595983e-01,5.897826173393082572e-01,8.704894525594008003e-01,9.710427714516022268e-01,5.119031194417954511e-01,2.576217812244845362e-01,1.268174207966271672e-01,9.390653204311184554e-01,9.413536341835271326e-01,5.058314328947124405e-01,7.842382868893060799e-01,9.141845642280643780e-02,4.093170370999090757e-01,7.368867653643373927e-01,3.747225888736724908e-01,4.521677972580216975e-01
2.800900000000000000e+05,2.567508843744739089e-01,2.564001611266649716e-01,4.993961499593995157e-01,3.402681901916078111e-01,3.017641265386715732e-01,3.595206964156586471e-01,1.350904220193295258e-01,6.563919805053515244e-01,1.138586818215248098e-02,4.092426200175751649e-01,4.323860747097133528e-01,8.803571826015793578e-01,3.968403222055836288e-01,6.837901439234645995e-01,8.105522061789314225e-01,3.829334383017801713e-01,6.781870428897093239e-01,2.627740550861429325e-01,2.298731124738451204e-01,5.660570615087970880e-01
2.800910000000000000e+05,7.429865360812184516e-01,2.364622971881070734e-01,7.638271506988130177e-01,1.154056225011053094e-01,8.644140106117562672e-01,1.620114306180533426e-01,3.006112318646481096e-01,9.993670411924316932e-01,9.645935313601153860e-01,8.681552715655782571e-02,8.212113077272462647e-01,6.080616777895418990e-01,5.542897747951988086e-01,4.061795495179524318e-01,2.693150555575904992e-01,8.561709672999987530e-01,1.225759250486158081e-01,5.553305700108538412e-01,6.505420979608304011e-01,1.023723196686960879e-01
2.800920000000000000e+05,8.749943577502411474e-01,2.546608609220095687e-01,2.331488119218487753e-01,2.882424906006023635e-01,5.942997870277524353e-01,7.437585092266835174e-01,1.485843946753478972e-01,1.776204449026745902e-01,3.327797104509655490e-02,5.614148340425395567e-03,8.403852602071367750e-01,8.835547935959388033e-01,5.593891900082013091e-01,8.901441103836802426e-01,1.989787798844160349e-01,2.824701644023824842e-01,7.647777902808542416e-01,2.357862496065546987e-01,3.214953270692086917e-01,4.825699774307357082e-03
2.800930000000000000e+05,6.644350327447413607e-01,5.223241430827794129e-01,8.863279405293780222e-01,1.624407212534773048e-01,3.066816620200141230e-03,7.022417271447478626e-01,6.088888181496387997e-02,2.392386655974101384e-01,1.132637956903183030e-01,9.443156636497826995e-01,3.345410029330762036e-01,5.282481239635254955e-01,3.164052569709561169e-01,8.199900436141067672e-01,7.421505167888362564e-01,3.948677927015354916e-01,3.429727720108272093e-01,3.738134023520205407e-01,9.042663355300228911e-02,5.604595556213862739e-01
2.800940000000000000e+05,6.831665639331652162e-01,7.973404585593275584e-01,7.287358116687411291e-01,8.833204474815115059e-02,8.871444053748100966e-02,1.334069264621364770e-01,6.680784791910221454e-02,9.535296986040638911e-01,1.681681858029461241e-01,1.047595706163393370e-01,4.638123361185496618e-01,8.682591361694367293e-01,2.346248543694330335e-01,4.107490604451883298e-01,2.781285767234419337e-01,1.236469362284897677e-02,2.796829976912378335e-01,5.014066092230752281e-01,9.545322196420014116e-03,1.164225117296338041e-01
2.800950000000000000e+05,9.721993444985602695e-01,1.105078262892738028e-01,2.698857729657377913e-01,5.969560074100643821e-02,5.169080277374098475e-01,3.893256186717741762e-01,1.526579301612724926e-01,5.598986278910855763e-01,7.644704501384362860e-01,4.438457889283264901e-02,7.085708060641253692e-01,5.821113946588842847e-01,3.329962007534749135e-01,1.237230941327938094e-01,7.996508921234320999e-01,7.794582550452093805e-01,8.950155475726035981e-01,2.943664741660523276e-02,4.986634316343055984e-01,7.380760016844527538e-01
2.800960000000000000e+05,6.886847024854206856e-01,8.401279350239514443e-01,9.517394104809983046e-01,7.477154572387444409e-01,9.928971261389694103e-01,7.204573547716811577e-01,3.584960718117062850e-01,6.790196680613178604e-01,2.669502767877869331e-01,2.764928696211953474e-01,9.840490146435749708e-01,2.059420085708157933e-01,2.076677643279232210e-01,9.247459968515494566e-01,4.174977715069028150e-01,6.867025331780882702e-01,9.986222056032594274e-01,3.897966753259292094e-01,8.719226356174663017e-01,5.564554976134444830e-01
2.800970000000000000e+05,7.403064797854908008e-01,1.445616354362715406e-01,7.007772433766429332e-01,4.520420822007411576e-01,1.149662479117397051e-02,4.226828139468333800e-01,3.869430448660877708e-01,3.662566007358444287e-01,1.147090197649358601e-01,9.627827821105110484e-01,1.448952238114903368e-01,1.395168587621322676e-01,7.040639893571556396e-01,7.150559541172289979e-01,7.656681184501578086e-01,4.093443052214610356e-01,6.078068310748778735e-01,3.851438054305956760e-01,7.671030864178884912e-02,6.012243764622142717e-01
2.800980000000000000e+05,1.538529373660135757e-02,9.221462143415778412e-01,8.271208407495266313e-01,5.072512607597018386e-01,7.753513845298540819e-01,8.158749862587937329e-01,4.239275755088469655e-01,1.389708437049506085e-01,4.198129681175680750e-01,2.706894966033738248e-01,3.978127436956617746e-01,6.580570403145625802e-01,4.009247449802255669e-02,5.033694730937728901e-01,1.103854378948571080e-01,9.206828726851243871e-01,3.015085179475410770e-01,7.356544612586028986e-01,8.488249513288290693e-01,6.906453466822171094e-01
2.800990000000000000e+05,8.141261075567522987e-01,4.372512718136857268e-01,6.504233963152168396e-01,8.911824300056744308e-01,2.692319772974756109e-01,6.298085575205120135e-01,9.802430962241290846e-01,5.102330883174756027e-01,6.958388741200571825e-02,9.804084442889948736e-02,3.247953646598625843e-01,3.060535828438332162e-01,3.732390755789574133e-01,8.462328216200156739e-01,2.528674007461819695e-01,7.524397343268496297e-02,5.124323437866266095e-01,6.214369062037509162e-01,2.390219047282118314e-01,7.967150458137639557e-01
