2.900000000000000000e+05,1.161131087476916512e-01,1.834811140630425719e-01,4.834374627492674659e-01,8.841728099985174394e-01,1.437908879069454970e-01,8.176261075167240433e-01,4.575060216778004119e-01,1.856352761267214824e-01,6.495069620661615417e-01,3.827138551579343240e-01,7.612817137766676456e-01,3.574184009944112450e-01,6.837365460855912014e-01,9.328975449452472368e-01,1.170628588344131416e-01,6.957148630934446576e-01,5.818564149982944356e-01,5.382195900789847887e-01,7.038037216241078697e-01,6.584386251098568454e-01
2.900010000000000000e+05,5.773043905143955268e-01,8.245655158972946541e-01,7.622304112157918254e-01,1.006109217297922465e-01,1.593240387792369539e-01,1.835494362552014813e-02,3.787315373045729849e-02,3.773104759632016636e-01,5.884829327073419769e-01,2.841084140632743615e-01,7.825678890376386310e-01,7.501627016464473829e-01,5.298460683946717431e-01,1.037711071223597070e-01,1.003704321343158457e-01,9.234062998317542625e-01,8.608219334119003863e-01,5.624298918038637130e-01,9.055841303430223199e-01,6.928642578179854405e-01
2.900020000000000000e+05,7.182450876296051501e-01,2.436940522661301678e-02,3.116240188563722535e-01,6.940348222731439476e-01,8.154488043022181110e-01,8.590338605601210986e-03,7.682635714023724471e-01,4.853285492244843180e-01,2.627836919857777787e-01,4.998500475913166818e-01,5.795121674351902952e-01,6.031765674954958634e-01,9.372702078785698498e-01,9.415291217083274766e-01,3.883008571670009124e-01,6.280474140527353422e-01,6.431193862221171731e-01,5.664625693842204601e-01,2.994207846377208160e-01,7.366459398030082983e-01
2.900030000000000000e+05,8.194809949228474277e-01,3.088409826170448458e-01,7.702635027902010600e-01,7.122230777568068216e-01,2.731399435827164268e-01,7.803110924964408168e-01,6.919730786304133519e-01,5.938001991344045161e-01,1.302336669558950000e-01,8.696569146076402745e-01,8.732755204522639758e-01,1.149312127031670849e-01,1.790509534232268551e-01,6.873778434652807467e-01,2.303798961722440808e-01,3.847488389014390719e-01,9.072589508783588386e-01,2.540379353041486432e-01,3.824065527173307055e-01,9.754231684512937317e-01
2.900040000000000000e+05,3.635023553287948239e-01,4.609116075219441555e-01,7.867983356608222456e-01,8.910762364572405447e-01,6.263239876083093183e-02,7.514654282046254741e-01,3.296953292189652718e-02,3.413905954571716528e-01,3.600055350046675873e-01,9.659625168557717245e-01,1.514731706078259466e-01,7.803202298967427675e-01,1.598669913411822074e-01,7.128014031041709497e-01,3.639727177396379076e-02,9.638476793982569957e-01,1.951685933296692932e-01,4.269960388256435202e-01,1.743760490744874492e-01,1.882318983837604209e-01
2.900050000000000000e+05,8.479360893597344129e-01,2.422541836187449560e-01,4.681205331730471375e-01,6.848898636761743264e-01,2.353880001020960400e-01,8.754208409010266756e-02,1.152216083043235972e-01,1.267141718744813073e-01,5.261054341676666413e-01,2.737763229761842609e-01,3.379786889885525447e-01,2.927940362596077595e-01,6.541906243243950092e-01,4.027380078492582838e-01,8.138622392300812747e-01,6.350754837912768735e-01,1.078124370172865998e-01,9.313514293148715817e-01,9.500374519055976297e-02,3.396703402123649740e-01
2.900060000000000000e+05,8.061043013692588133e-01,7.629705155168133857e-01,3.220506192623960873e-01,4.126226203791203417e-01,7.638608339950356818e-01,1.406442944633957692e-01,2.825203372842260974e-01,2.649447971335906482e-01,8.016959006510920860e-01,7.977844614136730961e-01,3.547819811032431048e-01,5.436235638313261509e-01,7.595128966814664873e-01,1.683581210300453268e-01,8.345823674586169139e-01,1.799873953627117995e-02,6.748210826736096291e-01,9.386424488430898938e-01,6.823327199509710006e-01,9.838771511862235419e-01
2.900070000000000000e+05,2.145025625037513262e-01,2.419182901669297836e-01,6.975266982553151029e-01,3.091527997238298076e-01,3.991142571864820798e-01,9.118077815092352489e-01,6.914717384546044121e-01,5.568005366730344186e-02,8.683097414286449212e-01,4.922576825069235884e-02,4.476542511802499291e-01,5.788936623527778380e-01,5.119744925595557383e-01,8.035398087722017690e-01,4.807887318701586921e-01,8.062264774508882681e-01,5.134173375120523186e-01,5.166835049315047224e-01,1.152717468752256780e-01,6.716402000446379805e-01
2.900080000000000000e+05,1.637366258566788080e-01,1.659777093445926610e-01,1.184244288029391301e-01,7.515474641927333277e-02,3.956747151640233051e-01,9.786073368817044260e-01,8.482511650228140576e-01,4.843919704220056577e-02,8.772326459106878360e-01,1.665279555258526445e-01,8.593413751000392731e-01,1.792210185571205816e-01,4.473189256656756596e-01,5.599040015127773051e-01,3.598885862285416959e-01,7.461329729108273634e-01,8.853676399901050376e-01,7.721590506276652111e-01,5.458406240994572167e-01,6.893287254332949310e-01
2.900090000000000000e+05,8.659136828964242305e-02,6.794443332663451240e-01,1.516450446116122119e-01,8.589416837972061458e-01,9.009823264561420686e-01,3.455174744969167211e-01,6.907817778951519383e-02,9.720533853688307913e-01,5.539217777093151662e-01,9.602147266104210654e-01,6.756327792268697063e-01,5.553735613465060617e-01,9.073449203917116623e-02,8.290998253953675290e-01,6.947447919746014833e-01,7.618854255575702172e-01,6.842877042935463505e-01,9.635701302800718793e-01,1.281678026031969342e-01,4.850661505143049057e-01
2.900100000000000000e+05,6.941780143981394202e-01,8.627102379816147248e-01,8.303850540921161594e-01,7.920181048631912413e-01,4.822674335866771189e-01,5.854269050818594611e-01,3.620032022866566113e-01,4.606153314152848788e-01,3.136871319996809016e-01,2.103427540863286316e-01,7.221711527639101957e-01,3.507280859021851827e-01,6.905045955882913589e-01,6.879211231828453732e-01,5.175015724642509918e-01,8.199773633320849298e-01,8.925551572919731003e-01,6.532496257484372570e-01,2.380291133360246114e-02,1.738381564749764685e-01
2.900110000000000000e+05,8.595885452096714285e-01,9.349171839589387467e-03,7.573883018599609773e-01,2.832110322629290966e-01,3.110814553289222850e-01,6.646534953408771429e-01,6.108093124622160364e-01,1.862347098971268711e-01,4.662220139261670226e-01,8.613467664046431382e-01,4.666564655619476198e-02,6.193935296071333418e-01,1.215967316251146402e-01,9.516128778467303206e-04,4.109009360273808698e-01,8.326164402546486487e-01,9.852165493608601166e-01,8.742720893275613969e-01,5.876284679317455018e-01,7.426151838511292347e-01
2.900120000000000000e+05,7.634518298191280694e-01,1.098115193441271398e-01,2.311733714031922737e-01,5.645957647530742696e-01,7.010272988407852957e-01,7.594966274335571699e-01,4.856083318089154943e-02,4.494687689126748431e-01,6.089417258908388364e-01,7.940086821887415436e-01,5.910083042790666985e-01,3.967753540470653206e-01,6.063250481630287902e-01,3.822621200854575685e-01,3.600116971843796421e-01,8.144537480303406518e-01,9.124306158056615379e-01,9.833479377763965079e-02,5.890751436676803232e-01,2.648876325758509065e-02
2.900130000000000000e+05,7.468863560297633875e-02,2.174868679886433620e-01,8.324377235929423247e-01,1.569876007527359896e-01,6.045109039532495787e-01,8.261279725634804727e-01,7.119382341491511390e-01,9.111311489700968380e-02,7.029392791239752469e-02,2.465959152209925564e-01,9.191987034200347351e-01,6.405470127459494956e-01,9.872443001024375775e-01,7.826046134104378549e-01,1.023150387845398468e-01,7.443331720540951046e-01,4.420442926656610316e-01,6.209773805426027637e-01,7.096659399056975959e-01,9.182927693473902364e-01
2.900140000000000000e+05,3.721313271713355686e-02,6.951173003770554359e-01,5.561221887108054318e-01,2.080610411522102465e-01,5.462021005992657718e-01,2.858187217159177118e-01,8.525177665578652642e-01,5.543087467905909449e-01,6.037458889953043473e-01,3.731534418868399650e-01,2.708113054423297861e-01,8.178456876657175245e-01,4.406229942267982924e-01,2.153147592290677315e-01,3.937383296847829506e-01,6.259057892202771756e-01,6.413084835249863724e-01,5.862160599414534268e-01,3.264759036647846280e-02,3.495396529545291564e-02
2.900150000000000000e+05,4.032715522408334419e-01,8.447256895408122856e-01,2.815087079807759851e-01,4.237421845018658484e-01,3.092327514548242062e-01,6.061801003348267214e-01,6.803518479740101599e-01,1.927159691001303354e-01,4.282874849110227533e-01,7.230294698131931597e-01,9.968754379056020687e-01,2.884042393190585640e-01,7.688419068985570259e-01,1.400195589222861248e-01,4.349526425160318288e-01,1.158115611339647355e-01,9.854360492880085420e-01,2.402315724353262238e-01,3.371405557066819991e-01,5.380237228494065826e-01
2.900160000000000000e+05,4.838953390460229986e-01,7.987936822751771082e-01,8.677445146883465688e-01,3.949282158188378578e-01,1.510796445228014262e-01,8.172146736610852447e-02,8.641933721096106691e-02,6.424120353269796579e-01,9.338247503067939048e-01,6.058133640055030078e-03,5.597796607029648097e-02,9.354186698552920953e-01,6.963141986048213550e-01,4.941503317342290647e-01,4.529217276272168302e-02,4.938398231545015893e-02,6.010268648269436742e-01,8.608531450118280803e-01,6.682034856675678203e-01,4.810999152148563995e-01
2.900170000000000000e+05,4.036536853462402430e-01,1.070677751602244765e-01,8.415747359765904934e-01,9.571271365928963881e-01,1.437859801178521524e-01,3.401591367814142952e-01,4.753985845272068467e-01,6.070337626666749697e-01,1.252545371585780387e-01,8.690046239243052195e-01,5.118330320253666743e-01,9.186378736075296869e-01,1.191178045810822317e-01,7.714966455949021640e-01,1.421646313621571789e-02,8.576011455376313375e-01,1.988447789288483314e-01,3.965397497038678498e-01,2.286751538325889621e-01,7.797098453274158292e-01
2.900180000000000000e+05,1.024415847115078826e-02,5.582183267569407192e-01,9.255199599531542809e-01,6.550083312203803798e-01,7.318713772826140884e-01,3.616618464640841690e-01,7.497736683624145471e-01,2.742800035493242472e-01,5.090614022936953420e-01,7.260802890010397137e-01,3.752894845633937271e-01,9.102447241633938591e-01,8.824763878513386395e-03,7.763793345688829728e-02,9.348486427689617351e-01,2.683488833859761780e-01,3.119369428821350265e-02,5.833404526191385830e-01,8.082447800930311343e-01,2.852523726716429397e-01
2.900190000000000000e+05,3.864720505234928716e-01,3.202602081936926082e-01,7.778831657855864723e-01,5.763133227149487281e-01,8.395294590062382101e-01,2.913093092429955844e-01,2.125189948772534532e-01,8.756537081128811240e-01,7.217815611764777373e-02,7.355071073114504143e-01,3.532427703417830855e-01,5.374978180182450327e-01,2.070627479353911449e-01,5.765237777002818476e-01,6.332946373033099263e-01,9.433112685289974930e-01,7.274203882573925251e-01,8.217160206176353787e-01,8.810694662390353704e-01,8.674031430661677256e-02
2.900200000000000000e+05,6.960422447434804205e-01,9.677212901296513570e-01,6.570606476105268490e-01,3.753803063166749610e-03,4.061377314601888333e-02,5.737818713491591449e-01,5.764726972733996702e-01,8.443248122284467971e-01,3.476272523289803962e-01,1.681238579467680960e-02,3.112805696308257319e-01,4.803375316417458629e-01,4.770530454087571481e-01,6.077126864891218005e-01,5.024989231121451683e-01,4.145984039176155989e-01,8.799071044861461743e-01,4.776983456433768760e-01,6.285997864139447611e-01,2.592199929246472578e-01
2.900210000000000000e+05,1.566408565797847707e-01,9.915726513771968564e-01,7.853701579770755448e-01,4.180488003309683620e-01,1.192897190455418643e-01,2.893732871023169118e-02,1.659661790657780411e-01,1.755497406862531751e-01,9.331345500867561649e-01,8.399670489719139876e-01,5.963960608774608874e-01,7.964393358589803018e-01,9.562230345634219475e-01,9.003942971523869465e-01,7.396900362820146846e-02,2.111645858645052609e-01,7.045633467882166379e-01,3.857164290154008190e-01,1.487969843759905375e-01,5.337493293186726939e-01
2.900220000000000000e+05,6.900099446733907183e-01,2.344525730322530865e-01,9.217340058757751420e-01,3.383727994061178634e-01,9.350182431671112404e-01,8.587403161014039998e-02,1.198888853899274798e-01,5.673165669385615839e-01,7.875626274046803044e-01,1.059222977858421677e-01,2.585721709048715011e-01,2.846895045111051958e-01,8.639934736515477720e-01,7.121848414011565653e-01,9.298525566193154290e-01,7.938579202465824158e-01,6.385040387287571617e-01,3.501401923822333728e-02,7.409757745904349546e-01,6.497805892929990890e-01
2.900230000000000000e+05,4.203824871888320880e-01,9.188314561275423564e-02,8.747683776487833462e-01,8.294986045034520306e-01,1.677710396961132888e-01,5.666513494131720785e-01,3.439713965728746770e-01,2.794136839655468885e-01,8.359267228883626721e-01,5.586260278009704816e-01,9.250236126959596739e-01,6.896268644968611694e-01,1.179162616638173011e-01,4.754123324501475789e-01,2.093470240504202717e-02,4.349674288096200270e-01,5.670685994283602982e-01,9.463124382084384667e-01,8.931440651811196618e-01,1.963312964499243085e-01
2.900240000000000000e+05,7.047012861091417335e-02,6.794927400431842734e-01,6.082431142468781582e-01,9.775688351874378679e-02,6.774960786954751235e-01,1.975145370918275356e-01,6.333176723709227351e-01,5.815020752133217563e-01,9.656620075208621756e-02,9.986866073294241586e-01,3.606915403467318981e-01,1.722274136091720420e-01,2.662171965212735136e-01,3.389101280185876641e-01,7.533322147586190010e-01,6.876570862579398646e-01,1.310024556309105082e-01,7.815780224303419121e-01,7.405091837098864982e-01,8.904475291636708700e-01
2.900250000000000000e+05,8.215171591937513451e-01,2.081727864552180840e-01,2.539736710893902849e-02,2.870674489711863009e-01,3.383407863842672336e-01,4.996448317058742594e-01,4.824136491627226686e-01,9.019649761318199177e-01,4.177336282156771663e-01,2.443995250093988769e-01,4.125603983292689403e-01,9.470299789884450981e-03,9.283214868360051275e-01,7.953899740615999470e-01,9.497735979966726028e-01,3.351497688257814023e-01,6.877480060470588796e-01,9.804002738288049024e-01,9.539720223631452667e-01,8.752241695568251378e-01
2.900260000000000000e+05,2.001223240528063885e-01,5.148487233726927181e-01,4.192388029258714566e-01,5.959955762418158720e-01,9.652190830177298508e-02,1.755288798108193271e-01,5.678130846875099058e-01,9.621967835138512948e-01,8.819678734690017397e-01,1.195574404170031135e-01,6.046767375349212381e-01,2.371242095655962112e-01,1.070958111236036681e-01,4.885659645410397323e-01,7.605580815590322619e-01,2.744014445663203183e-01,6.126528809430425992e-01,1.003767049274935097e-01,9.457650626435045726e-01,9.976160128280922024e-01
2.900270000000000000e+05,3.356453847551047476e-01,4.565593059574750701e-01,5.922357775086090070e-01,4.097701244408826771e-01,4.024545479704664253e-01,3.551012041730450264e-01,4.608087823642520453e-01,6.422213266063548920e-01,6.245233441425657173e-02,3.369450742321435932e-01,4.123845833222189450e-01,9.274072036068710112e-01,2.734191662985621107e-01,1.766929725789211370e-01,5.151081852461441013e-01,1.990079491924575672e-01,5.157917431004870323e-01,5.064873558462598124e-01,7.738586771938201769e-01,8.180594548014991085e-01
2.900280000000000000e+05,9.569154464159266293e-01,5.469993546154964248e-01,6.535450012811102605e-01,8.878136591114270670e-01,5.819355657257964110e-01,3.483064020815176409e-01,9.416539404782151568e-01,1.742276654048277029e-01,4.591537430932801644e-02,3.302337960938610539e-01,4.512078084989931126e-01,5.701444872981149548e-01,1.383167145239607709e-01,6.165026630705338073e-01,4.897638462652085245e-01,3.805626188054045400e-01,3.630289778325210825e-01,5.606053162466664297e-01,1.512969705415248001e-01,5.767998992416399906e-01
2.900290000000000000e+05,8.921089078535049399e-01,6.260100156062742283e-02,8.565170039196604579e-01,2.381588059431462012e-01,8.984782532489956619e-01,7.214348062018482999e-03,5.704047367745731512e-01,3.040969027357618426e-01,6.016313300487711180e-01,8.923167037668093826e-01,4.975077974710061524e-01,5.076014406612301411e-01,2.860923623338621491e-01,1.794894592466612648e-01,7.073565397671394139e-01,2.812781103334657251e-01,6.898991311066193788e-01,6.197710957601412218e-01,1.752925403594840503e-01,9.704051540829143896e-01
2.900300000000000000e+05,4.000250599122897599e-01,6.227701508438178157e-01,1.101236003344270298e-01,8.811401460398610164e-01,3.317388161300399707e-01,4.476446510147341629e-01,7.286286487347348739e-01,9.553895485668884024e-01,3.643924003198631967e-01,8.215781631818056541e-01,2.726092682563108216e-02,1.692763483360230081e-01,3.356917370969164649e-01,5.769905823412035950e-01,6.370106207065537873e-01,8.149849679466941721e-01,2.812281357731161169e-01,9.833510049258901153e-01,9.933333767959090510e-01,4.504220535717251561e-02
2.900310000000000000e+05,6.381189586627207255e-01,5.063728395993337683e-01,1.915595289947930047e-01,4.502543344403691083e-01,6.126905665163270287e-01,3.872186144758948956e-02,7.119327436067196535e-01,8.515396296714505819e-01,5.411580136592857304e-01,3.054345464269871968e-01,6.183533233874420887e-01,5.441447889104770175e-01,4.405351641689355668e-01,9.084277417485088213e-01,8.290929426704458649e-01,5.620449932618950539e-01,2.172575427855475416e-01,8.480395580765446306e-01,6.826125686551013372e-01,3.086991214450327536e-01
2.900320000000000000e+05,8.029848226067106687e-01,9.838583512551368759e-01,8.946618156132688515e-01,6.455326582415910064e-01,8.406391856649656491e-01,2.999024967537881059e-01,5.695310254644075920e-01,3.952460739266316914e-02,9.932744304619532949e-01,7.640198199193909412e-01,8.400345718350009649e-01,3.524086905978615070e-01,1.904207922395374508e-01,8.620868594553470210e-01,6.126021672936886597e-01,1.127944001897226434e-01,7.764885683610659450e-01,9.995006485387327722e-01,9.218362187288080545e-01,8.146847036060902436e-01
2.900330000000000000e+05,2.058587914854004275e-01,3.151364419549076423e-01,3.239319514240002196e-02,9.538553427045300959e-01,7.459528856213922809e-01,1.555097162457773630e-01,4.004032921094700104e-01,3.229919056011714140e-01,2.005949225381590262e-01,3.148224708413647210e-01,1.526804075960284113e-01,2.068206637097678158e-01,2.962423894254012646e-01,3.124915214382352202e-01,1.591129839537352986e-02,8.704128509361787058e-01,4.928053612976668330e-02,1.423000599278385625e-01,9.113105561134267063e-01,9.966085554881775055e-01
2.900340000000000000e+05,4.775088527902675573e-01,1.283220962007552979e-01,8.956750873297425475e-01,1.956110809349669299e-01,9.295052495808735493e-01,5.412639268211050236e-02,7.648179887301779223e-01,6.952563877597244257e-01,6.787765273569160707e-01,6.156058837656210869e-01,1.509694179690315163e-01,9.117172494069666344e-01,5.214856047915912285e-01,8.660054554694952555e-01,2.894697824557423971e-01,1.888844689890425421e-01,3.582856020383450302e-01,7.477607021648061680e-01,6.383735055479580200e-01,4.646380627910389194e-01
2.900350000000000000e+05,5.181777269789229479e-01,8.539449507234940784e-01,8.132417764805333071e-02,8.832657286635077210e-01,7.662848257040307809e-01,5.510997255596565836e-01,1.808822702658990922e-01,6.319768893008550492e-01,1.276528933916789565e-01,4.178661510476990859e-01,4.407384550867549100e-01,5.464422765972856144e-01,9.159582513495360123e-01,3.570651375573341557e-02,7.257099768337184065e-01,3.378073417175622151e-01,5.766992295066749596e-01,1.710744437207547541e-01,5.467541490748885069e-01,2.005069097448901605e-01
2.900360000000000000e+05,6.589614124824589858e-01,4.891954910206115503e-01,6.019403416024635689e-01,9.165942696844503468e-01,6.214626325129235518e-02,8.883141929716261709e-01,7.496476505105700294e-01,7.803839859342972529e-01,5.805446209856316431e-01,6.430861766277764513e-01,1.407855173458223419e-01,5.274722438908074906e-01,2.560084329609072507e-01,5.779553019430375693e-01,3.329474324524420714e-01,3.730819598621644140e-01,9.891943573992080241e-01,7.701598014521814362e-01,9.392732910297301174e-01,4.315304956324815810e-01
2.900370000000000000e+05,6.765319860902098137e-01,5.083504707892960717e-01,9.544378399422437376e-01,7.609566416275534984e-01,4.907287722994835288e-02,9.715030154486954395e-01,1.767157847767611978e-01,7.984916398707992968e-01,4.846443041785865047e-01,4.777230732672534952e-01,2.805829167830524717e-01,8.769598868134249603e-01,6.582492085366331569e-02,6.120536830054322808e-01,9.486695514397683882e-01,6.666080573914490159e-03,8.442796893229659316e-01,2.711750657195906022e-01,6.420128288149362650e-01,1.053820246035789276e-01
2.900380000000000000e+05,9.295251958732874131e-01,3.039343837747316979e-01,5.772461947043555641e-01,2.115215909471246380e-01,5.540696098197612773e-01,1.472807547147867435e-01,2.098977054328420300e-01,1.174429270303439798e-01,1.346807676499015560e-01,3.543842738535388781e-01,1.983334721304796933e-02,3.794778739812779689e-01,6.515456699866160051e-01,4.482618830875368943e-01,5.947304743926015158e-01,9.608017040283843846e-01,3.161003453017100506e-01,9.707085908740241686e-01,5.188564388826550910e-01,7.070588049468833347e-01
2.900390000000000000e+05,3.642852317077985846e-01,3.094490857350081781e-01,3.163717671664024733e-01,8.715589446482555624e-01,2.932992503958683495e-01,7.757780296621663574e-02,7.330208424006593448e-01,6.410714412530261752e-01,6.375746975525137250e-01,1.904026806025410634e-01,8.059332595035535451e-01,2.882221263445537973e-01,5.532838867175688957e-01,5.448096744029624627e-01,2.162391514486367017e-01,9.141355924558596246e-01,8.364824850610993456e-01,3.052940011060290004e-01,5.892205672582231379e-01,3.037956796912376634e-01
2.900400000000000000e+05,2.381001550836522318e-01,6.008451475144305221e-02,8.840820333049670410e-02,8.647018626781013406e-01,9.830398315337685045e-02,7.122807064604245175e-01,8.322220098451728054e-01,6.208473970965964206e-01,2.151517532228985896e-01,7.656509532950539487e-01,2.851116941013103201e-01,1.312778161598993076e-02,2.870845162272512852e-01,1.810014227321392610e-01,5.289243547453350569e-01,5.584560053062267437e-01,3.831678837395225967e-01,5.230518172228550977e-01,2.154588024237763522e-01,8.707581462342652845e-01
2.900410000000000000e+05,8.715629869609073932e-01,8.349687870084118169e-01,4.085948272599665421e-01,7.383962512036656989e-02,9.159603514448111383e-01,5.567337573652502147e-01,2.918548912068198442e-01,5.203448809170193590e-01,4.905659731552440839e-01,2.154450210778365848e-01,1.767557254306066916e-01,7.535532917193010771e-01,3.918829309358869972e-01,9.437231114296199541e-01,3.671407411207161520e-02,1.982416059092079186e-01,7.581826315597581800e-01,2.155819971954523462e-01,5.171905955630482499e-01,9.481359668068134461e-02
2.900420000000000000e+05,2.462845387110282891e-01,8.751004912947264458e-01,6.858521186886162857e-01,9.533904119527503163e-02,8.754797416844356528e-01,8.616446566792100858e-01,2.937971576395205231e-01,5.865048438122636432e-01,9.394561053466202738e-01,7.694153197412229028e-01,1.304623711364538696e-01,2.631530907709630496e-01,8.859273727622865025e-01,4.530480400420829890e-01,3.441169500978622509e-01,7.520976476552398982e-02,2.897639681280269608e-01,6.929192213408971179e-01,2.548522161322365198e-01,8.485701997431730481e-01
2.900430000000000000e+05,5.454678138050298442e-01,7.223300162674095581e-02,9.598904956251042009e-03,6.922938725752644240e-01,1.520961817000195948e-01,8.988347680089001646e-01,1.726861097571326109e-01,1.577252061622823609e-01,2.655993369024952644e-01,2.281541381987151063e-01,6.409439424538718733e-01,1.650290147812799590e-01,3.915820821469563340e-01,1.166539622588359526e-01,1.257583107760715802e-01,7.923810684003566029e-01,1.350814437316235628e-01,7.446114626050518437e-01,2.083160660295680922e-01,1.287648644233296835e-01
2.900440000000000000e+05,4.076182124073071122e-01,1.182158987376014103e-02,5.527513243616043459e-01,4.239967151569331572e-01,4.774509858246529515e-01,1.784839946910704578e-01,3.630885397536137704e-01,4.790604362381343240e-01,3.361485550748762874e-01,7.380234771062009758e-01,5.513339303659727797e-01,9.531940028696989087e-01,7.633046534327324606e-01,5.807092484643777697e-01,9.519244304092197018e-01,2.600950667636978686e-01,5.709347729050177067e-01,6.319124991295259619e-01,9.343289901500456685e-01,1.785822653453352782e-01
2.900450000000000000e+05,1.344189118154474061e-01,8.418703950479600184e-02,9.404962283207181084e-01,9.150867721183629788e-01,4.451413462405551247e-02,2.786553179008111059e-01,2.188245776135917531e-01,4.212139670200349961e-01,2.713133725029119869e-01,1.827466001943136575e-01,4.790301171555206849e-01,8.943962096699318298e-01,8.478908039401237273e-01,3.156074104764429178e-01,3.981499813855662318e-01,1.303470766476365617e-01,4.342030475060889572e-01,8.802719451085602165e-01,2.041591647112993568e-01,8.890759669166388157e-01
2.900460000000000000e+05,9.946647526253085125e-01,3.914207222514060058e-01,6.954843817203419931e-01,8.472374090984756689e-01,4.081937766891101660e-01,4.217095666959033151e-01,8.488683784911051911e-01,5.250459110614916769e-01,3.077776927433312215e-01,5.209334257588206230e-01,7.697002340183413116e-01,3.919809305111912057e-01,2.703278259423563812e-01,8.062098426850032862e-01,6.931209501233660530e-01,6.103149012826509789e-01,3.536639650636551613e-01,5.104167224970236338e-01,6.709807410055825816e-01,2.754227412623805327e-01
2.900470000000000000e+05,1.789084986699748248e-01,3.336103123141994642e-01,8.285852260555285342e-01,2.142422104221696211e-01,2.872439880824689817e-01,6.905775177397331932e-01,1.968570563909477489e-01,8.010706548563647500e-01,7.002813122553852576e-01,4.465341508376730051e-02,5.429213944705610917e-01,4.028587694052935264e-01,6.411202600308344435e-01,3.508976982431210034e-01,2.195003916710908110e-01,9.865551993975507639e-02,6.954324856533679045e-01,8.282256475883431612e-03,8.406081033358956400e-01,2.015228639442663283e-01
2.900480000000000000e+05,4.686631823930798024e-02,7.679539510750982290e-01,2.759267351258114509e-01,8.149496593813815304e-01,2.812117271970093757e-02,8.683132435291870399e-01,5.905840748652122496e-01,3.818472949008770989e-01,3.718915659643267091e-01,1.934124977750073526e-01,3.322068066833873123e-01,5.805258113248965568e-01,5.668955355896814208e-01,4.229338160376380218e-01,4.112558816763441927e-01,7.861762601091583091e-01,2.510425925111947620e-02,5.350385887947838315e-01,3.999911709098051826e-01,5.937297167075263893e-01
2.900490000000000000e+05,2.901151083058390867e-01,2.347186824572227160e-01,2.824082199395575588e-01,9.832439550468212719e-01,4.468350670930453239e-01,9.484639882853757031e-01,9.234787065659499916e-03,1.328080566276852448e-01,8.262646614934469058e-01,9.136407405628388378e-01,1.275229107115398719e-01,9.145759656545211502e-01,9.011534277099455537e-01,3.429926429711684932e-01,5.985522525347169998e-01,7.546228912427752622e-01,6.628376184849213981e-01,3.774716278973599959e-01,3.687510801184782361e-01,8.519034080762122318e-02
2.900500000000000000e+05,8.608529840475880324e-01,4.804099831118220365e-01,4.739135586341549633e-01,7.744279243547080860e-02,1.676187930101509238e-01,7.848920301174777681e-02,1.228115052498238713e-01,4.080483242809359590e-01,2.569869853015609440e-01,7.721439736440124380e-01,8.957613799676267252e-02,4.086092417878095517e-02,7.429055320555644215e-02,1.800296999960944166e-01,5.228648687130299511e-01,9.665855293897198663e-01,2.003398428587462865e-01,2.808092690199015529e-02,7.853109884188220757e-01,9.625468470791676001e-01
2.900510000000000000e+05,8.019096998639518858e-01,4.380986235115046368e-01,3.423028770177191094e-01,8.267973236128711712e-03,9.775203704213775158e-01,4.053969321273431792e-02,2.322770295596953138e-01,8.125459349825643329e-01,1.900577408195484042e-01,8.315765046468450716e-01,5.593836119287776132e-02,6.533333292423437744e-02,8.904085558951665424e-01,7.901837587242164229e-01,4.356763567049950492e-01,1.746769260659972733e-01,8.662708728371587563e-01,3.148156864079987294e-02,1.458992790975696119e-01,5.559445913107426973e-01
2.900520000000000000e+05,2.286182952252681089e-01,5.626579937161946265e-01,6.453358255377015240e-01,5.687329694932354851e-01,4.033617905354632827e-01,3.156399082409948598e-01,1.759621018948001048e-01,6.894254990081448708e-01,3.951082729406096838e-01,4.164114199685690076e-01,7.166477307372720595e-02,7.543505546965620923e-01,1.453692390826802905e-01,6.977128252214932491e-01,4.404882332883944818e-01,5.593863128231076898e-01,8.842820611770395578e-01,9.377077248779206453e-01,7.100853981220530686e-01,7.301666426112262132e-01
2.900530000000000000e+05,5.768695854051413274e-01,4.027456002123310785e-01,3.551282860521549622e-01,3.815237831254292278e-02,5.063565985196422092e-01,3.008998551269513877e-01,2.130815509807429953e-01,8.655646733848452179e-01,9.773727934036797738e-01,6.780865416680834645e-01,9.411419837606446182e-01,7.301225530343679049e-01,3.658181623863384635e-01,3.368858146559027267e-01,5.344780515705860324e-01,1.671361588116736518e-01,3.040540710762916765e-01,4.108062489978769882e-01,8.860507760815005129e-01,6.375209893903103220e-01
2.900540000000000000e+05,2.505376418959409657e-01,1.069407245562489228e-01,8.813734513902281575e-01,4.973912257858869035e-01,5.327331729100971414e-01,3.107373640642343560e-01,3.570370136806289008e-01,4.383522554043836061e-01,6.701742257001552794e-02,4.144766613093541219e-01,9.939826662792561329e-02,6.057163262102049917e-01,5.480366375225882436e-01,1.116499219326609893e-01,5.702335582423611049e-01,3.174788038372411414e-01,3.312907216802938315e-01,5.128955123063478894e-01,2.697170471136487446e-01,2.268253053939750519e-01
2.900550000000000000e+05,1.430445048759365623e-02,1.760750656976418638e-01,2.829918070181544065e-01,9.846093350948139644e-01,9.556741798551368072e-01,2.815796719014307392e-02,4.504118330091745337e-01,5.846414865541721406e-01,8.271194255863939526e-01,5.260769933867439629e-01,9.706082260924121519e-01,3.322479134193558892e-01,2.966672247828576747e-01,5.453054449901061362e-01,3.557590586813852429e-02,4.858971320322518217e-01,6.397477942720529720e-01,6.679114642683472436e-01,9.462067143480212827e-01,9.920004808110929329e-01
2.900560000000000000e+05,4.740688428364097096e-01,2.653359670905733880e-01,7.767174038574644612e-01,1.356063343951626754e-01,4.616350188209911165e-01,2.319566099441039420e-01,2.131216700302822620e-01,9.045914990770009823e-03,3.141972154337425716e-01,3.905388564744336488e-01,2.335159201679981589e-01,4.120473404265366790e-01,9.596653389617377794e-01,7.055981582383673567e-01,4.691546550884000411e-01,8.439879726740322496e-01,4.426491702010380003e-01,4.767900924897643389e-01,7.628294926512849683e-01,8.594554685070432409e-01
2.900570000000000000e+05,7.444865627629738691e-01,6.552182750672119749e-01,1.575560763359326044e-01,7.304690239381950168e-02,9.792919999438509659e-02,5.432535167011087740e-02,6.072382554687200118e-01,8.622994504953540584e-02,4.563863882986092246e-01,7.540831180056252192e-01,4.054728179264593946e-01,5.874226077255966239e-01,6.762878646644979730e-01,5.058472749338172036e-02,1.264306570820850073e-01,4.663135644729350382e-01,2.131636073914420226e-01,7.963288109643176238e-01,9.011775064045928207e-01,1.341663079880538456e-01
2.900580000000000000e+05,2.382298772479275462e-01,6.249554354118759258e-01,2.834927645058111789e-01,3.032284028624135930e-01,1.182045251186062407e-01,8.182937724524412815e-01,7.542815647403376955e-01,5.919031158030017004e-01,4.601396354839561997e-01,1.232389866144703028e-01,7.574019885627416571e-01,8.020964827898297012e-01,8.975120841493726687e-01,9.439066797829575028e-01,7.253438807721391823e-01,3.999986034757180287e-01,2.252408569289943152e-01,8.170458609836716013e-01,1.173764106524809447e-01,3.642765194196644352e-01
2.900590000000000000e+05,7.889891543334706103e-01,4.738299274537063344e-01,4.406483784585025765e-01,1.008205541151598883e-01,4.549010885766359147e-01,2.307434683847391366e-01,2.999600943421215637e-01,5.329894290096706122e-01,1.980021505465425768e-01,7.948770644356436543e-01,1.146505736840656153e-01,1.952679862391275556e-01,8.116606451726099403e-01,9.608029339906429822e-01,1.900885627960181568e-01,6.677905561563424186e-02,5.830749996349756659e-01,8.535105345669631305e-01,2.896240983708578964e-01,9.532308198236256747e-01
2.900600000000000000e+05,4.749686907134020863e-02,5.040059941302812430e-01,9.694270651269795147e-01,4.186749691984222865e-01,3.320398021445412073e-01,4.904849795197883111e-01,1.454257757991295197e-02,5.243321420423792123e-01,7.947441927772046499e-01,6.249870233087118088e-02,5.521966589299589501e-01,6.879715838492624913e-01,5.410261941537530817e-02,8.610324749061221139e-01,3.592816556566114095e-01,7.186595739409392669e-01,2.748296946964446930e-01,9.550543894661397415e-01,8.229919010488609965e-01,3.712493082260662769e-01
2.900610000000000000e+05,8.782661041292214588e-01,9.477401864797887487e-01,5.123432420351015093e-01,4.151760198259680790e-01,6.687770420576685249e-01,5.422664785189881265e-01,8.765015327628810082e-01,5.773819267606562500e-01,3.449824081791058594e-01,2.595381968186402100e-01,1.018501164773996104e-01,7.306023361905912283e-01,2.005907742486293666e-01,8.597333800161014450e-01,6.304811072264935312e-01,1.720450085710761856e-01,8.722221778509753332e-02,7.498821924915741732e-01,2.518220931674598484e-01,9.454417641630157298e-01
2.900620000000000000e+05,4.954266765788873927e-01,5.762546086945674606e-02,2.814901725398945009e-01,2.734131556393025742e-01,3.858021181316627635e-01,6.202910222552734387e-01,5.591243664182231621e-01,2.814144004630374507e-01,2.690580780762524826e-01,6.883563085602459886e-01,1.308384778770086410e-01,8.425747820539064570e-01,5.596764971617759210e-01,9.434879798717789035e-01,1.881075148127887564e-01,7.772664767224537474e-01,7.122720078209427985e-01,3.329805017447700077e-01,1.233873243051220037e-02,3.812378254767955221e-01
2.900630000000000000e+05,6.112940997309322944e-01,5.912193173738725660e-01,5.515050804822114738e-01,7.312032955260194811e-02,3.958239011769552063e-01,4.827031822751002288e-01,7.715649408383655761e-01,2.445766765078575267e-01,9.494390172793337745e-01,4.808820257169764689e-01,3.860898146011542131e-01,8.241218678634362194e-01,6.195172226732449383e-01,7.249420411584076573e-01,2.854328030337214273e-01,6.272707161261545927e-01,3.603840246398267722e-01,4.444978413170517229e-01,1.208047833817250671e-01,4.157386113510330716e-02
2.900640000000000000e+05,4.553068922387771833e-01,4.800294462240219939e-01,3.247669184251288366e-01,6.849113654993684852e-01,7.947837589433102146e-01,3.703412743349731029e-01,8.834054912370594703e-01,3.079915453390369429e-02,3.285814926893728671e-01,3.248416090833410319e-01,5.628440933341559704e-01,8.792970343742612105e-02,2.810060356721617580e-01,3.786889671541171509e-01,9.987861131041585461e-01,2.003140391061953851e-01,9.876072619365197092e-01,1.352612600740151771e-01,5.898811118085180993e-01,8.586004101079168782e-01
2.900650000000000000e+05,2.381514943228548731e-01,3.800620511006296276e-01,1.831926890161407195e-01,7.684908290428759114e-01,1.167911833016379575e-01,4.416599397251226300e-01,5.138384598686406290e-01,8.364911880793067800e-01,7.312485136188844326e-01,7.133995068573310006e-01,4.473934981079804585e-01,1.499094428299867499e-01,8.021007149758707655e-01,5.238870262361097208e-01,5.879008503951516085e-01,6.507601679852089704e-01,3.041136138520327270e-01,4.852427736535068759e-01,9.763671021746789247e-02,3.390977347336705527e-01
2.900660000000000000e+05,7.310917755127367412e-01,1.987595807768053335e-01,8.518181546400904747e-01,2.985544282561152230e-01,5.192578747697085273e-01,5.957831286600434595e-03,3.174561959940919165e-01,7.686604622250223784e-01,2.070463266071669306e-01,3.867546715901026833e-01,5.684484324089101870e-01,8.558251692262732746e-01,6.799083826399683339e-01,2.399958766547872768e-01,5.959114670773080213e-02,2.096791121063391605e-01,4.698317220175468600e-01,1.479910991562782829e-01,3.552875907301719094e-01,1.570717088923518912e-01
2.900670000000000000e+05,6.697340894868490935e-01,2.461583464483844130e-01,4.751187120299297240e-01,2.611324566245496470e-01,7.768556504864266854e-01,7.069300353891824207e-01,3.363284119938272365e-01,7.602213174356654557e-01,5.123524252005502433e-01,6.953375868186697506e-01,5.149190013940917465e-01,6.265655268663615773e-01,6.598924807436921114e-01,4.602250873785627139e-01,7.536457267463523291e-01,6.416654224751464630e-01,5.990547281368150401e-01,9.068667656133296839e-01,8.667497604356373397e-01,6.514806802942008090e-02
2.900680000000000000e+05,9.681558749291384602e-01,4.213878291657464636e-01,9.528075958273491963e-01,3.389816558632856580e-01,5.984892413133339195e-01,1.960160113608290233e-01,2.888454653049153942e-01,8.523741478421434925e-01,9.802018553118817534e-01,3.419430377689133271e-01,3.313842330896815680e-01,4.551136736195755539e-01,1.307643325065963591e-01,7.983205621717642808e-01,8.231836315728170428e-01,7.040421306558434233e-01,9.974257723729962333e-01,9.783091651834309177e-01,2.710837650919262209e-02,7.772637690599457638e-01
2.900690000000000000e+05,2.786337496754099918e-01,3.043109835862013446e-01,1.130564763232823067e-01,7.955222412143780897e-01,5.815223243912809314e-01,4.604767293658846850e-01,2.872317864942608434e-01,8.307046493285630273e-02,9.065728378715747215e-01,1.486615140096475551e-01,1.838297418929124571e-01,9.293763734412685551e-02,4.149059173789823030e-01,8.741884675670845706e-01,9.710866855620041704e-01,7.535319780645498566e-01,4.711918462041035927e-01,1.345162098349734769e-01,6.451903265640895890e-01,8.541706197685987600e-01
2.900700000000000000e+05,9.471380811229415109e-01,4.359857230225191449e-01,4.708832824061094380e-01,4.069423650649955926e-01,6.489635404681113329e-01,9.156718267293231239e-01,6.354251641043919818e-01,3.915654698136845635e-01,1.795186230332412869e-02,4.686385726276517394e-01,4.153584645715012735e-01,8.692958606160906543e-01,4.952961004823631663e-01,6.446915477748123013e-01,2.230153441861131292e-01,5.316738668464923157e-01,3.998675114844855161e-01,7.759611966832443697e-01,2.231039800541391172e-01,8.653510522076689471e-01
2.900710000000000000e+05,5.473632175395671817e-01,9.584098431668255369e-01,3.650205252142434409e-01,8.747102443171110853e-01,2.201373902054227782e-01,5.367644953512749062e-01,4.058673788960208695e-01,9.540325247694065869e-01,5.301856214981581772e-03,5.977569021763484702e-02,2.402776079039120605e-01,4.402150454280250313e-01,7.938593507363025381e-01,4.068662640015406895e-01,1.900528002059800325e-01,3.728705280843669367e-02,2.796545777951455758e-01,6.810196583768135525e-01,3.471715368278704972e-01,4.483923662720800118e-01
2.900720000000000000e+05,2.097518509707418932e-02,4.223599253760923489e-04,7.027010948211052099e-01,6.762617789179381500e-01,6.533090794787654865e-02,3.124738648986188361e-01,6.497101102456250832e-01,5.363310679757291588e-01,5.171612253698576467e-02,5.473740099755265431e-01,7.406445562231843693e-01,1.325746088647343779e-01,3.662858272770512791e-01,7.967989057024951194e-01,1.248633834409518251e-02,4.124769429837601420e-01,4.283359644221408358e-01,9.199517334533664492e-01,1.956023810871896362e-01,1.991271350747499946e-01
2.900730000000000000e+05,6.867287168921626384e-01,5.180449811375844593e-01,9.308362826327175599e-01,1.328430848605434145e-01,4.103005229588270186e-01,2.635487407885365174e-01,9.609821515586423057e-01,9.424669911122139920e-01,9.310806832978768544e-01,5.417872514960646591e-01,3.193035073202424856e-01,5.845965690090639821e-01,2.669642985410285441e-01,2.120503939596259935e-01,7.999448489669358509e-01,9.492880772464558081e-01,3.822691493888985548e-01,8.265491203573006596e-01,9.325658105075552706e-01,9.997280076156134232e-01
2.900740000000000000e+05,4.978896165015932462e-01,2.605669060623764244e-01,7.757996791699111050e-01,8.679633274403074639e-01,4.564417103944949927e-01,2.687397749630042743e-01,9.848243698848535566e-01,4.685620574876004918e-01,3.340500965036541370e-01,5.799239000916401876e-01,1.013504215535220299e-01,8.284780053174952696e-01,4.058064875716667075e-01,2.282903809015887076e-01,5.491442541922862963e-01,3.155395812810841694e-01,8.749884640154617088e-01,7.057011668807096072e-01,4.188989107433871428e-02,7.932233554349186200e-01
2.900750000000000000e+05,4.112601045402558553e-01,2.021621434061071643e-01,1.593349884187400534e-01,7.896220286906645569e-01,1.717866491955852837e-01,9.240299548413484221e-01,9.729314947052009055e-01,7.970422448575229524e-01,9.811255724249645649e-02,7.182846227553668639e-01,6.743359733122329391e-01,3.156455225748073801e-01,5.119903211034532164e-01,4.284301258035257964e-01,4.886818700628431378e-01,9.458465976316154933e-02,2.223139419140418571e-01,7.131372850257861051e-01,7.087840941663809957e-01,5.457007775378307501e-01
2.900760000000000000e+05,8.968060735728633492e-01,2.885360424694560777e-01,4.808380067471298425e-01,4.268337721071500113e-01,9.098166221747268079e-01,5.489910360807670475e-02,5.337013667220373847e-01,3.628119606046793511e-01,4.427066955718766961e-01,3.835351315169766018e-03,5.117645408217124103e-01,9.950070213499760952e-01,3.916082929377192601e-01,7.185278949439328766e-01,4.343118097099507580e-01,7.755236332811314970e-01,6.537333750808409505e-01,7.917325926675605752e-01,2.807184945471493664e-01,2.535769711718965924e-01
2.900770000000000000e+05,2.594145038221573607e-01,1.620828879362118391e-01,9.395223090093488549e-01,7.162242152275709595e-01,8.287506810597855544e-02,5.869002191739314256e-01,4.022622743123840383e-01,3.191963183944845905e-01,6.190142633164746888e-01,9.524072467463160496e-01,9.542013797791207841e-01,1.708078845044141980e-01,2.910809010153917464e-01,3.157339560544837331e-01,6.086061139050535918e-02,9.936976298892475912e-01,5.898120663425776566e-02,9.626704218722150763e-01,8.209250911684529139e-02,2.319528172890357176e-01
2.900780000000000000e+05,1.713293084413775036e-01,6.518296460594396047e-01,6.163450935511188833e-01,3.841394655810890235e-01,8.077204763097506346e-01,2.898049654139902565e-01,8.297649521227857816e-01,9.999278721111806156e-01,4.813979718160604770e-01,8.122479056336999736e-01,9.401213861744099898e-01,4.069545170186856797e-01,2.705842914972682589e-01,3.485548481955219602e-01,7.354166171599996193e-02,6.105353669362607594e-01,1.987598599780793229e-02,3.056697171242289679e-01,3.843779624596218580e-01,8.313590649172313274e-01
2.900790000000000000e+05,1.502120167732013956e-01,5.897236913726354723e-01,1.406989136080942782e-01,5.542806973409452054e-01,1.107537357934724742e-01,7.018914216073757206e-02,1.617633872801226280e-01,1.251380351915933886e-01,8.514866208684938043e-01,6.053120537120127986e-01,7.138502958688764943e-01,3.316693579979257400e-01,5.236703237064221916e-01,7.531902514514995373e-01,2.244373994650072923e-02,2.504108083481682012e-01,1.093075241452360347e-01,5.790993846219438801e-02,6.835867957698971153e-03,9.804505832604661908e-01
2.900800000000000000e+05,8.550316054148020539e-01,2.638223986998603499e-01,9.925400333902244521e-01,5.656789488962681300e-01,4.562757284579943562e-01,1.358204694611253593e-02,7.412306371232061375e-01,4.209254341910322328e-01,9.519173115572410193e-02,1.010230595792982466e-01,7.224926160176321499e-01,9.485530185384014601e-01,5.804108338963325231e-01,4.088103626617273223e-01,6.833264067810397302e-01,3.169862101307897584e-01,2.898290686889407608e-01,8.045634527125063995e-01,7.944648521136762342e-01,9.854493107833846022e-01
2.900810000000000000e+05,1.123035562270154886e-01,9.536789995153932553e-01,5.461822580042647868e-01,4.131523668781017511e-01,7.941253714245170015e-01,6.297299835427723202e-01,7.406768263524337037e-01,4.163088657260735070e-01,5.794427248942043418e-01,4.997383815813183361e-02,4.790060441206349662e-01,7.754948540041658456e-01,2.103023112431636754e-01,5.446800848625155123e-02,3.642662698230137996e-01,8.922283471632269647e-01,2.463651399961729327e-01,6.606191511834981211e-01,9.660631325545144810e-01,7.446073083794727543e-01
2.900820000000000000e+05,8.074227597525770461e-01,9.890123999620751283e-01,6.536612649359168081e-01,8.426075813487675648e-01,4.243172081456274558e-01,1.966561300093572218e-02,9.579801297155917661e-01,6.052225347346210649e-01,6.104732062101300150e-01,9.035612355701541087e-01,1.869193965875169949e-01,2.599588453330051729e-01,7.497777502056023335e-01,3.450583713587153101e-01,8.270494482266212977e-01,3.887335492903069012e-01,6.452875255495734708e-01,2.124186760194775037e-01,8.155644176389287292e-02,3.651929403559582843e-01
2.900830000000000000e+05,8.360346488829319966e-01,4.523215760087225812e-01,4.215647880090310773e-01,7.112220434275271508e-01,9.780476872783711029e-01,1.480214370493359022e-01,8.061049597697712565e-01,8.107296097575928950e-01,1.872851295210153921e-02,7.121453280743372805e-02,6.708156083908332068e-01,4.121311175299223750e-01,4.051133419717880546e-01,7.017247763741426558e-01,1.213939928776899269e-01,8.884939871647042908e-01,2.368219208060005077e-01,5.057756435274138873e-01,5.683936641461907469e-01,9.004810928624232824e-01
2.900840000000000000e+05,7.330035362130624677e-01,7.934860439053144088e-01,2.568100479539078274e-01,6.207216588792981993e-01,2.605421063527140202e-01,5.383315393383789615e-01,3.751900321400395422e-01,2.843560544575334248e-01,8.547781496052477834e-01,4.633523813892205245e-01,3.899240590508193938e-01,6.618643450824487351e-01,4.312744324529662610e-01,3.538236054062199321e-01,6.828216616344519041e-01,6.477867791790495877e-01,8.221193340238067693e-01,4.542993166916357017e-01,5.241070285494843217e-01,8.545302872114155512e-01
2.900850000000000000e+05,6.073590050242112515e-01,9.115429760203214160e-01,3.420641809659482613e-01,3.884878182477050634e-01,5.479488298496465459e-01,7.832132891139976794e-01,3.942189231561754603e-03,8.627404717278120971e-01,8.333419469076878139e-01,7.874191274492399195e-01,9.845446430637562196e-01,3.150472355595503871e-01,7.846682792333528056e-01,3.486205356938928412e-01,2.357510339927231247e-01,1.645359007559969999e-01,6.925734013394013733e-01,9.739097934951930213e-01,2.395074155592832321e-01,7.536933679341404346e-01
2.900860000000000000e+05,2.383811434894897996e-01,3.908016073123576906e-01,2.072019589258689010e-01,2.924771034173619944e-01,3.926520352263995761e-01,6.276899496815878665e-01,7.227929491173279430e-01,8.905312164846246326e-03,2.472800692055354688e-01,1.755365191504555389e-01,4.752227747831987426e-01,6.443120685860947994e-02,1.080338641448425063e-01,5.335410285043569178e-01,1.523909614022737058e-01,6.544860666090688284e-01,6.298591504082485804e-01,7.158692201594774041e-01,9.428526684353424336e-01,4.709880271882110891e-01
2.900870000000000000e+05,8.416517425205480851e-01,1.862489465605241534e-01,6.035486760151594909e-01,6.921665423981451237e-01,7.836436266723203481e-01,3.297298626225287910e-01,4.716545370972139439e-01,7.510198521070188260e-02,4.557482395889622673e-01,5.864033859593817954e-01,3.002739681451429554e-01,7.834720677879317696e-01,6.090234192426599025e-01,7.559907095230996577e-01,4.291706815420994747e-01,7.399895681001151804e-01,3.687294213926464170e-01,9.346646532212097291e-01,2.013132827941777059e-01,2.090567990967541201e-01
2.900880000000000000e+05,6.138488467513860680e-01,6.806210943577389871e-01,2.542761989083530683e-01,1.832803019219434448e-01,9.663706053556642139e-02,7.558587729310317638e-02,8.138880171945779285e-01,6.199063646214464374e-02,8.575921781375224207e-01,1.085148406668091647e-01,9.643019168877065006e-01,8.525646750510376126e-01,3.964619535413208551e-01,2.521165523365122008e-01,4.007004747417057811e-01,7.351292572296609373e-01,3.832557130267355561e-01,6.139527007975461581e-01,5.801402849411624318e-01,2.746538245687906166e-01
2.900890000000000000e+05,3.641341288267520016e-01,7.295132960793874188e-01,4.532498415243195744e-01,8.465633590170708045e-01,5.175857405137922473e-01,2.842448332016208612e-01,4.256769769864054975e-01,5.700591471200180393e-01,1.611144888017173038e-01,7.195929035438776156e-01,8.022278648279690394e-02,2.800759542407745828e-01,4.304003126046453964e-01,5.620254426254733815e-02,6.691741016434378242e-01,4.967800865694195211e-01,4.122998094666786573e-01,8.183379326212740779e-01,1.254811529203155862e-01,6.025222800135303647e-01
2.900900000000000000e+05,4.414010296369264008e-02,4.599164366177456165e-01,8.313901042753697457e-01,9.012258779018544885e-02,9.120231431357245233e-01,5.903757717524538151e-01,4.604994059336897649e-01,8.848674064778749848e-01,8.268141614097337389e-01,5.633296723023233366e-01,1.830518037535247000e-01,7.445284306443953337e-01,4.375434315554069808e-01,1.906103287030269655e-01,9.689566493223922272e-01,1.282891279699990283e-01,8.442748228730649895e-01,1.674816702987695916e-01,9.967494147928402937e-01,1.645629567447250974e-01
2.900910000000000000e+05,7.271162336072278798e-01,7.805469793388033484e-01,5.683658896666712312e-01,9.043783677001544508e-01,2.364992651444375316e-02,1.956468132242107361e-01,2.345228945904134221e-01,3.549135431020288278e-01,8.601938930718945331e-01,2.941652085733869049e-01,3.976427965193339853e-01,4.998740100152639920e-01,7.443192470935187099e-01,2.626771586038100237e-01,6.168991469708523523e-01,7.301738100660691844e-01,5.167085610731021461e-01,6.546494103558579969e-01,9.918687081246965187e-01,5.012697951439073485e-01
2.900920000000000000e+05,1.204478671250077682e-01,2.788825990702306079e-01,2.851417381674244966e-01,6.355752351767184338e-01,2.962332578762644220e-01,8.356800368521301037e-01,9.403252520692999550e-01,1.487807564373327951e-01,5.489223203369975046e-03,9.555044329942824488e-01,1.509880402121630549e-01,7.728783886946600790e-01,9.952581791060987060e-01,6.555410944390032135e-01,1.577803041088237102e-01,8.250997695263254661e-01,1.562569533341621186e-01,9.373503275458772155e-01,9.842059677028452969e-01,1.528267543819629148e-01
2.900930000000000000e+05,3.648338986064667555e-01,8.563043809450709976e-01,2.700970941777400824e-01,9.655254982262860830e-01,7.656432264152079892e-02,5.796186780133543159e-01,3.396766816799147160e-01,9.414613944467170592e-01,2.428003298064858040e-01,4.656935196590803461e-01,4.056762057549353484e-01,2.399332214612274194e-01,4.331261149620829753e-01,7.936466557708914404e-01,5.364320382299165857e-01,9.233048839087507620e-01,6.803511582297856464e-01,4.923466940393820268e-01,9.251326180225827311e-02,3.280681668025297038e-01
2.900940000000000000e+05,6.924719503101620655e-01,6.643236520900472897e-01,7.312512181675870915e-01,6.216416909486995879e-01,6.515345525241366120e-01,4.199453169984878054e-01,4.574315473828889367e-01,4.053504284379070288e-01,2.825512988427260064e-01,1.429611622626659750e-01,8.937129215793153669e-01,6.481492501477477131e-01,5.437650802343557688e-01,3.002801934085472801e-01,6.741029787841090748e-01,8.177620726175817145e-01,2.586918550472474543e-01,3.623173407598168083e-01,7.311267866821856698e-01,2.679271721827026775e-01
2.900950000000000000e+05,7.153010211492997206e-01,5.164614831558312913e-01,3.398564109445617598e-01,3.293025184851859910e-01,8.254422412113234797e-01,1.468273578328652684e-01,9.402067229519789349e-01,6.662357020749403169e-01,7.281150171478393274e-01,3.078211392461024376e-01,7.200922031576441062e-01,3.280816921078480997e-01,8.260441018629983700e-01,8.241008384528824005e-01,9.077015692994799823e-01,6.139928362902070669e-01,1.551212597029097973e-01,7.116661831123238802e-01,8.914423018747190675e-01,2.565581469884838928e-01
2.900960000000000000e+05,8.259425023647004593e-02,1.836463415762566997e-01,4.948933260447943017e-01,5.615673580074337368e-01,6.917424828827006822e-01,5.308307963668011942e-01,5.405674525726782420e-01,8.742538417970395770e-01,3.409724319141667070e-01,8.663996706687874250e-01,3.247035655680294841e-01,7.464092103701917003e-01,9.073689365721138156e-02,4.058639697814302449e-01,2.036771607907215120e-01,2.882204598338677926e-01,9.357156334080445337e-01,4.589396754579314619e-01,8.143304422008996735e-01,9.966074101802691043e-01
2.900970000000000000e+05,5.576076652200859796e-01,2.794465319930090619e-01,6.965106252135739862e-01,9.163385912254569110e-01,9.603927970329817487e-02,2.171155824500685672e-01,9.560772108799301394e-01,7.848133812052355829e-01,2.831393472812924195e-01,9.328817380546182703e-01,8.665520800802055668e-01,7.629533573897906429e-01,3.809011055935886958e-01,8.325706331165761975e-01,9.533292330727820563e-01,9.222273151533356694e-01,7.782410589084982622e-01,9.695035180924246321e-01,2.214965322767090683e-01,1.714434139097154031e-01
2.900980000000000000e+05,2.525324874723948732e-01,4.444785520939875667e-02,3.396078721697509684e-01,9.604248775290767925e-01,1.806730282268926846e-01,2.275797890792929934e-01,9.906626630804229450e-01,8.434016856804762430e-01,8.596053033098468577e-01,4.100703861101787639e-01,1.666789508281492083e-01,8.650181336680445865e-01,5.498205268789522204e-01,5.152235024943985220e-01,8.716070298532676563e-01,8.328184689028259591e-01,2.020823083141752852e-01,8.550093005199201901e-01,7.599973256187994020e-01,6.698882244369904759e-01
2.900990000000000000e+05,3.708180371711060630e-01,1.640497566776255578e-01,8.076190090255463971e-01,6.653341387997002698e-02,9.818959981425283701e-01,5.234670410152911790e-01,5.952004670443711287e-02,3.423640349532939275e-01,1.410162635453203750e-01,6.371776939560552799e-01,8.686219541457479432e-01,2.831346590975570843e-01,7.564574206707184167e-01,1.527806375849029008e-01,2.678571726572728240e-01,7.155832991906254659e-01,4.064835216527440398e-01,6.659452644751492345e-01,4.599808371929949846e-01,7.409742311240162804e-01
