7.500000000000000000e+05,1.756011461769145798e-01,2.546015122540480347e-01,1.364217610893124766e-01,4.841400806648955557e-01,6.260418983650817282e-02,3.791085804651590507e-01,9.475508081465252586e-01,7.070129007014782641e-01,6.855010588591438081e-01,9.026103834365137857e-01,9.256951698619284574e-01,1.798680522097229062e-02,4.505222387258543959e-01,4.185891128796923599e-01,6.677189022685980913e-01,5.521893562353995533e-01,8.082924744486744695e-01,7.594520226463785662e-04,4.915157344002492046e-01,2.515362659705027149e-01
7.500010000000000000e+05,6.364415063034428721e-01,1.011737557644435404e-01,8.729936690093661467e-01,6.221994316027110727e-01,8.787596560076791352e-01,1.018766288877815951e-01,7.655929328341781748e-02,9.634767423693746391e-01,8.950612996833273716e-01,9.123861422892761697e-01,2.977937533175909479e-01,3.154447692021995486e-01,7.106927442427961594e-01,6.884510493235050932e-01,7.454932164655536653e-04,7.323041048873487613e-01,5.046443291211799576e-01,2.654084507809622018e-01,8.713434713870285009e-01,3.566612353601824603e-01
7.500020000000000000e+05,6.740184892509124559e-01,8.110994540202087766e-01,8.251113764264824679e-01,2.980307466705772734e-01,8.428926108635825809e-01,7.106247824739730934e-01,4.122252519514678637e-01,2.744144771303325125e-01,7.030172431006457279e-01,1.672671976939765770e-03,1.279686439121843211e-01,2.731979471611341026e-01,7.157161401423903779e-01,6.462781564037503035e-01,5.926514056136324982e-01,3.458372584757837265e-01,5.226205973900495128e-01,6.665484568133182020e-01,5.785438354811833772e-01,3.141470436411923917e-01
7.500030000000000000e+05,8.802629727003196125e-01,6.785640220306161652e-01,5.999443162375250882e-02,8.820125466700896588e-01,2.583244589316808781e-01,4.524346038194964059e-01,4.208570046426386435e-01,1.115721445910009546e-01,7.231199543962629761e-01,5.511326535838536600e-01,6.848045561842633910e-01,4.370795624228314136e-01,4.688783661625961496e-02,1.390804875667815965e-01,2.314458975953520570e-01,6.396238699374141579e-01,5.846939956300972741e-01,6.449789421299167991e-01,6.046490258586877387e-01,3.836501395284008797e-01
7.500040000000000000e+05,9.306716935562064918e-03,9.768869697886369829e-01,3.746530143091744147e-01,6.809151921543388220e-02,2.183409949632204583e-01,8.758145200094717975e-01,3.256881468762965470e-01,8.349369043565543214e-01,6.147113330679129239e-01,7.061641476736159051e-01,8.717933378081872409e-01,8.736658157632416488e-01,1.818146543920173830e-01,2.967728812963497109e-01,5.617881885035437284e-01,5.641868101302506266e-01,7.583054922463163816e-01,1.400041723383714798e-01,1.564606675275362901e-01,6.893975069563682556e-01
7.500050000000000000e+05,8.928039499649872424e-01,8.111027570617960203e-01,4.352431642654048805e-01,2.431964428624824315e-01,2.804106128248879948e-01,3.666205904388226688e-01,4.194155427970001071e-01,4.611831751346824326e-01,8.101737206986709960e-01,1.206962693247626284e-02,8.000540042777807281e-01,3.699360552605258645e-01,3.228163801555317125e-02,3.157519777987805032e-01,4.467641097921126736e-01,5.992024456373746810e-01,2.788978935241948065e-02,5.118628138328641386e-01,2.253142133989450846e-01,4.543874166338477405e-01
7.500060000000000000e+05,8.694852815738358665e-01,4.525379163898852752e-01,3.769787372091946143e-01,3.839970698603437649e-01,5.947393219154087918e-01,9.270006825770439329e-01,9.450130130999810918e-01,5.491584227496887349e-01,6.326810276885411755e-01,4.531858495343912274e-01,9.594726703118279243e-01,3.323705379573271834e-03,3.322684820945384088e-01,2.797107164147741853e-01,1.978381977756248356e-01,6.296263778746341577e-01,4.012434056630443946e-01,7.634114598411638752e-01,9.775671769048814852e-01,2.425776961388562691e-01
7.500070000000000000e+05,4.200112672321858476e-01,8.153561823991611890e-01,6.351671952055264470e-01,6.729314785531677057e-01,5.324324710515491166e-01,6.841098926382993550e-01,4.727710374373832458e-01,5.770515130564409789e-01,4.896717926453010294e-01,4.608245853162548089e-01,8.834303812254016286e-01,8.325134082990853779e-01,3.696393798590679181e-01,9.240849727078078724e-01,8.101877643673701668e-01,3.930724369102966964e-02,9.430652531498340263e-02,4.104536597990027236e-02,2.463467846667216632e-01,5.062561131329622599e-01
7.500080000000000000e+05,7.824741063423724663e-01,3.199661108654577868e-01,6.916308243052284865e-01,8.999543954482838171e-01,9.776310343679670556e-01,3.434273800073243121e-01,9.828463050620953601e-01,6.482909005080653708e-01,8.541824714268502206e-01,3.268313158772713223e-01,8.272216974468005191e-01,3.218364543405999312e-01,6.170242419121207966e-02,7.149221599722255238e-01,4.512558415318512761e-02,3.248936019841679457e-01,1.229039071850287490e-01,4.174360635597282876e-01,7.628465945969730155e-01,5.071661787482789618e-01
7.500090000000000000e+05,8.771851406072305180e-01,9.223240365586453660e-01,8.655191955132160997e-01,2.678977507323282437e-01,4.854281472187714774e-01,4.244345774200934951e-01,6.123584157688896079e-01,8.252578878704883714e-01,7.952274614358101346e-03,4.204679143147201925e-01,6.447528993769636729e-01,5.080608185935111543e-01,8.551530688030772875e-01,8.026911978400510517e-01,1.144388064514511028e-01,6.651993480561902983e-01,6.100712900384459569e-01,8.791777742962029185e-01,5.771644817160705987e-01,1.110482464736439745e-03
7.500100000000000000e+05,5.942556753444123707e-01,8.974970191387856566e-01,5.479829170718756304e-01,4.209130410704938763e-01,5.051860853459593237e-01,6.997442111165765866e-01,5.875966429362449173e-01,4.581165364985735344e-01,9.015118942067139596e-01,2.278778849527852701e-01,9.892963577140295728e-01,9.535918610456544098e-01,8.166316601429896016e-01,1.315684271245873838e-01,4.367994580765448553e-01,8.734335834222592965e-01,9.386970395053920724e-01,4.364488839018343391e-01,9.364179229427723739e-01,5.543287000871216508e-01
7.500110000000000000e+05,5.074841617771170821e-01,1.165208834945491434e-01,3.566780234593276422e-01,5.496398958121654355e-01,8.948748680751208440e-01,9.310709957338696441e-01,4.872782761564398157e-02,2.879412766335199825e-01,2.661939436195216446e-01,5.526925820143762103e-01,7.364147378907813790e-01,3.211485016844706220e-01,7.983201237533680272e-01,5.601662292854355796e-01,5.524705105474836397e-02,1.986479585816544047e-01,7.972747246698151935e-01,6.225704773072504583e-01,8.280335434552935636e-01,1.670345597340228139e-01
7.500120000000000000e+05,5.381223575022675565e-01,7.520069783526066587e-01,6.657496073588549113e-01,8.672006870197070949e-01,6.929350701070424723e-02,4.681947927190169834e-01,1.025921154000835056e-01,7.564299863797122603e-01,7.500516094550183643e-01,9.370336277450366236e-01,4.385473323491315689e-01,1.704341641391484696e-01,4.025946560681945563e-01,9.674032082303923863e-01,4.071297639201806318e-01,2.639934262221768080e-01,6.563451306314690425e-01,4.952901527501119006e-02,9.841745026231604188e-01,4.561205842497044749e-01
7.500130000000000000e+05,9.967383174270467716e-01,9.755380418867906078e-01,5.911370660742125693e-01,4.486286037864942733e-01,3.714412352840453790e-01,5.869941591633793809e-01,7.885392124793717539e-01,4.014298608251585243e-01,4.896066873851893098e-01,7.100647703565375890e-01,3.051970868636172396e-01,9.142771073374829083e-01,9.670151367565963385e-01,2.472578380685059862e-01,5.219772998227938388e-01,8.093834831759953996e-01,5.922582492940130505e-01,4.132015504854202881e-02,8.331495708354530461e-01,3.294078126886751390e-01
7.500140000000000000e+05,1.651371897506599407e-01,2.733288252475962743e-02,9.555758415042762133e-01,5.922188573895158514e-01,4.648400850063095779e-01,8.510218728650271736e-01,2.646589662484557515e-01,3.048393277554533043e-01,8.060337112998727793e-02,6.132065439379321692e-01,4.846238551236382586e-01,5.445374017829318625e-01,2.758588500121652576e-01,2.865012020748923804e-01,7.629566940862988478e-01,8.109826811898690480e-02,4.774700802057443294e-01,2.355778379265871525e-01,2.680141820943062747e-01,3.659356272148026612e-01
7.500150000000000000e+05,4.080566293928340471e-01,4.773193635312181771e-01,1.386136337788379524e-02,3.842649689808881330e-01,4.329104646764125874e-01,7.818916340435000389e-02,3.798484104878011580e-01,9.057450138295201070e-01,5.947466822151458166e-01,8.617579180026557761e-01,7.612194721489158322e-01,6.653113485193388188e-01,4.227532429267379932e-01,9.444236807503633147e-01,4.544267926626588405e-02,9.813196031128010866e-01,9.363721717615860474e-01,7.348012961635611573e-01,4.603974589604548084e-01,7.160732150667785678e-01
7.500160000000000000e+05,2.356767249609790227e-01,4.612336207036160651e-01,9.684398007097501093e-01,2.040357408015136542e-01,5.696488583444400122e-01,5.997214115353414199e-01,4.151511932691853701e-02,7.995580097197007019e-01,9.551990619504453495e-01,3.259350576015386247e-01,9.460296797882337128e-01,5.062605410610879764e-01,6.626693985428395717e-01,7.814493267465844051e-01,7.906616117502330843e-01,3.897513007705005750e-01,9.697972192179116213e-02,1.190755388340214438e-01,1.220139916326973273e-01,7.498880076004263984e-01
7.500170000000000000e+05,5.677130842232451791e-01,5.041598270600577969e-01,1.980642745331545607e-01,5.197907501852192524e-01,6.376947116584190667e-01,6.115765903064247500e-01,6.718222130568690664e-01,2.184530837770222167e-01,7.392594748374005098e-01,1.166453411128118844e-01,6.444909171732855491e-01,3.981502423045770733e-01,2.914810537415490899e-01,2.844648953861583784e-01,1.825453098049445444e-02,5.394088607393108248e-01,5.399056875320240589e-02,3.069652804772454724e-01,7.585930883787249668e-01,8.905480011598883028e-01
7.500180000000000000e+05,8.532077053778220899e-01,3.366393875232548405e-01,5.972754426650007664e-01,9.675508086961999155e-01,2.821499905004132280e-02,9.523982971327360492e-01,1.695816701930707993e-01,1.868781423384231477e-01,2.461457313784565226e-02,6.677253762898502920e-01,8.190774292739455564e-01,8.396814679077029275e-01,4.641797940209716478e-01,8.995259425133341757e-01,2.044711434814437956e-01,4.291642303074042486e-01,8.815526885159901127e-01,6.701374708960344817e-01,5.915447174769129512e-01,7.550676848383667261e-01
7.500190000000000000e+05,2.046598963123434922e-01,3.893612076259610477e-01,3.643242959160922778e-01,6.814165803225108453e-01,6.915789868780776173e-01,2.705606733182386314e-02,5.224442784119676109e-02,9.870085472401164406e-01,6.106079503074641757e-01,7.323036419684059162e-01,3.128964582399579308e-01,7.415689073669041731e-01,2.334805885694313243e-01,9.267185938650461807e-01,7.465337800519992184e-01,2.988009768828140400e-01,7.309714555647180978e-01,5.965996033074576488e-01,5.394986667852099682e-01,5.201318083722705765e-03
7.500200000000000000e+05,5.323346577151838455e-01,4.852713107984516494e-01,5.047748943235833563e-01,3.678246048064328644e-01,3.810222597106149856e-02,9.309973739092526346e-01,5.287330829846461633e-01,4.081818704245165907e-02,2.701748529233505280e-01,5.950716584365811634e-02,4.422051354790327293e-01,3.855031489929229283e-01,3.393591070578193536e-01,7.107179690891622936e-01,7.563080156944823607e-02,7.446330672623353575e-01,8.497478447475759200e-02,5.015519197584210609e-01,2.782938336228660825e-01,2.345964277050024416e-01
7.500210000000000000e+05,3.165267655528126722e-01,1.067756984303589451e-01,9.205660900456780205e-01,5.894133502065573849e-01,8.086049087636550947e-01,4.876798892044406086e-01,3.328334788006748202e-02,9.052968374310947919e-01,9.773372244462880110e-01,3.780341997948760691e-01,3.679364320629848750e-01,5.788938043150914092e-01,1.961503440727069281e-01,8.196456021182711993e-01,9.834137329345847833e-01,3.386891308010830937e-01,5.987698573909574495e-01,9.692548451318463432e-01,5.467547380139213820e-01,6.560878656541605514e-01
7.500220000000000000e+05,3.566715802513205080e-01,2.613106123768506039e-01,1.360471839866961297e-02,7.061376291869203570e-01,5.946795613574910044e-01,2.972100210194242864e-01,9.246855201018788772e-01,6.489546222352204907e-03,8.757025451683244643e-01,4.342046566642524530e-01,6.267141166784772066e-01,1.111623351662964776e-01,4.812103023284511893e-01,6.708237401365054753e-01,6.732223114850892642e-01,1.337213198869514619e-01,5.372148945047305890e-01,8.503047996902483030e-01,5.090285249268400314e-02,2.983217955202300820e-01
7.500230000000000000e+05,4.168909000150663458e-01,6.070690555533875266e-02,9.726242626449916884e-01,2.821355195485252265e-01,4.430452182537618633e-01,8.763766218757612636e-01,8.635573243605453309e-01,7.998600577911020304e-01,9.357068811301867406e-01,7.592183901651380351e-01,2.876627753726254122e-01,4.927595272445578489e-01,4.173228858295076060e-01,1.312370203194613838e-01,9.260191205802783543e-01,7.693366570552515604e-01,5.578123989408304562e-01,3.394416118485745759e-01,7.158599651015986609e-01,1.788406574902390300e-02
7.500240000000000000e+05,2.336041329728325566e-01,1.715259341096593282e-01,2.105187328418358650e-01,6.216454081427243983e-01,5.519888811970803388e-01,8.629887429474936145e-01,4.104487252347256421e-01,7.309382996646012209e-01,5.662036132930600152e-01,4.245318539682353398e-01,9.638969147564961926e-01,7.923826579029819017e-01,1.413185436796062788e-01,5.115748663093973025e-01,8.285475339177266196e-01,5.041941655483371809e-01,5.448309245015331426e-01,7.209975669002810506e-01,5.703827251408207788e-01,3.407010110722699103e-01
7.500250000000000000e+05,6.774229178287287656e-01,8.820041476531563784e-01,4.876879304694082817e-01,4.621349162217520679e-01,2.875634077583194559e-01,3.634302563878005765e-01,6.060714768559930521e-01,9.749315106523163132e-01,7.626755155540809739e-02,6.190455520022274394e-01,8.996255600300172572e-01,6.616301654050300574e-01,4.968642123395552446e-01,3.059494972393206336e-02,7.448864263497989580e-02,5.246222124544644982e-01,6.624924173280769546e-01,2.120877791715770622e-01,9.106425413508477673e-01,1.106874895903385836e-01
7.500260000000000000e+05,4.606350898143610761e-01,2.014225090317878220e-02,4.579907654653559979e-01,3.754567076348980237e-02,8.730689486967599944e-01,3.995503159543523086e-01,1.289938557479042291e-02,3.970884306086712723e-01,7.991607101071981356e-01,3.796024850600241418e-01,5.186466710413004666e-01,1.664064088124739271e-01,4.517149595350302693e-01,3.614178799069510672e-01,9.254169618705082589e-01,8.804565020363397387e-01,9.234919636647931362e-01,2.303875506593070499e-01,7.166802412172831316e-01,4.113505787580686857e-01
7.500270000000000000e+05,7.370589188601350816e-01,7.481771506377301595e-01,6.874441778922562030e-01,3.849605822212364137e-01,8.132092189946905636e-01,4.586563657408639916e-01,6.067799624179502915e-01,3.190676121345996652e-01,3.574558768079046933e-01,4.161371616241750226e-01,4.256969876266479824e-01,4.075385251289853628e-02,1.720694705711222072e-01,3.040730732760105193e-01,7.720093587619143438e-01,5.659869091445218769e-01,9.496964788727373374e-01,8.546751736022493162e-01,8.350720688499660982e-01,9.340208120281117132e-01
7.500280000000000000e+05,8.099431844001083736e-01,2.891198131201058175e-01,5.753788798432923901e-02,4.835580064641604725e-01,3.143823061991770640e-01,4.455107211858709837e-01,6.562654902677955704e-02,8.678745419545643713e-01,2.306044711987808027e-01,1.653760458595905369e-01,3.068602090882358580e-01,9.266997157417041775e-01,7.333176009642352611e-01,9.261087780876534614e-01,3.808588734513732588e-01,3.186553166381993485e-01,9.456037494212951033e-01,6.382337301305096577e-01,3.822543082033929007e-01,1.874396406881064792e-01
7.500290000000000000e+05,9.718414373999528788e-02,7.690354830634988925e-01,5.687942349003416442e-01,6.835260725606207011e-01,2.055281461488368544e-01,6.612417537558311631e-01,3.589236940976305856e-01,3.776937651917007255e-01,9.390060386368463963e-01,4.979727966551991125e-01,7.852755740182350008e-01,3.095575509998923502e-01,3.846272427473256261e-01,7.499719397950280753e-01,2.074245712978105560e-01,2.760132669251791349e-03,3.697095974302839760e-01,5.304120746590467173e-01,5.865269834107655900e-02,5.064640140459204520e-01
7.500300000000000000e+05,3.766750485337408971e-01,8.327639327514005929e-01,5.761371680723386124e-01,3.782494174704859047e-01,2.306529091649316410e-01,4.061661708396246961e-02,9.237870469956851460e-01,3.218812204071493932e-01,9.127012447516807958e-01,6.617903894503018858e-01,8.634141161180352020e-01,2.569543554365029125e-01,9.262690895585449224e-01,2.350641772008692509e-01,9.070034348509281585e-01,3.639601768334908005e-01,2.233379560649627615e-01,1.942189488505443595e-01,6.507661001573599169e-01,9.378821434913425792e-01
7.500310000000000000e+05,6.825689347047981803e-01,4.226082829317157064e-01,6.405114706492128773e-01,9.054535101961062038e-01,1.697994451241998659e-01,8.506291336647123780e-01,8.310660657122249662e-01,3.951087462499572878e-01,9.315655674137937048e-01,7.739559139850706870e-01,6.801850078565707669e-03,6.023462023108887564e-01,5.666140195376238031e-01,5.357232502277753383e-02,8.168775499852739541e-01,4.246808304189616523e-01,3.209621141010332579e-01,1.330512032530485333e-01,6.657354699764281847e-01,1.971676019242241118e-02
7.500320000000000000e+05,9.850919777460573901e-01,3.919760925344882851e-01,5.352001381038827832e-01,1.428219167774555931e-01,1.264753321619966897e-01,4.570250116733237666e-01,4.197592672376627698e-01,1.892809919386196915e-01,7.864184772929425637e-01,9.949796475842667132e-01,5.761099631826404055e-01,7.370029411845541167e-01,4.345916515651339074e-01,9.997156831271283295e-01,4.617449051618027767e-02,8.388033732785381558e-01,6.801338975326878256e-01,5.812238076575549917e-01,6.507665543086449400e-02,3.290850713976924968e-01
7.500330000000000000e+05,9.880945517130145239e-01,3.533915145823697257e-01,9.554479059554915610e-01,7.912454513254779664e-01,7.901535083093507161e-01,4.909378641422271761e-01,6.390797242741721451e-01,1.104574765848913565e-01,8.306718483712012269e-01,9.491777361747308905e-01,4.664050263066170654e-01,6.517173357976954184e-01,1.292350642936286320e-01,2.448472084915985780e-01,7.044445432728073664e-01,4.427846852517233200e-01,1.811548673264743448e-01,1.106971710706157186e-01,5.813975152870886065e-01,2.325136629455548665e-01
7.500340000000000000e+05,2.099465296828135763e-01,8.545509685501428976e-01,5.702418289997426282e-01,7.557085866864394763e-01,3.634139034599578322e-01,2.518342350107616312e-02,5.818029701945124366e-01,4.012522137129159727e-01,5.256021380841934265e-01,7.185283591606664855e-01,3.556619951073012320e-01,2.330118390073926404e-01,7.879568909764537166e-01,2.038882320183710295e-01,2.158598477282154260e-01,6.561566798199177653e-01,1.852939571800971130e-02,5.599051655681246409e-01,7.783106568999443864e-01,5.591475363353229922e-01
7.500350000000000000e+05,1.275096467651187782e-01,6.808435498143331488e-01,7.262605007231599519e-01,5.310161505107247049e-01,3.667436771372456494e-01,3.300270154334880024e-01,3.003790135484479817e-01,6.862604407803797324e-01,9.529123953155426152e-01,6.647075296033954084e-01,5.871311897056494811e-01,3.305388665232101841e-01,3.097988826953290697e-01,9.036258161611188111e-02,7.309425956985388106e-01,5.889328166568186251e-01,4.608233660314261515e-01,2.752311809648210206e-01,7.542593992788950708e-01,1.463883992055813321e-01
7.500360000000000000e+05,9.267873891501965389e-02,9.799525393936237005e-01,8.743895497893163782e-01,3.441446669540333403e-01,2.359310236312813780e-01,3.499156542814980675e-01,2.865435675550367378e-01,9.303221712582467884e-01,5.777907514061897398e-01,5.077453367131260498e-01,3.565379085520625768e-02,4.396044391183218103e-01,1.402045377644524082e-01,9.711481008773920065e-01,3.668000760592138310e-02,7.197753303929677049e-01,3.158852725577973031e-01,8.123449836761279519e-01,6.046834648934327205e-01,7.660750856998863600e-01
7.500370000000000000e+05,9.328500991732824321e-01,8.555089250240527354e-01,5.195171191657040888e-01,4.421336947338887491e-01,7.222936612275371315e-01,8.100979249130667581e-01,1.781334726433595472e-01,3.196747604238825424e-02,4.476956071171678264e-01,2.500949784624795225e-01,9.748584872329589812e-01,2.600556020859581263e-01,8.028537887371155479e-01,2.067786230580597184e-01,4.057451283832311795e-01,2.701206329731284939e-01,2.613497550572055905e-01,9.794880178292140194e-01,2.165345947508224844e-01,6.244311379261541228e-01
7.500380000000000000e+05,4.052524111323702050e-01,3.434172297224250547e-01,6.080161673685997581e-01,9.471464663020713326e-01,3.215324817217467546e-01,2.121037283495416093e-01,3.031839158973458348e-01,4.385567437383042222e-02,7.171256952152572639e-01,7.505297589303990824e-01,5.142232526263296188e-01,3.829614831398949759e-01,5.766145577109765830e-01,9.821795839942593087e-02,4.540279521206452840e-01,1.496618471556721008e-02,5.541820079941934818e-01,3.249877941036247719e-01,3.263959148118193987e-01,4.560342791277363084e-01
7.500390000000000000e+05,4.205355039626584857e-01,7.179930397321232505e-02,6.185428815545956915e-03,8.712548724638768949e-01,7.407491061819534428e-01,3.861826442407811921e-02,4.593304001065994235e-01,5.361289763269954101e-01,4.961628939268076799e-01,4.849886987738891708e-01,1.026905968518873058e-01,1.359304349995366090e-01,8.434382221437093374e-01,5.452578271164328916e-01,9.399810429747798013e-01,6.799644159931031995e-01,6.101588129692445683e-01,8.444047817681424872e-01,2.983273997035404967e-01,9.660610736265290432e-01
7.500400000000000000e+05,3.335665584564914132e-01,5.418746635089377595e-01,4.083804168038736027e-01,8.720834142381606036e-01,9.355118371220656481e-01,9.872231478097663881e-01,2.184266530138772033e-01,8.799527861981869536e-01,2.931036724815605510e-02,4.058063177100139640e-01,8.202309722045052487e-01,1.384447633398682154e-01,4.903817232170070151e-01,3.892438383441577665e-01,7.959264854917974530e-01,2.446617428765247571e-01,9.371894523380419617e-01,4.540081599457812533e-02,2.823522059377614468e-02,8.627379769336952497e-01
7.500410000000000000e+05,9.166777240624246481e-01,2.718396183103444219e-01,8.409746508322774039e-01,6.699979916416136660e-01,5.864013212779217721e-02,1.475520365913279841e-01,6.697762131686028075e-01,6.003213524224526587e-01,5.166193300988023429e-01,4.398359940419994674e-01,1.703641111711458045e-01,2.647192441787805661e-01,1.136629643544974089e-01,7.565486348228367408e-01,2.824321040029258434e-01,8.222646687524735043e-01,3.772834183115656437e-01,6.872567447709816424e-01,1.004042625347445483e-01,5.982662510682539292e-01
7.500420000000000000e+05,3.207702300970809439e-01,7.594672495059893169e-01,4.226344043949084028e-01,6.264752029461576610e-01,5.869226585980401589e-01,3.906367417955749488e-01,3.860127894439931984e-01,1.293715597074989176e-01,7.267502522038165047e-01,5.018350100587516405e-01,9.486310120549364955e-01,4.399651499136588706e-01,6.455907130577428488e-01,6.799443088038710226e-01,5.301673192199131135e-01,2.158188624613976980e-01,8.301686962263141734e-01,1.306827590700387898e-01,7.033672814087852387e-01,9.000131313422193857e-01
7.500430000000000000e+05,2.488953658488290976e-01,4.779339124787784776e-03,8.502228716901121253e-01,7.777048265676714811e-01,5.294542091266136730e-01,7.404132966558516493e-01,8.923170588239754952e-01,8.707201282914347473e-01,7.031832544402349949e-02,4.860077006602551153e-01,2.101545999079753591e-01,4.953903583168981495e-01,2.520273002341143487e-01,4.767173272023973452e-01,7.718666784782097778e-01,7.598027142532047806e-01,6.809180721594465524e-02,4.994441737357473432e-01,9.735026533115023195e-01,2.857642432885748596e-01
7.500440000000000000e+05,3.529554470065989769e-01,3.031051818506103057e-02,9.988850856906522635e-01,6.584422835800936014e-01,8.501740289437159648e-01,8.717831195717481441e-01,5.211490470114314988e-01,5.999874412912195032e-01,3.975786766829022545e-01,4.271226561826668711e-01,5.865930162107568790e-01,7.864026588401757945e-01,1.083298053971087915e-01,4.188477684366063158e-01,4.173271083692535743e-01,7.690310113200777842e-01,4.265904143316678887e-01,7.723400734281704594e-01,7.966485813674293315e-01,4.067607846422617301e-01
7.500450000000000000e+05,6.975025023714449546e-01,4.650778268697663975e-01,1.877015935713529649e-01,8.253657077410354592e-01,6.638418215928618693e-01,6.514034147261448249e-01,1.475494813762403545e-01,2.163552519636642302e-01,2.491654519371978571e-01,8.030493934605309470e-02,4.613548182273149445e-01,3.094961955699053746e-01,4.274158796423139783e-01,4.639242080325057804e-01,9.364657298621210657e-01,2.032598009588900689e-01,7.974105999852032500e-01,9.291808040770587196e-01,3.360819193443081998e-01,9.383578802193353052e-01
7.500460000000000000e+05,3.411548267163697634e-01,8.617788258906888821e-02,5.701701325616104210e-02,5.409042497133437211e-01,3.454648605418428886e-01,9.491009493862223589e-02,4.104913083800417750e-01,3.053527775775027875e-01,3.033330038130928052e-01,4.923057486187136789e-01,1.048569652056159374e-01,3.971393334340103110e-01,6.497846694109303822e-01,3.100085891723142195e-01,6.608684677242571137e-01,1.457601678177397053e-01,6.383374951237057449e-01,4.284871171903141818e-01,7.796471293573647987e-02,5.866256930080682164e-02
7.500470000000000000e+05,4.761155939341592536e-01,6.687731854753584670e-01,5.963817620505775796e-01,3.541721721273711765e-01,4.858531734351492215e-01,5.888927798409865355e-01,7.505079449305979145e-01,3.191373824240386625e-01,9.227432669545273525e-01,5.614854407711454831e-01,7.929360465876764685e-01,9.349421118837939471e-01,4.378428734166968095e-01,1.523621079408709056e-01,8.242267529791107439e-01,3.057255097227390417e-01,4.130401883245219397e-01,7.231892963251059792e-01,8.692949314128312066e-01,1.329989993024147665e-01
7.500480000000000000e+05,3.503033558331458686e-02,9.509869790656210187e-01,1.932542082697561447e-01,6.747100637641130216e-01,3.433067853765254807e-01,2.786381788582614760e-01,8.613657611861256225e-01,3.721697874698134401e-01,9.799556926357141373e-01,9.048473657334908937e-01,5.105211583270535813e-01,5.671471188513639294e-01,8.666757297463222320e-01,1.582022877063844479e-01,7.179210494007700616e-01,3.647378863635543089e-01,6.057489880957528383e-01,6.856232997675415497e-02,3.339998660922174345e-01,8.274387424594671359e-01
7.500490000000000000e+05,1.972292635976644615e-01,2.136558067642427838e-01,2.113650060961874688e-01,5.407842734299369569e-01,5.593346436377133468e-01,4.615340399003796668e-01,3.269148137947267552e-01,8.011578229954837704e-01,3.737454677750350340e-01,6.219865429478300678e-01,9.942799267673004815e-01,2.369414161920085915e-01,2.841915165129504928e-02,5.987487225305412331e-01,6.664870624073704342e-02,1.565578761429046173e-01,5.557761605009728934e-01,8.722445078433728183e-01,6.112974976537048910e-01,5.278080662917459254e-01
7.500500000000000000e+05,1.973949471656613053e-01,2.722012947488018364e-01,7.878262456076040587e-01,7.212705048572399802e-01,4.524382296364721778e-01,1.290448472898089172e-01,7.180929263702198195e-01,4.994208702863301985e-01,9.979562835322961512e-01,5.670130372525004070e-01,4.089983803065521117e-01,2.692814927194846497e-01,6.001209488754941646e-01,2.500694409557613351e-01,7.344050353905720030e-01,1.425285513460902154e-01,3.619692737157254037e-01,3.153963754355688653e-01,3.131486577626059198e-01,7.699217256092902861e-01
7.500510000000000000e+05,3.244289676143374823e-01,3.292254903309392855e-01,8.097208460916131001e-01,4.027346409813976624e-01,1.994735672525533854e-01,4.495960597243799928e-01,9.686220942486273300e-01,9.563171294599291938e-01,6.126446643486526122e-01,5.065609138421101054e-01,8.254487725124837194e-02,7.170505762110973569e-01,8.761133451101551506e-01,4.977942742436906043e-01,3.399163718496425179e-01,6.240512335133437949e-01,7.940246405266386809e-01,1.391136734602244074e-01,6.557161777363834654e-01,5.137490002703871683e-01
7.500520000000000000e+05,2.426584624795973255e-01,8.712084050511518241e-01,8.381537363810390717e-01,1.807553899478783199e-01,1.691930171974942443e-02,5.221592575832384453e-01,3.240921750167540250e-01,8.689994290585509873e-01,1.915690197864368116e-01,1.875919851833869334e-01,6.476459725501380049e-01,8.446401593906718297e-01,7.661614515608698994e-01,3.819189973883642120e-01,9.594110852709147874e-01,9.602095084051289753e-01,6.818917047399438713e-01,7.907094112175069300e-01,3.155249897548649818e-01,8.797096998271297652e-01
7.500530000000000000e+05,9.115409240511007649e-02,7.402607870463231432e-01,4.992664655130670814e-01,4.041800556120787036e-01,6.981746332151057555e-01,2.653568119981836171e-01,8.928296669842253896e-01,6.939625922069124764e-01,7.672386376922546436e-02,3.171372639408195360e-01,4.206172373612766524e-01,2.892814205070995959e-01,6.928232139567180869e-02,4.779970790264146396e-01,2.119575098177332029e-01,1.325709364110285726e-01,6.896466793119838679e-01,8.181413003114542670e-01,4.168672543470265390e-01,7.805829261491720183e-01
7.500540000000000000e+05,9.501992125293766689e-01,7.785496622840530900e-01,4.219570157273655475e-02,6.870174540383232609e-01,8.582756414342518347e-02,6.828905056095370130e-01,2.162152410563854543e-01,7.560762633241648878e-01,5.171723816164561782e-01,4.871858938395814409e-01,6.300064387232839902e-02,4.443754688405138209e-01,3.822402306410871420e-01,2.978544140939010099e-02,9.552540485645141244e-01,4.954346401563025637e-02,3.529944318478378529e-01,5.465731273467087092e-01,7.138521664125403454e-01,9.442432975473293855e-01
7.500550000000000000e+05,5.653339849976600773e-01,9.271741184973211203e-01,8.556387167376700020e-01,1.197003848085367306e-01,2.876466141216081907e-01,3.082673452921004253e-01,4.932647744751694763e-02,7.659638112486996109e-01,4.576173375163899992e-01,9.504299376724177906e-01,6.125048444779369605e-01,9.727926831051766365e-01,4.680677925461070865e-01,9.398040929059418014e-01,5.611285026869807790e-01,7.739064983048906665e-01,6.747875289975521218e-01,2.681544332419041332e-01,6.005945756090705911e-01,9.362384713750637744e-01
7.500560000000000000e+05,1.620872037203165972e-01,5.947443878050802102e-01,3.022741910719867198e-01,6.354205899520228851e-01,5.185629403758583722e-01,8.297698586654618236e-01,4.854534269464045870e-01,4.854423550357652717e-01,5.304649914536631039e-01,9.975578024215391304e-01,9.184577197603664978e-01,8.995209002400232912e-01,3.512733617359460325e-01,7.083483911684330669e-01,7.378536508060521415e-01,8.057971143855687801e-01,8.250173449229079026e-01,5.078292755171205375e-01,1.118946528224139536e-01,7.870113588322094067e-01
7.500570000000000000e+05,3.710586453732840351e-01,8.593557966106832868e-01,7.065251912591108407e-02,1.909034335971397933e-01,8.062693626677310821e-01,3.062149978806992801e-01,9.785626197822878680e-01,7.647978933003296564e-01,7.649803426126290384e-01,5.982514817440809374e-02,4.423151396232598564e-01,3.821885126285807788e-01,3.231780152036117792e-01,4.277201271870210153e-01,9.926617737174581180e-02,6.432278599431567878e-01,3.329143055776125903e-01,1.378145710843795557e-01,3.581791142046349963e-01,8.747548574929208121e-01
7.500580000000000000e+05,3.197088774685516999e-01,7.932756284190329854e-01,6.854332467961218311e-01,5.223120409593814406e-01,9.894043285619935624e-03,1.113205655380650194e-01,8.281951637287578993e-01,6.186735077383576087e-01,1.014014789680148798e-01,7.377963749423145368e-01,9.923821881170341586e-01,8.382230101702845548e-01,1.299489336291380637e-01,9.686377983086990051e-01,2.112574166964842348e-02,6.744228919510238951e-01,7.669879635649499150e-01,1.482208612251926239e-01,4.107207044921644679e-01,4.296667981417763293e-01
7.500590000000000000e+05,4.815483063739872671e-01,4.176387399838219494e-01,3.861777385845003296e-01,6.245031691383542416e-01,8.882492291107024762e-02,7.155576883216985262e-01,3.407333417690264765e-01,2.478451818410014607e-01,5.205802540900017483e-02,2.163194222482739404e-01,1.108118941367473020e-01,9.414382855272173112e-01,5.445750861784258712e-01,2.053232046791775289e-02,6.205643922489290087e-01,1.547659404743534362e-01,5.451851219438149654e-01,3.443444181887517219e-01,1.993988815335206999e-01,4.930773736280142927e-01
7.500600000000000000e+05,9.350543744255508383e-01,4.959940083633119778e-01,9.301696937725002501e-01,6.617976832482603822e-01,2.535228199643398961e-01,9.480980339021631842e-01,3.192816415132201380e-01,8.116986853653112011e-01,9.487637004168932853e-01,8.880353154219777778e-02,4.480917056066293647e-01,4.646106277098118742e-01,8.092594894049370824e-01,7.286357127875842110e-01,9.044138198715589994e-02,1.959389846098291699e-02,6.829529482182447042e-01,2.339547103947692275e-02,8.510409758612071940e-01,8.519286200667478548e-01
7.500610000000000000e+05,6.446219583477541537e-01,1.656942167021935308e-01,6.858129705037547819e-01,1.122125494177889093e-01,6.695045964622999835e-01,6.335962327941040417e-01,4.941827407117385107e-01,6.517929469121660491e-01,3.026666571351515067e-01,4.559057501084093911e-01,1.993218476094831271e-01,5.172606491348876734e-01,3.304423160059177800e-02,5.378433803750208853e-01,9.760022199856267511e-01,2.860460323820011030e-01,9.171416932453791970e-01,4.269733019066963564e-01,7.271185447738760521e-01,5.538367619152788635e-01
7.500620000000000000e+05,4.814400576903563600e-01,1.384430769082568569e-01,5.243549657127810626e-02,3.565850570543261933e-01,2.623105118505719702e-01,9.857235615978865440e-02,8.792041378809249963e-01,4.367792355874532406e-01,8.791560810670870918e-01,1.601080012290174714e-01,7.192041685967378584e-01,6.607002627388658400e-02,6.449361476762371925e-01,6.131949366270055268e-01,7.411427561797613306e-01,1.413200772222339419e-01,9.550038343051056033e-01,7.373770598443760704e-01,4.123561049998297756e-01,6.794883321931084463e-01
7.500630000000000000e+05,1.379959073272980508e-01,2.074860000228565537e-01,4.097964012900808806e-01,8.760050386244990772e-01,3.518694709617639083e-01,1.210624129089428180e-01,9.860819362689010603e-01,4.888711103287766147e-01,6.309123192053993634e-01,2.637845997650716257e-01,1.684358120209528131e-02,6.178801301535863377e-01,9.993081858030655740e-01,7.315308108445657265e-01,5.686311737038146630e-01,9.378475423945427103e-01,7.766682849737923666e-01,7.170797557994896820e-01,4.504892925042137675e-01,9.199323616326543496e-01
7.500640000000000000e+05,9.626987729871562260e-01,5.934949729894336556e-01,8.452224313368773556e-01,7.963820464546489397e-02,5.248604192380441624e-01,9.264017079449401448e-01,7.168392059064775390e-01,5.201971909333872324e-01,1.423552147245709110e-01,3.738625468719170009e-03,5.133052195351702762e-01,6.938228989616708198e-01,9.201606730383045107e-01,3.498319278399705246e-01,2.683968923336909063e-01,3.039363255115662410e-01,7.464865710767232265e-01,9.781337311119888689e-01,3.909441849417218950e-01,8.584071153399996934e-02
7.500650000000000000e+05,4.425281405167986737e-01,5.752293412245478299e-01,6.272439036273471658e-01,7.316957303643994992e-01,1.094196325648021384e-01,5.557584580780600136e-01,7.834603410298593973e-01,9.162834737299461185e-01,3.747094072444453472e-01,2.375370542614593239e-01,6.357651245681731345e-01,3.910909669229045704e-02,7.375143925619540575e-01,4.839697296810141491e-02,5.368128244360811374e-01,3.793441756773321405e-01,7.810488134088773293e-01,7.553406925025081264e-01,8.094687160459934638e-01,3.258355972878144158e-01
7.500660000000000000e+05,6.492536983438980114e-01,6.059182753748183492e-01,5.108535125262740895e-01,5.256798438913772298e-01,8.664506284172630579e-01,9.782177807053648033e-01,3.290737219447840145e-01,5.472137373891960976e-04,1.964684044739889446e-01,3.067148803637977927e-01,2.946022778613385240e-01,3.457852786432269454e-01,7.097253771327034499e-01,5.344968714595877968e-01,9.463689064143582241e-01,5.813387267773941769e-01,4.825404196582293581e-01,4.598294670161557907e-01,3.324057338464176947e-01,5.381357362476197892e-01
7.500670000000000000e+05,2.049639974136168163e-01,8.112500772654654968e-01,7.022849048876534939e-01,7.572872539411883430e-01,7.478924405902002137e-01,8.472450485994164060e-01,2.322273288484867360e-01,1.040151982857887569e-01,1.428658968004986596e-01,5.396075143510974392e-01,3.700955589581274019e-01,7.750810348174891340e-01,7.309633002548876490e-02,3.303629179256371007e-01,4.690074463731602750e-01,3.899747931091724906e-01,5.440987363040880043e-01,1.248143873609705023e-01,9.996421683266737412e-01,1.643488563847994577e-03
7.500680000000000000e+05,2.013631015605422681e-01,8.868446586578191404e-01,8.256200158359906505e-01,4.519273833542802876e-02,2.817667967448068689e-01,7.943837837270428803e-02,2.476422561799488387e-01,4.063345989679291170e-01,2.257627810618435538e-01,6.208621960748662572e-01,2.277822112470362370e-01,6.826643646245631469e-01,2.748126151493687219e-01,5.859677863127085162e-01,4.355175323424678169e-01,2.747809778246695922e-01,3.359836457295235501e-01,7.872031049375977085e-01,6.489613752747411812e-01,2.217265898974908334e-01
7.500690000000000000e+05,2.301114167560308621e-01,2.250914345463700394e-01,1.386063412217692914e-01,1.608387654879472883e-02,4.575754010475671096e-01,3.220296320383806421e-01,4.869069329683067826e-01,1.833705464854784584e-02,8.812475461418800560e-01,8.520019799572339236e-01,2.043783838880863790e-01,8.442461370167787527e-01,7.568341180164573911e-01,1.534580033615725592e-01,8.010027494819936811e-01,8.106234494934392298e-01,1.734416253999958579e-01,6.072843837177999138e-02,8.892561253071317173e-01,5.580842293137209253e-01
7.500700000000000000e+05,1.075173124567293526e-01,2.454895594005968018e-01,5.905111744479552005e-02,7.836996647634086877e-01,1.212070256514913291e-01,4.201415499982097401e-02,5.299998984014124837e-01,9.142629413261714744e-01,5.468638070242998195e-01,6.107221221610283912e-01,8.187429341944588712e-01,7.250538442281513341e-01,6.980253396954683165e-01,5.826121727305435538e-01,8.673234228884848518e-01,2.069718535429961870e-01,2.518722108352803302e-01,7.391162241067334993e-01,1.433165026887206484e-01,9.245123513829632822e-01
7.500710000000000000e+05,1.017890521525935954e-01,2.084468776918394495e-01,4.710537884259365926e-01,1.833773533858633620e-01,1.620683891294397716e-01,9.637029515255095546e-01,2.344127983888666389e-02,7.945197065042688411e-01,2.471516201243858513e-01,3.387585025301906860e-01,8.326185505036272083e-01,5.265214323959120923e-01,4.218840515381783174e-02,6.762009292557213946e-02,9.003627850104074515e-01,3.086874502239631557e-01,6.708861381490937026e-01,3.207793685354259905e-01,2.137048345270777805e-01,4.428989470936800510e-01
7.500720000000000000e+05,9.532065532101093863e-01,7.216474941036784552e-01,7.271644011632192317e-01,2.195488895209440905e-02,9.150199536126453204e-01,3.886124633565515296e-01,5.227256529050687828e-01,8.931733418293227311e-01,6.237328237432918643e-01,7.029241007146432851e-01,6.110777932293078862e-01,2.627872167206495302e-01,6.916632864789628021e-01,2.344337019940786471e-01,8.514389370575834448e-01,3.408928929595620438e-01,3.146210019530888413e-01,3.913713433399360619e-01,4.916738973401104662e-01,9.142037932684110579e-01
7.500730000000000000e+05,8.576956575399339311e-01,6.421144870019528383e-01,4.387446478076929557e-01,8.206569909527140494e-01,9.373538154697350633e-01,5.558954342880670918e-01,2.657015063621478435e-01,4.165209353989179908e-01,1.902460866083058866e-01,1.144102742274422102e-01,8.885993819585047415e-02,4.031677769868969863e-01,1.970616524210738740e-01,8.349409470657388477e-01,2.109031368679153973e-01,5.436068633538347905e-01,3.301603833357407147e-01,1.606123776915836521e-01,7.938397615839665189e-01,7.254024719529604814e-01
7.500740000000000000e+05,4.579646684731153439e-01,6.511358344023198130e-01,8.185398975963059653e-01,3.688583026217924221e-01,5.900718934306196095e-01,7.704098394304046415e-01,1.458490599202910687e-02,4.064313047018413005e-01,3.044505340094652013e-01,7.452601290037634829e-01,3.318229800845839961e-01,1.440598981249214816e-01,8.873269867726102378e-01,6.383999950677406998e-01,4.544897655759694288e-01,4.979847277302179576e-01,2.367172274009315958e-01,1.230511735569420617e-01,4.360115213240066678e-01,3.988563304329790782e-01
7.500750000000000000e+05,2.870252593593647372e-01,2.755828992509641306e-01,8.408939356811657717e-01,8.023939987813812902e-01,6.544887664640400837e-01,9.931301865546883212e-01,1.164368867674159258e-02,7.845148303527857969e-01,1.129148166105409246e-01,4.320314834704713780e-01,5.714120649423952703e-01,4.207379070617842665e-01,4.074776150399967989e-01,8.277488514229291994e-01,4.981535217368633361e-01,8.918612353154146133e-01,8.229263293566936310e-01,3.846322453931649843e-01,5.459756070806806028e-01,1.926397596189594053e-01
7.500760000000000000e+05,4.271386713180231887e-01,9.878247651103760907e-01,2.349654852194252852e-01,9.859406001693316046e-02,3.610388708400870117e-01,1.239647481432399889e-01,8.916387961031119191e-01,6.387565979919817005e-01,6.611374807407855991e-01,5.767163711201847009e-01,9.232539965111854485e-01,5.854171925890249151e-01,7.390506110405714590e-01,4.125921683817566077e-01,5.223874635547314238e-01,6.700648273880732697e-01,2.270560263826010283e-01,2.363014481001926015e-01,4.626061771483225282e-01,6.807693652252394534e-01
7.500770000000000000e+05,1.415696634753704775e-02,9.114552951463213981e-01,8.831980556218910206e-02,8.552815616663902443e-01,5.512404301016169406e-01,9.088407987817294087e-01,2.747562445548439314e-01,1.708747564467555380e-01,6.280659504669300341e-01,2.941028850821878482e-01,9.163002258733257133e-01,9.261960629521412969e-01,4.311477615128435081e-01,5.723401174995697005e-01,9.869075597099853381e-01,6.526018748750532783e-01,7.787615777622347579e-02,8.865894756951653299e-03,2.206425244818777109e-01,4.886073531361055933e-01
7.500780000000000000e+05,5.795989759065519609e-01,7.697861967428984986e-01,3.067732222094825545e-01,4.502924753879503639e-01,7.442361691334899998e-01,3.163999007626593363e-01,8.076423774198921990e-01,7.917478025342974401e-01,4.668062289931396158e-01,3.651012855066796403e-01,3.607687708289585293e-01,9.389258673422470336e-01,2.556572197354300968e-01,6.765923635588443341e-01,1.330564868053800698e-01,7.870953140188969854e-01,4.673962395695374639e-01,8.087756996227859485e-01,6.192242846429495406e-01,3.081961086450113463e-01
7.500790000000000000e+05,3.523313797525650104e-01,9.324916291252893785e-01,9.807837046683590687e-01,7.869014181791829099e-01,4.774845625646507719e-01,9.855707191404807777e-01,1.262312678441956937e-01,3.069084119988720882e-01,2.196387801736865431e-02,4.054640059695413523e-02,1.999258912092988227e-01,4.660406336507210145e-01,7.455103528995519202e-01,7.531900777222628740e-01,3.758255712040969865e-01,3.622898594110699477e-01,2.036592556942633525e-01,3.953022742402899636e-01,7.668056379948545720e-01,2.488708762086343507e-01
7.500800000000000000e+05,5.029271695699751854e-01,8.714431946822923658e-01,7.499690472674278574e-01,2.649124532078092065e-01,8.319513966130953619e-02,2.253743982767839604e-01,2.159838550298267545e-01,8.631678856263169664e-01,6.078330826810159904e-01,6.516010796879889710e-02,1.012463713500074691e-01,7.844158826267013662e-01,4.794071719691197497e-01,2.983213651442362391e-01,8.606229545795028857e-01,7.686818887578575898e-01,2.608899664019115328e-01,1.225494547068102236e-01,3.562413077855186572e-01,7.948058230253836065e-01
7.500810000000000000e+05,3.142041571864220284e-01,7.394120151471736957e-01,2.704176583790635080e-01,9.387499245649139068e-01,7.608433838620063394e-01,8.021049703588629676e-01,9.981047424026378012e-01,6.494033955564059157e-01,4.229144333072611950e-01,9.722140776605919799e-01,9.858898486064220368e-01,9.849130809603930947e-01,5.672668704727764633e-01,5.124626728197064773e-01,7.701029630561437855e-01,6.278723816398568136e-01,4.209665026312783276e-01,7.939878228276359140e-01,4.016316550228502535e-01,5.896222817158677243e-01
7.500820000000000000e+05,4.524174542193023507e-01,3.944853212914840590e-01,4.781592556698659457e-01,4.484739650956047763e-01,9.614006018496491501e-01,4.857313572882774322e-01,9.801801249234241009e-01,8.671813946539896900e-02,9.204300680388088907e-01,2.202842779891003300e-01,8.374587456629956073e-01,6.257391232924967017e-01,6.530679934752138260e-01,3.016747911289746620e-01,8.595931486081074269e-01,9.839529383378442517e-01,2.192270085543306379e-01,1.192221031950104759e-01,2.031920202697758970e-01,3.270780030651471160e-01
7.500830000000000000e+05,8.912167125476526675e-01,3.771817828444113951e-01,2.084497942321605901e-01,9.557595523714307317e-01,2.087264349976841737e-01,2.179225515409125569e-01,9.389125214324759439e-01,1.712396397637575562e-01,4.872623891796026285e-01,5.907403125711556680e-01,1.402370843243531118e-01,7.722056813263078467e-01,7.442568812761003461e-01,4.770628390219138204e-01,3.071165231816579411e-01,1.749202908964253567e-02,9.796970284484657343e-01,5.862188199553042267e-01,6.971771559345001368e-01,6.790245739543085968e-01
7.500840000000000000e+05,7.254545713433067089e-01,8.852014819065935347e-01,6.633229047222726216e-01,8.518104223049465240e-01,8.715396986657182321e-01,2.055147434508797222e-01,1.517813176479237969e-01,8.486640964616559701e-01,6.261106995899924366e-01,7.776013789619944383e-01,2.928299068523687598e-02,7.558980731136698550e-01,8.468957713005743626e-01,6.030473343491503657e-01,1.766399313860067544e-02,3.206825116731890635e-01,5.905224306484241348e-01,5.294531122041105098e-01,2.666290793275926108e-01,8.521268105764076006e-01
7.500850000000000000e+05,8.566850974703577037e-01,5.178222326534472897e-01,4.546199362051542847e-01,2.681616798658180700e-01,6.088671075997743598e-01,2.735302131266597048e-01,2.322785455187957870e-01,2.038898465226435253e-01,4.181417915022744847e-02,2.288664611623592027e-02,3.958118910189557527e-01,1.565329224988016854e-01,6.625789604571221680e-01,9.937461062781102195e-01,9.864849282555243626e-01,7.673018220552488833e-01,5.078051828000197387e-01,7.501205426989575598e-01,3.687993832430062069e-01,1.443402735714758300e-01
7.500860000000000000e+05,2.170790622674180215e-01,8.309559188186649292e-01,1.443864932371868859e-01,6.955889257424282546e-01,8.729288466774378641e-01,7.770342037442834471e-02,2.172115013974638131e-01,2.090573911637315652e-01,8.675541272193580955e-01,6.869501330077304457e-01,1.206757399644415862e-01,8.639266974126252885e-01,2.901585171513325623e-01,8.406829806072244615e-01,4.072754362182552379e-01,4.712011693955732161e-01,4.454744372362696714e-01,3.517118412918041059e-01,7.749282912192773098e-01,6.256666182897552275e-02
7.500870000000000000e+05,5.183200976895040446e-01,6.134626161676275391e-01,5.624666718363885431e-01,4.872477046817060842e-01,5.494493884708429032e-01,1.182969209180778636e-01,7.108789145774084828e-01,9.334446383308204753e-01,1.966487094203330788e-01,9.380555889935937586e-01,6.750739802790439725e-02,9.714123122689723999e-01,5.586938611761163020e-01,1.316608339956620854e-01,4.819661227110018098e-01,7.132675860168289361e-01,8.818778446110361324e-01,8.646374370363137940e-01,5.232335307013130654e-01,2.834169125682276524e-01
7.500880000000000000e+05,5.464364007114581590e-01,9.464901458934749101e-02,2.337482892850890615e-01,5.066906351163754652e-01,2.556348251573701269e-01,1.755317025090389338e-01,1.083394211681790731e-01,1.674949413247640573e-01,7.299009622812320242e-01,7.219641382888165593e-01,4.850562167839824745e-01,6.913465447921902651e-01,6.210847388342799480e-01,4.910108978321341411e-01,8.184015823409570567e-01,1.670380261074291273e-01,4.737757735155148087e-01,7.369438861793796702e-01,5.576323447478721551e-01,8.498237682130416193e-02
7.500890000000000000e+05,9.606836167969221574e-01,3.986809118392971030e-01,3.159429830085775937e-01,7.997397880040669760e-01,8.582194967027344523e-01,5.588319530123230239e-01,5.139849322442832102e-01,3.348127599368111440e-01,8.971271155996408675e-01,5.117849887054436442e-01,1.632110209109484122e-01,8.248215849666235000e-01,1.474811342618818077e-01,3.057330826804116608e-02,9.839591881010654184e-01,4.322877510957396918e-01,8.644523386115469110e-01,6.451515776160404725e-01,4.005153212420526909e-01,5.860656621121803633e-01
7.500900000000000000e+05,9.563692195254975825e-01,8.522927428490431057e-01,8.450396471808498955e-01,5.272241407035395122e-01,6.931528852818318320e-01,8.122241150750031391e-01,2.106552676663493440e-01,6.150584468051937259e-01,8.420114198817990614e-01,1.443137206956717211e-01,8.209810442405673925e-01,6.127808975464339447e-01,1.551210981602429984e-01,7.918134930702988017e-01,5.403728632367980067e-01,3.212638864915773329e-01,1.367216417119756500e-01,8.330322616532304103e-01,7.510817602598198750e-01,1.279192800062949331e-01
7.500910000000000000e+05,5.221399498699736963e-01,3.987872030851307148e-01,7.734302198215466939e-01,6.775564195813077450e-02,7.152897381957241674e-01,5.793497134324689934e-01,2.586288978921090775e-01,8.919973330890097474e-01,1.691449359499221927e-01,1.190950362722550393e-01,9.505910434182780477e-01,5.604615800852261742e-01,6.315746304766889363e-02,8.202963870402042446e-01,3.787830443676711845e-01,1.780219876543398527e-02,1.549293511979910054e-01,8.472160238447733471e-01,6.375542362271865438e-01,8.687727478725554286e-01
7.500920000000000000e+05,8.607327124158762333e-01,1.383651415199709245e-01,2.724882663814416350e-01,4.242604003201929652e-01,7.125388873071809570e-01,2.246275071302165083e-01,1.396399293590512292e-01,1.193983175573997135e-01,1.183972635077882307e-01,1.168213964991142717e-01,1.055340747207825780e-01,9.437748373977640215e-01,5.281421379059987320e-01,6.055858735808405946e-01,4.636634103010498498e-01,6.771856683869192928e-01,1.263975065198438275e-01,1.860151791160127299e-01,3.705368174661783920e-01,8.468680018679278776e-01
7.500930000000000000e+05,6.911903978434308371e-02,7.918027251268083822e-01,7.057181923430450032e-01,9.551517989693452115e-01,3.494306460200973241e-01,4.807096827821947249e-01,6.113524790318031199e-01,1.861035061555804671e-02,7.911037368114328672e-01,9.205406176057042700e-01,9.177506535658069842e-01,8.845142024372059097e-01,3.511706513131699348e-01,6.024243072360839779e-01,7.003472834328910990e-01,6.276440105761785793e-01,4.393234583383446301e-01,2.139150560454069483e-01,7.845855129775530790e-01,3.229432381460919377e-01
7.500940000000000000e+05,1.824685254111648725e-01,7.633063987327830535e-01,8.969661567098798916e-01,7.233300861756938316e-01,2.570832245620401357e-01,6.554865052802607561e-01,4.821347707058520893e-02,9.586104439580545034e-02,4.460886910357002577e-01,8.463381010738600940e-01,5.978087202284967372e-01,7.135299147682582221e-01,1.819762127202627644e-01,7.515631483439348948e-01,5.929182749880429482e-01,4.822602444868974159e-01,6.077336033758650169e-01,1.131955378067580620e-01,7.735350198313080128e-01,8.384721810862384439e-01
7.500950000000000000e+05,1.967638419212736078e-02,4.437036850037419100e-01,6.830598019626051842e-01,3.180185490123369485e-01,5.718177100635200016e-01,1.736210494716519115e-01,5.149885303214478682e-01,3.615426459983068774e-01,5.627533367610819681e-01,6.842069988111050272e-01,5.831896507001350649e-01,9.007213559262617908e-01,9.620115458946921771e-01,1.981237842895978707e-01,6.263917807452943354e-01,7.662185854358622983e-01,7.573499784659434297e-01,1.705073417603337749e-01,5.162453165372041797e-01,9.705953087910013100e-01
7.500960000000000000e+05,3.419331295673126991e-01,9.079704376347516037e-01,8.068343894725111820e-01,7.582607048130344252e-01,1.074558770617656256e-01,2.724109839287791601e-01,4.664788525981378164e-02,4.720096248828138386e-01,6.089068491937987826e-01,4.933789935326482468e-01,8.953316645507164440e-01,9.364890985346085994e-01,6.836230532583609243e-02,3.956222183538099513e-01,4.354389640792661886e-01,6.351201013664613537e-01,7.620376804309954011e-01,9.837982715876429918e-01,9.374108684895141597e-01,4.094109433040186152e-01
7.500970000000000000e+05,5.247969947730285467e-01,6.831030074088099147e-01,3.456721555224002707e-01,6.097032950516206862e-01,8.237117377129493656e-01,1.888987710808459619e-01,1.787148342898688957e-01,6.455724478328214166e-01,7.036406000792374549e-01,6.881986701981573917e-01,2.050015818764293618e-01,5.938279690405637856e-01,3.070454277358415363e-01,5.459060220455118628e-01,7.743119631434253192e-01,8.287249572163682965e-01,1.060656278334759506e-02,4.524756487125631832e-01,2.877803327428284375e-01,4.574946603491225616e-03
7.500980000000000000e+05,2.768327985337830643e-01,8.074766715025971653e-01,4.877084251889286515e-01,9.973034038311553440e-01,3.205649235222113314e-01,4.845771893502109906e-01,9.757757080564776198e-01,6.003795859805969304e-01,1.962505905074396484e-01,7.320215648084298365e-01,2.172299381781769290e-01,1.793250071431389259e-01,8.565376684420183961e-01,5.378983375585244531e-02,3.319849524279471220e-01,3.388027239319587602e-01,7.538358141065523155e-01,9.302885433267618076e-01,1.764044935720385787e-01,6.955863870731383569e-01
7.500990000000000000e+05,2.258582826576671643e-01,4.834030724384753563e-01,7.885807223186346304e-01,9.259504743287028106e-01,6.701944806268625987e-01,3.567739534905614018e-01,7.548618603983292541e-02,6.408812870592563993e-01,8.453922468685718394e-01,4.429167718566435763e-01,4.976089009981546907e-01,9.386356853950768020e-01,3.348759881842596764e-01,3.951662621603544423e-01,8.101598335738645629e-01,8.199682128657318492e-01,7.847109756801369240e-01,1.992346221171298337e-01,5.750234059650682905e-01,8.654791270335959741e-02
